speciesID lakeID variable value scenario
14063 1 -0.5 3.13153141918311 base
14064 1 -0.5 60.9615230216673 base
14065 1 -0.5 39.9977203686615 base
14066 1 -0.5 0 base
14072 1 -0.5 0 base
14073 1 -0.5 182.476290582106 base
14074 1 -0.5 0 base
14075 1 -0.5 0 base
14077 1 -0.5 2.24318052961714 base
14078 1 -0.5 36.9602265912247 base
14085 1 -0.5 0 base
14086 1 -0.5 186.231030814701 base
14087 1 -0.5 0 base
14088 1 -0.5 0 base
14089 1 -0.5 0 base
14063 2 -0.5 0 base
14064 2 -0.5 0 base
14065 2 -0.5 0 base
14066 2 -0.5 0 base
14072 2 -0.5 0 base
14073 2 -0.5 0 base
14074 2 -0.5 0 base
14075 2 -0.5 0 base
14077 2 -0.5 0 base
14078 2 -0.5 0 base
14085 2 -0.5 0 base
14086 2 -0.5 0 base
14087 2 -0.5 0 base
14088 2 -0.5 0 base
14089 2 -0.5 0 base
14063 3 -0.5 0 base
14064 3 -0.5 4.54387033698048 base
14065 3 -0.5 0 base
14066 3 -0.5 0 base
14072 3 -0.5 0 base
14073 3 -0.5 57.4936547747641 base
14074 3 -0.5 0 base
14075 3 -0.5 0 base
14077 3 -0.5 0 base
14078 3 -0.5 0 base
14085 3 -0.5 0 base
14086 3 -0.5 4.23400837140682 base
14087 3 -0.5 0 base
14088 3 -0.5 0 base
14089 3 -0.5 0 base
14063 4 -0.5 0 base
14064 4 -0.5 52.2314773816343 base
14065 4 -0.5 23.4138651308483 base
14066 4 -0.5 0 base
14072 4 -0.5 0 base
14073 4 -0.5 159.905462124919 base
14074 4 -0.5 0 base
14075 4 -0.5 0 base
14077 4 -0.5 0 base
14078 4 -0.5 4.43210057430429 base
14085 4 -0.5 0 base
14086 4 -0.5 153.984834638494 base
14087 4 -0.5 0 base
14088 4 -0.5 0 base
14089 4 -0.5 0 base
14063 5 -0.5 0 base
14064 5 -0.5 0 base
14065 5 -0.5 0 base
14066 5 -0.5 0 base
14072 5 -0.5 0 base
14073 5 -0.5 0 base
14074 5 -0.5 0 base
14075 5 -0.5 0 base
14077 5 -0.5 0 base
14078 5 -0.5 0 base
14085 5 -0.5 0 base
14086 5 -0.5 0 base
14087 5 -0.5 0 base
14088 5 -0.5 0 base
14089 5 -0.5 0 base
14063 6 -0.5 0 base
14064 6 -0.5 59.1283654267481 base
14065 6 -0.5 27.9256849494653 base
14066 6 -0.5 0 base
14072 6 -0.5 0 base
14073 6 -0.5 156.821323963892 base
14074 6 -0.5 0 base
14075 6 -0.5 0 base
14077 6 -0.5 0 base
14078 6 -0.5 3.00815621678274 base
14085 6 -0.5 0 base
14086 6 -0.5 158.822840369929 base
14087 6 -0.5 0 base
14088 6 -0.5 0 base
14089 6 -0.5 0 base
14063 7 -0.5 0 base
14064 7 -0.5 0 base
14065 7 -0.5 0 base
14066 7 -0.5 0 base
14072 7 -0.5 0 base
14073 7 -0.5 0 base
14074 7 -0.5 0 base
14075 7 -0.5 0 base
14077 7 -0.5 0 base
14078 7 -0.5 0 base
14085 7 -0.5 0 base
14086 7 -0.5 0 base
14087 7 -0.5 0 base
14088 7 -0.5 0 base
14089 7 -0.5 0 base
14063 8 -0.5 0 base
14064 8 -0.5 57.2758108632559 base
14065 8 -0.5 32.3527354564458 base
14066 8 -0.5 0 base
14072 8 -0.5 0 base
14073 8 -0.5 155.603393489423 base
14074 8 -0.5 0 base
14075 8 -0.5 0 base
14077 8 -0.5 0 base
14078 8 -0.5 22.1694350685421 base
14085 8 -0.5 0 base
14086 8 -0.5 147.731403810294 base
14087 8 -0.5 0 base
14088 8 -0.5 0 base
14089 8 -0.5 0 base
14063 9 -0.5 0 base
14064 9 -0.5 50.8457001464423 base
14065 9 -0.5 18.420281157154 base
14066 9 -0.5 0 base
14072 9 -0.5 0 base
14073 9 -0.5 149.632036982258 base
14074 9 -0.5 0 base
14075 9 -0.5 0 base
14077 9 -0.5 0 base
14078 9 -0.5 1.2920932925994 base
14085 9 -0.5 0 base
14086 9 -0.5 142.523041234513 base
14087 9 -0.5 0 base
14088 9 -0.5 0 base
14089 9 -0.5 0 base
14063 10 -0.5 1.42586782967492 base
14064 10 -0.5 64.9061451627282 base
14065 10 -0.5 41.5725165588662 base
14066 10 -0.5 0 base
14072 10 -0.5 0 base
14073 10 -0.5 176.830721033259 base
14074 10 -0.5 0 base
14075 10 -0.5 0 base
14077 10 -0.5 1.63317934428397 base
14078 10 -0.5 31.6862221576353 base
14085 10 -0.5 0 base
14086 10 -0.5 182.249607804096 base
14087 10 -0.5 0 base
14088 10 -0.5 0 base
14089 10 -0.5 0 base
14063 11 -0.5 0 base
14064 11 -0.5 37.3807479772746 base
14065 11 -0.5 14.5332866549982 base
14066 11 -0.5 0 base
14072 11 -0.5 0 base
14073 11 -0.5 153.984470838018 base
14074 11 -0.5 0 base
14075 11 -0.5 0 base
14077 11 -0.5 0 base
14078 11 -0.5 9.12210086659703 base
14085 11 -0.5 0 base
14086 11 -0.5 128.327928864319 base
14087 11 -0.5 0 base
14088 11 -0.5 0 base
14089 11 -0.5 0 base
14063 12 -0.5 0 base
14064 12 -0.5 28.3841325068962 base
14065 12 -0.5 5.86852513726827 base
14066 12 -0.5 0 base
14072 12 -0.5 0 base
14073 12 -0.5 127.753701927557 base
14074 12 -0.5 0 base
14075 12 -0.5 0 base
14077 12 -0.5 0 base
14078 12 -0.5 3.45713286908955 base
14085 12 -0.5 0 base
14086 12 -0.5 76.9049196036434 base
14087 12 -0.5 0 base
14088 12 -0.5 0 base
14089 12 -0.5 0 base
14063 13 -0.5 0 base
14064 13 -0.5 5.19051077993972 base
14065 13 -0.5 0 base
14066 13 -0.5 0 base
14072 13 -0.5 0 base
14073 13 -0.5 52.274616744024 base
14074 13 -0.5 0 base
14075 13 -0.5 0 base
14077 13 -0.5 0 base
14078 13 -0.5 0 base
14085 13 -0.5 0 base
14086 13 -0.5 1.38855991664011 base
14087 13 -0.5 0 base
14088 13 -0.5 0 base
14089 13 -0.5 0 base
14063 14 -0.5 0 base
14064 14 -0.5 0 base
14065 14 -0.5 0 base
14066 14 -0.5 0 base
14072 14 -0.5 0 base
14073 14 -0.5 0 base
14074 14 -0.5 0 base
14075 14 -0.5 0 base
14077 14 -0.5 0 base
14078 14 -0.5 0 base
14085 14 -0.5 0 base
14086 14 -0.5 0 base
14087 14 -0.5 0 base
14088 14 -0.5 0 base
14089 14 -0.5 0 base
14063 15 -0.5 14.5468080186433 base
14064 15 -0.5 81.5304654558833 base
14065 15 -0.5 61.3426687637838 base
14066 15 -0.5 0 base
14072 15 -0.5 0 base
14073 15 -0.5 196.347691665987 base
14074 15 -0.5 0 base
14075 15 -0.5 0 base
14077 15 -0.5 10.2914727958088 base
14078 15 -0.5 53.8645652319721 base
14085 15 -0.5 0 base
14086 15 -0.5 217.882390854794 base
14087 15 -0.5 0 base
14088 15 -0.5 0 base
14089 15 -0.5 0 base
14063 16 -0.5 0 base
14064 16 -0.5 65.6371822742813 base
14065 16 -0.5 43.0941643447543 base
14066 16 -0.5 0 base
14072 16 -0.5 0 base
14073 16 -0.5 170.310630033508 base
14074 16 -0.5 0 base
14075 16 -0.5 0 base
14077 16 -0.5 1.42895034318517 base
14078 16 -0.5 39.2729471318847 base
14085 16 -0.5 0 base
14086 16 -0.5 173.671048621015 base
14087 16 -0.5 0 base
14088 16 -0.5 0 base
14089 16 -0.5 0 base
14063 17 -0.5 0 base
14064 17 -0.5 31.3763599747635 base
14065 17 -0.5 1.37638402052764 base
14066 17 -0.5 0 base
14072 17 -0.5 0 base
14073 17 -0.5 101.761670928882 base
14074 17 -0.5 0 base
14075 17 -0.5 0 base
14077 17 -0.5 0 base
14078 17 -0.5 0 base
14085 17 -0.5 0 base
14086 17 -0.5 44.0681159286347 base
14087 17 -0.5 0 base
14088 17 -0.5 0 base
14089 17 -0.5 0 base
14063 18 -0.5 0 base
14064 18 -0.5 45.621453910784 base
14065 18 -0.5 21.1034949908095 base
14066 18 -0.5 0 base
14072 18 -0.5 0 base
14073 18 -0.5 149.201324622595 base
14074 18 -0.5 0 base
14075 18 -0.5 0 base
14077 18 -0.5 0 base
14078 18 -0.5 14.8103198254101 base
14085 18 -0.5 0 base
14086 18 -0.5 128.231815534719 base
14087 18 -0.5 0 base
14088 18 -0.5 0 base
14089 18 -0.5 0 base
14063 19 -0.5 0 base
14064 19 -0.5 63.1126513794339 base
14065 19 -0.5 38.4690011347287 base
14066 19 -0.5 0 base
14072 19 -0.5 0 base
14073 19 -0.5 171.745216930647 base
14074 19 -0.5 0 base
14075 19 -0.5 0 base
14077 19 -0.5 0 base
14078 19 -0.5 24.8733755274732 base
14085 19 -0.5 0 base
14086 19 -0.5 174.998176652487 base
14087 19 -0.5 0 base
14088 19 -0.5 0 base
14089 19 -0.5 0 base
14063 20 -0.5 2.99692249403712 base
14064 20 -0.5 72.5594809428404 base
14065 20 -0.5 50.9273730414449 base
14066 20 -0.5 0 base
14072 20 -0.5 0 base
14073 20 -0.5 179.017953366899 base
14074 20 -0.5 0 base
14075 20 -0.5 0 base
14077 20 -0.5 3.32621589417216 base
14078 20 -0.5 46.7582779101815 base
14085 20 -0.5 0 base
14086 20 -0.5 189.894259916533 base
14087 20 -0.5 0 base
14088 20 -0.5 0 base
14089 20 -0.5 0 base
14063 21 -0.5 1.25970763671071 base
14064 21 -0.5 63.4630189224201 base
14065 21 -0.5 39.5122780710007 base
14066 21 -0.5 0 base
14072 21 -0.5 0 base
14073 21 -0.5 177.973565568694 base
14074 21 -0.5 0 base
14075 21 -0.5 0 base
14077 21 -0.5 1.37909314972563 base
14078 21 -0.5 26.2427910158229 base
14085 21 -0.5 0 base
14086 21 -0.5 183.170198502287 base
14087 21 -0.5 0 base
14088 21 -0.5 0 base
14089 21 -0.5 0 base
14063 22 -0.5 9.80550272950635 base
14064 22 -0.5 69.8642475679995 base
14065 22 -0.5 50.1406712054566 base
14066 22 -0.5 0 base
14072 22 -0.5 0 base
14073 22 -0.5 191.790780102919 base
14074 22 -0.5 0 base
14075 22 -0.5 0 base
14077 22 -0.5 5.93788246380505 base
14078 22 -0.5 48.4875472909439 base
14085 22 -0.5 0 base
14086 22 -0.5 204.148547595871 base
14087 22 -0.5 0 base
14088 22 -0.5 0 base
14089 22 -0.5 0 base
14063 23 -0.5 0 base
14064 23 -0.5 66.2739227820232 base
14065 23 -0.5 40.1277155904253 base
14066 23 -0.5 0 base
14072 23 -0.5 0 base
14073 23 -0.5 181.615721184296 base
14074 23 -0.5 0 base
14075 23 -0.5 0 base
14077 23 -0.5 0 base
14078 23 -0.5 16.5240376617939 base
14085 23 -0.5 0 base
14086 23 -0.5 192.974852755062 base
14087 23 -0.5 0 base
14088 23 -0.5 0 base
14089 23 -0.5 0 base
14063 24 -0.5 3.96296323785506 base
14064 24 -0.5 67.2053871401914 base
14065 24 -0.5 44.9946449466595 base
14066 24 -0.5 0 base
14072 24 -0.5 0 base
14073 24 -0.5 185.510196445918 base
14074 24 -0.5 0 base
14075 24 -0.5 0 base
14077 24 -0.5 3.03785697186262 base
14078 24 -0.5 35.9474539619022 base
14085 24 -0.5 0 base
14086 24 -0.5 194.89758928561 base
14087 24 -0.5 0 base
14088 24 -0.5 0 base
14089 24 -0.5 0 base
14063 25 -0.5 0 base
14064 25 -0.5 0 base
14065 25 -0.5 0 base
14066 25 -0.5 0 base
14072 25 -0.5 0 base
14073 25 -0.5 0 base
14074 25 -0.5 0 base
14075 25 -0.5 0 base
14077 25 -0.5 0 base
14078 25 -0.5 0 base
14085 25 -0.5 0 base
14086 25 -0.5 0 base
14087 25 -0.5 0 base
14088 25 -0.5 0 base
14089 25 -0.5 0 base
14063 26 -0.5 5.02252882249168 base
14064 26 -0.5 70.1451896455894 base
14065 26 -0.5 49.2452339435031 base
14066 26 -0.5 0 base
14072 26 -0.5 0 base
14073 26 -0.5 184.749269243233 base
14074 26 -0.5 0 base
14075 26 -0.5 0 base
14077 26 -0.5 4.02542812434209 base
14078 26 -0.5 46.5281843867793 base
14085 26 -0.5 0 base
14086 26 -0.5 195.195137048206 base
14087 26 -0.5 0 base
14088 26 -0.5 0 base
14089 26 -0.5 0 base
14063 27 -0.5 0 base
14064 27 -0.5 0 base
14065 27 -0.5 0 base
14066 27 -0.5 0 base
14072 27 -0.5 0 base
14073 27 -0.5 0 base
14074 27 -0.5 0 base
14075 27 -0.5 0 base
14077 27 -0.5 0 base
14078 27 -0.5 0 base
14085 27 -0.5 0 base
14086 27 -0.5 0 base
14087 27 -0.5 0 base
14088 27 -0.5 0 base
14089 27 -0.5 0 base
14063 28 -0.5 13.424082550751 base
14064 28 -0.5 75.1104089385227 base
14065 28 -0.5 55.8485493184367 base
14066 28 -0.5 0 base
14072 28 -0.5 0 base
14073 28 -0.5 194.654943463533 base
14074 28 -0.5 0 base
14075 28 -0.5 0 base
14077 28 -0.5 8.49689873921603 base
14078 28 -0.5 54.528581597679 base
14085 28 -0.5 0 base
14086 28 -0.5 210.994752287938 base
14087 28 -0.5 0 base
14088 28 -0.5 0 base
14089 28 -0.5 0 base
14063 29 -0.5 0 base
14064 29 -0.5 30.2769342582574 base
14065 29 -0.5 2.3139105512009 base
14066 29 -0.5 0 base
14072 29 -0.5 0 base
14073 29 -0.5 114.748803135767 base
14074 29 -0.5 0 base
14075 29 -0.5 0 base
14077 29 -0.5 0 base
14078 29 -0.5 0 base
14085 29 -0.5 0 base
14086 29 -0.5 62.8042798880972 base
14087 29 -0.5 0 base
14088 29 -0.5 0 base
14089 29 -0.5 0 base
14063 30 -0.5 0 base
14064 30 -0.5 0 base
14065 30 -0.5 0 base
14066 30 -0.5 0 base
14072 30 -0.5 0 base
14073 30 -0.5 0 base
14074 30 -0.5 0 base
14075 30 -0.5 0 base
14077 30 -0.5 0 base
14078 30 -0.5 0 base
14085 30 -0.5 0 base
14086 30 -0.5 0 base
14087 30 -0.5 0 base
14088 30 -0.5 0 base
14089 30 -0.5 0 base
14063 31 -0.5 0 base
14064 31 -0.5 2.32467315453175 base
14065 31 -0.5 0 base
14066 31 -0.5 0 base
14072 31 -0.5 0 base
14073 31 -0.5 80.9639779594016 base
14074 31 -0.5 0 base
14075 31 -0.5 0 base
14077 31 -0.5 0 base
14078 31 -0.5 0 base
14085 31 -0.5 0 base
14086 31 -0.5 16.4684667921719 base
14087 31 -0.5 0 base
14088 31 -0.5 0 base
14089 31 -0.5 0 base
14063 1 -1.5 158.544021081636 base
14064 1 -1.5 0 base
14065 1 -1.5 28.8679678726438 base
14066 1 -1.5 0 base
14072 1 -1.5 153.400595396788 base
14073 1 -1.5 61.202741913769 base
14074 1 -1.5 32.3807173501963 base
14075 1 -1.5 0 base
14077 1 -1.5 86.579623329872 base
14078 1 -1.5 5.6415736735183 base
14085 1 -1.5 0 base
14086 1 -1.5 40.978414864779 base
14087 1 -1.5 0 base
14088 1 -1.5 50.3503568425432 base
14089 1 -1.5 0 base
14063 2 -1.5 0 base
14064 2 -1.5 0 base
14065 2 -1.5 0 base
14066 2 -1.5 0 base
14072 2 -1.5 0 base
14073 2 -1.5 0 base
14074 2 -1.5 0 base
14075 2 -1.5 0 base
14077 2 -1.5 0 base
14078 2 -1.5 0 base
14085 2 -1.5 0 base
14086 2 -1.5 0 base
14087 2 -1.5 0 base
14088 2 -1.5 0 base
14089 2 -1.5 0 base
14063 3 -1.5 11.2286975979595 base
14064 3 -1.5 0 base
14065 3 -1.5 1.40186049166121 base
14066 3 -1.5 0 base
14072 3 -1.5 0 base
14073 3 -1.5 11.5499387956042 base
14074 3 -1.5 1.07569534719263 base
14075 3 -1.5 0 base
14077 3 -1.5 2.10749488896291 base
14078 3 -1.5 0 base
14085 3 -1.5 0 base
14086 3 -1.5 1.27364760599914 base
14087 3 -1.5 0 base
14088 3 -1.5 0 base
14089 3 -1.5 0 base
14063 4 -1.5 144.498677673129 base
14064 4 -1.5 1.17753543409482 base
14065 4 -1.5 29.2025165894918 base
14066 4 -1.5 0 base
14072 4 -1.5 97.2217205927128 base
14073 4 -1.5 66.031490785507 base
14074 4 -1.5 30.5146256928424 base
14075 4 -1.5 0 base
14077 4 -1.5 78.9885516404961 base
14078 4 -1.5 1.67809333396879 base
14085 4 -1.5 0 base
14086 4 -1.5 41.8119259980566 base
14087 4 -1.5 0 base
14088 4 -1.5 34.0542896879543 base
14089 4 -1.5 0 base
14063 5 -1.5 0 base
14064 5 -1.5 0 base
14065 5 -1.5 0 base
14066 5 -1.5 0 base
14072 5 -1.5 0 base
14073 5 -1.5 0 base
14074 5 -1.5 0 base
14075 5 -1.5 0 base
14077 5 -1.5 0 base
14078 5 -1.5 0 base
14085 5 -1.5 0 base
14086 5 -1.5 0 base
14087 5 -1.5 0 base
14088 5 -1.5 0 base
14089 5 -1.5 0 base
14063 6 -1.5 196.722978376751 base
14064 6 -1.5 29.0857528567338 base
14065 6 -1.5 84.9683723571942 base
14066 6 -1.5 0 base
14072 6 -1.5 200.396185770599 base
14073 6 -1.5 125.917178733864 base
14074 6 -1.5 86.2906874586465 base
14075 6 -1.5 0 base
14077 6 -1.5 112.858638869095 base
14078 6 -1.5 25.6844793358917 base
14085 6 -1.5 0 base
14086 6 -1.5 157.744612244797 base
14087 6 -1.5 0 base
14088 6 -1.5 89.5477196123325 base
14089 6 -1.5 1.58251804237066 base
14063 7 -1.5 0 base
14064 7 -1.5 0 base
14065 7 -1.5 0 base
14066 7 -1.5 0 base
14072 7 -1.5 0 base
14073 7 -1.5 0 base
14074 7 -1.5 0 base
14075 7 -1.5 0 base
14077 7 -1.5 0 base
14078 7 -1.5 0 base
14085 7 -1.5 0 base
14086 7 -1.5 0 base
14087 7 -1.5 0 base
14088 7 -1.5 0 base
14089 7 -1.5 0 base
14063 8 -1.5 183.928488819035 base
14064 8 -1.5 6.74342715377433 base
14065 8 -1.5 58.7139220621625 base
14066 8 -1.5 0 base
14072 8 -1.5 166.675245346837 base
14073 8 -1.5 87.8574679511302 base
14074 8 -1.5 61.2873772626107 base
14075 8 -1.5 0 base
14077 8 -1.5 106.251881161993 base
14078 8 -1.5 23.072536645056 base
14085 8 -1.5 0 base
14086 8 -1.5 77.4688434158277 base
14087 8 -1.5 0 base
14088 8 -1.5 80.3144677430789 base
14089 8 -1.5 0 base
14063 9 -1.5 154.780268875444 base
14064 9 -1.5 5.87403374115527 base
14065 9 -1.5 48.5204078239947 base
14066 9 -1.5 0 base
14072 9 -1.5 117.158619232856 base
14073 9 -1.5 88.922203060297 base
14074 9 -1.5 50.2495072492982 base
14075 9 -1.5 0 base
14077 9 -1.5 86.8086923670541 base
14078 9 -1.5 3.6468998637675 base
14085 9 -1.5 0 base
14086 9 -1.5 83.5112822982663 base
14087 9 -1.5 0 base
14088 9 -1.5 49.3652405742989 base
14089 9 -1.5 0 base
14063 10 -1.5 196.64442810417 base
14064 10 -1.5 8.18832955449513 base
14065 10 -1.5 61.7321555904755 base
14066 10 -1.5 0 base
14072 10 -1.5 204.643551257371 base
14073 10 -1.5 97.2114507953 base
14074 10 -1.5 66.6791706995426 base
14075 10 -1.5 0 base
14077 10 -1.5 112.992398742248 base
14078 10 -1.5 25.1251548957372 base
14085 10 -1.5 0 base
14086 10 -1.5 105.158896826232 base
14087 10 -1.5 0 base
14088 10 -1.5 83.0723211606112 base
14089 10 -1.5 0 base
14063 11 -1.5 56.4679994602766 base
14064 11 -1.5 0 base
14065 11 -1.5 0 base
14066 11 -1.5 0 base
14072 11 -1.5 4.44963770808587 base
14073 11 -1.5 1.50426511728488 base
14074 11 -1.5 0 base
14075 11 -1.5 0 base
14077 11 -1.5 16.4139002383729 base
14078 11 -1.5 0 base
14085 11 -1.5 0 base
14086 11 -1.5 0 base
14087 11 -1.5 0 base
14088 11 -1.5 0 base
14089 11 -1.5 0 base
14063 12 -1.5 48.131445144749 base
14064 12 -1.5 0 base
14065 12 -1.5 0 base
14066 12 -1.5 0 base
14072 12 -1.5 1.6537164061959 base
14073 12 -1.5 1.04851462461098 base
14074 12 -1.5 0 base
14075 12 -1.5 0 base
14077 12 -1.5 13.4261025195936 base
14078 12 -1.5 0 base
14085 12 -1.5 0 base
14086 12 -1.5 0 base
14087 12 -1.5 0 base
14088 12 -1.5 0 base
14089 12 -1.5 0 base
14063 13 -1.5 40.7491044210889 base
14064 13 -1.5 0 base
14065 13 -1.5 3.04625301884721 base
14066 13 -1.5 0 base
14072 13 -1.5 0 base
14073 13 -1.5 14.7246132267567 base
14074 13 -1.5 1.95767498531754 base
14075 13 -1.5 0 base
14077 13 -1.5 15.6591165027114 base
14078 13 -1.5 0 base
14085 13 -1.5 0 base
14086 13 -1.5 0 base
14087 13 -1.5 0 base
14088 13 -1.5 1.16881149536788 base
14089 13 -1.5 0 base
14063 14 -1.5 0 base
14064 14 -1.5 0 base
14065 14 -1.5 0 base
14066 14 -1.5 0 base
14072 14 -1.5 0 base
14073 14 -1.5 0 base
14074 14 -1.5 0 base
14075 14 -1.5 0 base
14077 14 -1.5 0 base
14078 14 -1.5 0 base
14085 14 -1.5 0 base
14086 14 -1.5 0 base
14087 14 -1.5 0 base
14088 14 -1.5 0 base
14089 14 -1.5 0 base
14063 15 -1.5 282.26073266697 base
14064 15 -1.5 52.7908405398138 base
14065 15 -1.5 129.271400166047 base
14066 15 -1.5 2.23912173783804 base
14072 15 -1.5 336.068639385428 base
14073 15 -1.5 166.554622668528 base
14074 15 -1.5 133.800242396623 base
14075 15 -1.5 3.79447165641629 base
14077 15 -1.5 163.683002158074 base
14078 15 -1.5 88.6099523100498 base
14085 15 -1.5 0 base
14086 15 -1.5 228.602697115871 base
14087 15 -1.5 2.49061926380788 base
14088 15 -1.5 161.580706489865 base
14089 15 -1.5 28.9300999766806 base
14063 16 -1.5 213.303538352966 base
14064 16 -1.5 16.8281705708725 base
14065 16 -1.5 78.0625646431228 base
14066 16 -1.5 0 base
14072 16 -1.5 226.86790977507 base
14073 16 -1.5 109.177301290763 base
14074 16 -1.5 82.2662758084324 base
14075 16 -1.5 0 base
14077 16 -1.5 124.031573404632 base
14078 16 -1.5 47.0650367075446 base
14085 16 -1.5 0 base
14086 16 -1.5 125.82421142007 base
14087 16 -1.5 0 base
14088 16 -1.5 106.907084163648 base
14089 16 -1.5 1.75293927751097 base
14063 17 -1.5 122.517781524587 base
14064 17 -1.5 10.2798386256567 base
14065 17 -1.5 53.3059317754897 base
14066 17 -1.5 0 base
14072 17 -1.5 33.8636062066789 base
14073 17 -1.5 86.2313692475589 base
14074 17 -1.5 49.6720110347856 base
14075 17 -1.5 0 base
14077 17 -1.5 69.1014176117049 base
14078 17 -1.5 2.09836197654124 base
14085 17 -1.5 0 base
14086 17 -1.5 60.1243677254828 base
14087 17 -1.5 0 base
14088 17 -1.5 45.238323297548 base
14089 17 -1.5 0 base
14063 18 -1.5 117.546398415934 base
14064 18 -1.5 0 base
14065 18 -1.5 9.28283686776395 base
14066 18 -1.5 0 base
14072 18 -1.5 41.6139338799064 base
14073 18 -1.5 28.4131191106761 base
14074 18 -1.5 9.10152225418705 base
14075 18 -1.5 0 base
14077 18 -1.5 59.4679266176042 base
14078 18 -1.5 0 base
14085 18 -1.5 0 base
14086 18 -1.5 5.94431550227924 base
14087 18 -1.5 0 base
14088 18 -1.5 21.5283685719696 base
14089 18 -1.5 0 base
14063 19 -1.5 194.200250559448 base
14064 19 -1.5 8.89517395136591 base
14065 19 -1.5 62.2976541871392 base
14066 19 -1.5 0 base
14072 19 -1.5 195.974194076131 base
14073 19 -1.5 97.7044106509796 base
14074 19 -1.5 66.5945803273974 base
14075 19 -1.5 0 base
14077 19 -1.5 111.750307080296 base
14078 19 -1.5 22.9416209616071 base
14085 19 -1.5 0 base
14086 19 -1.5 104.602927527675 base
14087 19 -1.5 0 base
14088 19 -1.5 81.0015375429775 base
14089 19 -1.5 0 base
14063 20 -1.5 247.238382571361 base
14064 20 -1.5 35.9185012389196 base
14065 20 -1.5 104.694645317654 base
14066 20 -1.5 0 base
14072 20 -1.5 279.593870151779 base
14073 20 -1.5 136.868188978281 base
14074 20 -1.5 108.722426333608 base
14075 20 -1.5 0 base
14077 20 -1.5 144.199145579932 base
14078 20 -1.5 70.9133716664186 base
14085 20 -1.5 0 base
14086 20 -1.5 177.133112097915 base
14087 20 -1.5 0 base
14088 20 -1.5 136.773266072779 base
14089 20 -1.5 10.6944058115512 base
14063 21 -1.5 185.196456298115 base
14064 21 -1.5 4.87633365258412 base
14065 21 -1.5 52.5101755321998 base
14066 21 -1.5 0 base
14072 21 -1.5 187.927753136038 base
14073 21 -1.5 89.4425070963928 base
14074 21 -1.5 57.2971532007426 base
14075 21 -1.5 0 base
14077 21 -1.5 105.317831769567 base
14078 21 -1.5 14.6522458426434 base
14085 21 -1.5 0 base
14086 21 -1.5 90.4950142182599 base
14087 21 -1.5 0 base
14088 21 -1.5 70.0737077439162 base
14089 21 -1.5 0 base
14063 22 -1.5 203.959485683442 base
14064 22 -1.5 7.45937677084432 base
14065 22 -1.5 61.7290296570969 base
14066 22 -1.5 0 base
14072 22 -1.5 233.043083077153 base
14073 22 -1.5 99.0097566399944 base
14074 22 -1.5 68.7713108674615 base
14075 22 -1.5 0 base
14077 22 -1.5 116.689099631576 base
14078 22 -1.5 32.0190007282944 base
14085 22 -1.5 0 base
14086 22 -1.5 114.683080352453 base
14087 22 -1.5 0 base
14088 22 -1.5 89.9804886870703 base
14089 22 -1.5 0 base
14063 23 -1.5 200.705695087321 base
14064 23 -1.5 15.1382330324343 base
14065 23 -1.5 69.2990840536479 base
14066 23 -1.5 0 base
14072 23 -1.5 219.252463332482 base
14073 23 -1.5 113.230410410969 base
14074 23 -1.5 74.7656471487479 base
14075 23 -1.5 0 base
14077 23 -1.5 114.573607313499 base
14078 23 -1.5 21.0060497496577 base
14085 23 -1.5 0 base
14086 23 -1.5 139.854509964453 base
14087 23 -1.5 0 base
14088 23 -1.5 81.0386043111678 base
14089 23 -1.5 0 base
14063 24 -1.5 197.252747916822 base
14064 24 -1.5 6.99416419317469 base
14065 24 -1.5 59.0728431733629 base
14066 24 -1.5 0 base
14072 24 -1.5 214.219296257255 base
14073 24 -1.5 96.8895071572315 base
14074 24 -1.5 65.0447811881678 base
14075 24 -1.5 0 base
14077 24 -1.5 112.68800559165 base
14078 24 -1.5 23.0077016990546 base
14085 24 -1.5 0 base
14086 24 -1.5 108.097454870641 base
14087 24 -1.5 0 base
14088 24 -1.5 80.6099812534303 base
14089 24 -1.5 0 base
14063 25 -1.5 0 base
14064 25 -1.5 0 base
14065 25 -1.5 0 base
14066 25 -1.5 0 base
14072 25 -1.5 0 base
14073 25 -1.5 0 base
14074 25 -1.5 0 base
14075 25 -1.5 0 base
14077 25 -1.5 0 base
14078 25 -1.5 0 base
14085 25 -1.5 0 base
14086 25 -1.5 0 base
14087 25 -1.5 0 base
14088 25 -1.5 0 base
14089 25 -1.5 0 base
14063 26 -1.5 218.140719760463 base
14064 26 -1.5 15.5680012908651 base
14065 26 -1.5 76.186769533754 base
14066 26 -1.5 0 base
14072 26 -1.5 244.707950458105 base
14073 26 -1.5 111.580358680519 base
14074 26 -1.5 82.3184365072933 base
14075 26 -1.5 0 base
14077 26 -1.5 126.166959267057 base
14078 26 -1.5 45.8615736351095 base
14085 26 -1.5 0 base
14086 26 -1.5 134.777537341578 base
14087 26 -1.5 0 base
14088 26 -1.5 105.61746305952 base
14089 26 -1.5 2.03871083331267 base
14063 27 -1.5 0 base
14064 27 -1.5 0 base
14065 27 -1.5 0 base
14066 27 -1.5 0 base
14072 27 -1.5 0 base
14073 27 -1.5 0 base
14074 27 -1.5 0 base
14075 27 -1.5 0 base
14077 27 -1.5 0 base
14078 27 -1.5 0 base
14085 27 -1.5 0 base
14086 27 -1.5 0 base
14087 27 -1.5 0 base
14088 27 -1.5 0 base
14089 27 -1.5 0 base
14063 28 -1.5 236.26207675561 base
14064 28 -1.5 23.3958039551304 base
14065 28 -1.5 87.5113886357588 base
14066 28 -1.5 0 base
14072 28 -1.5 278.474360612052 base
14073 28 -1.5 125.399433050131 base
14074 28 -1.5 94.9130110516754 base
14075 28 -1.5 0 base
14077 28 -1.5 136.841291927638 base
14078 28 -1.5 58.393798618092 base
14085 28 -1.5 0 base
14086 28 -1.5 161.935654641435 base
14087 28 -1.5 0 base
14088 28 -1.5 120.44701536188 base
14089 28 -1.5 5.52681544081742 base
14063 29 -1.5 93.3050077875223 base
14064 29 -1.5 0 base
14065 29 -1.5 8.64524809602761 base
14066 29 -1.5 0 base
14072 29 -1.5 9.02297758015917 base
14073 29 -1.5 35.3966589087115 base
14074 29 -1.5 7.2333548867891 base
14075 29 -1.5 0 base
14077 29 -1.5 47.0814973708846 base
14078 29 -1.5 0 base
14085 29 -1.5 0 base
14086 29 -1.5 6.1988788647038 base
14087 29 -1.5 0 base
14088 29 -1.5 6.12001916256403 base
14089 29 -1.5 0 base
14063 30 -1.5 0 base
14064 30 -1.5 0 base
14065 30 -1.5 0 base
14066 30 -1.5 0 base
14072 30 -1.5 0 base
14073 30 -1.5 0 base
14074 30 -1.5 0 base
14075 30 -1.5 0 base
14077 30 -1.5 0 base
14078 30 -1.5 0 base
14085 30 -1.5 0 base
14086 30 -1.5 0 base
14087 30 -1.5 0 base
14088 30 -1.5 0 base
14089 30 -1.5 0 base
14063 31 -1.5 30.1969059054601 base
14064 31 -1.5 0 base
14065 31 -1.5 2.26439651020929 base
14066 31 -1.5 0 base
14072 31 -1.5 16.6625549845622 base
14073 31 -1.5 34.9856510154204 base
14074 31 -1.5 3.10838440100474 base
14075 31 -1.5 0 base
14077 31 -1.5 2.11044549639627 base
14078 31 -1.5 0 base
14085 31 -1.5 0 base
14086 31 -1.5 6.24568661522757 base
14087 31 -1.5 0 base
14088 31 -1.5 1.05804911239137 base
14089 31 -1.5 0 base
14063 1 -3 0 base
14064 1 -3 0 base
14065 1 -3 0 base
14066 1 -3 0 base
14072 1 -3 0 base
14073 1 -3 0 base
14074 1 -3 0 base
14075 1 -3 0 base
14077 1 -3 0 base
14078 1 -3 0 base
14085 1 -3 0 base
14086 1 -3 0 base
14087 1 -3 0 base
14088 1 -3 0 base
14089 1 -3 0 base
14063 2 -3 0 base
14064 2 -3 0 base
14065 2 -3 0 base
14066 2 -3 0 base
14072 2 -3 0 base
14073 2 -3 0 base
14074 2 -3 0 base
14075 2 -3 0 base
14077 2 -3 0 base
14078 2 -3 0 base
14085 2 -3 0 base
14086 2 -3 0 base
14087 2 -3 0 base
14088 2 -3 0 base
14089 2 -3 0 base
14063 3 -3 0 base
14064 3 -3 0 base
14065 3 -3 0 base
14066 3 -3 0 base
14072 3 -3 0 base
14073 3 -3 0 base
14074 3 -3 0 base
14075 3 -3 0 base
14077 3 -3 0 base
14078 3 -3 0 base
14085 3 -3 0 base
14086 3 -3 0 base
14087 3 -3 0 base
14088 3 -3 0 base
14089 3 -3 0 base
14063 4 -3 3.53068691071322 base
14064 4 -3 0 base
14065 4 -3 0 base
14066 4 -3 0 base
14072 4 -3 0 base
14073 4 -3 0 base
14074 4 -3 0 base
14075 4 -3 0 base
14077 4 -3 0 base
14078 4 -3 0 base
14085 4 -3 0 base
14086 4 -3 0 base
14087 4 -3 0 base
14088 4 -3 0 base
14089 4 -3 0 base
14063 5 -3 0 base
14064 5 -3 0 base
14065 5 -3 0 base
14066 5 -3 0 base
14072 5 -3 0 base
14073 5 -3 0 base
14074 5 -3 0 base
14075 5 -3 0 base
14077 5 -3 0 base
14078 5 -3 0 base
14085 5 -3 0 base
14086 5 -3 0 base
14087 5 -3 0 base
14088 5 -3 0 base
14089 5 -3 0 base
14063 6 -3 122.265785392343 base
14064 6 -3 1.37147102734004 base
14065 6 -3 27.7614436334119 base
14066 6 -3 0 base
14072 6 -3 65.8870938778776 base
14073 6 -3 62.4396423639716 base
14074 6 -3 27.7133479415591 base
14075 6 -3 0 base
14077 6 -3 66.442029207851 base
14078 6 -3 0 base
14085 6 -3 0 base
14086 6 -3 39.1353856603486 base
14087 6 -3 0 base
14088 6 -3 35.9418879888274 base
14089 6 -3 8.40855138573337 base
14063 7 -3 0 base
14064 7 -3 0 base
14065 7 -3 0 base
14066 7 -3 0 base
14072 7 -3 0 base
14073 7 -3 0 base
14074 7 -3 0 base
14075 7 -3 0 base
14077 7 -3 0 base
14078 7 -3 0 base
14085 7 -3 0 base
14086 7 -3 0 base
14087 7 -3 0 base
14088 7 -3 0 base
14089 7 -3 0 base
14063 8 -3 53.5782572574626 base
14064 8 -3 0 base
14065 8 -3 0 base
14066 8 -3 0 base
14072 8 -3 2.48636449515113 base
14073 8 -3 1.70280000393725 base
14074 8 -3 0 base
14075 8 -3 0 base
14077 8 -3 17.867022388819 base
14078 8 -3 0 base
14085 8 -3 0 base
14086 8 -3 0 base
14087 8 -3 0 base
14088 8 -3 1.32397577948119 base
14089 8 -3 0 base
14063 9 -3 42.7769078564061 base
14064 9 -3 0 base
14065 9 -3 0 base
14066 9 -3 0 base
14072 9 -3 1.60560181092984 base
14073 9 -3 3.2228421853046 base
14074 9 -3 0 base
14075 9 -3 0 base
14077 9 -3 11.8157607005961 base
14078 9 -3 0 base
14085 9 -3 0 base
14086 9 -3 0 base
14087 9 -3 0 base
14088 9 -3 0 base
14089 9 -3 0 base
14063 10 -3 51.8006609565896 base
14064 10 -3 0 base
14065 10 -3 0 base
14066 10 -3 0 base
14072 10 -3 3.52266617951267 base
14073 10 -3 1.45064210079074 base
14074 10 -3 0 base
14075 10 -3 0 base
14077 10 -3 15.4671382403342 base
14078 10 -3 0 base
14085 10 -3 0 base
14086 10 -3 0 base
14087 10 -3 0 base
14088 10 -3 0 base
14089 10 -3 0 base
14063 11 -3 0 base
14064 11 -3 0 base
14065 11 -3 0 base
14066 11 -3 0 base
14072 11 -3 0 base
14073 11 -3 0 base
14074 11 -3 0 base
14075 11 -3 0 base
14077 11 -3 0 base
14078 11 -3 0 base
14085 11 -3 0 base
14086 11 -3 0 base
14087 11 -3 0 base
14088 11 -3 0 base
14089 11 -3 0 base
14063 12 -3 0 base
14064 12 -3 0 base
14065 12 -3 0 base
14066 12 -3 0 base
14072 12 -3 0 base
14073 12 -3 0 base
14074 12 -3 0 base
14075 12 -3 0 base
14077 12 -3 0 base
14078 12 -3 0 base
14085 12 -3 0 base
14086 12 -3 0 base
14087 12 -3 0 base
14088 12 -3 0 base
14089 12 -3 0 base
14063 13 -3 0 base
14064 13 -3 0 base
14065 13 -3 0 base
14066 13 -3 0 base
14072 13 -3 0 base
14073 13 -3 0 base
14074 13 -3 0 base
14075 13 -3 0 base
14077 13 -3 0 base
14078 13 -3 0 base
14085 13 -3 0 base
14086 13 -3 0 base
14087 13 -3 0 base
14088 13 -3 0 base
14089 13 -3 0 base
14063 14 -3 0 base
14064 14 -3 0 base
14065 14 -3 0 base
14066 14 -3 0 base
14072 14 -3 0 base
14073 14 -3 0 base
14074 14 -3 0 base
14075 14 -3 0 base
14077 14 -3 0 base
14078 14 -3 0 base
14085 14 -3 0 base
14086 14 -3 0 base
14087 14 -3 0 base
14088 14 -3 0 base
14089 14 -3 0 base
14063 15 -3 198.769651174053 base
14064 15 -3 13.594586849491 base
14065 15 -3 70.0787526550291 base
14066 15 -3 6.00288578651584 base
14072 15 -3 228.754819948677 base
14073 15 -3 101.361242877108 base
14074 15 -3 74.4293358134889 base
14075 15 -3 16.8453142957735 base
14077 15 -3 111.949768750403 base
14078 15 -3 35.4259132020032 base
14085 15 -3 9.10061864889177 base
14086 15 -3 128.057959653869 base
14087 15 -3 0 base
14088 15 -3 103.875082923783 base
14089 15 -3 45.9743492138435 base
14063 16 -3 89.0088415660438 base
14064 16 -3 0 base
14065 16 -3 2.79061394018791 base
14066 16 -3 0 base
14072 16 -3 21.2314785053405 base
14073 16 -3 12.9438478463183 base
14074 16 -3 2.85567448396381 base
14075 16 -3 0 base
14077 16 -3 42.4634882165035 base
14078 16 -3 0 base
14085 16 -3 0 base
14086 16 -3 2.20159147136446 base
14087 16 -3 0 base
14088 16 -3 13.4703642908345 base
14089 16 -3 0 base
14063 17 -3 76.3968107416756 base
14064 17 -3 0 base
14065 17 -3 12.9713673366773 base
14066 17 -3 0 base
14072 17 -3 5.23429221403371 base
14073 17 -3 43.3008745074335 base
14074 17 -3 9.76435771751218 base
14075 17 -3 0 base
14077 17 -3 38.9442017435094 base
14078 17 -3 0 base
14085 17 -3 0 base
14086 17 -3 8.09605040476981 base
14087 17 -3 0 base
14088 17 -3 11.576501503337 base
14089 17 -3 1.38601163871483 base
14063 18 -3 0 base
14064 18 -3 0 base
14065 18 -3 0 base
14066 18 -3 0 base
14072 18 -3 0 base
14073 18 -3 0 base
14074 18 -3 0 base
14075 18 -3 0 base
14077 18 -3 0 base
14078 18 -3 0 base
14085 18 -3 0 base
14086 18 -3 0 base
14087 18 -3 0 base
14088 18 -3 0 base
14089 18 -3 0 base
14063 19 -3 56.8953520480457 base
14064 19 -3 0 base
14065 19 -3 0 base
14066 19 -3 0 base
14072 19 -3 4.00981856889836 base
14073 19 -3 2.29901056796906 base
14074 19 -3 0 base
14075 19 -3 0 base
14077 19 -3 19.1455873927611 base
14078 19 -3 0 base
14085 19 -3 0 base
14086 19 -3 0 base
14087 19 -3 0 base
14088 19 -3 1.08022454828594 base
14089 19 -3 0 base
14063 20 -3 146.539285417993 base
14064 20 -3 1.20906590910041 base
14065 20 -3 34.0891286834709 base
14066 20 -3 0 base
14072 20 -3 128.757973192182 base
14073 20 -3 59.7472092042433 base
14074 20 -3 36.1656971342364 base
14075 20 -3 1.600643323756 base
14077 20 -3 80.3494019796887 base
14078 20 -3 6.96402834516218 base
14085 20 -3 0 base
14086 20 -3 37.8949280583076 base
14087 20 -3 0 base
14088 20 -3 62.9859607376466 base
14089 20 -3 16.1227974849816 base
14063 21 -3 31.2972796589093 base
14064 21 -3 0 base
14065 21 -3 0 base
14066 21 -3 0 base
14072 21 -3 1.22431182402797 base
14073 21 -3 0 base
14074 21 -3 0 base
14075 21 -3 0 base
14077 21 -3 5.69205938687773 base
14078 21 -3 0 base
14085 21 -3 0 base
14086 21 -3 0 base
14087 21 -3 0 base
14088 21 -3 0 base
14089 21 -3 0 base
14063 22 -3 42.8270968394828 base
14064 22 -3 0 base
14065 22 -3 0 base
14066 22 -3 0 base
14072 22 -3 3.67160841248393 base
14073 22 -3 0 base
14074 22 -3 0 base
14075 22 -3 0 base
14077 22 -3 9.69426503011282 base
14078 22 -3 0 base
14085 22 -3 0 base
14086 22 -3 0 base
14087 22 -3 0 base
14088 22 -3 0 base
14089 22 -3 0 base
14063 23 -3 74.2736189470167 base
14064 23 -3 0 base
14065 23 -3 1.00044591382465 base
14066 23 -3 0 base
14072 23 -3 14.5451043423919 base
14073 23 -3 10.9262780839999 base
14074 23 -3 1.16552977398311 base
14075 23 -3 0 base
14077 23 -3 31.1748047183817 base
14078 23 -3 0 base
14085 23 -3 0 base
14086 23 -3 2.28207869491795 base
14087 23 -3 0 base
14088 23 -3 2.3199895420382 base
14089 23 -3 0 base
14063 24 -3 42.1410375666501 base
14064 24 -3 0 base
14065 24 -3 0 base
14066 24 -3 0 base
14072 24 -3 2.70841704072112 base
14073 24 -3 0 base
14074 24 -3 0 base
14075 24 -3 0 base
14077 24 -3 9.68139681261431 base
14078 24 -3 0 base
14085 24 -3 0 base
14086 24 -3 0 base
14087 24 -3 0 base
14088 24 -3 0 base
14089 24 -3 0 base
14063 25 -3 0 base
14064 25 -3 0 base
14065 25 -3 0 base
14066 25 -3 0 base
14072 25 -3 0 base
14073 25 -3 0 base
14074 25 -3 0 base
14075 25 -3 0 base
14077 25 -3 0 base
14078 25 -3 0 base
14085 25 -3 0 base
14086 25 -3 0 base
14087 25 -3 0 base
14088 25 -3 0 base
14089 25 -3 0 base
14063 26 -3 78.6102691178732 base
14064 26 -3 0 base
14065 26 -3 1.09786024754414 base
14066 26 -3 0 base
14072 26 -3 18.4490835435734 base
14073 26 -3 7.02422887663898 base
14074 26 -3 1.25986468660479 base
14075 26 -3 0 base
14077 26 -3 33.7916876986405 base
14078 26 -3 0 base
14085 26 -3 0 base
14086 26 -3 1.41051689874924 base
14087 26 -3 0 base
14088 26 -3 6.30981658494768 base
14089 26 -3 0 base
14063 27 -3 0 base
14064 27 -3 0 base
14065 27 -3 0 base
14066 27 -3 0 base
14072 27 -3 0 base
14073 27 -3 0 base
14074 27 -3 0 base
14075 27 -3 0 base
14077 27 -3 0 base
14078 27 -3 0 base
14085 27 -3 0 base
14086 27 -3 0 base
14087 27 -3 0 base
14088 27 -3 0 base
14089 27 -3 0 base
14063 28 -3 100.173022995464 base
14064 28 -3 0 base
14065 28 -3 4.11848253566538 base
14066 28 -3 0 base
14072 28 -3 56.9259421685793 base
14073 28 -3 20.3310768175411 base
14074 28 -3 4.67912341980447 base
14075 28 -3 0 base
14077 28 -3 48.3863453398403 base
14078 28 -3 0 base
14085 28 -3 0 base
14086 28 -3 5.09609204345909 base
14087 28 -3 0 base
14088 28 -3 19.3861638631253 base
14089 28 -3 1.20014920575039 base
14063 29 -3 0 base
14064 29 -3 0 base
14065 29 -3 0 base
14066 29 -3 0 base
14072 29 -3 0 base
14073 29 -3 0 base
14074 29 -3 0 base
14075 29 -3 0 base
14077 29 -3 0 base
14078 29 -3 0 base
14085 29 -3 0 base
14086 29 -3 0 base
14087 29 -3 0 base
14088 29 -3 0 base
14089 29 -3 0 base
14063 30 -3 0 base
14064 30 -3 0 base
14065 30 -3 0 base
14066 30 -3 0 base
14072 30 -3 0 base
14073 30 -3 0 base
14074 30 -3 0 base
14075 30 -3 0 base
14077 30 -3 0 base
14078 30 -3 0 base
14085 30 -3 0 base
14086 30 -3 0 base
14087 30 -3 0 base
14088 30 -3 0 base
14089 30 -3 0 base
14063 31 -3 0 base
14064 31 -3 0 base
14065 31 -3 0 base
14066 31 -3 0 base
14072 31 -3 0 base
14073 31 -3 0 base
14074 31 -3 0 base
14075 31 -3 0 base
14077 31 -3 0 base
14078 31 -3 0 base
14085 31 -3 0 base
14086 31 -3 0 base
14087 31 -3 0 base
14088 31 -3 0 base
14089 31 -3 0 base
14063 1 -5 0 base
14064 1 -5 0 base
14065 1 -5 0 base
14066 1 -5 0 base
14072 1 -5 0 base
14073 1 -5 0 base
14074 1 -5 0 base
14075 1 -5 0 base
14077 1 -5 0 base
14078 1 -5 0 base
14085 1 -5 0 base
14086 1 -5 0 base
14087 1 -5 0 base
14088 1 -5 0 base
14089 1 -5 0 base
14063 2 -5 0 base
14064 2 -5 0 base
14065 2 -5 0 base
14066 2 -5 0 base
14072 2 -5 0 base
14073 2 -5 0 base
14074 2 -5 0 base
14075 2 -5 0 base
14077 2 -5 0 base
14078 2 -5 0 base
14085 2 -5 0 base
14086 2 -5 0 base
14087 2 -5 0 base
14088 2 -5 0 base
14089 2 -5 0 base
14063 3 -5 0 base
14064 3 -5 0 base
14065 3 -5 0 base
14066 3 -5 0 base
14072 3 -5 0 base
14073 3 -5 0 base
14074 3 -5 0 base
14075 3 -5 0 base
14077 3 -5 0 base
14078 3 -5 0 base
14085 3 -5 0 base
14086 3 -5 0 base
14087 3 -5 0 base
14088 3 -5 0 base
14089 3 -5 0 base
14063 4 -5 0 base
14064 4 -5 0 base
14065 4 -5 0 base
14066 4 -5 0 base
14072 4 -5 0 base
14073 4 -5 0 base
14074 4 -5 0 base
14075 4 -5 0 base
14077 4 -5 0 base
14078 4 -5 0 base
14085 4 -5 0 base
14086 4 -5 0 base
14087 4 -5 0 base
14088 4 -5 0 base
14089 4 -5 0 base
14063 5 -5 0 base
14064 5 -5 0 base
14065 5 -5 0 base
14066 5 -5 0 base
14072 5 -5 0 base
14073 5 -5 0 base
14074 5 -5 0 base
14075 5 -5 0 base
14077 5 -5 0 base
14078 5 -5 0 base
14085 5 -5 0 base
14086 5 -5 0 base
14087 5 -5 0 base
14088 5 -5 0 base
14089 5 -5 0 base
14063 6 -5 38.0724323895785 base
14064 6 -5 0 base
14065 6 -5 0 base
14066 6 -5 0 base
14072 6 -5 1.23570646790811 base
14073 6 -5 2.41491708252633 base
14074 6 -5 0 base
14075 6 -5 0 base
14077 6 -5 9.68487911264187 base
14078 6 -5 0 base
14085 6 -5 0 base
14086 6 -5 0 base
14087 6 -5 0 base
14088 6 -5 0 base
14089 6 -5 0 base
14063 7 -5 0 base
14064 7 -5 0 base
14065 7 -5 0 base
14066 7 -5 0 base
14072 7 -5 0 base
14073 7 -5 0 base
14074 7 -5 0 base
14075 7 -5 0 base
14077 7 -5 0 base
14078 7 -5 0 base
14085 7 -5 0 base
14086 7 -5 0 base
14087 7 -5 0 base
14088 7 -5 0 base
14089 7 -5 0 base
14063 8 -5 0 base
14064 8 -5 0 base
14065 8 -5 0 base
14066 8 -5 0 base
14072 8 -5 0 base
14073 8 -5 0 base
14074 8 -5 0 base
14075 8 -5 0 base
14077 8 -5 0 base
14078 8 -5 0 base
14085 8 -5 0 base
14086 8 -5 0 base
14087 8 -5 0 base
14088 8 -5 0 base
14089 8 -5 0 base
14063 9 -5 0 base
14064 9 -5 0 base
14065 9 -5 0 base
14066 9 -5 0 base
14072 9 -5 0 base
14073 9 -5 0 base
14074 9 -5 0 base
14075 9 -5 0 base
14077 9 -5 0 base
14078 9 -5 0 base
14085 9 -5 0 base
14086 9 -5 0 base
14087 9 -5 0 base
14088 9 -5 0 base
14089 9 -5 0 base
14063 10 -5 0 base
14064 10 -5 0 base
14065 10 -5 0 base
14066 10 -5 0 base
14072 10 -5 0 base
14073 10 -5 0 base
14074 10 -5 0 base
14075 10 -5 0 base
14077 10 -5 0 base
14078 10 -5 0 base
14085 10 -5 0 base
14086 10 -5 0 base
14087 10 -5 0 base
14088 10 -5 0 base
14089 10 -5 0 base
14063 11 -5 0 base
14064 11 -5 0 base
14065 11 -5 0 base
14066 11 -5 0 base
14072 11 -5 0 base
14073 11 -5 0 base
14074 11 -5 0 base
14075 11 -5 0 base
14077 11 -5 0 base
14078 11 -5 0 base
14085 11 -5 0 base
14086 11 -5 0 base
14087 11 -5 0 base
14088 11 -5 0 base
14089 11 -5 0 base
14063 12 -5 0 base
14064 12 -5 0 base
14065 12 -5 0 base
14066 12 -5 0 base
14072 12 -5 0 base
14073 12 -5 0 base
14074 12 -5 0 base
14075 12 -5 0 base
14077 12 -5 0 base
14078 12 -5 0 base
14085 12 -5 0 base
14086 12 -5 0 base
14087 12 -5 0 base
14088 12 -5 0 base
14089 12 -5 0 base
14063 13 -5 0 base
14064 13 -5 0 base
14065 13 -5 0 base
14066 13 -5 0 base
14072 13 -5 0 base
14073 13 -5 0 base
14074 13 -5 0 base
14075 13 -5 0 base
14077 13 -5 0 base
14078 13 -5 0 base
14085 13 -5 0 base
14086 13 -5 0 base
14087 13 -5 0 base
14088 13 -5 0 base
14089 13 -5 0 base
14063 14 -5 0 base
14064 14 -5 0 base
14065 14 -5 0 base
14066 14 -5 0 base
14072 14 -5 0 base
14073 14 -5 0 base
14074 14 -5 0 base
14075 14 -5 0 base
14077 14 -5 0 base
14078 14 -5 0 base
14085 14 -5 0 base
14086 14 -5 0 base
14087 14 -5 0 base
14088 14 -5 0 base
14089 14 -5 0 base
14063 15 -5 107.288211030722 base
14064 15 -5 0 base
14065 15 -5 8.48222974791304 base
14066 15 -5 0 base
14072 15 -5 66.1616087458929 base
14073 15 -5 31.5714950750686 base
14074 15 -5 9.08273806199777 base
14075 15 -5 0 base
14077 15 -5 54.8434665074811 base
14078 15 -5 0 base
14085 15 -5 5.15178140847039 base
14086 15 -5 9.62890292781044 base
14087 15 -5 0 base
14088 15 -5 25.765180392086 base
14089 15 -5 8.01474242900617 base
14063 16 -5 0 base
14064 16 -5 0 base
14065 16 -5 0 base
14066 16 -5 0 base
14072 16 -5 0 base
14073 16 -5 0 base
14074 16 -5 0 base
14075 16 -5 0 base
14077 16 -5 0 base
14078 16 -5 0 base
14085 16 -5 0 base
14086 16 -5 0 base
14087 16 -5 0 base
14088 16 -5 0 base
14089 16 -5 0 base
14063 17 -5 15.8735629587179 base
14064 17 -5 0 base
14065 17 -5 0 base
14066 17 -5 0 base
14072 17 -5 0 base
14073 17 -5 2.29381461772308 base
14074 17 -5 0 base
14075 17 -5 0 base
14077 17 -5 3.59755554484824 base
14078 17 -5 0 base
14085 17 -5 0 base
14086 17 -5 0 base
14087 17 -5 0 base
14088 17 -5 0 base
14089 17 -5 0 base
14063 18 -5 0 base
14064 18 -5 0 base
14065 18 -5 0 base
14066 18 -5 0 base
14072 18 -5 0 base
14073 18 -5 0 base
14074 18 -5 0 base
14075 18 -5 0 base
14077 18 -5 0 base
14078 18 -5 0 base
14085 18 -5 0 base
14086 18 -5 0 base
14087 18 -5 0 base
14088 18 -5 0 base
14089 18 -5 0 base
14063 19 -5 0 base
14064 19 -5 0 base
14065 19 -5 0 base
14066 19 -5 0 base
14072 19 -5 0 base
14073 19 -5 0 base
14074 19 -5 0 base
14075 19 -5 0 base
14077 19 -5 0 base
14078 19 -5 0 base
14085 19 -5 0 base
14086 19 -5 0 base
14087 19 -5 0 base
14088 19 -5 0 base
14089 19 -5 0 base
14063 20 -5 41.3522597173856 base
14064 20 -5 0 base
14065 20 -5 0 base
14066 20 -5 0 base
14072 20 -5 1.77065650837656 base
14073 20 -5 0 base
14074 20 -5 0 base
14075 20 -5 0 base
14077 20 -5 10.2192152230102 base
14078 20 -5 0 base
14085 20 -5 0 base
14086 20 -5 0 base
14087 20 -5 0 base
14088 20 -5 0 base
14089 20 -5 0 base
14063 21 -5 0 base
14064 21 -5 0 base
14065 21 -5 0 base
14066 21 -5 0 base
14072 21 -5 0 base
14073 21 -5 0 base
14074 21 -5 0 base
14075 21 -5 0 base
14077 21 -5 0 base
14078 21 -5 0 base
14085 21 -5 0 base
14086 21 -5 0 base
14087 21 -5 0 base
14088 21 -5 0 base
14089 21 -5 0 base
14063 22 -5 0 base
14064 22 -5 0 base
14065 22 -5 0 base
14066 22 -5 0 base
14072 22 -5 0 base
14073 22 -5 0 base
14074 22 -5 0 base
14075 22 -5 0 base
14077 22 -5 0 base
14078 22 -5 0 base
14085 22 -5 0 base
14086 22 -5 0 base
14087 22 -5 0 base
14088 22 -5 0 base
14089 22 -5 0 base
14063 23 -5 0 base
14064 23 -5 0 base
14065 23 -5 0 base
14066 23 -5 0 base
14072 23 -5 0 base
14073 23 -5 0 base
14074 23 -5 0 base
14075 23 -5 0 base
14077 23 -5 0 base
14078 23 -5 0 base
14085 23 -5 0 base
14086 23 -5 0 base
14087 23 -5 0 base
14088 23 -5 0 base
14089 23 -5 0 base
14063 24 -5 0 base
14064 24 -5 0 base
14065 24 -5 0 base
14066 24 -5 0 base
14072 24 -5 0 base
14073 24 -5 0 base
14074 24 -5 0 base
14075 24 -5 0 base
14077 24 -5 0 base
14078 24 -5 0 base
14085 24 -5 0 base
14086 24 -5 0 base
14087 24 -5 0 base
14088 24 -5 0 base
14089 24 -5 0 base
14063 25 -5 0 base
14064 25 -5 0 base
14065 25 -5 0 base
14066 25 -5 0 base
14072 25 -5 0 base
14073 25 -5 0 base
14074 25 -5 0 base
14075 25 -5 0 base
14077 25 -5 0 base
14078 25 -5 0 base
14085 25 -5 0 base
14086 25 -5 0 base
14087 25 -5 0 base
14088 25 -5 0 base
14089 25 -5 0 base
14063 26 -5 0 base
14064 26 -5 0 base
14065 26 -5 0 base
14066 26 -5 0 base
14072 26 -5 0 base
14073 26 -5 0 base
14074 26 -5 0 base
14075 26 -5 0 base
14077 26 -5 0 base
14078 26 -5 0 base
14085 26 -5 0 base
14086 26 -5 0 base
14087 26 -5 0 base
14088 26 -5 0 base
14089 26 -5 0 base
14063 27 -5 0 base
14064 27 -5 0 base
14065 27 -5 0 base
14066 27 -5 0 base
14072 27 -5 0 base
14073 27 -5 0 base
14074 27 -5 0 base
14075 27 -5 0 base
14077 27 -5 0 base
14078 27 -5 0 base
14085 27 -5 0 base
14086 27 -5 0 base
14087 27 -5 0 base
14088 27 -5 0 base
14089 27 -5 0 base
14063 28 -5 0 base
14064 28 -5 0 base
14065 28 -5 0 base
14066 28 -5 0 base
14072 28 -5 0 base
14073 28 -5 0 base
14074 28 -5 0 base
14075 28 -5 0 base
14077 28 -5 0 base
14078 28 -5 0 base
14085 28 -5 0 base
14086 28 -5 0 base
14087 28 -5 0 base
14088 28 -5 0 base
14089 28 -5 0 base
14063 29 -5 0 base
14064 29 -5 0 base
14065 29 -5 0 base
14066 29 -5 0 base
14072 29 -5 0 base
14073 29 -5 0 base
14074 29 -5 0 base
14075 29 -5 0 base
14077 29 -5 0 base
14078 29 -5 0 base
14085 29 -5 0 base
14086 29 -5 0 base
14087 29 -5 0 base
14088 29 -5 0 base
14089 29 -5 0 base
14063 30 -5 0 base
14064 30 -5 0 base
14065 30 -5 0 base
14066 30 -5 0 base
14072 30 -5 0 base
14073 30 -5 0 base
14074 30 -5 0 base
14075 30 -5 0 base
14077 30 -5 0 base
14078 30 -5 0 base
14085 30 -5 0 base
14086 30 -5 0 base
14087 30 -5 0 base
14088 30 -5 0 base
14089 30 -5 0 base
14063 31 -5 0 base
14064 31 -5 0 base
14065 31 -5 0 base
14066 31 -5 0 base
14072 31 -5 0 base
14073 31 -5 0 base
14074 31 -5 0 base
14075 31 -5 0 base
14077 31 -5 0 base
14078 31 -5 0 base
14085 31 -5 0 base
14086 31 -5 0 base
14087 31 -5 0 base
14088 31 -5 0 base
14089 31 -5 0 base
