speciesID lakeID variable value scenario
14063 1 -0.5 0 S0_1
14064 1 -0.5 50.6594716779844 S0_1
14065 1 -0.5 28.8931322423177 S0_1
14066 1 -0.5 0 S0_1
14072 1 -0.5 0 S0_1
14073 1 -0.5 172.789578026393 S0_1
14074 1 -0.5 0 S0_1
14075 1 -0.5 0 S0_1
14077 1 -0.5 0 S0_1
14078 1 -0.5 23.8225149113198 S0_1
14085 1 -0.5 0 S0_1
14086 1 -0.5 166.136619783096 S0_1
14087 1 -0.5 0 S0_1
14088 1 -0.5 0 S0_1
14089 1 -0.5 0 S0_1
14063 2 -0.5 0 S0_1
14064 2 -0.5 0 S0_1
14065 2 -0.5 0 S0_1
14066 2 -0.5 0 S0_1
14072 2 -0.5 0 S0_1
14073 2 -0.5 0 S0_1
14074 2 -0.5 0 S0_1
14075 2 -0.5 0 S0_1
14077 2 -0.5 0 S0_1
14078 2 -0.5 0 S0_1
14085 2 -0.5 0 S0_1
14086 2 -0.5 0 S0_1
14087 2 -0.5 0 S0_1
14088 2 -0.5 0 S0_1
14089 2 -0.5 0 S0_1
14063 3 -0.5 0 S0_1
14064 3 -0.5 42.4319715511476 S0_1
14065 3 -0.5 9.48304748637157 S0_1
14066 3 -0.5 0 S0_1
14072 3 -0.5 0 S0_1
14073 3 -0.5 142.060483513427 S0_1
14074 3 -0.5 0 S0_1
14075 3 -0.5 0 S0_1
14077 3 -0.5 0 S0_1
14078 3 -0.5 0 S0_1
14085 3 -0.5 0 S0_1
14086 3 -0.5 126.488900477355 S0_1
14087 3 -0.5 0 S0_1
14088 3 -0.5 0 S0_1
14089 3 -0.5 0 S0_1
14063 4 -0.5 0 S0_1
14064 4 -0.5 49.2706015374517 S0_1
14065 4 -0.5 23.8691666730779 S0_1
14066 4 -0.5 0 S0_1
14072 4 -0.5 0 S0_1
14073 4 -0.5 159.843251633655 S0_1
14074 4 -0.5 0 S0_1
14075 4 -0.5 0 S0_1
14077 4 -0.5 0 S0_1
14078 4 -0.5 11.1608224299773 S0_1
14085 4 -0.5 0 S0_1
14086 4 -0.5 147.829554767314 S0_1
14087 4 -0.5 0 S0_1
14088 4 -0.5 0 S0_1
14089 4 -0.5 0 S0_1
14063 5 -0.5 0 S0_1
14064 5 -0.5 0 S0_1
14065 5 -0.5 0 S0_1
14066 5 -0.5 0 S0_1
14072 5 -0.5 0 S0_1
14073 5 -0.5 0 S0_1
14074 5 -0.5 0 S0_1
14075 5 -0.5 0 S0_1
14077 5 -0.5 0 S0_1
14078 5 -0.5 0 S0_1
14085 5 -0.5 0 S0_1
14086 5 -0.5 0 S0_1
14087 5 -0.5 0 S0_1
14088 5 -0.5 0 S0_1
14089 5 -0.5 0 S0_1
14063 6 -0.5 0 S0_1
14064 6 -0.5 66.9904488665756 S0_1
14065 6 -0.5 41.6488007769394 S0_1
14066 6 -0.5 0 S0_1
14072 6 -0.5 0 S0_1
14073 6 -0.5 171.031520931802 S0_1
14074 6 -0.5 0 S0_1
14075 6 -0.5 0 S0_1
14077 6 -0.5 0 S0_1
14078 6 -0.5 25.4216409084097 S0_1
14085 6 -0.5 0 S0_1
14086 6 -0.5 177.50459129542 S0_1
14087 6 -0.5 0 S0_1
14088 6 -0.5 0 S0_1
14089 6 -0.5 0 S0_1
14063 7 -0.5 0 S0_1
14064 7 -0.5 0 S0_1
14065 7 -0.5 0 S0_1
14066 7 -0.5 0 S0_1
14072 7 -0.5 0 S0_1
14073 7 -0.5 0 S0_1
14074 7 -0.5 0 S0_1
14075 7 -0.5 0 S0_1
14077 7 -0.5 0 S0_1
14078 7 -0.5 0 S0_1
14085 7 -0.5 0 S0_1
14086 7 -0.5 0 S0_1
14087 7 -0.5 0 S0_1
14088 7 -0.5 0 S0_1
14089 7 -0.5 0 S0_1
14063 8 -0.5 0 S0_1
14064 8 -0.5 51.3118832708959 S0_1
14065 8 -0.5 26.483573343612 S0_1
14066 8 -0.5 0 S0_1
14072 8 -0.5 0 S0_1
14073 8 -0.5 149.884527005096 S0_1
14074 8 -0.5 0 S0_1
14075 8 -0.5 0 S0_1
14077 8 -0.5 0 S0_1
14078 8 -0.5 18.709890722468 S0_1
14085 8 -0.5 0 S0_1
14086 8 -0.5 134.086893073063 S0_1
14087 8 -0.5 0 S0_1
14088 8 -0.5 0 S0_1
14089 8 -0.5 0 S0_1
14063 9 -0.5 0 S0_1
14064 9 -0.5 56.1670690240638 S0_1
14065 9 -0.5 29.6557855357298 S0_1
14066 9 -0.5 0 S0_1
14072 9 -0.5 0 S0_1
14073 9 -0.5 161.574512421943 S0_1
14074 9 -0.5 0 S0_1
14075 9 -0.5 0 S0_1
14077 9 -0.5 0 S0_1
14078 9 -0.5 12.4519275392242 S0_1
14085 9 -0.5 0 S0_1
14086 9 -0.5 156.850023862626 S0_1
14087 9 -0.5 0 S0_1
14088 9 -0.5 0 S0_1
14089 9 -0.5 0 S0_1
14063 10 -0.5 0 S0_1
14064 10 -0.5 58.854269935237 S0_1
14065 10 -0.5 35.9428380200405 S0_1
14066 10 -0.5 0 S0_1
14072 10 -0.5 0 S0_1
14073 10 -0.5 171.192878287976 S0_1
14074 10 -0.5 0 S0_1
14075 10 -0.5 0 S0_1
14077 10 -0.5 0 S0_1
14078 10 -0.5 29.3878025663308 S0_1
14085 10 -0.5 0 S0_1
14086 10 -0.5 169.897611400333 S0_1
14087 10 -0.5 0 S0_1
14088 10 -0.5 0 S0_1
14089 10 -0.5 0 S0_1
14063 11 -0.5 0 S0_1
14064 11 -0.5 21.6170227507339 S0_1
14065 11 -0.5 3.6294986371158 S0_1
14066 11 -0.5 0 S0_1
14072 11 -0.5 0 S0_1
14073 11 -0.5 137.57356670067 S0_1
14074 11 -0.5 0 S0_1
14075 11 -0.5 0 S0_1
14077 11 -0.5 0 S0_1
14078 11 -0.5 2.2024736486996 S0_1
14085 11 -0.5 0 S0_1
14086 11 -0.5 87.2818435209524 S0_1
14087 11 -0.5 0 S0_1
14088 11 -0.5 0 S0_1
14089 11 -0.5 0 S0_1
14063 12 -0.5 0 S0_1
14064 12 -0.5 14.7366886333498 S0_1
14065 12 -0.5 1.11574450278466 S0_1
14066 12 -0.5 0 S0_1
14072 12 -0.5 0 S0_1
14073 12 -0.5 111.474561383153 S0_1
14074 12 -0.5 0 S0_1
14075 12 -0.5 0 S0_1
14077 12 -0.5 0 S0_1
14078 12 -0.5 0 S0_1
14085 12 -0.5 0 S0_1
14086 12 -0.5 40.7274493386405 S0_1
14087 12 -0.5 0 S0_1
14088 12 -0.5 0 S0_1
14089 12 -0.5 0 S0_1
14063 13 -0.5 0 S0_1
14064 13 -0.5 16.5038107922794 S0_1
14065 13 -0.5 0 S0_1
14066 13 -0.5 0 S0_1
14072 13 -0.5 0 S0_1
14073 13 -0.5 78.7328040635131 S0_1
14074 13 -0.5 0 S0_1
14075 13 -0.5 0 S0_1
14077 13 -0.5 0 S0_1
14078 13 -0.5 0 S0_1
14085 13 -0.5 0 S0_1
14086 13 -0.5 7.41354553720927 S0_1
14087 13 -0.5 0 S0_1
14088 13 -0.5 0 S0_1
14089 13 -0.5 0 S0_1
14063 14 -0.5 0 S0_1
14064 14 -0.5 27.7972037162439 S0_1
14065 14 -0.5 0 S0_1
14066 14 -0.5 0 S0_1
14072 14 -0.5 0 S0_1
14073 14 -0.5 98.5894054794609 S0_1
14074 14 -0.5 0 S0_1
14075 14 -0.5 0 S0_1
14077 14 -0.5 0 S0_1
14078 14 -0.5 0 S0_1
14085 14 -0.5 0 S0_1
14086 14 -0.5 45.2649321589626 S0_1
14087 14 -0.5 0 S0_1
14088 14 -0.5 0 S0_1
14089 14 -0.5 0 S0_1
14063 15 -0.5 13.9226838048279 S0_1
14064 15 -0.5 79.4120804385022 S0_1
14065 15 -0.5 59.9225411206224 S0_1
14066 15 -0.5 0 S0_1
14072 15 -0.5 0 S0_1
14073 15 -0.5 194.472472655262 S0_1
14074 15 -0.5 0 S0_1
14075 15 -0.5 0 S0_1
14077 15 -0.5 9.72810956858916 S0_1
14078 15 -0.5 56.5286835906272 S0_1
14085 15 -0.5 0 S0_1
14086 15 -0.5 213.646282453589 S0_1
14087 15 -0.5 0 S0_1
14088 15 -0.5 0 S0_1
14089 15 -0.5 0 S0_1
14063 16 -0.5 0 S0_1
14064 16 -0.5 60.0471091604639 S0_1
14065 16 -0.5 36.9656784523425 S0_1
14066 16 -0.5 0 S0_1
14072 16 -0.5 0 S0_1
14073 16 -0.5 164.930751444376 S0_1
14074 16 -0.5 0 S0_1
14075 16 -0.5 0 S0_1
14077 16 -0.5 0 S0_1
14078 16 -0.5 32.6640400837323 S0_1
14085 16 -0.5 0 S0_1
14086 16 -0.5 162.318736700169 S0_1
14087 16 -0.5 0 S0_1
14088 16 -0.5 0 S0_1
14089 16 -0.5 0 S0_1
14063 17 -0.5 0 S0_1
14064 17 -0.5 51.6367398706023 S0_1
14065 17 -0.5 20.2660289562187 S0_1
14066 17 -0.5 0 S0_1
14072 17 -0.5 0 S0_1
14073 17 -0.5 135.449373598541 S0_1
14074 17 -0.5 0 S0_1
14075 17 -0.5 0 S0_1
14077 17 -0.5 0 S0_1
14078 17 -0.5 3.17540867052638 S0_1
14085 17 -0.5 0 S0_1
14086 17 -0.5 114.284685491457 S0_1
14087 17 -0.5 0 S0_1
14088 17 -0.5 0 S0_1
14089 17 -0.5 0 S0_1
14063 18 -0.5 0 S0_1
14064 18 -0.5 34.0862727608332 S0_1
14065 18 -0.5 10.2316803641918 S0_1
14066 18 -0.5 0 S0_1
14072 18 -0.5 0 S0_1
14073 18 -0.5 138.236239642965 S0_1
14074 18 -0.5 0 S0_1
14075 18 -0.5 0 S0_1
14077 18 -0.5 0 S0_1
14078 18 -0.5 6.13823723632291 S0_1
14085 18 -0.5 0 S0_1
14086 18 -0.5 100.231685024665 S0_1
14087 18 -0.5 0 S0_1
14088 18 -0.5 0 S0_1
14089 18 -0.5 0 S0_1
14063 19 -0.5 0 S0_1
14064 19 -0.5 58.0852944027065 S0_1
14065 19 -0.5 34.5089004111234 S0_1
14066 19 -0.5 0 S0_1
14072 19 -0.5 0 S0_1
14073 19 -0.5 167.305287595967 S0_1
14074 19 -0.5 0 S0_1
14075 19 -0.5 0 S0_1
14077 19 -0.5 0 S0_1
14078 19 -0.5 26.4203672954378 S0_1
14085 19 -0.5 0 S0_1
14086 19 -0.5 164.368907321702 S0_1
14087 19 -0.5 0 S0_1
14088 19 -0.5 0 S0_1
14089 19 -0.5 0 S0_1
14063 20 -0.5 1.85184975518995 S0_1
14064 20 -0.5 68.6814009953128 S0_1
14065 20 -0.5 46.8060198271226 S0_1
14066 20 -0.5 0 S0_1
14072 20 -0.5 0 S0_1
14073 20 -0.5 175.288990713751 S0_1
14074 20 -0.5 0 S0_1
14075 20 -0.5 0 S0_1
14077 20 -0.5 2.2641294135106 S0_1
14078 20 -0.5 43.8852991415894 S0_1
14085 20 -0.5 0 S0_1
14086 20 -0.5 182.278818036263 S0_1
14087 20 -0.5 0 S0_1
14088 20 -0.5 0 S0_1
14089 20 -0.5 0 S0_1
14063 21 -0.5 0 S0_1
14064 21 -0.5 57.4267046940149 S0_1
14065 21 -0.5 34.4679225435566 S0_1
14066 21 -0.5 0 S0_1
14072 21 -0.5 0 S0_1
14073 21 -0.5 172.644823320467 S0_1
14074 21 -0.5 0 S0_1
14075 21 -0.5 0 S0_1
14077 21 -0.5 0 S0_1
14078 21 -0.5 26.4870425380583 S0_1
14085 21 -0.5 0 S0_1
14086 21 -0.5 170.811123871004 S0_1
14087 21 -0.5 0 S0_1
14088 21 -0.5 0 S0_1
14089 21 -0.5 0 S0_1
14063 22 -0.5 4.09583021403434 S0_1
14064 22 -0.5 62.2143782510184 S0_1
14065 22 -0.5 41.5583593670879 S0_1
14066 22 -0.5 0 S0_1
14072 22 -0.5 0 S0_1
14073 22 -0.5 184.535274277466 S0_1
14074 22 -0.5 0 S0_1
14075 22 -0.5 0 S0_1
14077 22 -0.5 2.7268515897682 S0_1
14078 22 -0.5 38.9151930752078 S0_1
14085 22 -0.5 0 S0_1
14086 22 -0.5 189.835147266047 S0_1
14087 22 -0.5 0 S0_1
14088 22 -0.5 0 S0_1
14089 22 -0.5 0 S0_1
14063 23 -0.5 3.14726660178156 S0_1
14064 23 -0.5 66.0954341997357 S0_1
14065 23 -0.5 43.3935888750263 S0_1
14066 23 -0.5 0 S0_1
14072 23 -0.5 0 S0_1
14073 23 -0.5 184.354464480687 S0_1
14074 23 -0.5 0 S0_1
14075 23 -0.5 0 S0_1
14077 23 -0.5 2.53285005653515 S0_1
14078 23 -0.5 32.6915703000799 S0_1
14085 23 -0.5 0 S0_1
14086 23 -0.5 192.915884299765 S0_1
14087 23 -0.5 0 S0_1
14088 23 -0.5 0 S0_1
14089 23 -0.5 0 S0_1
14063 24 -0.5 2.04772035803726 S0_1
14064 24 -0.5 60.6609012397582 S0_1
14065 24 -0.5 38.7742622151044 S0_1
14066 24 -0.5 0 S0_1
14072 24 -0.5 0 S0_1
14073 24 -0.5 179.452453969708 S0_1
14074 24 -0.5 0 S0_1
14075 24 -0.5 0 S0_1
14077 24 -0.5 1.73026894258914 S0_1
14078 24 -0.5 32.9847390088976 S0_1
14085 24 -0.5 0 S0_1
14086 24 -0.5 182.019290784891 S0_1
14087 24 -0.5 0 S0_1
14088 24 -0.5 0 S0_1
14089 24 -0.5 0 S0_1
14063 25 -0.5 0 S0_1
14064 25 -0.5 29.9567509450788 S0_1
14065 25 -0.5 1.30209020887108 S0_1
14066 25 -0.5 0 S0_1
14072 25 -0.5 0 S0_1
14073 25 -0.5 107.865315129356 S0_1
14074 25 -0.5 0 S0_1
14075 25 -0.5 0 S0_1
14077 25 -0.5 0 S0_1
14078 25 -0.5 0 S0_1
14085 25 -0.5 0 S0_1
14086 25 -0.5 68.8376093596512 S0_1
14087 25 -0.5 0 S0_1
14088 25 -0.5 0 S0_1
14089 25 -0.5 0 S0_1
14063 26 -0.5 2.23790075196177 S0_1
14064 26 -0.5 63.8949352126074 S0_1
14065 26 -0.5 42.2904883156527 S0_1
14066 26 -0.5 0 S0_1
14072 26 -0.5 0 S0_1
14073 26 -0.5 178.779854042426 S0_1
14074 26 -0.5 0 S0_1
14075 26 -0.5 0 S0_1
14077 26 -0.5 2.07589347821604 S0_1
14078 26 -0.5 39.3007448389399 S0_1
14085 26 -0.5 0 S0_1
14086 26 -0.5 183.204792620627 S0_1
14087 26 -0.5 0 S0_1
14088 26 -0.5 0 S0_1
14089 26 -0.5 0 S0_1
14063 27 -0.5 0 S0_1
14064 27 -0.5 0 S0_1
14065 27 -0.5 0 S0_1
14066 27 -0.5 0 S0_1
14072 27 -0.5 0 S0_1
14073 27 -0.5 0 S0_1
14074 27 -0.5 0 S0_1
14075 27 -0.5 0 S0_1
14077 27 -0.5 0 S0_1
14078 27 -0.5 0 S0_1
14085 27 -0.5 0 S0_1
14086 27 -0.5 0 S0_1
14087 27 -0.5 0 S0_1
14088 27 -0.5 0 S0_1
14089 27 -0.5 0 S0_1
14063 28 -0.5 7.59147895858575 S0_1
14064 28 -0.5 69.287650494234 S0_1
14065 28 -0.5 49.151771821264 S0_1
14066 28 -0.5 0 S0_1
14072 28 -0.5 0 S0_1
14073 28 -0.5 189.125643325865 S0_1
14074 28 -0.5 0 S0_1
14075 28 -0.5 0 S0_1
14077 28 -0.5 4.99285095227707 S0_1
14078 28 -0.5 47.640483466042 S0_1
14085 28 -0.5 0 S0_1
14086 28 -0.5 200.240331791544 S0_1
14087 28 -0.5 0 S0_1
14088 28 -0.5 0 S0_1
14089 28 -0.5 0 S0_1
14063 29 -0.5 0 S0_1
14064 29 -0.5 32.7768964834077 S0_1
14065 29 -0.5 5.75411768280977 S0_1
14066 29 -0.5 0 S0_1
14072 29 -0.5 0 S0_1
14073 29 -0.5 122.756049508781 S0_1
14074 29 -0.5 0 S0_1
14075 29 -0.5 0 S0_1
14077 29 -0.5 0 S0_1
14078 29 -0.5 1.22958020957524 S0_1
14085 29 -0.5 0 S0_1
14086 29 -0.5 73.0794911527251 S0_1
14087 29 -0.5 0 S0_1
14088 29 -0.5 0 S0_1
14089 29 -0.5 0 S0_1
14063 30 -0.5 0 S0_1
14064 30 -0.5 23.728928864677 S0_1
14065 30 -0.5 0 S0_1
14066 30 -0.5 0 S0_1
14072 30 -0.5 0 S0_1
14073 30 -0.5 93.6871562241131 S0_1
14074 30 -0.5 0 S0_1
14075 30 -0.5 0 S0_1
14077 30 -0.5 0 S0_1
14078 30 -0.5 0 S0_1
14085 30 -0.5 0 S0_1
14086 30 -0.5 34.840389128926 S0_1
14087 30 -0.5 0 S0_1
14088 30 -0.5 0 S0_1
14089 30 -0.5 0 S0_1
14063 31 -0.5 0 S0_1
14064 31 -0.5 36.9227815006761 S0_1
14065 31 -0.5 8.87415188835078 S0_1
14066 31 -0.5 0 S0_1
14072 31 -0.5 0 S0_1
14073 31 -0.5 178.598046195618 S0_1
14074 31 -0.5 0 S0_1
14075 31 -0.5 0 S0_1
14077 31 -0.5 0 S0_1
14078 31 -0.5 0 S0_1
14085 31 -0.5 0 S0_1
14086 31 -0.5 166.591613846748 S0_1
14087 31 -0.5 0 S0_1
14088 31 -0.5 0 S0_1
14089 31 -0.5 0 S0_1
14063 1 -1.5 107.655357721467 S0_1
14064 1 -1.5 0 S0_1
14065 1 -1.5 3.48705360037015 S0_1
14066 1 -1.5 0 S0_1
14072 1 -1.5 51.3169378142689 S0_1
14073 1 -1.5 18.5126352342737 S0_1
14074 1 -1.5 4.01634700851372 S0_1
14075 1 -1.5 0 S0_1
14077 1 -1.5 48.5880793934551 S0_1
14078 1 -1.5 0 S0_1
14085 1 -1.5 0 S0_1
14086 1 -1.5 4.50355767332076 S0_1
14087 1 -1.5 0 S0_1
14088 1 -1.5 10.3998525493399 S0_1
14089 1 -1.5 0 S0_1
14063 2 -1.5 0 S0_1
14064 2 -1.5 0 S0_1
14065 2 -1.5 0 S0_1
14066 2 -1.5 0 S0_1
14072 2 -1.5 0 S0_1
14073 2 -1.5 0 S0_1
14074 2 -1.5 0 S0_1
14075 2 -1.5 0 S0_1
14077 2 -1.5 0 S0_1
14078 2 -1.5 0 S0_1
14085 2 -1.5 0 S0_1
14086 2 -1.5 0 S0_1
14087 2 -1.5 0 S0_1
14088 2 -1.5 0 S0_1
14089 2 -1.5 0 S0_1
14063 3 -1.5 115.412589429516 S0_1
14064 3 -1.5 0 S0_1
14065 3 -1.5 19.0879861880022 S0_1
14066 3 -1.5 0 S0_1
14072 3 -1.5 44.0632202080998 S0_1
14073 3 -1.5 57.8246400593787 S0_1
14074 3 -1.5 18.6274530087135 S0_1
14075 3 -1.5 0 S0_1
14077 3 -1.5 60.1848210344375 S0_1
14078 3 -1.5 0 S0_1
14085 3 -1.5 0 S0_1
14086 3 -1.5 28.0969110103018 S0_1
14087 3 -1.5 0 S0_1
14088 3 -1.5 14.7281690422291 S0_1
14089 3 -1.5 0 S0_1
14063 4 -1.5 122.813828993804 S0_1
14064 4 -1.5 0 S0_1
14065 4 -1.5 10.4159322418832 S0_1
14066 4 -1.5 0 S0_1
14072 4 -1.5 55.5049944272655 S0_1
14073 4 -1.5 35.1190233597337 S0_1
14074 4 -1.5 10.63967946311 S0_1
14075 4 -1.5 0 S0_1
14077 4 -1.5 62.4101623913614 S0_1
14078 4 -1.5 0 S0_1
14085 4 -1.5 0 S0_1
14086 4 -1.5 9.84855048010377 S0_1
14087 4 -1.5 0 S0_1
14088 4 -1.5 18.334525287339 S0_1
14089 4 -1.5 0 S0_1
14063 5 -1.5 0 S0_1
14064 5 -1.5 0 S0_1
14065 5 -1.5 0 S0_1
14066 5 -1.5 0 S0_1
14072 5 -1.5 0 S0_1
14073 5 -1.5 0 S0_1
14074 5 -1.5 0 S0_1
14075 5 -1.5 0 S0_1
14077 5 -1.5 0 S0_1
14078 5 -1.5 0 S0_1
14085 5 -1.5 0 S0_1
14086 5 -1.5 0 S0_1
14087 5 -1.5 0 S0_1
14088 5 -1.5 0 S0_1
14089 5 -1.5 0 S0_1
14063 6 -1.5 223.973089165042 S0_1
14064 6 -1.5 27.9996998988211 S0_1
14065 6 -1.5 90.078941846085 S0_1
14066 6 -1.5 0 S0_1
14072 6 -1.5 239.648118697973 S0_1
14073 6 -1.5 125.574596005897 S0_1
14074 6 -1.5 93.4575838913981 S0_1
14075 6 -1.5 0 S0_1
14077 6 -1.5 130.233332263169 S0_1
14078 6 -1.5 47.8128119669477 S0_1
14085 6 -1.5 0 S0_1
14086 6 -1.5 156.824789838485 S0_1
14087 6 -1.5 0 S0_1
14088 6 -1.5 109.898049805912 S0_1
14089 6 -1.5 3.6383344873734 S0_1
14063 7 -1.5 0 S0_1
14064 7 -1.5 0 S0_1
14065 7 -1.5 0 S0_1
14066 7 -1.5 0 S0_1
14072 7 -1.5 0 S0_1
14073 7 -1.5 0 S0_1
14074 7 -1.5 0 S0_1
14075 7 -1.5 0 S0_1
14077 7 -1.5 0 S0_1
14078 7 -1.5 0 S0_1
14085 7 -1.5 0 S0_1
14086 7 -1.5 0 S0_1
14087 7 -1.5 0 S0_1
14088 7 -1.5 0 S0_1
14089 7 -1.5 0 S0_1
14063 8 -1.5 153.813572530324 S0_1
14064 8 -1.5 1.26588861411142 S0_1
14065 8 -1.5 34.8656538538755 S0_1
14066 8 -1.5 0 S0_1
14072 8 -1.5 104.280018622003 S0_1
14073 8 -1.5 61.251100795202 S0_1
14074 8 -1.5 35.8232680776383 S0_1
14075 8 -1.5 0 S0_1
14077 8 -1.5 86.3967317766846 S0_1
14078 8 -1.5 7.37800329421239 S0_1
14085 8 -1.5 0 S0_1
14086 8 -1.5 29.7134968738553 S0_1
14087 8 -1.5 0 S0_1
14088 8 -1.5 54.8171408523572 S0_1
14089 8 -1.5 0 S0_1
14063 9 -1.5 166.175854555934 S0_1
14064 9 -1.5 2.8087958090086 S0_1
14065 9 -1.5 43.2719703921317 S0_1
14066 9 -1.5 0 S0_1
14072 9 -1.5 137.324612654377 S0_1
14073 9 -1.5 77.3106098717502 S0_1
14074 9 -1.5 45.8328686261312 S0_1
14075 9 -1.5 0 S0_1
14077 9 -1.5 93.9211448269215 S0_1
14078 9 -1.5 7.01999725029646 S0_1
14085 9 -1.5 0 S0_1
14086 9 -1.5 60.2504739628463 S0_1
14087 9 -1.5 0 S0_1
14088 9 -1.5 56.1417332924798 S0_1
14089 9 -1.5 0 S0_1
14063 10 -1.5 164.215614287331 S0_1
14064 10 -1.5 1.37880188610545 S0_1
14065 10 -1.5 36.5738622660186 S0_1
14066 10 -1.5 0 S0_1
14072 10 -1.5 146.696440584476 S0_1
14073 10 -1.5 67.9379927455243 S0_1
14074 10 -1.5 39.6397244513439 S0_1
14075 10 -1.5 0 S0_1
14077 10 -1.5 91.7125458297165 S0_1
14078 10 -1.5 8.16695730217738 S0_1
14085 10 -1.5 0 S0_1
14086 10 -1.5 46.655456499184 S0_1
14087 10 -1.5 0 S0_1
14088 10 -1.5 56.9694860367799 S0_1
14089 10 -1.5 0 S0_1
14063 11 -1.5 4.42829062860957 S0_1
14064 11 -1.5 0 S0_1
14065 11 -1.5 0 S0_1
14066 11 -1.5 0 S0_1
14072 11 -1.5 0 S0_1
14073 11 -1.5 0 S0_1
14074 11 -1.5 0 S0_1
14075 11 -1.5 0 S0_1
14077 11 -1.5 0 S0_1
14078 11 -1.5 0 S0_1
14085 11 -1.5 0 S0_1
14086 11 -1.5 0 S0_1
14087 11 -1.5 0 S0_1
14088 11 -1.5 0 S0_1
14089 11 -1.5 0 S0_1
14063 12 -1.5 3.56260977417582 S0_1
14064 12 -1.5 0 S0_1
14065 12 -1.5 0 S0_1
14066 12 -1.5 0 S0_1
14072 12 -1.5 0 S0_1
14073 12 -1.5 0 S0_1
14074 12 -1.5 0 S0_1
14075 12 -1.5 0 S0_1
14077 12 -1.5 0 S0_1
14078 12 -1.5 0 S0_1
14085 12 -1.5 0 S0_1
14086 12 -1.5 0 S0_1
14087 12 -1.5 0 S0_1
14088 12 -1.5 0 S0_1
14089 12 -1.5 0 S0_1
14063 13 -1.5 84.6541513809387 S0_1
14064 13 -1.5 0 S0_1
14065 13 -1.5 7.39995856937221 S0_1
14066 13 -1.5 0 S0_1
14072 13 -1.5 2.72936171144558 S0_1
14073 13 -1.5 21.2316212000794 S0_1
14074 13 -1.5 5.37672328115969 S0_1
14075 13 -1.5 0 S0_1
14077 13 -1.5 45.1793098224148 S0_1
14078 13 -1.5 0 S0_1
14085 13 -1.5 0 S0_1
14086 13 -1.5 1.46075849094383 S0_1
14087 13 -1.5 0 S0_1
14088 13 -1.5 7.95563290930998 S0_1
14089 13 -1.5 0 S0_1
14063 14 -1.5 103.726034177262 S0_1
14064 14 -1.5 8.07133649853495 S0_1
14065 14 -1.5 47.7024737979474 S0_1
14066 14 -1.5 0 S0_1
14072 14 -1.5 30.1531691916284 S0_1
14073 14 -1.5 83.0855659956686 S0_1
14074 14 -1.5 44.598566309182 S0_1
14075 14 -1.5 0 S0_1
14077 14 -1.5 55.7980953822144 S0_1
14078 14 -1.5 0 S0_1
14085 14 -1.5 0 S0_1
14086 14 -1.5 60.9952755524034 S0_1
14087 14 -1.5 0 S0_1
14088 14 -1.5 35.3500983176844 S0_1
14089 14 -1.5 0 S0_1
14063 15 -1.5 268.717951936433 S0_1
14064 15 -1.5 43.7726526973419 S0_1
14065 15 -1.5 116.627353705154 S0_1
14066 15 -1.5 1.13026921329234 S0_1
14072 15 -1.5 319.009957042842 S0_1
14073 15 -1.5 152.829191844199 S0_1
14074 15 -1.5 122.251007460043 S0_1
14075 15 -1.5 1.77595214606426 S0_1
14077 15 -1.5 156.169755836119 S0_1
14078 15 -1.5 82.3419421575408 S0_1
14085 15 -1.5 0 S0_1
14086 15 -1.5 206.40197128812 S0_1
14087 15 -1.5 1.49673334530831 S0_1
14088 15 -1.5 151.887053356782 S0_1
14089 15 -1.5 21.3513565159078 S0_1
14063 16 -1.5 183.946755722916 S0_1
14064 16 -1.5 4.94023854094096 S0_1
14065 16 -1.5 54.9715372753456 S0_1
14066 16 -1.5 0 S0_1
14072 16 -1.5 176.922019578153 S0_1
14073 16 -1.5 85.0166356082027 S0_1
14074 16 -1.5 58.5523585748473 S0_1
14075 16 -1.5 0 S0_1
14077 16 -1.5 105.576338830307 S0_1
14078 16 -1.5 23.6806627503448 S0_1
14085 16 -1.5 0 S0_1
14086 16 -1.5 75.3938498200169 S0_1
14087 16 -1.5 0 S0_1
14088 16 -1.5 80.2965766077395 S0_1
14089 16 -1.5 0 S0_1
14063 17 -1.5 188.447700264272 S0_1
14064 17 -1.5 21.8779077532786 S0_1
14065 17 -1.5 78.3829308280128 S0_1
14066 17 -1.5 0 S0_1
14072 17 -1.5 156.505073022923 S0_1
14073 17 -1.5 107.763634236536 S0_1
14074 17 -1.5 77.5424539411744 S0_1
14075 17 -1.5 0 S0_1
14077 17 -1.5 110.039914019396 S0_1
14078 17 -1.5 27.3012158376994 S0_1
14085 17 -1.5 0 S0_1
14086 17 -1.5 112.221624116783 S0_1
14087 17 -1.5 0 S0_1
14088 17 -1.5 89.0295266568249 S0_1
14089 17 -1.5 0 S0_1
14063 18 -1.5 64.4013610374355 S0_1
14064 18 -1.5 0 S0_1
14065 18 -1.5 0 S0_1
14066 18 -1.5 0 S0_1
14072 18 -1.5 4.1923355406641 S0_1
14073 18 -1.5 2.59063063718898 S0_1
14074 18 -1.5 0 S0_1
14075 18 -1.5 0 S0_1
14077 18 -1.5 22.464586196047 S0_1
14078 18 -1.5 0 S0_1
14085 18 -1.5 0 S0_1
14086 18 -1.5 0 S0_1
14087 18 -1.5 0 S0_1
14088 18 -1.5 1.25561979013747 S0_1
14089 18 -1.5 0 S0_1
14063 19 -1.5 166.39458806222 S0_1
14064 19 -1.5 1.77703519364491 S0_1
14065 19 -1.5 39.6089863735014 S0_1
14066 19 -1.5 0 S0_1
14072 19 -1.5 145.741764662293 S0_1
14073 19 -1.5 70.7254599225065 S0_1
14074 19 -1.5 42.5531603984248 S0_1
14075 19 -1.5 0 S0_1
14077 19 -1.5 93.6198501921554 S0_1
14078 19 -1.5 9.26202633067802 S0_1
14085 19 -1.5 0 S0_1
14086 19 -1.5 49.8876318973253 S0_1
14087 19 -1.5 0 S0_1
14088 19 -1.5 59.4614541715456 S0_1
14089 19 -1.5 0 S0_1
14063 20 -1.5 225.585508070817 S0_1
14064 20 -1.5 22.8334437689292 S0_1
14065 20 -1.5 86.7313672034603 S0_1
14066 20 -1.5 0 S0_1
14072 20 -1.5 248.071900334041 S0_1
14073 20 -1.5 118.723731930138 S0_1
14074 20 -1.5 91.3177125582708 S0_1
14075 20 -1.5 0 S0_1
14077 20 -1.5 131.353831285501 S0_1
14078 20 -1.5 56.0663020688365 S0_1
14085 20 -1.5 0 S0_1
14086 20 -1.5 144.879643252901 S0_1
14087 20 -1.5 0 S0_1
14088 20 -1.5 117.550027392344 S0_1
14089 20 -1.5 3.55057581314393 S0_1
14063 21 -1.5 152.257541295421 S0_1
14064 21 -1.5 0 S0_1
14065 21 -1.5 26.7919919968238 S0_1
14066 21 -1.5 0 S0_1
14072 21 -1.5 125.963815057601 S0_1
14073 21 -1.5 57.7124444427202 S0_1
14074 21 -1.5 29.0165388579271 S0_1
14075 21 -1.5 0 S0_1
14077 21 -1.5 83.024895926028 S0_1
14078 21 -1.5 3.88529108541027 S0_1
14085 21 -1.5 0 S0_1
14086 21 -1.5 32.2540152052199 S0_1
14087 21 -1.5 0 S0_1
14088 21 -1.5 44.3311632971079 S0_1
14089 21 -1.5 0 S0_1
14063 22 -1.5 163.585640995762 S0_1
14064 22 -1.5 0 S0_1
14065 22 -1.5 32.1531039461568 S0_1
14066 22 -1.5 0 S0_1
14072 22 -1.5 165.028144308079 S0_1
14073 22 -1.5 65.4319291265591 S0_1
14074 22 -1.5 36.2599256763752 S0_1
14075 22 -1.5 0 S0_1
14077 22 -1.5 89.9805184924409 S0_1
14078 22 -1.5 7.16500484903787 S0_1
14085 22 -1.5 0 S0_1
14086 22 -1.5 48.5523838575896 S0_1
14087 22 -1.5 0 S0_1
14088 22 -1.5 54.5607843070732 S0_1
14089 22 -1.5 0 S0_1
14063 23 -1.5 191.869166303411 S0_1
14064 23 -1.5 5.67854369563419 S0_1
14065 23 -1.5 55.355300978423 S0_1
14066 23 -1.5 0 S0_1
14072 23 -1.5 205.025502758981 S0_1
14073 23 -1.5 93.3374885541223 S0_1
14074 23 -1.5 61.0493740729443 S0_1
14075 23 -1.5 0 S0_1
14077 23 -1.5 109.237986342583 S0_1
14078 23 -1.5 18.4538575057129 S0_1
14085 23 -1.5 0 S0_1
14086 23 -1.5 100.871726249604 S0_1
14087 23 -1.5 0 S0_1
14088 23 -1.5 75.1230768835556 S0_1
14089 23 -1.5 0 S0_1
14063 24 -1.5 161.877407323911 S0_1
14064 24 -1.5 0 S0_1
14065 24 -1.5 32.2620453221503 S0_1
14066 24 -1.5 0 S0_1
14072 24 -1.5 153.35262569347 S0_1
14073 24 -1.5 65.0470777632788 S0_1
14074 24 -1.5 35.7568684536485 S0_1
14075 24 -1.5 0 S0_1
14077 24 -1.5 89.2331500649569 S0_1
14078 24 -1.5 6.22243162020442 S0_1
14085 24 -1.5 0 S0_1
14086 24 -1.5 45.4265750858673 S0_1
14087 24 -1.5 0 S0_1
14088 24 -1.5 52.3034244085666 S0_1
14089 24 -1.5 0 S0_1
14063 25 -1.5 98.3645713519452 S0_1
14064 25 -1.5 4.15080812089405 S0_1
14065 25 -1.5 37.5718453684952 S0_1
14066 25 -1.5 0 S0_1
14072 25 -1.5 35.9663584351606 S0_1
14073 25 -1.5 76.8166779533376 S0_1
14074 25 -1.5 35.9291971145425 S0_1
14075 25 -1.5 0 S0_1
14077 25 -1.5 50.9332426874393 S0_1
14078 25 -1.5 0 S0_1
14085 25 -1.5 0 S0_1
14086 25 -1.5 55.9025555166732 S0_1
14087 25 -1.5 0 S0_1
14088 25 -1.5 24.713824433697 S0_1
14089 25 -1.5 0 S0_1
14063 26 -1.5 184.709561059077 S0_1
14064 26 -1.5 3.66108473754635 S0_1
14065 26 -1.5 50.6956711342522 S0_1
14066 26 -1.5 0 S0_1
14072 26 -1.5 190.885137540963 S0_1
14073 26 -1.5 84.0992305737316 S0_1
14074 26 -1.5 55.6224178033795 S0_1
14075 26 -1.5 0 S0_1
14077 26 -1.5 104.996365503951 S0_1
14078 26 -1.5 20.1297259490359 S0_1
14085 26 -1.5 0 S0_1
14086 26 -1.5 79.4013438134897 S0_1
14087 26 -1.5 0 S0_1
14088 26 -1.5 75.964865065066 S0_1
14089 26 -1.5 0 S0_1
14063 27 -1.5 0 S0_1
14064 27 -1.5 0 S0_1
14065 27 -1.5 0 S0_1
14066 27 -1.5 0 S0_1
14072 27 -1.5 0 S0_1
14073 27 -1.5 0 S0_1
14074 27 -1.5 0 S0_1
14075 27 -1.5 0 S0_1
14077 27 -1.5 0 S0_1
14078 27 -1.5 0 S0_1
14085 27 -1.5 0 S0_1
14086 27 -1.5 0 S0_1
14087 27 -1.5 0 S0_1
14088 27 -1.5 0 S0_1
14089 27 -1.5 0 S0_1
14063 28 -1.5 204.236492448418 S0_1
14064 28 -1.5 7.96881412586185 S0_1
14065 28 -1.5 62.9394841652661 S0_1
14066 28 -1.5 0 S0_1
14072 28 -1.5 230.279418012704 S0_1
14073 28 -1.5 99.4029459150192 S0_1
14074 28 -1.5 69.6374865193788 S0_1
14075 28 -1.5 0 S0_1
14077 28 -1.5 117.083746036903 S0_1
14078 28 -1.5 33.3738562167077 S0_1
14085 28 -1.5 0 S0_1
14086 28 -1.5 114.070583140469 S0_1
14087 28 -1.5 0 S0_1
14088 28 -1.5 91.4345170537866 S0_1
14089 28 -1.5 0 S0_1
14063 29 -1.5 90.4411078168475 S0_1
14064 29 -1.5 0 S0_1
14065 29 -1.5 3.41296438193877 S0_1
14066 29 -1.5 0 S0_1
14072 29 -1.5 8.03115864498959 S0_1
14073 29 -1.5 15.361154989398 S0_1
14074 29 -1.5 3.07559776583392 S0_1
14075 29 -1.5 0 S0_1
14077 29 -1.5 42.8102608666821 S0_1
14078 29 -1.5 0 S0_1
14085 29 -1.5 0 S0_1
14086 29 -1.5 1.96277863554387 S0_1
14087 29 -1.5 0 S0_1
14088 29 -1.5 4.93893055862682 S0_1
14089 29 -1.5 0 S0_1
14063 30 -1.5 90.9764863393219 S0_1
14064 30 -1.5 3.75778513195762 S0_1
14065 30 -1.5 35.7776859543665 S0_1
14066 30 -1.5 0 S0_1
14072 30 -1.5 16.0476152425476 S0_1
14073 30 -1.5 70.8959935789499 S0_1
14074 30 -1.5 31.7828145877443 S0_1
14075 30 -1.5 0 S0_1
14077 30 -1.5 47.3356092941211 S0_1
14078 30 -1.5 0 S0_1
14085 30 -1.5 0 S0_1
14086 30 -1.5 36.8638906213822 S0_1
14087 30 -1.5 0 S0_1
14088 30 -1.5 22.0150418439687 S0_1
14089 30 -1.5 0 S0_1
14063 31 -1.5 157.381106182169 S0_1
14064 31 -1.5 0 S0_1
14065 31 -1.5 29.563943538856 S0_1
14066 31 -1.5 0 S0_1
14072 31 -1.5 192.153136906041 S0_1
14073 31 -1.5 94.3533687833488 S0_1
14074 31 -1.5 40.962193073994 S0_1
14075 31 -1.5 0 S0_1
14077 31 -1.5 66.2045017260916 S0_1
14078 31 -1.5 1.33316013596962 S0_1
14085 31 -1.5 0 S0_1
14086 31 -1.5 89.8126134815855 S0_1
14087 31 -1.5 0 S0_1
14088 31 -1.5 35.6204387298299 S0_1
14089 31 -1.5 0 S0_1
14063 1 -3 0 S0_1
14064 1 -3 0 S0_1
14065 1 -3 0 S0_1
14066 1 -3 0 S0_1
14072 1 -3 0 S0_1
14073 1 -3 0 S0_1
14074 1 -3 0 S0_1
14075 1 -3 0 S0_1
14077 1 -3 0 S0_1
14078 1 -3 0 S0_1
14085 1 -3 0 S0_1
14086 1 -3 0 S0_1
14087 1 -3 0 S0_1
14088 1 -3 0 S0_1
14089 1 -3 0 S0_1
14063 2 -3 0 S0_1
14064 2 -3 0 S0_1
14065 2 -3 0 S0_1
14066 2 -3 0 S0_1
14072 2 -3 0 S0_1
14073 2 -3 0 S0_1
14074 2 -3 0 S0_1
14075 2 -3 0 S0_1
14077 2 -3 0 S0_1
14078 2 -3 0 S0_1
14085 2 -3 0 S0_1
14086 2 -3 0 S0_1
14087 2 -3 0 S0_1
14088 2 -3 0 S0_1
14089 2 -3 0 S0_1
14063 3 -3 1.38662652550217 S0_1
14064 3 -3 0 S0_1
14065 3 -3 0 S0_1
14066 3 -3 0 S0_1
14072 3 -3 0 S0_1
14073 3 -3 0 S0_1
14074 3 -3 0 S0_1
14075 3 -3 0 S0_1
14077 3 -3 0 S0_1
14078 3 -3 0 S0_1
14085 3 -3 0 S0_1
14086 3 -3 0 S0_1
14087 3 -3 0 S0_1
14088 3 -3 0 S0_1
14089 3 -3 0 S0_1
14063 4 -3 0 S0_1
14064 4 -3 0 S0_1
14065 4 -3 0 S0_1
14066 4 -3 0 S0_1
14072 4 -3 0 S0_1
14073 4 -3 0 S0_1
14074 4 -3 0 S0_1
14075 4 -3 0 S0_1
14077 4 -3 0 S0_1
14078 4 -3 0 S0_1
14085 4 -3 0 S0_1
14086 4 -3 0 S0_1
14087 4 -3 0 S0_1
14088 4 -3 0 S0_1
14089 4 -3 0 S0_1
14063 5 -3 0 S0_1
14064 5 -3 0 S0_1
14065 5 -3 0 S0_1
14066 5 -3 0 S0_1
14072 5 -3 0 S0_1
14073 5 -3 0 S0_1
14074 5 -3 0 S0_1
14075 5 -3 0 S0_1
14077 5 -3 0 S0_1
14078 5 -3 0 S0_1
14085 5 -3 0 S0_1
14086 5 -3 0 S0_1
14087 5 -3 0 S0_1
14088 5 -3 0 S0_1
14089 5 -3 0 S0_1
14063 6 -3 122.122816990084 S0_1
14064 6 -3 0 S0_1
14065 6 -3 18.0772421944986 S0_1
14066 6 -3 0 S0_1
14072 6 -3 67.9507066916066 S0_1
14073 6 -3 45.5884455056867 S0_1
14074 6 -3 18.1295040071882 S0_1
14075 6 -3 0 S0_1
14077 6 -3 65.2451302672579 S0_1
14078 6 -3 1.12612309041017 S0_1
14085 6 -3 0 S0_1
14086 6 -3 17.4528001935813 S0_1
14087 6 -3 0 S0_1
14088 6 -3 35.6417685442755 S0_1
14089 6 -3 5.3023856810596 S0_1
14063 7 -3 0 S0_1
14064 7 -3 0 S0_1
14065 7 -3 0 S0_1
14066 7 -3 0 S0_1
14072 7 -3 0 S0_1
14073 7 -3 0 S0_1
14074 7 -3 0 S0_1
14075 7 -3 0 S0_1
14077 7 -3 0 S0_1
14078 7 -3 0 S0_1
14085 7 -3 0 S0_1
14086 7 -3 0 S0_1
14087 7 -3 0 S0_1
14088 7 -3 0 S0_1
14089 7 -3 0 S0_1
14063 8 -3 6.62305611717316 S0_1
14064 8 -3 0 S0_1
14065 8 -3 0 S0_1
14066 8 -3 0 S0_1
14072 8 -3 0 S0_1
14073 8 -3 0 S0_1
14074 8 -3 0 S0_1
14075 8 -3 0 S0_1
14077 8 -3 0 S0_1
14078 8 -3 0 S0_1
14085 8 -3 0 S0_1
14086 8 -3 0 S0_1
14087 8 -3 0 S0_1
14088 8 -3 0 S0_1
14089 8 -3 0 S0_1
14063 9 -3 19.1942886619342 S0_1
14064 9 -3 0 S0_1
14065 9 -3 0 S0_1
14066 9 -3 0 S0_1
14072 9 -3 0 S0_1
14073 9 -3 0 S0_1
14074 9 -3 0 S0_1
14075 9 -3 0 S0_1
14077 9 -3 2.949410394037 S0_1
14078 9 -3 0 S0_1
14085 9 -3 0 S0_1
14086 9 -3 0 S0_1
14087 9 -3 0 S0_1
14088 9 -3 0 S0_1
14089 9 -3 0 S0_1
14063 10 -3 4.60184073642876 S0_1
14064 10 -3 0 S0_1
14065 10 -3 0 S0_1
14066 10 -3 0 S0_1
14072 10 -3 0 S0_1
14073 10 -3 0 S0_1
14074 10 -3 0 S0_1
14075 10 -3 0 S0_1
14077 10 -3 0 S0_1
14078 10 -3 0 S0_1
14085 10 -3 0 S0_1
14086 10 -3 0 S0_1
14087 10 -3 0 S0_1
14088 10 -3 0 S0_1
14089 10 -3 0 S0_1
14063 11 -3 0 S0_1
14064 11 -3 0 S0_1
14065 11 -3 0 S0_1
14066 11 -3 0 S0_1
14072 11 -3 0 S0_1
14073 11 -3 0 S0_1
14074 11 -3 0 S0_1
14075 11 -3 0 S0_1
14077 11 -3 0 S0_1
14078 11 -3 0 S0_1
14085 11 -3 0 S0_1
14086 11 -3 0 S0_1
14087 11 -3 0 S0_1
14088 11 -3 0 S0_1
14089 11 -3 0 S0_1
14063 12 -3 0 S0_1
14064 12 -3 0 S0_1
14065 12 -3 0 S0_1
14066 12 -3 0 S0_1
14072 12 -3 0 S0_1
14073 12 -3 0 S0_1
14074 12 -3 0 S0_1
14075 12 -3 0 S0_1
14077 12 -3 0 S0_1
14078 12 -3 0 S0_1
14085 12 -3 0 S0_1
14086 12 -3 0 S0_1
14087 12 -3 0 S0_1
14088 12 -3 0 S0_1
14089 12 -3 0 S0_1
14063 13 -3 1.07752441688937 S0_1
14064 13 -3 0 S0_1
14065 13 -3 0 S0_1
14066 13 -3 0 S0_1
14072 13 -3 0 S0_1
14073 13 -3 0 S0_1
14074 13 -3 0 S0_1
14075 13 -3 0 S0_1
14077 13 -3 0 S0_1
14078 13 -3 0 S0_1
14085 13 -3 0 S0_1
14086 13 -3 0 S0_1
14087 13 -3 0 S0_1
14088 13 -3 0 S0_1
14089 13 -3 0 S0_1
14063 14 -3 59.9326875170988 S0_1
14064 14 -3 0 S0_1
14065 14 -3 9.44702589594404 S0_1
14066 14 -3 0 S0_1
14072 14 -3 4.54445335597401 S0_1
14073 14 -3 40.580751414645 S0_1
14074 14 -3 7.15683989965129 S0_1
14075 14 -3 0 S0_1
14077 14 -3 24.5274952260198 S0_1
14078 14 -3 0 S0_1
14085 14 -3 0 S0_1
14086 14 -3 8.19824778179765 S0_1
14087 14 -3 0 S0_1
14088 14 -3 6.49404343641924 S0_1
14089 14 -3 0 S0_1
14063 15 -3 167.502562066053 S0_1
14064 15 -3 3.05395432346078 S0_1
14065 15 -3 46.7018629522561 S0_1
14066 15 -3 1.49845074432734 S0_1
14072 15 -3 182.096709612127 S0_1
14073 15 -3 75.2469184944492 S0_1
14074 15 -3 50.8997245755375 S0_1
14075 15 -3 4.46988546074119 S0_1
14077 15 -3 92.5345690354678 S0_1
14078 15 -3 15.9090044368227 S0_1
14085 15 -3 2.56634887667265 S0_1
14086 15 -3 74.6140341838194 S0_1
14087 15 -3 0 S0_1
14088 15 -3 78.9855951805209 S0_1
14089 15 -3 28.562852661277 S0_1
14063 16 -3 37.8902574779692 S0_1
14064 16 -3 0 S0_1
14065 16 -3 0 S0_1
14066 16 -3 0 S0_1
14072 16 -3 1.39479181101944 S0_1
14073 16 -3 0 S0_1
14074 16 -3 0 S0_1
14075 16 -3 0 S0_1
14077 16 -3 8.63780650040586 S0_1
14078 16 -3 0 S0_1
14085 16 -3 0 S0_1
14086 16 -3 0 S0_1
14087 16 -3 0 S0_1
14088 16 -3 0 S0_1
14089 16 -3 0 S0_1
14063 17 -3 115.998809290489 S0_1
14064 17 -3 0 S0_1
14065 17 -3 22.3694262252285 S0_1
14066 17 -3 0 S0_1
14072 17 -3 32.0553611063289 S0_1
14073 17 -3 48.6670017910677 S0_1
14074 17 -3 20.2508970030367 S0_1
14075 17 -3 0 S0_1
14077 17 -3 64.2548072468385 S0_1
14078 17 -3 1.02744447561197 S0_1
14085 17 -3 0 S0_1
14086 17 -3 13.8367873023433 S0_1
14087 17 -3 0 S0_1
14088 17 -3 35.6364003948279 S0_1
14089 17 -3 4.90550028533243 S0_1
14063 18 -3 0 S0_1
14064 18 -3 0 S0_1
14065 18 -3 0 S0_1
14066 18 -3 0 S0_1
14072 18 -3 0 S0_1
14073 18 -3 0 S0_1
14074 18 -3 0 S0_1
14075 18 -3 0 S0_1
14077 18 -3 0 S0_1
14078 18 -3 0 S0_1
14085 18 -3 0 S0_1
14086 18 -3 0 S0_1
14087 18 -3 0 S0_1
14088 18 -3 0 S0_1
14089 18 -3 0 S0_1
14063 19 -3 8.37520219434403 S0_1
14064 19 -3 0 S0_1
14065 19 -3 0 S0_1
14066 19 -3 0 S0_1
14072 19 -3 0 S0_1
14073 19 -3 0 S0_1
14074 19 -3 0 S0_1
14075 19 -3 0 S0_1
14077 19 -3 1.0383584659405 S0_1
14078 19 -3 0 S0_1
14085 19 -3 0 S0_1
14086 19 -3 0 S0_1
14087 19 -3 0 S0_1
14088 19 -3 0 S0_1
14089 19 -3 0 S0_1
14063 20 -3 106.307023992732 S0_1
14064 20 -3 0 S0_1
14065 20 -3 7.7083255677437 S0_1
14066 20 -3 0 S0_1
14072 20 -3 47.0999359943338 S0_1
14073 20 -3 26.2235297509012 S0_1
14074 20 -3 7.78151624097209 S0_1
14075 20 -3 0 S0_1
14077 20 -3 54.1150155076062 S0_1
14078 20 -3 0 S0_1
14085 20 -3 0 S0_1
14086 20 -3 5.80579839863164 S0_1
14087 20 -3 0 S0_1
14088 20 -3 27.5146114989499 S0_1
14089 20 -3 2.01308219582184 S0_1
14063 21 -3 0 S0_1
14064 21 -3 0 S0_1
14065 21 -3 0 S0_1
14066 21 -3 0 S0_1
14072 21 -3 0 S0_1
14073 21 -3 0 S0_1
14074 21 -3 0 S0_1
14075 21 -3 0 S0_1
14077 21 -3 0 S0_1
14078 21 -3 0 S0_1
14085 21 -3 0 S0_1
14086 21 -3 0 S0_1
14087 21 -3 0 S0_1
14088 21 -3 0 S0_1
14089 21 -3 0 S0_1
14063 22 -3 1.38320366485641 S0_1
14064 22 -3 0 S0_1
14065 22 -3 0 S0_1
14066 22 -3 0 S0_1
14072 22 -3 0 S0_1
14073 22 -3 0 S0_1
14074 22 -3 0 S0_1
14075 22 -3 0 S0_1
14077 22 -3 0 S0_1
14078 22 -3 0 S0_1
14085 22 -3 0 S0_1
14086 22 -3 0 S0_1
14087 22 -3 0 S0_1
14088 22 -3 0 S0_1
14089 22 -3 0 S0_1
14063 23 -3 34.6157171742076 S0_1
14064 23 -3 0 S0_1
14065 23 -3 0 S0_1
14066 23 -3 0 S0_1
14072 23 -3 1.74542860661107 S0_1
14073 23 -3 0 S0_1
14074 23 -3 0 S0_1
14075 23 -3 0 S0_1
14077 23 -3 6.59534779513954 S0_1
14078 23 -3 0 S0_1
14085 23 -3 0 S0_1
14086 23 -3 0 S0_1
14087 23 -3 0 S0_1
14088 23 -3 0 S0_1
14089 23 -3 0 S0_1
14063 24 -3 1.76134062951747 S0_1
14064 24 -3 0 S0_1
14065 24 -3 0 S0_1
14066 24 -3 0 S0_1
14072 24 -3 0 S0_1
14073 24 -3 0 S0_1
14074 24 -3 0 S0_1
14075 24 -3 0 S0_1
14077 24 -3 0 S0_1
14078 24 -3 0 S0_1
14085 24 -3 0 S0_1
14086 24 -3 0 S0_1
14087 24 -3 0 S0_1
14088 24 -3 0 S0_1
14089 24 -3 0 S0_1
14063 25 -3 31.346770493253 S0_1
14064 25 -3 0 S0_1
14065 25 -3 1.0650093845416 S0_1
14066 25 -3 0 S0_1
14072 25 -3 1.73971462985642 S0_1
14073 25 -3 13.8383337061654 S0_1
14074 25 -3 0 S0_1
14075 25 -3 0 S0_1
14077 25 -3 7.36894331725072 S0_1
14078 25 -3 0 S0_1
14085 25 -3 0 S0_1
14086 25 -3 1.99290346610056 S0_1
14087 25 -3 0 S0_1
14088 25 -3 0 S0_1
14089 25 -3 0 S0_1
14063 26 -3 22.3920722799202 S0_1
14064 26 -3 0 S0_1
14065 26 -3 0 S0_1
14066 26 -3 0 S0_1
14072 26 -3 0 S0_1
14073 26 -3 0 S0_1
14074 26 -3 0 S0_1
14075 26 -3 0 S0_1
14077 26 -3 3.23689050153469 S0_1
14078 26 -3 0 S0_1
14085 26 -3 0 S0_1
14086 26 -3 0 S0_1
14087 26 -3 0 S0_1
14088 26 -3 0 S0_1
14089 26 -3 0 S0_1
14063 27 -3 0 S0_1
14064 27 -3 0 S0_1
14065 27 -3 0 S0_1
14066 27 -3 0 S0_1
14072 27 -3 0 S0_1
14073 27 -3 0 S0_1
14074 27 -3 0 S0_1
14075 27 -3 0 S0_1
14077 27 -3 0 S0_1
14078 27 -3 0 S0_1
14085 27 -3 0 S0_1
14086 27 -3 0 S0_1
14087 27 -3 0 S0_1
14088 27 -3 0 S0_1
14089 27 -3 0 S0_1
14063 28 -3 46.370254083218 S0_1
14064 28 -3 0 S0_1
14065 28 -3 0 S0_1
14066 28 -3 0 S0_1
14072 28 -3 4.02938408300542 S0_1
14073 28 -3 0 S0_1
14074 28 -3 0 S0_1
14075 28 -3 0 S0_1
14077 28 -3 11.61853113618 S0_1
14078 28 -3 0 S0_1
14085 28 -3 0 S0_1
14086 28 -3 0 S0_1
14087 28 -3 0 S0_1
14088 28 -3 0 S0_1
14089 28 -3 0 S0_1
14063 29 -3 0 S0_1
14064 29 -3 0 S0_1
14065 29 -3 0 S0_1
14066 29 -3 0 S0_1
14072 29 -3 0 S0_1
14073 29 -3 0 S0_1
14074 29 -3 0 S0_1
14075 29 -3 0 S0_1
14077 29 -3 0 S0_1
14078 29 -3 0 S0_1
14085 29 -3 0 S0_1
14086 29 -3 0 S0_1
14087 29 -3 0 S0_1
14088 29 -3 0 S0_1
14089 29 -3 0 S0_1
14063 30 -3 34.2566806910238 S0_1
14064 30 -3 0 S0_1
14065 30 -3 1.88384896864433 S0_1
14066 30 -3 0 S0_1
14072 30 -3 1.31093132228118 S0_1
14073 30 -3 17.2487833530904 S0_1
14074 30 -3 1.51231892096673 S0_1
14075 30 -3 0 S0_1
14077 30 -3 9.33403144880255 S0_1
14078 30 -3 0 S0_1
14085 30 -3 0 S0_1
14086 30 -3 2.02146507454672 S0_1
14087 30 -3 0 S0_1
14088 30 -3 1.22395700969334 S0_1
14089 30 -3 0 S0_1
14063 31 -3 17.0390789302945 S0_1
14064 31 -3 0 S0_1
14065 31 -3 0 S0_1
14066 31 -3 0 S0_1
14072 31 -3 2.93392682854027 S0_1
14073 31 -3 0 S0_1
14074 31 -3 0 S0_1
14075 31 -3 0 S0_1
14077 31 -3 0 S0_1
14078 31 -3 0 S0_1
14085 31 -3 0 S0_1
14086 31 -3 0 S0_1
14087 31 -3 0 S0_1
14088 31 -3 0 S0_1
14089 31 -3 0 S0_1
14063 1 -5 0 S0_1
14064 1 -5 0 S0_1
14065 1 -5 0 S0_1
14066 1 -5 0 S0_1
14072 1 -5 0 S0_1
14073 1 -5 0 S0_1
14074 1 -5 0 S0_1
14075 1 -5 0 S0_1
14077 1 -5 0 S0_1
14078 1 -5 0 S0_1
14085 1 -5 0 S0_1
14086 1 -5 0 S0_1
14087 1 -5 0 S0_1
14088 1 -5 0 S0_1
14089 1 -5 0 S0_1
14063 2 -5 0 S0_1
14064 2 -5 0 S0_1
14065 2 -5 0 S0_1
14066 2 -5 0 S0_1
14072 2 -5 0 S0_1
14073 2 -5 0 S0_1
14074 2 -5 0 S0_1
14075 2 -5 0 S0_1
14077 2 -5 0 S0_1
14078 2 -5 0 S0_1
14085 2 -5 0 S0_1
14086 2 -5 0 S0_1
14087 2 -5 0 S0_1
14088 2 -5 0 S0_1
14089 2 -5 0 S0_1
14063 3 -5 0 S0_1
14064 3 -5 0 S0_1
14065 3 -5 0 S0_1
14066 3 -5 0 S0_1
14072 3 -5 0 S0_1
14073 3 -5 0 S0_1
14074 3 -5 0 S0_1
14075 3 -5 0 S0_1
14077 3 -5 0 S0_1
14078 3 -5 0 S0_1
14085 3 -5 0 S0_1
14086 3 -5 0 S0_1
14087 3 -5 0 S0_1
14088 3 -5 0 S0_1
14089 3 -5 0 S0_1
14063 4 -5 0 S0_1
14064 4 -5 0 S0_1
14065 4 -5 0 S0_1
14066 4 -5 0 S0_1
14072 4 -5 0 S0_1
14073 4 -5 0 S0_1
14074 4 -5 0 S0_1
14075 4 -5 0 S0_1
14077 4 -5 0 S0_1
14078 4 -5 0 S0_1
14085 4 -5 0 S0_1
14086 4 -5 0 S0_1
14087 4 -5 0 S0_1
14088 4 -5 0 S0_1
14089 4 -5 0 S0_1
14063 5 -5 0 S0_1
14064 5 -5 0 S0_1
14065 5 -5 0 S0_1
14066 5 -5 0 S0_1
14072 5 -5 0 S0_1
14073 5 -5 0 S0_1
14074 5 -5 0 S0_1
14075 5 -5 0 S0_1
14077 5 -5 0 S0_1
14078 5 -5 0 S0_1
14085 5 -5 0 S0_1
14086 5 -5 0 S0_1
14087 5 -5 0 S0_1
14088 5 -5 0 S0_1
14089 5 -5 0 S0_1
14063 6 -5 14.9902522157644 S0_1
14064 6 -5 0 S0_1
14065 6 -5 0 S0_1
14066 6 -5 0 S0_1
14072 6 -5 0 S0_1
14073 6 -5 0 S0_1
14074 6 -5 0 S0_1
14075 6 -5 0 S0_1
14077 6 -5 2.16838999602258 S0_1
14078 6 -5 0 S0_1
14085 6 -5 0 S0_1
14086 6 -5 0 S0_1
14087 6 -5 0 S0_1
14088 6 -5 0 S0_1
14089 6 -5 0 S0_1
14063 7 -5 0 S0_1
14064 7 -5 0 S0_1
14065 7 -5 0 S0_1
14066 7 -5 0 S0_1
14072 7 -5 0 S0_1
14073 7 -5 0 S0_1
14074 7 -5 0 S0_1
14075 7 -5 0 S0_1
14077 7 -5 0 S0_1
14078 7 -5 0 S0_1
14085 7 -5 0 S0_1
14086 7 -5 0 S0_1
14087 7 -5 0 S0_1
14088 7 -5 0 S0_1
14089 7 -5 0 S0_1
14063 8 -5 0 S0_1
14064 8 -5 0 S0_1
14065 8 -5 0 S0_1
14066 8 -5 0 S0_1
14072 8 -5 0 S0_1
14073 8 -5 0 S0_1
14074 8 -5 0 S0_1
14075 8 -5 0 S0_1
14077 8 -5 0 S0_1
14078 8 -5 0 S0_1
14085 8 -5 0 S0_1
14086 8 -5 0 S0_1
14087 8 -5 0 S0_1
14088 8 -5 0 S0_1
14089 8 -5 0 S0_1
14063 9 -5 0 S0_1
14064 9 -5 0 S0_1
14065 9 -5 0 S0_1
14066 9 -5 0 S0_1
14072 9 -5 0 S0_1
14073 9 -5 0 S0_1
14074 9 -5 0 S0_1
14075 9 -5 0 S0_1
14077 9 -5 0 S0_1
14078 9 -5 0 S0_1
14085 9 -5 0 S0_1
14086 9 -5 0 S0_1
14087 9 -5 0 S0_1
14088 9 -5 0 S0_1
14089 9 -5 0 S0_1
14063 10 -5 0 S0_1
14064 10 -5 0 S0_1
14065 10 -5 0 S0_1
14066 10 -5 0 S0_1
14072 10 -5 0 S0_1
14073 10 -5 0 S0_1
14074 10 -5 0 S0_1
14075 10 -5 0 S0_1
14077 10 -5 0 S0_1
14078 10 -5 0 S0_1
14085 10 -5 0 S0_1
14086 10 -5 0 S0_1
14087 10 -5 0 S0_1
14088 10 -5 0 S0_1
14089 10 -5 0 S0_1
14063 11 -5 0 S0_1
14064 11 -5 0 S0_1
14065 11 -5 0 S0_1
14066 11 -5 0 S0_1
14072 11 -5 0 S0_1
14073 11 -5 0 S0_1
14074 11 -5 0 S0_1
14075 11 -5 0 S0_1
14077 11 -5 0 S0_1
14078 11 -5 0 S0_1
14085 11 -5 0 S0_1
14086 11 -5 0 S0_1
14087 11 -5 0 S0_1
14088 11 -5 0 S0_1
14089 11 -5 0 S0_1
14063 12 -5 0 S0_1
14064 12 -5 0 S0_1
14065 12 -5 0 S0_1
14066 12 -5 0 S0_1
14072 12 -5 0 S0_1
14073 12 -5 0 S0_1
14074 12 -5 0 S0_1
14075 12 -5 0 S0_1
14077 12 -5 0 S0_1
14078 12 -5 0 S0_1
14085 12 -5 0 S0_1
14086 12 -5 0 S0_1
14087 12 -5 0 S0_1
14088 12 -5 0 S0_1
14089 12 -5 0 S0_1
14063 13 -5 0 S0_1
14064 13 -5 0 S0_1
14065 13 -5 0 S0_1
14066 13 -5 0 S0_1
14072 13 -5 0 S0_1
14073 13 -5 0 S0_1
14074 13 -5 0 S0_1
14075 13 -5 0 S0_1
14077 13 -5 0 S0_1
14078 13 -5 0 S0_1
14085 13 -5 0 S0_1
14086 13 -5 0 S0_1
14087 13 -5 0 S0_1
14088 13 -5 0 S0_1
14089 13 -5 0 S0_1
14063 14 -5 6.5064911700886 S0_1
14064 14 -5 0 S0_1
14065 14 -5 0 S0_1
14066 14 -5 0 S0_1
14072 14 -5 0 S0_1
14073 14 -5 1.82668556369977 S0_1
14074 14 -5 0 S0_1
14075 14 -5 0 S0_1
14077 14 -5 1.28798858462764 S0_1
14078 14 -5 0 S0_1
14085 14 -5 0 S0_1
14086 14 -5 0 S0_1
14087 14 -5 0 S0_1
14088 14 -5 0 S0_1
14089 14 -5 0 S0_1
14063 15 -5 62.8038383449849 S0_1
14064 15 -5 0 S0_1
14065 15 -5 0 S0_1
14066 15 -5 0 S0_1
14072 15 -5 8.61967392526594 S0_1
14073 15 -5 2.82499122226955 S0_1
14074 15 -5 0 S0_1
14075 15 -5 0 S0_1
14077 15 -5 23.080475850779 S0_1
14078 15 -5 0 S0_1
14085 15 -5 0 S0_1
14086 15 -5 0 S0_1
14087 15 -5 0 S0_1
14088 15 -5 2.25608671917725 S0_1
14089 15 -5 0 S0_1
14063 16 -5 0 S0_1
14064 16 -5 0 S0_1
14065 16 -5 0 S0_1
14066 16 -5 0 S0_1
14072 16 -5 0 S0_1
14073 16 -5 0 S0_1
14074 16 -5 0 S0_1
14075 16 -5 0 S0_1
14077 16 -5 0 S0_1
14078 16 -5 0 S0_1
14085 16 -5 0 S0_1
14086 16 -5 0 S0_1
14087 16 -5 0 S0_1
14088 16 -5 0 S0_1
14089 16 -5 0 S0_1
14063 17 -5 32.680276829618 S0_1
14064 17 -5 0 S0_1
14065 17 -5 0 S0_1
14066 17 -5 0 S0_1
14072 17 -5 0 S0_1
14073 17 -5 0 S0_1
14074 17 -5 0 S0_1
14075 17 -5 0 S0_1
14077 17 -5 8.35913701952332 S0_1
14078 17 -5 0 S0_1
14085 17 -5 0 S0_1
14086 17 -5 0 S0_1
14087 17 -5 0 S0_1
14088 17 -5 0 S0_1
14089 17 -5 0 S0_1
14063 18 -5 0 S0_1
14064 18 -5 0 S0_1
14065 18 -5 0 S0_1
14066 18 -5 0 S0_1
14072 18 -5 0 S0_1
14073 18 -5 0 S0_1
14074 18 -5 0 S0_1
14075 18 -5 0 S0_1
14077 18 -5 0 S0_1
14078 18 -5 0 S0_1
14085 18 -5 0 S0_1
14086 18 -5 0 S0_1
14087 18 -5 0 S0_1
14088 18 -5 0 S0_1
14089 18 -5 0 S0_1
14063 19 -5 0 S0_1
14064 19 -5 0 S0_1
14065 19 -5 0 S0_1
14066 19 -5 0 S0_1
14072 19 -5 0 S0_1
14073 19 -5 0 S0_1
14074 19 -5 0 S0_1
14075 19 -5 0 S0_1
14077 19 -5 0 S0_1
14078 19 -5 0 S0_1
14085 19 -5 0 S0_1
14086 19 -5 0 S0_1
14087 19 -5 0 S0_1
14088 19 -5 0 S0_1
14089 19 -5 0 S0_1
14063 20 -5 1.92059654402236 S0_1
14064 20 -5 0 S0_1
14065 20 -5 0 S0_1
14066 20 -5 0 S0_1
14072 20 -5 0 S0_1
14073 20 -5 0 S0_1
14074 20 -5 0 S0_1
14075 20 -5 0 S0_1
14077 20 -5 0 S0_1
14078 20 -5 0 S0_1
14085 20 -5 0 S0_1
14086 20 -5 0 S0_1
14087 20 -5 0 S0_1
14088 20 -5 0 S0_1
14089 20 -5 0 S0_1
14063 21 -5 0 S0_1
14064 21 -5 0 S0_1
14065 21 -5 0 S0_1
14066 21 -5 0 S0_1
14072 21 -5 0 S0_1
14073 21 -5 0 S0_1
14074 21 -5 0 S0_1
14075 21 -5 0 S0_1
14077 21 -5 0 S0_1
14078 21 -5 0 S0_1
14085 21 -5 0 S0_1
14086 21 -5 0 S0_1
14087 21 -5 0 S0_1
14088 21 -5 0 S0_1
14089 21 -5 0 S0_1
14063 22 -5 0 S0_1
14064 22 -5 0 S0_1
14065 22 -5 0 S0_1
14066 22 -5 0 S0_1
14072 22 -5 0 S0_1
14073 22 -5 0 S0_1
14074 22 -5 0 S0_1
14075 22 -5 0 S0_1
14077 22 -5 0 S0_1
14078 22 -5 0 S0_1
14085 22 -5 0 S0_1
14086 22 -5 0 S0_1
14087 22 -5 0 S0_1
14088 22 -5 0 S0_1
14089 22 -5 0 S0_1
14063 23 -5 0 S0_1
14064 23 -5 0 S0_1
14065 23 -5 0 S0_1
14066 23 -5 0 S0_1
14072 23 -5 0 S0_1
14073 23 -5 0 S0_1
14074 23 -5 0 S0_1
14075 23 -5 0 S0_1
14077 23 -5 0 S0_1
14078 23 -5 0 S0_1
14085 23 -5 0 S0_1
14086 23 -5 0 S0_1
14087 23 -5 0 S0_1
14088 23 -5 0 S0_1
14089 23 -5 0 S0_1
14063 24 -5 0 S0_1
14064 24 -5 0 S0_1
14065 24 -5 0 S0_1
14066 24 -5 0 S0_1
14072 24 -5 0 S0_1
14073 24 -5 0 S0_1
14074 24 -5 0 S0_1
14075 24 -5 0 S0_1
14077 24 -5 0 S0_1
14078 24 -5 0 S0_1
14085 24 -5 0 S0_1
14086 24 -5 0 S0_1
14087 24 -5 0 S0_1
14088 24 -5 0 S0_1
14089 24 -5 0 S0_1
14063 25 -5 0 S0_1
14064 25 -5 0 S0_1
14065 25 -5 0 S0_1
14066 25 -5 0 S0_1
14072 25 -5 0 S0_1
14073 25 -5 0 S0_1
14074 25 -5 0 S0_1
14075 25 -5 0 S0_1
14077 25 -5 0 S0_1
14078 25 -5 0 S0_1
14085 25 -5 0 S0_1
14086 25 -5 0 S0_1
14087 25 -5 0 S0_1
14088 25 -5 0 S0_1
14089 25 -5 0 S0_1
14063 26 -5 0 S0_1
14064 26 -5 0 S0_1
14065 26 -5 0 S0_1
14066 26 -5 0 S0_1
14072 26 -5 0 S0_1
14073 26 -5 0 S0_1
14074 26 -5 0 S0_1
14075 26 -5 0 S0_1
14077 26 -5 0 S0_1
14078 26 -5 0 S0_1
14085 26 -5 0 S0_1
14086 26 -5 0 S0_1
14087 26 -5 0 S0_1
14088 26 -5 0 S0_1
14089 26 -5 0 S0_1
14063 27 -5 0 S0_1
14064 27 -5 0 S0_1
14065 27 -5 0 S0_1
14066 27 -5 0 S0_1
14072 27 -5 0 S0_1
14073 27 -5 0 S0_1
14074 27 -5 0 S0_1
14075 27 -5 0 S0_1
14077 27 -5 0 S0_1
14078 27 -5 0 S0_1
14085 27 -5 0 S0_1
14086 27 -5 0 S0_1
14087 27 -5 0 S0_1
14088 27 -5 0 S0_1
14089 27 -5 0 S0_1
14063 28 -5 0 S0_1
14064 28 -5 0 S0_1
14065 28 -5 0 S0_1
14066 28 -5 0 S0_1
14072 28 -5 0 S0_1
14073 28 -5 0 S0_1
14074 28 -5 0 S0_1
14075 28 -5 0 S0_1
14077 28 -5 0 S0_1
14078 28 -5 0 S0_1
14085 28 -5 0 S0_1
14086 28 -5 0 S0_1
14087 28 -5 0 S0_1
14088 28 -5 0 S0_1
14089 28 -5 0 S0_1
14063 29 -5 0 S0_1
14064 29 -5 0 S0_1
14065 29 -5 0 S0_1
14066 29 -5 0 S0_1
14072 29 -5 0 S0_1
14073 29 -5 0 S0_1
14074 29 -5 0 S0_1
14075 29 -5 0 S0_1
14077 29 -5 0 S0_1
14078 29 -5 0 S0_1
14085 29 -5 0 S0_1
14086 29 -5 0 S0_1
14087 29 -5 0 S0_1
14088 29 -5 0 S0_1
14089 29 -5 0 S0_1
14063 30 -5 0 S0_1
14064 30 -5 0 S0_1
14065 30 -5 0 S0_1
14066 30 -5 0 S0_1
14072 30 -5 0 S0_1
14073 30 -5 0 S0_1
14074 30 -5 0 S0_1
14075 30 -5 0 S0_1
14077 30 -5 0 S0_1
14078 30 -5 0 S0_1
14085 30 -5 0 S0_1
14086 30 -5 0 S0_1
14087 30 -5 0 S0_1
14088 30 -5 0 S0_1
14089 30 -5 0 S0_1
14063 31 -5 0 S0_1
14064 31 -5 0 S0_1
14065 31 -5 0 S0_1
14066 31 -5 0 S0_1
14072 31 -5 0 S0_1
14073 31 -5 0 S0_1
14074 31 -5 0 S0_1
14075 31 -5 0 S0_1
14077 31 -5 0 S0_1
14078 31 -5 0 S0_1
14085 31 -5 0 S0_1
14086 31 -5 0 S0_1
14087 31 -5 0 S0_1
14088 31 -5 0 S0_1
14089 31 -5 0 S0_1
