speciesID lakeID variable value scenario
15070 1 -0.5 0 S0_1
15072 1 -0.5 0 S0_1
15073 1 -0.5 49.0233550965948 S0_1
15074 1 -0.5 15.9722507711919 S0_1
15077 1 -0.5 0 S0_1
15079 1 -0.5 148.782671702951 S0_1
15081 1 -0.5 83.194086865404 S0_1
15082 1 -0.5 401.513190492688 S0_1
15084 1 -0.5 612.272550935516 S0_1
15086 1 -0.5 0 S0_1
14001 1 -0.5 0 S0_1
14002 1 -0.5 0 S0_1
14003 1 -0.5 0 S0_1
14005 1 -0.5 0 S0_1
14008 1 -0.5 0 S0_1
15070 2 -0.5 0 S0_1
15072 2 -0.5 0 S0_1
15073 2 -0.5 0 S0_1
15074 2 -0.5 0 S0_1
15077 2 -0.5 0 S0_1
15079 2 -0.5 3.7507440174738 S0_1
15081 2 -0.5 0 S0_1
15082 2 -0.5 0 S0_1
15084 2 -0.5 0 S0_1
15086 2 -0.5 0 S0_1
14001 2 -0.5 0 S0_1
14002 2 -0.5 0 S0_1
14003 2 -0.5 0 S0_1
14005 2 -0.5 0 S0_1
14008 2 -0.5 0 S0_1
15070 3 -0.5 0 S0_1
15072 3 -0.5 0 S0_1
15073 3 -0.5 0 S0_1
15074 3 -0.5 0 S0_1
15077 3 -0.5 0 S0_1
15079 3 -0.5 94.2827615315204 S0_1
15081 3 -0.5 0 S0_1
15082 3 -0.5 102.462355706452 S0_1
15084 3 -0.5 258.372781882102 S0_1
15086 3 -0.5 0 S0_1
14001 3 -0.5 0 S0_1
14002 3 -0.5 0 S0_1
14003 3 -0.5 0 S0_1
14005 3 -0.5 0 S0_1
14008 3 -0.5 0 S0_1
15070 4 -0.5 0 S0_1
15072 4 -0.5 0 S0_1
15073 4 -0.5 0 S0_1
15074 4 -0.5 0 S0_1
15077 4 -0.5 0 S0_1
15079 4 -0.5 127.974685630036 S0_1
15081 4 -0.5 28.400006892144 S0_1
15082 4 -0.5 293.699101560157 S0_1
15084 4 -0.5 504.924650143742 S0_1
15086 4 -0.5 0 S0_1
14001 4 -0.5 0 S0_1
14002 4 -0.5 0 S0_1
14003 4 -0.5 0 S0_1
14005 4 -0.5 0 S0_1
14008 4 -0.5 0 S0_1
15070 5 -0.5 0 S0_1
15072 5 -0.5 0 S0_1
15073 5 -0.5 0 S0_1
15074 5 -0.5 0 S0_1
15077 5 -0.5 0 S0_1
15079 5 -0.5 0 S0_1
15081 5 -0.5 0 S0_1
15082 5 -0.5 0 S0_1
15084 5 -0.5 0 S0_1
15086 5 -0.5 0 S0_1
14001 5 -0.5 0 S0_1
14002 5 -0.5 0 S0_1
14003 5 -0.5 0 S0_1
14005 5 -0.5 0 S0_1
14008 5 -0.5 0 S0_1
15070 6 -0.5 0 S0_1
15072 6 -0.5 0 S0_1
15073 6 -0.5 0 S0_1
15074 6 -0.5 0 S0_1
15077 6 -0.5 0 S0_1
15079 6 -0.5 141.97961370848 S0_1
15081 6 -0.5 24.9804404858799 S0_1
15082 6 -0.5 272.009992387165 S0_1
15084 6 -0.5 471.720541763884 S0_1
15086 6 -0.5 0 S0_1
14001 6 -0.5 0 S0_1
14002 6 -0.5 0 S0_1
14003 6 -0.5 0 S0_1
14005 6 -0.5 0 S0_1
14008 6 -0.5 0 S0_1
15070 7 -0.5 0 S0_1
15072 7 -0.5 0 S0_1
15073 7 -0.5 0 S0_1
15074 7 -0.5 0 S0_1
15077 7 -0.5 0 S0_1
15079 7 -0.5 4.43852118346305 S0_1
15081 7 -0.5 0 S0_1
15082 7 -0.5 0 S0_1
15084 7 -0.5 0 S0_1
15086 7 -0.5 0 S0_1
14001 7 -0.5 0 S0_1
14002 7 -0.5 0 S0_1
14003 7 -0.5 0 S0_1
14005 7 -0.5 0 S0_1
14008 7 -0.5 0 S0_1
15070 8 -0.5 0 S0_1
15072 8 -0.5 0 S0_1
15073 8 -0.5 14.6543665047778 S0_1
15074 8 -0.5 0 S0_1
15077 8 -0.5 0 S0_1
15079 8 -0.5 137.527063236542 S0_1
15081 8 -0.5 66.2548650442473 S0_1
15082 8 -0.5 340.235612354055 S0_1
15084 8 -0.5 518.245015185164 S0_1
15086 8 -0.5 0 S0_1
14001 8 -0.5 0 S0_1
14002 8 -0.5 0 S0_1
14003 8 -0.5 0 S0_1
14005 8 -0.5 0 S0_1
14008 8 -0.5 0 S0_1
15070 9 -0.5 0 S0_1
15072 9 -0.5 0 S0_1
15073 9 -0.5 0 S0_1
15074 9 -0.5 0 S0_1
15077 9 -0.5 0 S0_1
15079 9 -0.5 128.943537478273 S0_1
15081 9 -0.5 14.1915608088712 S0_1
15082 9 -0.5 257.196456520914 S0_1
15084 9 -0.5 458.040661553438 S0_1
15086 9 -0.5 0 S0_1
14001 9 -0.5 0 S0_1
14002 9 -0.5 0 S0_1
14003 9 -0.5 0 S0_1
14005 9 -0.5 0 S0_1
14008 9 -0.5 0 S0_1
15070 10 -0.5 0 S0_1
15072 10 -0.5 0 S0_1
15073 10 -0.5 13.7311518050035 S0_1
15074 10 -0.5 0 S0_1
15077 10 -0.5 0 S0_1
15079 10 -0.5 150.107908765035 S0_1
15081 10 -0.5 72.3007249643147 S0_1
15082 10 -0.5 367.869822476741 S0_1
15084 10 -0.5 574.830979354137 S0_1
15086 10 -0.5 0 S0_1
14001 10 -0.5 0 S0_1
14002 10 -0.5 0 S0_1
14003 10 -0.5 0 S0_1
14005 10 -0.5 0 S0_1
14008 10 -0.5 0 S0_1
15070 11 -0.5 0 S0_1
15072 11 -0.5 0 S0_1
15073 11 -0.5 17.4621227535265 S0_1
15074 11 -0.5 0 S0_1
15077 11 -0.5 0 S0_1
15079 11 -0.5 108.892759688328 S0_1
15081 11 -0.5 48.3803648074561 S0_1
15082 11 -0.5 342.503640016266 S0_1
15084 11 -0.5 544.544090057842 S0_1
15086 11 -0.5 0 S0_1
14001 11 -0.5 0 S0_1
14002 11 -0.5 0 S0_1
14003 11 -0.5 0 S0_1
14005 11 -0.5 0 S0_1
14008 11 -0.5 0 S0_1
15070 12 -0.5 0 S0_1
15072 12 -0.5 0 S0_1
15073 12 -0.5 9.92129010667334 S0_1
15074 12 -0.5 0 S0_1
15077 12 -0.5 0 S0_1
15079 12 -0.5 93.9979329956475 S0_1
15081 12 -0.5 38.226352760809 S0_1
15082 12 -0.5 298.958161479617 S0_1
15084 12 -0.5 468.100296826481 S0_1
15086 12 -0.5 0 S0_1
14001 12 -0.5 0 S0_1
14002 12 -0.5 0 S0_1
14003 12 -0.5 0 S0_1
14005 12 -0.5 0 S0_1
14008 12 -0.5 0 S0_1
15070 13 -0.5 0 S0_1
15072 13 -0.5 0 S0_1
15073 13 -0.5 0 S0_1
15074 13 -0.5 0 S0_1
15077 13 -0.5 0 S0_1
15079 13 -0.5 61.2056636408282 S0_1
15081 13 -0.5 0 S0_1
15082 13 -0.5 110.514085310717 S0_1
15084 13 -0.5 235.597396730394 S0_1
15086 13 -0.5 0 S0_1
14001 13 -0.5 0 S0_1
14002 13 -0.5 0 S0_1
14003 13 -0.5 0 S0_1
14005 13 -0.5 0 S0_1
14008 13 -0.5 0 S0_1
15070 14 -0.5 0 S0_1
15072 14 -0.5 0 S0_1
15073 14 -0.5 0 S0_1
15074 14 -0.5 0 S0_1
15077 14 -0.5 0 S0_1
15079 14 -0.5 70.5338855091159 S0_1
15081 14 -0.5 0 S0_1
15082 14 -0.5 1.20155793026305 S0_1
15084 14 -0.5 116.693283945182 S0_1
15086 14 -0.5 0 S0_1
14001 14 -0.5 0 S0_1
14002 14 -0.5 0 S0_1
14003 14 -0.5 0 S0_1
14005 14 -0.5 0 S0_1
14008 14 -0.5 0 S0_1
15070 15 -0.5 0 S0_1
15072 15 -0.5 0 S0_1
15073 15 -0.5 35.778598601129 S0_1
15074 15 -0.5 12.7820299858697 S0_1
15077 15 -0.5 0 S0_1
15079 15 -0.5 176.760142499056 S0_1
15081 15 -0.5 98.0786977014311 S0_1
15082 15 -0.5 403.202472934479 S0_1
15084 15 -0.5 617.960924140649 S0_1
15086 15 -0.5 0 S0_1
14001 15 -0.5 0 S0_1
14002 15 -0.5 0 S0_1
14003 15 -0.5 0 S0_1
14005 15 -0.5 0 S0_1
14008 15 -0.5 0 S0_1
15070 16 -0.5 0 S0_1
15072 16 -0.5 0 S0_1
15073 16 -0.5 49.7833971734784 S0_1
15074 16 -0.5 8.02067707210122 S0_1
15077 16 -0.5 0 S0_1
15079 16 -0.5 153.740426674974 S0_1
15081 16 -0.5 88.3427252818999 S0_1
15082 16 -0.5 377.303841248244 S0_1
15084 16 -0.5 562.47354505204 S0_1
15086 16 -0.5 0 S0_1
14001 16 -0.5 0 S0_1
14002 16 -0.5 0 S0_1
14003 16 -0.5 0 S0_1
14005 16 -0.5 0 S0_1
14008 16 -0.5 0 S0_1
15070 17 -0.5 0 S0_1
15072 17 -0.5 0 S0_1
15073 17 -0.5 0 S0_1
15074 17 -0.5 0 S0_1
15077 17 -0.5 0 S0_1
15079 17 -0.5 109.679213401853 S0_1
15081 17 -0.5 0 S0_1
15082 17 -0.5 177.472376686867 S0_1
15084 17 -0.5 335.478013006362 S0_1
15086 17 -0.5 0 S0_1
14001 17 -0.5 0 S0_1
14002 17 -0.5 0 S0_1
14003 17 -0.5 0 S0_1
14005 17 -0.5 0 S0_1
14008 17 -0.5 0 S0_1
15070 18 -0.5 0 S0_1
15072 18 -0.5 0 S0_1
15073 18 -0.5 27.8224029739109 S0_1
15074 18 -0.5 0 S0_1
15077 18 -0.5 0 S0_1
15079 18 -0.5 122.316103612089 S0_1
15081 18 -0.5 61.4149204307218 S0_1
15082 18 -0.5 339.821461834551 S0_1
15084 18 -0.5 518.335120531571 S0_1
15086 18 -0.5 0 S0_1
14001 18 -0.5 0 S0_1
14002 18 -0.5 0 S0_1
14003 18 -0.5 0 S0_1
14005 18 -0.5 0 S0_1
14008 18 -0.5 0 S0_1
15070 19 -0.5 0 S0_1
15072 19 -0.5 0 S0_1
15073 19 -0.5 3.51005451630593 S0_1
15074 19 -0.5 0 S0_1
15077 19 -0.5 0 S0_1
15079 19 -0.5 146.022760842583 S0_1
15081 19 -0.5 63.9657193622747 S0_1
15082 19 -0.5 349.712476600208 S0_1
15084 19 -0.5 554.001861270535 S0_1
15086 19 -0.5 0 S0_1
14001 19 -0.5 0 S0_1
14002 19 -0.5 0 S0_1
14003 19 -0.5 0 S0_1
14005 19 -0.5 0 S0_1
14008 19 -0.5 0 S0_1
15070 20 -0.5 0 S0_1
15072 20 -0.5 0 S0_1
15073 20 -0.5 50.4465616804759 S0_1
15074 20 -0.5 11.9888785490427 S0_1
15077 20 -0.5 0 S0_1
15079 20 -0.5 163.847294561616 S0_1
15081 20 -0.5 94.8438123497777 S0_1
15082 20 -0.5 387.972166028448 S0_1
15084 20 -0.5 580.110774345897 S0_1
15086 20 -0.5 0 S0_1
14001 20 -0.5 0 S0_1
14002 20 -0.5 0 S0_1
14003 20 -0.5 0 S0_1
14005 20 -0.5 0 S0_1
14008 20 -0.5 0 S0_1
15070 21 -0.5 0 S0_1
15072 21 -0.5 0 S0_1
15073 21 -0.5 3.69874430047402 S0_1
15074 21 -0.5 0 S0_1
15077 21 -0.5 0 S0_1
15079 21 -0.5 147.044054968534 S0_1
15081 21 -0.5 64.0267635380089 S0_1
15082 21 -0.5 359.282339525442 S0_1
15084 21 -0.5 574.181906435994 S0_1
15086 21 -0.5 0 S0_1
14001 21 -0.5 0 S0_1
14002 21 -0.5 0 S0_1
14003 21 -0.5 0 S0_1
14005 21 -0.5 0 S0_1
14008 21 -0.5 0 S0_1
15070 22 -0.5 0 S0_1
15072 22 -0.5 0 S0_1
15073 22 -0.5 60.3352574836397 S0_1
15074 22 -0.5 27.713555704492 S0_1
15077 22 -0.5 0 S0_1
15079 22 -0.5 163.2161163969 S0_1
15081 22 -0.5 96.3532875915081 S0_1
15082 22 -0.5 418.77851210077 S0_1
15084 22 -0.5 631.712734041576 S0_1
15086 22 -0.5 0 S0_1
14001 22 -0.5 0 S0_1
14002 22 -0.5 0 S0_1
14003 22 -0.5 0 S0_1
14005 22 -0.5 0 S0_1
14008 22 -0.5 0 S0_1
15070 23 -0.5 0 S0_1
15072 23 -0.5 0 S0_1
15073 23 -0.5 0 S0_1
15074 23 -0.5 0 S0_1
15077 23 -0.5 0 S0_1
15079 23 -0.5 151.246904200004 S0_1
15081 23 -0.5 49.8189032413531 S0_1
15082 23 -0.5 331.00931008144 S0_1
15084 23 -0.5 556.657080848655 S0_1
15086 23 -0.5 0 S0_1
14001 23 -0.5 0 S0_1
14002 23 -0.5 0 S0_1
14003 23 -0.5 0 S0_1
14005 23 -0.5 0 S0_1
14008 23 -0.5 0 S0_1
15070 24 -0.5 0 S0_1
15072 24 -0.5 0 S0_1
15073 24 -0.5 16.5076951454213 S0_1
15074 24 -0.5 2.33631391722731 S0_1
15077 24 -0.5 0 S0_1
15079 24 -0.5 154.415057532046 S0_1
15081 24 -0.5 75.4333371484214 S0_1
15082 24 -0.5 383.08368524521 S0_1
15084 24 -0.5 601.135759527819 S0_1
15086 24 -0.5 0 S0_1
14001 24 -0.5 0 S0_1
14002 24 -0.5 0 S0_1
14003 24 -0.5 0 S0_1
14005 24 -0.5 0 S0_1
14008 24 -0.5 0 S0_1
15070 25 -0.5 0 S0_1
15072 25 -0.5 0 S0_1
15073 25 -0.5 0 S0_1
15074 25 -0.5 0 S0_1
15077 25 -0.5 0 S0_1
15079 25 -0.5 75.2934814160909 S0_1
15081 25 -0.5 0 S0_1
15082 25 -0.5 2.59828114282468 S0_1
15084 25 -0.5 124.615706560279 S0_1
15086 25 -0.5 0 S0_1
14001 25 -0.5 0 S0_1
14002 25 -0.5 0 S0_1
14003 25 -0.5 0 S0_1
14005 25 -0.5 0 S0_1
14008 25 -0.5 0 S0_1
15070 26 -0.5 0 S0_1
15072 26 -0.5 0 S0_1
15073 26 -0.5 56.3095626550231 S0_1
15074 26 -0.5 19.7387457155836 S0_1
15077 26 -0.5 0 S0_1
15079 26 -0.5 162.082993580402 S0_1
15081 26 -0.5 94.5518997785454 S0_1
15082 26 -0.5 402.33146067213 S0_1
15084 26 -0.5 605.720160033146 S0_1
15086 26 -0.5 0 S0_1
14001 26 -0.5 0 S0_1
14002 26 -0.5 0 S0_1
14003 26 -0.5 0 S0_1
14005 26 -0.5 0 S0_1
14008 26 -0.5 0 S0_1
15070 27 -0.5 0 S0_1
15072 27 -0.5 0 S0_1
15073 27 -0.5 0 S0_1
15074 27 -0.5 0 S0_1
15077 27 -0.5 0 S0_1
15079 27 -0.5 2.14492232927314 S0_1
15081 27 -0.5 0 S0_1
15082 27 -0.5 0 S0_1
15084 27 -0.5 0 S0_1
15086 27 -0.5 0 S0_1
14001 27 -0.5 0 S0_1
14002 27 -0.5 0 S0_1
14003 27 -0.5 0 S0_1
14005 27 -0.5 0 S0_1
14008 27 -0.5 0 S0_1
15070 28 -0.5 0 S0_1
15072 28 -0.5 0 S0_1
15073 28 -0.5 68.2440877175226 S0_1
15074 28 -0.5 33.130476156252 S0_1
15077 28 -0.5 0 S0_1
15079 28 -0.5 171.396839221991 S0_1
15081 28 -0.5 104.84278783002 S0_1
15082 28 -0.5 423.51432092857 S0_1
15084 28 -0.5 633.939759003108 S0_1
15086 28 -0.5 0 S0_1
14001 28 -0.5 0 S0_1
14002 28 -0.5 0 S0_1
14003 28 -0.5 0 S0_1
14005 28 -0.5 0 S0_1
14008 28 -0.5 0 S0_1
15070 29 -0.5 0 S0_1
15072 29 -0.5 0 S0_1
15073 29 -0.5 0 S0_1
15074 29 -0.5 0 S0_1
15077 29 -0.5 0 S0_1
15079 29 -0.5 96.2028265044253 S0_1
15081 29 -0.5 2.11526504525369 S0_1
15082 29 -0.5 205.636825144612 S0_1
15084 29 -0.5 378.026390448461 S0_1
15086 29 -0.5 0 S0_1
14001 29 -0.5 0 S0_1
14002 29 -0.5 0 S0_1
14003 29 -0.5 0 S0_1
14005 29 -0.5 0 S0_1
14008 29 -0.5 0 S0_1
15070 30 -0.5 0 S0_1
15072 30 -0.5 0 S0_1
15073 30 -0.5 0 S0_1
15074 30 -0.5 0 S0_1
15077 30 -0.5 0 S0_1
15079 30 -0.5 65.3677137715095 S0_1
15081 30 -0.5 0 S0_1
15082 30 -0.5 0 S0_1
15084 30 -0.5 110.184945231091 S0_1
15086 30 -0.5 0 S0_1
14001 30 -0.5 0 S0_1
14002 30 -0.5 0 S0_1
14003 30 -0.5 0 S0_1
14005 30 -0.5 0 S0_1
14008 30 -0.5 0 S0_1
15070 31 -0.5 0 S0_1
15072 31 -0.5 0 S0_1
15073 31 -0.5 0 S0_1
15074 31 -0.5 0 S0_1
15077 31 -0.5 0 S0_1
15079 31 -0.5 101.494569856309 S0_1
15081 31 -0.5 0 S0_1
15082 31 -0.5 133.520262109415 S0_1
15084 31 -0.5 290.151060141781 S0_1
15086 31 -0.5 0 S0_1
14001 31 -0.5 0 S0_1
14002 31 -0.5 0 S0_1
14003 31 -0.5 0 S0_1
14005 31 -0.5 0 S0_1
14008 31 -0.5 0 S0_1
15070 1 -1.5 0 S0_1
15072 1 -1.5 34.7406048726355 S0_1
15073 1 -1.5 0 S0_1
15074 1 -1.5 120.062253848115 S0_1
15077 1 -1.5 0 S0_1
15079 1 -1.5 12.6619781476081 S0_1
15081 1 -1.5 5.88654984229737 S0_1
15082 1 -1.5 294.373527566686 S0_1
15084 1 -1.5 355.841003967423 S0_1
15086 1 -1.5 38.5085621164768 S0_1
14001 1 -1.5 0 S0_1
14002 1 -1.5 0 S0_1
14003 1 -1.5 64.242885483074 S0_1
14005 1 -1.5 6.59407273331069 S0_1
14008 1 -1.5 0 S0_1
15070 2 -1.5 0 S0_1
15072 2 -1.5 0 S0_1
15073 2 -1.5 0 S0_1
15074 2 -1.5 0 S0_1
15077 2 -1.5 0 S0_1
15079 2 -1.5 1.06591790225626 S0_1
15081 2 -1.5 0 S0_1
15082 2 -1.5 0 S0_1
15084 2 -1.5 0 S0_1
15086 2 -1.5 0 S0_1
14001 2 -1.5 0 S0_1
14002 2 -1.5 0 S0_1
14003 2 -1.5 9.92465444787854 S0_1
14005 2 -1.5 0 S0_1
14008 2 -1.5 0 S0_1
15070 3 -1.5 0 S0_1
15072 3 -1.5 0 S0_1
15073 3 -1.5 0 S0_1
15074 3 -1.5 0 S0_1
15077 3 -1.5 0 S0_1
15079 3 -1.5 16.234604584676 S0_1
15081 3 -1.5 0 S0_1
15082 3 -1.5 88.3559138176465 S0_1
15084 3 -1.5 160.069771825968 S0_1
15086 3 -1.5 0 S0_1
14001 3 -1.5 0 S0_1
14002 3 -1.5 1.87405486977231 S0_1
14003 3 -1.5 72.699136695848 S0_1
14005 3 -1.5 10.6345792253026 S0_1
14008 3 -1.5 0 S0_1
15070 4 -1.5 0 S0_1
15072 4 -1.5 1.59657042344328 S0_1
15073 4 -1.5 0 S0_1
15074 4 -1.5 53.0030342604636 S0_1
15077 4 -1.5 0 S0_1
15079 4 -1.5 16.5587250752233 S0_1
15081 4 -1.5 0 S0_1
15082 4 -1.5 218.833611792073 S0_1
15084 4 -1.5 316.228105872643 S0_1
15086 4 -1.5 1.40697696678612 S0_1
14001 4 -1.5 0 S0_1
14002 4 -1.5 1.54902709983236 S0_1
14003 4 -1.5 72.4520542537671 S0_1
14005 4 -1.5 14.0425090576983 S0_1
14008 4 -1.5 0 S0_1
15070 5 -1.5 0 S0_1
15072 5 -1.5 0 S0_1
15073 5 -1.5 0 S0_1
15074 5 -1.5 0 S0_1
15077 5 -1.5 0 S0_1
15079 5 -1.5 0 S0_1
15081 5 -1.5 0 S0_1
15082 5 -1.5 0 S0_1
15084 5 -1.5 0 S0_1
15086 5 -1.5 0 S0_1
14001 5 -1.5 0 S0_1
14002 5 -1.5 0 S0_1
14003 5 -1.5 0 S0_1
14005 5 -1.5 0 S0_1
14008 5 -1.5 0 S0_1
15070 6 -1.5 0 S0_1
15072 6 -1.5 48.9402992122091 S0_1
15073 6 -1.5 0 S0_1
15074 6 -1.5 114.656440733567 S0_1
15077 6 -1.5 0 S0_1
15079 6 -1.5 91.5659640918323 S0_1
15081 6 -1.5 24.7849833691121 S0_1
15082 6 -1.5 333.828135532592 S0_1
15084 6 -1.5 455.781686595946 S0_1
15086 6 -1.5 22.1486819248704 S0_1
14001 6 -1.5 0 S0_1
14002 6 -1.5 41.5702375631003 S0_1
14003 6 -1.5 143.086434464368 S0_1
14005 6 -1.5 93.3837718831937 S0_1
14008 6 -1.5 0 S0_1
15070 7 -1.5 0 S0_1
15072 7 -1.5 0 S0_1
15073 7 -1.5 0 S0_1
15074 7 -1.5 0 S0_1
15077 7 -1.5 0 S0_1
15079 7 -1.5 1.38628883635804 S0_1
15081 7 -1.5 0 S0_1
15082 7 -1.5 0 S0_1
15084 7 -1.5 0 S0_1
15086 7 -1.5 0 S0_1
14001 7 -1.5 0 S0_1
14002 7 -1.5 0 S0_1
14003 7 -1.5 12.4084044334711 S0_1
14005 7 -1.5 0 S0_1
14008 7 -1.5 0 S0_1
15070 8 -1.5 0 S0_1
15072 8 -1.5 52.9819474222864 S0_1
15073 8 -1.5 0 S0_1
15074 8 -1.5 163.688241186615 S0_1
15077 8 -1.5 0 S0_1
15079 8 -1.5 47.1987794036953 S0_1
15081 8 -1.5 25.6675895161431 S0_1
15082 8 -1.5 349.083338846929 S0_1
15084 8 -1.5 415.098821648187 S0_1
15086 8 -1.5 71.9019340180102 S0_1
14001 8 -1.5 0 S0_1
14002 8 -1.5 7.74674646941821 S0_1
14003 8 -1.5 98.0200151013464 S0_1
14005 8 -1.5 41.7739005252242 S0_1
14008 8 -1.5 0 S0_1
15070 9 -1.5 0 S0_1
15072 9 -1.5 6.744488310516 S0_1
15073 9 -1.5 0 S0_1
15074 9 -1.5 56.4536347285577 S0_1
15077 9 -1.5 0 S0_1
15079 9 -1.5 47.1001065664698 S0_1
15081 9 -1.5 2.50307709714869 S0_1
15082 9 -1.5 252.463596462939 S0_1
15084 9 -1.5 363.254544947286 S0_1
15086 9 -1.5 0 S0_1
14001 9 -1.5 0 S0_1
14002 9 -1.5 10.4908793448718 S0_1
14003 9 -1.5 101.904869789754 S0_1
14005 9 -1.5 47.90881411842 S0_1
14008 9 -1.5 0 S0_1
15070 10 -1.5 0 S0_1
15072 10 -1.5 58.2069505081837 S0_1
15073 10 -1.5 0 S0_1
15074 10 -1.5 163.105430721335 S0_1
15077 10 -1.5 0 S0_1
15079 10 -1.5 49.8101842333379 S0_1
15081 10 -1.5 24.7038003408054 S0_1
15082 10 -1.5 369.635053005616 S0_1
15084 10 -1.5 460.778653494679 S0_1
15086 10 -1.5 74.386516697012 S0_1
14001 10 -1.5 0 S0_1
14002 10 -1.5 10.2035803899414 S0_1
14003 10 -1.5 102.251118052522 S0_1
14005 10 -1.5 46.9101470241378 S0_1
14008 10 -1.5 0 S0_1
15070 11 -1.5 0 S0_1
15072 11 -1.5 0 S0_1
15073 11 -1.5 0 S0_1
15074 11 -1.5 5.43036108892435 S0_1
15077 11 -1.5 0 S0_1
15079 11 -1.5 0 S0_1
15081 11 -1.5 0 S0_1
15082 11 -1.5 69.2696122519872 S0_1
15084 11 -1.5 84.0363017214452 S0_1
15086 11 -1.5 0 S0_1
14001 11 -1.5 0 S0_1
14002 11 -1.5 0 S0_1
14003 11 -1.5 1.71480465166117 S0_1
14005 11 -1.5 0 S0_1
14008 11 -1.5 0 S0_1
15070 12 -1.5 0 S0_1
15072 12 -1.5 0 S0_1
15073 12 -1.5 0 S0_1
15074 12 -1.5 4.6050828996893 S0_1
15077 12 -1.5 0 S0_1
15079 12 -1.5 0 S0_1
15081 12 -1.5 0 S0_1
15082 12 -1.5 66.8937983111559 S0_1
15084 12 -1.5 80.2911823196022 S0_1
15086 12 -1.5 0 S0_1
14001 12 -1.5 0 S0_1
14002 12 -1.5 0 S0_1
14003 12 -1.5 1.5671776299441 S0_1
14005 12 -1.5 0 S0_1
14008 12 -1.5 0 S0_1
15070 13 -1.5 0 S0_1
15072 13 -1.5 0 S0_1
15073 13 -1.5 0 S0_1
15074 13 -1.5 0 S0_1
15077 13 -1.5 0 S0_1
15079 13 -1.5 5.37208851188807 S0_1
15081 13 -1.5 0 S0_1
15082 13 -1.5 112.308058028794 S0_1
15084 13 -1.5 162.450983100132 S0_1
15086 13 -1.5 0 S0_1
14001 13 -1.5 0 S0_1
14002 13 -1.5 0 S0_1
14003 13 -1.5 54.4656411589053 S0_1
14005 13 -1.5 2.23697188468659 S0_1
14008 13 -1.5 0 S0_1
15070 14 -1.5 0 S0_1
15072 14 -1.5 0 S0_1
15073 14 -1.5 0 S0_1
15074 14 -1.5 0 S0_1
15077 14 -1.5 0 S0_1
15079 14 -1.5 42.7272387326815 S0_1
15081 14 -1.5 0 S0_1
15082 14 -1.5 46.5857608335505 S0_1
15084 14 -1.5 117.61114760053 S0_1
15086 14 -1.5 0 S0_1
14001 14 -1.5 0 S0_1
14002 14 -1.5 5.33545749988599 S0_1
14003 14 -1.5 87.536511417949 S0_1
14005 14 -1.5 14.8930503493419 S0_1
14008 14 -1.5 0 S0_1
15070 15 -1.5 29.3434196260516 S0_1
15072 15 -1.5 150.762044740632 S0_1
15073 15 -1.5 23.016825488475 S0_1
15074 15 -1.5 307.445194392456 S0_1
15077 15 -1.5 1.67388321636173 S0_1
15079 15 -1.5 126.893382656228 S0_1
15081 15 -1.5 99.8519869256113 S0_1
15082 15 -1.5 524.97581476172 S0_1
15084 15 -1.5 638.508302791953 S0_1
15086 15 -1.5 180.534090960709 S0_1
14001 15 -1.5 0 S0_1
14002 15 -1.5 66.7704191942656 S0_1
14003 15 -1.5 176.430561406476 S0_1
14005 15 -1.5 128.423146064741 S0_1
14008 15 -1.5 0 S0_1
15070 16 -1.5 19.4378380502926 S0_1
15072 16 -1.5 92.4607871543231 S0_1
15073 16 -1.5 9.52873597469148 S0_1
15074 16 -1.5 236.8547192876 S0_1
15077 16 -1.5 0 S0_1
15079 16 -1.5 70.1318970549872 S0_1
15081 16 -1.5 55.7444401937996 S0_1
15082 16 -1.5 424.527208105048 S0_1
15084 16 -1.5 495.171380115624 S0_1
15086 16 -1.5 112.127094437453 S0_1
14001 16 -1.5 0 S0_1
14002 16 -1.5 20.9829652480671 S0_1
14003 16 -1.5 118.657781624311 S0_1
14005 16 -1.5 65.0531979647863 S0_1
14008 16 -1.5 0 S0_1
15070 17 -1.5 0 S0_1
15072 17 -1.5 2.01966884100722 S0_1
15073 17 -1.5 0 S0_1
15074 17 -1.5 23.013263244611 S0_1
15077 17 -1.5 0 S0_1
15079 17 -1.5 73.584311571393 S0_1
15081 17 -1.5 2.42664265126169 S0_1
15082 17 -1.5 234.712207474557 S0_1
15084 17 -1.5 326.57125575242 S0_1
15086 17 -1.5 0 S0_1
14001 17 -1.5 0 S0_1
14002 17 -1.5 24.3946081942912 S0_1
14003 17 -1.5 123.026926170376 S0_1
14005 17 -1.5 69.3523057127335 S0_1
14008 17 -1.5 0 S0_1
15070 18 -1.5 0 S0_1
15072 18 -1.5 1.94018866690304 S0_1
15073 18 -1.5 0 S0_1
15074 18 -1.5 74.7137778566826 S0_1
15077 18 -1.5 0 S0_1
15079 18 -1.5 2.03377085659554 S0_1
15081 18 -1.5 0 S0_1
15082 18 -1.5 178.249188050432 S0_1
15084 18 -1.5 210.920881259197 S0_1
15086 18 -1.5 5.13725981352992 S0_1
14001 18 -1.5 0 S0_1
14002 18 -1.5 0 S0_1
14003 18 -1.5 38.2453731576117 S0_1
14005 18 -1.5 0 S0_1
14008 18 -1.5 0 S0_1
15070 19 -1.5 0 S0_1
15072 19 -1.5 51.8250460828625 S0_1
15073 19 -1.5 0 S0_1
15074 19 -1.5 150.231566206305 S0_1
15077 19 -1.5 0 S0_1
15079 19 -1.5 51.2798224735446 S0_1
15081 19 -1.5 21.5598437124352 S0_1
15082 19 -1.5 355.123255891141 S0_1
15084 19 -1.5 449.117844747083 S0_1
15086 19 -1.5 66.3306962765019 S0_1
14001 19 -1.5 0 S0_1
14002 19 -1.5 11.1226835504695 S0_1
14003 19 -1.5 103.841385874656 S0_1
14005 19 -1.5 49.1021377786064 S0_1
14008 19 -1.5 0 S0_1
15070 20 -1.5 39.4691975285857 S0_1
15072 20 -1.5 125.307057344431 S0_1
15073 20 -1.5 24.1323669213898 S0_1
15074 20 -1.5 286.10666644902 S0_1
15077 20 -1.5 0 S0_1
15079 20 -1.5 100.330544175519 S0_1
15081 20 -1.5 82.6452940157836 S0_1
15082 20 -1.5 480.672582272299 S0_1
15084 20 -1.5 565.502872715631 S0_1
15086 20 -1.5 152.562379470614 S0_1
14001 20 -1.5 0 S0_1
14002 20 -1.5 44.2365401986234 S0_1
14003 20 -1.5 147.905580843758 S0_1
14005 20 -1.5 97.2633813720372 S0_1
14008 20 -1.5 0 S0_1
15070 21 -1.5 0 S0_1
15072 21 -1.5 41.6261383940121 S0_1
15073 21 -1.5 0 S0_1
15074 21 -1.5 130.914946797053 S0_1
15077 21 -1.5 0 S0_1
15079 21 -1.5 38.9549182219067 S0_1
15081 21 -1.5 12.1686170974272 S0_1
15082 21 -1.5 334.251566865595 S0_1
15084 21 -1.5 432.06243699669 S0_1
15086 21 -1.5 52.6571631085354 S0_1
14001 21 -1.5 0 S0_1
14002 21 -1.5 6.01050312387438 S0_1
14003 21 -1.5 93.0460125181187 S0_1
14005 21 -1.5 36.2128448366621 S0_1
14008 21 -1.5 0 S0_1
15070 22 -1.5 11.8916507920654 S0_1
15072 22 -1.5 81.2322830717838 S0_1
15073 22 -1.5 3.69810177532544 S0_1
15074 22 -1.5 207.253369065505 S0_1
15077 22 -1.5 0 S0_1
15079 22 -1.5 49.8553239315973 S0_1
15081 22 -1.5 36.7064986695526 S0_1
15082 22 -1.5 418.625556002874 S0_1
15084 22 -1.5 501.020564491772 S0_1
15086 22 -1.5 91.3478851657147 S0_1
14001 22 -1.5 0 S0_1
14002 22 -1.5 9.60163893535652 S0_1
14003 22 -1.5 101.53258053913 S0_1
14005 22 -1.5 44.5599106666307 S0_1
14008 22 -1.5 0 S0_1
15070 23 -1.5 0 S0_1
15072 23 -1.5 48.7269849990023 S0_1
15073 23 -1.5 0 S0_1
15074 23 -1.5 121.958909230382 S0_1
15077 23 -1.5 0 S0_1
15079 23 -1.5 63.9813834371107 S0_1
15081 23 -1.5 16.9222436482935 S0_1
15082 23 -1.5 346.252392891933 S0_1
15084 23 -1.5 474.204321311513 S0_1
15086 23 -1.5 42.8604544151761 S0_1
14001 23 -1.5 0 S0_1
14002 23 -1.5 21.4991490045791 S0_1
14003 23 -1.5 118.121144129355 S0_1
14005 23 -1.5 66.0606817308584 S0_1
14008 23 -1.5 0 S0_1
15070 24 -1.5 0 S0_1
15072 24 -1.5 58.1524318885982 S0_1
15073 24 -1.5 0 S0_1
15074 24 -1.5 158.126911391772 S0_1
15077 24 -1.5 0 S0_1
15079 24 -1.5 46.2377573886503 S0_1
15081 24 -1.5 21.519480411937 S0_1
15082 24 -1.5 372.872990915824 S0_1
15084 24 -1.5 471.09255860344 S0_1
15086 24 -1.5 72.0613752725924 S0_1
14001 24 -1.5 0 S0_1
14002 24 -1.5 8.76350460380199 S0_1
14003 24 -1.5 99.5483459313109 S0_1
14005 24 -1.5 43.4549471562002 S0_1
14008 24 -1.5 0 S0_1
15070 25 -1.5 0 S0_1
15072 25 -1.5 0 S0_1
15073 25 -1.5 0 S0_1
15074 25 -1.5 0 S0_1
15077 25 -1.5 0 S0_1
15079 25 -1.5 34.5346658415502 S0_1
15081 25 -1.5 0 S0_1
15082 25 -1.5 37.7979258804062 S0_1
15084 25 -1.5 108.151293776118 S0_1
15086 25 -1.5 0 S0_1
14001 25 -1.5 0 S0_1
14002 25 -1.5 4.00942503935247 S0_1
14003 25 -1.5 82.0893583792454 S0_1
14005 25 -1.5 9.83981672373766 S0_1
14008 25 -1.5 0 S0_1
15070 26 -1.5 18.8829383249099 S0_1
15072 26 -1.5 94.6903021662852 S0_1
15073 26 -1.5 8.43961624412267 S0_1
15074 26 -1.5 239.068336648436 S0_1
15077 26 -1.5 0 S0_1
15079 26 -1.5 67.1071457477359 S0_1
15081 26 -1.5 52.4338092689227 S0_1
15082 26 -1.5 440.154106658233 S0_1
15084 26 -1.5 523.108386180811 S0_1
15086 26 -1.5 111.444486632532 S0_1
14001 26 -1.5 0 S0_1
14002 26 -1.5 20.0574649544729 S0_1
14003 26 -1.5 117.140761134029 S0_1
14005 26 -1.5 63.3395136473762 S0_1
14008 26 -1.5 0 S0_1
15070 27 -1.5 0 S0_1
15072 27 -1.5 0 S0_1
15073 27 -1.5 0 S0_1
15074 27 -1.5 0 S0_1
15077 27 -1.5 0 S0_1
15079 27 -1.5 0 S0_1
15081 27 -1.5 0 S0_1
15082 27 -1.5 0 S0_1
15084 27 -1.5 0 S0_1
15086 27 -1.5 0 S0_1
14001 27 -1.5 0 S0_1
14002 27 -1.5 0 S0_1
14003 27 -1.5 1.47787748841165 S0_1
14005 27 -1.5 0 S0_1
14008 27 -1.5 0 S0_1
15070 28 -1.5 49.2937779538478 S0_1
15072 28 -1.5 117.058537020246 S0_1
15073 28 -1.5 19.967211457147 S0_1
15074 28 -1.5 277.564875243397 S0_1
15077 28 -1.5 0 S0_1
15079 28 -1.5 80.4569958876267 S0_1
15081 28 -1.5 67.4311061305977 S0_1
15082 28 -1.5 484.903246905288 S0_1
15084 28 -1.5 574.131279584448 S0_1
15086 28 -1.5 133.184835712914 S0_1
14001 28 -1.5 0 S0_1
14002 28 -1.5 30.1978569479348 S0_1
14003 28 -1.5 130.197276855732 S0_1
14005 28 -1.5 77.5177368751737 S0_1
14008 28 -1.5 0 S0_1
15070 29 -1.5 0 S0_1
15072 29 -1.5 0 S0_1
15073 29 -1.5 0 S0_1
15074 29 -1.5 3.23045411560284 S0_1
15077 29 -1.5 0 S0_1
15079 29 -1.5 4.652522475598 S0_1
15081 29 -1.5 0 S0_1
15082 29 -1.5 138.360333622973 S0_1
15084 29 -1.5 201.767145467022 S0_1
15086 29 -1.5 0 S0_1
14001 29 -1.5 0 S0_1
14002 29 -1.5 0 S0_1
14003 29 -1.5 53.2649127842525 S0_1
14005 29 -1.5 2.85283583216911 S0_1
14008 29 -1.5 0 S0_1
15070 30 -1.5 0 S0_1
15072 30 -1.5 0 S0_1
15073 30 -1.5 0 S0_1
15074 30 -1.5 0 S0_1
15077 30 -1.5 0 S0_1
15079 30 -1.5 30.2487924218962 S0_1
15081 30 -1.5 0 S0_1
15082 30 -1.5 31.2339165458265 S0_1
15084 30 -1.5 102.185899664466 S0_1
15086 30 -1.5 0 S0_1
14001 30 -1.5 0 S0_1
14002 30 -1.5 2.83046468185102 S0_1
14003 30 -1.5 77.9140426887615 S0_1
14005 30 -1.5 7.10450747897699 S0_1
14008 30 -1.5 0 S0_1
15070 31 -1.5 0 S0_1
15072 31 -1.5 0 S0_1
15073 31 -1.5 0 S0_1
15074 31 -1.5 0 S0_1
15077 31 -1.5 0 S0_1
15079 31 -1.5 25.8042736788088 S0_1
15081 31 -1.5 0 S0_1
15082 31 -1.5 130.732691816858 S0_1
15084 31 -1.5 202.547452328331 S0_1
15086 31 -1.5 0 S0_1
14001 31 -1.5 0 S0_1
14002 31 -1.5 1.88713616711001 S0_1
14003 31 -1.5 77.8008643130291 S0_1
14005 31 -1.5 25.7163103797795 S0_1
14008 31 -1.5 0 S0_1
15070 1 -3 0 S0_1
15072 1 -3 0 S0_1
15073 1 -3 0 S0_1
15074 1 -3 0 S0_1
15077 1 -3 0 S0_1
15079 1 -3 0 S0_1
15081 1 -3 0 S0_1
15082 1 -3 0 S0_1
15084 1 -3 1.32221293825766 S0_1
15086 1 -3 0 S0_1
14001 1 -3 0 S0_1
14002 1 -3 0 S0_1
14003 1 -3 0 S0_1
14005 1 -3 0 S0_1
14008 1 -3 0 S0_1
15070 2 -3 0 S0_1
15072 2 -3 0 S0_1
15073 2 -3 0 S0_1
15074 2 -3 0 S0_1
15077 2 -3 0 S0_1
15079 2 -3 0 S0_1
15081 2 -3 0 S0_1
15082 2 -3 0 S0_1
15084 2 -3 0 S0_1
15086 2 -3 0 S0_1
14001 2 -3 0 S0_1
14002 2 -3 0 S0_1
14003 2 -3 9.08416291613183 S0_1
14005 2 -3 0 S0_1
14008 2 -3 0 S0_1
15070 3 -3 0 S0_1
15072 3 -3 0 S0_1
15073 3 -3 0 S0_1
15074 3 -3 0 S0_1
15077 3 -3 0 S0_1
15079 3 -3 0 S0_1
15081 3 -3 0 S0_1
15082 3 -3 0 S0_1
15084 3 -3 14.8328641702455 S0_1
15086 3 -3 0 S0_1
14001 3 -3 0 S0_1
14002 3 -3 0 S0_1
14003 3 -3 3.65763755752164 S0_1
14005 3 -3 0 S0_1
14008 3 -3 0 S0_1
15070 4 -3 0 S0_1
15072 4 -3 0 S0_1
15073 4 -3 0 S0_1
15074 4 -3 0 S0_1
15077 4 -3 0 S0_1
15079 4 -3 0 S0_1
15081 4 -3 0 S0_1
15082 4 -3 4.04999881145045 S0_1
15084 4 -3 15.9372000423324 S0_1
15086 4 -3 0 S0_1
14001 4 -3 0 S0_1
14002 4 -3 0 S0_1
14003 4 -3 0 S0_1
14005 4 -3 0 S0_1
14008 4 -3 0 S0_1
15070 5 -3 0 S0_1
15072 5 -3 0 S0_1
15073 5 -3 0 S0_1
15074 5 -3 0 S0_1
15077 5 -3 0 S0_1
15079 5 -3 0 S0_1
15081 5 -3 0 S0_1
15082 5 -3 0 S0_1
15084 5 -3 0 S0_1
15086 5 -3 0 S0_1
14001 5 -3 0 S0_1
14002 5 -3 0 S0_1
14003 5 -3 0 S0_1
14005 5 -3 0 S0_1
14008 5 -3 0 S0_1
15070 6 -3 0 S0_1
15072 6 -3 108.996345460118 S0_1
15073 6 -3 0 S0_1
15074 6 -3 27.309701827734 S0_1
15077 6 -3 0 S0_1
15079 6 -3 21.4221684426546 S0_1
15081 6 -3 0 S0_1
15082 6 -3 219.150640249115 S0_1
15084 6 -3 265.603299837084 S0_1
15086 6 -3 11.1522792233463 S0_1
14001 6 -3 0 S0_1
14002 6 -3 3.50352283653475 S0_1
14003 6 -3 98.7401927824249 S0_1
14005 6 -3 29.0909825136712 S0_1
14008 6 -3 0 S0_1
15070 7 -3 0 S0_1
15072 7 -3 0 S0_1
15073 7 -3 0 S0_1
15074 7 -3 0 S0_1
15077 7 -3 0 S0_1
15079 7 -3 0 S0_1
15081 7 -3 0 S0_1
15082 7 -3 0 S0_1
15084 7 -3 0 S0_1
15086 7 -3 0 S0_1
14001 7 -3 0 S0_1
14002 7 -3 0 S0_1
14003 7 -3 12.6222158004911 S0_1
14005 7 -3 0 S0_1
14008 7 -3 0 S0_1
15070 8 -3 0 S0_1
15072 8 -3 23.9573877482272 S0_1
15073 8 -3 0 S0_1
15074 8 -3 4.26160445052238 S0_1
15077 8 -3 0 S0_1
15079 8 -3 0 S0_1
15081 8 -3 0 S0_1
15082 8 -3 94.6977363955771 S0_1
15084 8 -3 95.6636756685607 S0_1
15086 8 -3 1.6949712975866 S0_1
14001 8 -3 0 S0_1
14002 8 -3 0 S0_1
14003 8 -3 12.3245802745715 S0_1
14005 8 -3 0 S0_1
14008 8 -3 0 S0_1
15070 9 -3 0 S0_1
15072 9 -3 5.37071023428603 S0_1
15073 9 -3 0 S0_1
15074 9 -3 0 S0_1
15077 9 -3 0 S0_1
15079 9 -3 0 S0_1
15081 9 -3 0 S0_1
15082 9 -3 74.3315502456002 S0_1
15084 9 -3 98.9295874224818 S0_1
15086 9 -3 0 S0_1
14001 9 -3 0 S0_1
14002 9 -3 0 S0_1
14003 9 -3 22.0047847992254 S0_1
14005 9 -3 0 S0_1
14008 9 -3 0 S0_1
15070 10 -3 0 S0_1
15072 10 -3 14.5176284007231 S0_1
15073 10 -3 0 S0_1
15074 10 -3 1.85143267934901 S0_1
15077 10 -3 0 S0_1
15079 10 -3 0 S0_1
15081 10 -3 0 S0_1
15082 10 -3 82.7575592294403 S0_1
15084 10 -3 87.5466331002819 S0_1
15086 10 -3 0 S0_1
14001 10 -3 0 S0_1
14002 10 -3 0 S0_1
14003 10 -3 8.3925829553729 S0_1
14005 10 -3 0 S0_1
14008 10 -3 0 S0_1
15070 11 -3 0 S0_1
15072 11 -3 0 S0_1
15073 11 -3 0 S0_1
15074 11 -3 0 S0_1
15077 11 -3 0 S0_1
15079 11 -3 0 S0_1
15081 11 -3 0 S0_1
15082 11 -3 0 S0_1
15084 11 -3 0 S0_1
15086 11 -3 0 S0_1
14001 11 -3 0 S0_1
14002 11 -3 0 S0_1
14003 11 -3 0 S0_1
14005 11 -3 0 S0_1
14008 11 -3 0 S0_1
15070 12 -3 0 S0_1
15072 12 -3 0 S0_1
15073 12 -3 0 S0_1
15074 12 -3 0 S0_1
15077 12 -3 0 S0_1
15079 12 -3 0 S0_1
15081 12 -3 0 S0_1
15082 12 -3 0 S0_1
15084 12 -3 0 S0_1
15086 12 -3 0 S0_1
14001 12 -3 0 S0_1
14002 12 -3 0 S0_1
14003 12 -3 0 S0_1
14005 12 -3 0 S0_1
14008 12 -3 0 S0_1
15070 13 -3 0 S0_1
15072 13 -3 0 S0_1
15073 13 -3 0 S0_1
15074 13 -3 0 S0_1
15077 13 -3 0 S0_1
15079 13 -3 0 S0_1
15081 13 -3 0 S0_1
15082 13 -3 9.43581234540393 S0_1
15084 13 -3 32.3928403639453 S0_1
15086 13 -3 0 S0_1
14001 13 -3 0 S0_1
14002 13 -3 0 S0_1
14003 13 -3 3.40012402269819 S0_1
14005 13 -3 0 S0_1
14008 13 -3 0 S0_1
15070 14 -3 0 S0_1
15072 14 -3 2.71654758362075 S0_1
15073 14 -3 0 S0_1
15074 14 -3 0 S0_1
15077 14 -3 0 S0_1
15079 14 -3 7.74579787955061 S0_1
15081 14 -3 0 S0_1
15082 14 -3 24.3912654771325 S0_1
15084 14 -3 74.4505173612254 S0_1
15086 14 -3 0 S0_1
14001 14 -3 0 S0_1
14002 14 -3 0 S0_1
14003 14 -3 76.4571952817189 S0_1
14005 14 -3 1.88312663332416 S0_1
14008 14 -3 0 S0_1
15070 15 -3 11.3907180929438 S0_1
15072 15 -3 230.563423664521 S0_1
15073 15 -3 0 S0_1
15074 15 -3 180.205769722934 S0_1
15077 15 -3 0 S0_1
15079 15 -3 60.8789459738765 S0_1
15081 15 -3 35.6598888770572 S0_1
15082 15 -3 419.989940752821 S0_1
15084 15 -3 450.210490997119 S0_1
15086 15 -3 166.997027339437 S0_1
14001 15 -3 0 S0_1
14002 15 -3 21.3681680931976 S0_1
14003 15 -3 135.478137088242 S0_1
14005 15 -3 65.2372609733996 S0_1
14008 15 -3 0 S0_1
15070 16 -3 0 S0_1
15072 16 -3 74.4173422607861 S0_1
15073 16 -3 0 S0_1
15074 16 -3 46.9725788479026 S0_1
15077 16 -3 0 S0_1
15079 16 -3 0 S0_1
15081 16 -3 0 S0_1
15082 16 -3 155.409479870516 S0_1
15084 16 -3 149.515774136342 S0_1
15086 16 -3 29.8544899843927 S0_1
14001 16 -3 0 S0_1
14002 16 -3 0 S0_1
14003 16 -3 39.228413627718 S0_1
14005 16 -3 0 S0_1
14008 16 -3 0 S0_1
15070 17 -3 0 S0_1
15072 17 -3 82.9648229643342 S0_1
15073 17 -3 0 S0_1
15074 17 -3 1.06113257017583 S0_1
15077 17 -3 0 S0_1
15079 17 -3 19.3636879046283 S0_1
15081 17 -3 0 S0_1
15082 17 -3 176.011820966212 S0_1
15084 17 -3 218.122439434879 S0_1
15086 17 -3 0 S0_1
14001 17 -3 0 S0_1
14002 17 -3 2.79909832355841 S0_1
14003 17 -3 97.7218397208227 S0_1
14005 17 -3 24.8417051460605 S0_1
14008 17 -3 0 S0_1
15070 18 -3 0 S0_1
15072 18 -3 0 S0_1
15073 18 -3 0 S0_1
15074 18 -3 0 S0_1
15077 18 -3 0 S0_1
15079 18 -3 0 S0_1
15081 18 -3 0 S0_1
15082 18 -3 0 S0_1
15084 18 -3 0 S0_1
15086 18 -3 0 S0_1
14001 18 -3 0 S0_1
14002 18 -3 0 S0_1
14003 18 -3 0 S0_1
14005 18 -3 0 S0_1
14008 18 -3 0 S0_1
15070 19 -3 0 S0_1
15072 19 -3 18.1651348292912 S0_1
15073 19 -3 0 S0_1
15074 19 -3 1.93092297604966 S0_1
15077 19 -3 0 S0_1
15079 19 -3 0 S0_1
15081 19 -3 0 S0_1
15082 19 -3 90.2881483981106 S0_1
15084 19 -3 97.1113084563054 S0_1
15086 19 -3 0 S0_1
14001 19 -3 0 S0_1
14002 19 -3 0 S0_1
14003 19 -3 13.1454612297381 S0_1
14005 19 -3 0 S0_1
14008 19 -3 0 S0_1
15070 20 -3 4.09135058902623 S0_1
15072 20 -3 156.310921800974 S0_1
15073 20 -3 0 S0_1
15074 20 -3 123.786500687349 S0_1
15077 20 -3 0 S0_1
15079 20 -3 17.8402698343693 S0_1
15081 20 -3 6.90248770031542 S0_1
15082 20 -3 298.135455072086 S0_1
15084 20 -3 293.525774638882 S0_1
15086 20 -3 107.631922733796 S0_1
14001 20 -3 0 S0_1
14002 20 -3 1.93072183887038 S0_1
14003 20 -3 89.7934132496087 S0_1
14005 20 -3 18.9558592580874 S0_1
14008 20 -3 0 S0_1
15070 21 -3 0 S0_1
15072 21 -3 1.30467210393535 S0_1
15073 21 -3 0 S0_1
15074 21 -3 0 S0_1
15077 21 -3 0 S0_1
15079 21 -3 0 S0_1
15081 21 -3 0 S0_1
15082 21 -3 50.7992495917284 S0_1
15084 21 -3 60.0433468065136 S0_1
15086 21 -3 0 S0_1
14001 21 -3 0 S0_1
14002 21 -3 0 S0_1
14003 21 -3 1.9346064346697 S0_1
14005 21 -3 0 S0_1
14008 21 -3 0 S0_1
15070 22 -3 0 S0_1
15072 22 -3 12.5003658586657 S0_1
15073 22 -3 0 S0_1
15074 22 -3 2.06076190149876 S0_1
15077 22 -3 0 S0_1
15079 22 -3 0 S0_1
15081 22 -3 0 S0_1
15082 22 -3 71.161352163768 S0_1
15084 22 -3 71.1109008895279 S0_1
15086 22 -3 0 S0_1
14001 22 -3 0 S0_1
14002 22 -3 0 S0_1
14003 22 -3 3.11822819152988 S0_1
14005 22 -3 0 S0_1
14008 22 -3 0 S0_1
15070 23 -3 0 S0_1
15072 23 -3 31.0536152814652 S0_1
15073 23 -3 0 S0_1
15074 23 -3 1.44646288215591 S0_1
15077 23 -3 0 S0_1
15079 23 -3 0 S0_1
15081 23 -3 0 S0_1
15082 23 -3 111.305147276124 S0_1
15084 23 -3 128.619915842617 S0_1
15086 23 -3 0 S0_1
14001 23 -3 0 S0_1
14002 23 -3 0 S0_1
14003 23 -3 32.8770197484374 S0_1
14005 23 -3 0 S0_1
14008 23 -3 0 S0_1
15070 24 -3 0 S0_1
15072 24 -3 5.52974522699824 S0_1
15073 24 -3 0 S0_1
15074 24 -3 0 S0_1
15077 24 -3 0 S0_1
15079 24 -3 0 S0_1
15081 24 -3 0 S0_1
15082 24 -3 66.200632083366 S0_1
15084 24 -3 72.0799417805171 S0_1
15086 24 -3 0 S0_1
14001 24 -3 0 S0_1
14002 24 -3 0 S0_1
14003 24 -3 3.62811127784674 S0_1
14005 24 -3 0 S0_1
14008 24 -3 0 S0_1
15070 25 -3 0 S0_1
15072 25 -3 0 S0_1
15073 25 -3 0 S0_1
15074 25 -3 0 S0_1
15077 25 -3 0 S0_1
15079 25 -3 1.28669057236198 S0_1
15081 25 -3 0 S0_1
15082 25 -3 4.38053004561423 S0_1
15084 25 -3 42.2713822642197 S0_1
15086 25 -3 0 S0_1
14001 25 -3 0 S0_1
14002 25 -3 0 S0_1
14003 25 -3 54.0497687314695 S0_1
14005 25 -3 0 S0_1
14008 25 -3 0 S0_1
15070 26 -3 0 S0_1
15072 26 -3 56.0290288147966 S0_1
15073 26 -3 0 S0_1
15074 26 -3 28.5494220918 S0_1
15077 26 -3 0 S0_1
15079 26 -3 0 S0_1
15081 26 -3 0 S0_1
15082 26 -3 129.660487592265 S0_1
15084 26 -3 126.23480970241 S0_1
15086 26 -3 14.7269623644164 S0_1
14001 26 -3 0 S0_1
14002 26 -3 0 S0_1
14003 26 -3 26.5497960729782 S0_1
14005 26 -3 0 S0_1
14008 26 -3 0 S0_1
15070 27 -3 0 S0_1
15072 27 -3 0 S0_1
15073 27 -3 0 S0_1
15074 27 -3 0 S0_1
15077 27 -3 0 S0_1
15079 27 -3 0 S0_1
15081 27 -3 0 S0_1
15082 27 -3 0 S0_1
15084 27 -3 0 S0_1
15086 27 -3 0 S0_1
14001 27 -3 0 S0_1
14002 27 -3 0 S0_1
14003 27 -3 0 S0_1
14005 27 -3 0 S0_1
14008 27 -3 0 S0_1
15070 28 -3 0 S0_1
15072 28 -3 85.4360546136559 S0_1
15073 28 -3 0 S0_1
15074 28 -3 58.6181162036456 S0_1
15077 28 -3 0 S0_1
15079 28 -3 0 S0_1
15081 28 -3 0 S0_1
15082 28 -3 168.097112920142 S0_1
15084 28 -3 161.3686577581 S0_1
15086 28 -3 41.2328333926508 S0_1
14001 28 -3 0 S0_1
14002 28 -3 0 S0_1
14003 28 -3 43.6351203323224 S0_1
14005 28 -3 0 S0_1
14008 28 -3 0 S0_1
15070 29 -3 0 S0_1
15072 29 -3 0 S0_1
15073 29 -3 0 S0_1
15074 29 -3 0 S0_1
15077 29 -3 0 S0_1
15079 29 -3 0 S0_1
15081 29 -3 0 S0_1
15082 29 -3 0 S0_1
15084 29 -3 2.94569464121964 S0_1
15086 29 -3 0 S0_1
14001 29 -3 0 S0_1
14002 29 -3 0 S0_1
14003 29 -3 0 S0_1
14005 29 -3 0 S0_1
14008 29 -3 0 S0_1
15070 30 -3 0 S0_1
15072 30 -3 0 S0_1
15073 30 -3 0 S0_1
15074 30 -3 0 S0_1
15077 30 -3 0 S0_1
15079 30 -3 1.85058060939063 S0_1
15081 30 -3 0 S0_1
15082 30 -3 6.17147370570671 S0_1
15084 30 -3 47.0438208173793 S0_1
15086 30 -3 0 S0_1
14001 30 -3 0 S0_1
14002 30 -3 0 S0_1
14003 30 -3 58.0239203779315 S0_1
14005 30 -3 0 S0_1
14008 30 -3 0 S0_1
15070 31 -3 0 S0_1
15072 31 -3 0 S0_1
15073 31 -3 0 S0_1
15074 31 -3 0 S0_1
15077 31 -3 0 S0_1
15079 31 -3 0 S0_1
15081 31 -3 0 S0_1
15082 31 -3 13.5733405849449 S0_1
15084 31 -3 49.760440715507 S0_1
15086 31 -3 0 S0_1
14001 31 -3 0 S0_1
14002 31 -3 0 S0_1
14003 31 -3 10.8854057856476 S0_1
14005 31 -3 0 S0_1
14008 31 -3 0 S0_1
15070 1 -5 0 S0_1
15072 1 -5 0 S0_1
15073 1 -5 0 S0_1
15074 1 -5 0 S0_1
15077 1 -5 0 S0_1
15079 1 -5 0 S0_1
15081 1 -5 0 S0_1
15082 1 -5 0 S0_1
15084 1 -5 0 S0_1
15086 1 -5 0 S0_1
14001 1 -5 0 S0_1
14002 1 -5 0 S0_1
14003 1 -5 0 S0_1
14005 1 -5 0 S0_1
14008 1 -5 0 S0_1
15070 2 -5 0 S0_1
15072 2 -5 0 S0_1
15073 2 -5 0 S0_1
15074 2 -5 0 S0_1
15077 2 -5 0 S0_1
15079 2 -5 0 S0_1
15081 2 -5 0 S0_1
15082 2 -5 0 S0_1
15084 2 -5 0 S0_1
15086 2 -5 0 S0_1
14001 2 -5 0 S0_1
14002 2 -5 0 S0_1
14003 2 -5 0 S0_1
14005 2 -5 0 S0_1
14008 2 -5 0 S0_1
15070 3 -5 0 S0_1
15072 3 -5 0 S0_1
15073 3 -5 0 S0_1
15074 3 -5 0 S0_1
15077 3 -5 0 S0_1
15079 3 -5 0 S0_1
15081 3 -5 0 S0_1
15082 3 -5 0 S0_1
15084 3 -5 0 S0_1
15086 3 -5 0 S0_1
14001 3 -5 0 S0_1
14002 3 -5 0 S0_1
14003 3 -5 0 S0_1
14005 3 -5 0 S0_1
14008 3 -5 0 S0_1
15070 4 -5 0 S0_1
15072 4 -5 0 S0_1
15073 4 -5 0 S0_1
15074 4 -5 0 S0_1
15077 4 -5 0 S0_1
15079 4 -5 0 S0_1
15081 4 -5 0 S0_1
15082 4 -5 0 S0_1
15084 4 -5 0 S0_1
15086 4 -5 0 S0_1
14001 4 -5 0 S0_1
14002 4 -5 0 S0_1
14003 4 -5 0 S0_1
14005 4 -5 0 S0_1
14008 4 -5 0 S0_1
15070 5 -5 0 S0_1
15072 5 -5 0 S0_1
15073 5 -5 0 S0_1
15074 5 -5 0 S0_1
15077 5 -5 0 S0_1
15079 5 -5 0 S0_1
15081 5 -5 0 S0_1
15082 5 -5 0 S0_1
15084 5 -5 0 S0_1
15086 5 -5 0 S0_1
14001 5 -5 0 S0_1
14002 5 -5 0 S0_1
14003 5 -5 0 S0_1
14005 5 -5 0 S0_1
14008 5 -5 0 S0_1
15070 6 -5 0 S0_1
15072 6 -5 27.9486042042259 S0_1
15073 6 -5 0 S0_1
15074 6 -5 0 S0_1
15077 6 -5 0 S0_1
15079 6 -5 0 S0_1
15081 6 -5 0 S0_1
15082 6 -5 78.8064109316152 S0_1
15084 6 -5 95.3953701925529 S0_1
15086 6 -5 0 S0_1
14001 6 -5 0 S0_1
14002 6 -5 0 S0_1
14003 6 -5 19.5507107475548 S0_1
14005 6 -5 0 S0_1
14008 6 -5 0 S0_1
15070 7 -5 0 S0_1
15072 7 -5 0 S0_1
15073 7 -5 0 S0_1
15074 7 -5 0 S0_1
15077 7 -5 0 S0_1
15079 7 -5 0 S0_1
15081 7 -5 0 S0_1
15082 7 -5 0 S0_1
15084 7 -5 0 S0_1
15086 7 -5 0 S0_1
14001 7 -5 0 S0_1
14002 7 -5 0 S0_1
14003 7 -5 1.36357465371595 S0_1
14005 7 -5 0 S0_1
14008 7 -5 0 S0_1
15070 8 -5 0 S0_1
15072 8 -5 0 S0_1
15073 8 -5 0 S0_1
15074 8 -5 0 S0_1
15077 8 -5 0 S0_1
15079 8 -5 0 S0_1
15081 8 -5 0 S0_1
15082 8 -5 0 S0_1
15084 8 -5 0 S0_1
15086 8 -5 0 S0_1
14001 8 -5 0 S0_1
14002 8 -5 0 S0_1
14003 8 -5 0 S0_1
14005 8 -5 0 S0_1
14008 8 -5 0 S0_1
15070 9 -5 0 S0_1
15072 9 -5 0 S0_1
15073 9 -5 0 S0_1
15074 9 -5 0 S0_1
15077 9 -5 0 S0_1
15079 9 -5 0 S0_1
15081 9 -5 0 S0_1
15082 9 -5 0 S0_1
15084 9 -5 0 S0_1
15086 9 -5 0 S0_1
14001 9 -5 0 S0_1
14002 9 -5 0 S0_1
14003 9 -5 0 S0_1
14005 9 -5 0 S0_1
14008 9 -5 0 S0_1
15070 10 -5 0 S0_1
15072 10 -5 0 S0_1
15073 10 -5 0 S0_1
15074 10 -5 0 S0_1
15077 10 -5 0 S0_1
15079 10 -5 0 S0_1
15081 10 -5 0 S0_1
15082 10 -5 0 S0_1
15084 10 -5 0 S0_1
15086 10 -5 0 S0_1
14001 10 -5 0 S0_1
14002 10 -5 0 S0_1
14003 10 -5 0 S0_1
14005 10 -5 0 S0_1
14008 10 -5 0 S0_1
15070 11 -5 0 S0_1
15072 11 -5 0 S0_1
15073 11 -5 0 S0_1
15074 11 -5 0 S0_1
15077 11 -5 0 S0_1
15079 11 -5 0 S0_1
15081 11 -5 0 S0_1
15082 11 -5 0 S0_1
15084 11 -5 0 S0_1
15086 11 -5 0 S0_1
14001 11 -5 0 S0_1
14002 11 -5 0 S0_1
14003 11 -5 0 S0_1
14005 11 -5 0 S0_1
14008 11 -5 0 S0_1
15070 12 -5 0 S0_1
15072 12 -5 0 S0_1
15073 12 -5 0 S0_1
15074 12 -5 0 S0_1
15077 12 -5 0 S0_1
15079 12 -5 0 S0_1
15081 12 -5 0 S0_1
15082 12 -5 0 S0_1
15084 12 -5 0 S0_1
15086 12 -5 0 S0_1
14001 12 -5 0 S0_1
14002 12 -5 0 S0_1
14003 12 -5 0 S0_1
14005 12 -5 0 S0_1
14008 12 -5 0 S0_1
15070 13 -5 0 S0_1
15072 13 -5 0 S0_1
15073 13 -5 0 S0_1
15074 13 -5 0 S0_1
15077 13 -5 0 S0_1
15079 13 -5 0 S0_1
15081 13 -5 0 S0_1
15082 13 -5 0 S0_1
15084 13 -5 0 S0_1
15086 13 -5 0 S0_1
14001 13 -5 0 S0_1
14002 13 -5 0 S0_1
14003 13 -5 0 S0_1
14005 13 -5 0 S0_1
14008 13 -5 0 S0_1
15070 14 -5 0 S0_1
15072 14 -5 0 S0_1
15073 14 -5 0 S0_1
15074 14 -5 0 S0_1
15077 14 -5 0 S0_1
15079 14 -5 0 S0_1
15081 14 -5 0 S0_1
15082 14 -5 0 S0_1
15084 14 -5 14.0595332392339 S0_1
15086 14 -5 0 S0_1
14001 14 -5 0 S0_1
14002 14 -5 0 S0_1
14003 14 -5 32.2658038432912 S0_1
14005 14 -5 0 S0_1
14008 14 -5 0 S0_1
15070 15 -5 0 S0_1
15072 15 -5 129.304910995884 S0_1
15073 15 -5 0 S0_1
15074 15 -5 56.2668351652246 S0_1
15077 15 -5 0 S0_1
15079 15 -5 1.47763517194665 S0_1
15081 15 -5 0 S0_1
15082 15 -5 192.576177592498 S0_1
15084 15 -5 183.946238129052 S0_1
15086 15 -5 52.4602739704522 S0_1
14001 15 -5 0 S0_1
14002 15 -5 0 S0_1
14003 15 -5 55.6610522368719 S0_1
14005 15 -5 1.52023302399213 S0_1
14008 15 -5 0 S0_1
15070 16 -5 0 S0_1
15072 16 -5 0 S0_1
15073 16 -5 0 S0_1
15074 16 -5 0 S0_1
15077 16 -5 0 S0_1
15079 16 -5 0 S0_1
15081 16 -5 0 S0_1
15082 16 -5 0 S0_1
15084 16 -5 0 S0_1
15086 16 -5 0 S0_1
14001 16 -5 0 S0_1
14002 16 -5 0 S0_1
14003 16 -5 0 S0_1
14005 16 -5 0 S0_1
14008 16 -5 0 S0_1
15070 17 -5 0 S0_1
15072 17 -5 31.3615353149575 S0_1
15073 17 -5 0 S0_1
15074 17 -5 0 S0_1
15077 17 -5 0 S0_1
15079 17 -5 0 S0_1
15081 17 -5 0 S0_1
15082 17 -5 80.2428388512904 S0_1
15084 17 -5 103.797318389936 S0_1
15086 17 -5 0 S0_1
14001 17 -5 0 S0_1
14002 17 -5 0 S0_1
14003 17 -5 36.1837603678364 S0_1
14005 17 -5 0 S0_1
14008 17 -5 0 S0_1
15070 18 -5 0 S0_1
15072 18 -5 0 S0_1
15073 18 -5 0 S0_1
15074 18 -5 0 S0_1
15077 18 -5 0 S0_1
15079 18 -5 0 S0_1
15081 18 -5 0 S0_1
15082 18 -5 0 S0_1
15084 18 -5 0 S0_1
15086 18 -5 0 S0_1
14001 18 -5 0 S0_1
14002 18 -5 0 S0_1
14003 18 -5 0 S0_1
14005 18 -5 0 S0_1
14008 18 -5 0 S0_1
15070 19 -5 0 S0_1
15072 19 -5 0 S0_1
15073 19 -5 0 S0_1
15074 19 -5 0 S0_1
15077 19 -5 0 S0_1
15079 19 -5 0 S0_1
15081 19 -5 0 S0_1
15082 19 -5 0 S0_1
15084 19 -5 0 S0_1
15086 19 -5 0 S0_1
14001 19 -5 0 S0_1
14002 19 -5 0 S0_1
14003 19 -5 0 S0_1
14005 19 -5 0 S0_1
14008 19 -5 0 S0_1
15070 20 -5 0 S0_1
15072 20 -5 41.9980487677327 S0_1
15073 20 -5 0 S0_1
15074 20 -5 1.7992363454192 S0_1
15077 20 -5 0 S0_1
15079 20 -5 0 S0_1
15081 20 -5 0 S0_1
15082 20 -5 83.8907308769282 S0_1
15084 20 -5 77.5970462121607 S0_1
15086 20 -5 1.06896075094748 S0_1
14001 20 -5 0 S0_1
14002 20 -5 0 S0_1
14003 20 -5 4.85751542988115 S0_1
14005 20 -5 0 S0_1
14008 20 -5 0 S0_1
15070 21 -5 0 S0_1
15072 21 -5 0 S0_1
15073 21 -5 0 S0_1
15074 21 -5 0 S0_1
15077 21 -5 0 S0_1
15079 21 -5 0 S0_1
15081 21 -5 0 S0_1
15082 21 -5 0 S0_1
15084 21 -5 0 S0_1
15086 21 -5 0 S0_1
14001 21 -5 0 S0_1
14002 21 -5 0 S0_1
14003 21 -5 0 S0_1
14005 21 -5 0 S0_1
14008 21 -5 0 S0_1
15070 22 -5 0 S0_1
15072 22 -5 0 S0_1
15073 22 -5 0 S0_1
15074 22 -5 0 S0_1
15077 22 -5 0 S0_1
15079 22 -5 0 S0_1
15081 22 -5 0 S0_1
15082 22 -5 0 S0_1
15084 22 -5 0 S0_1
15086 22 -5 0 S0_1
14001 22 -5 0 S0_1
14002 22 -5 0 S0_1
14003 22 -5 0 S0_1
14005 22 -5 0 S0_1
14008 22 -5 0 S0_1
15070 23 -5 0 S0_1
15072 23 -5 0 S0_1
15073 23 -5 0 S0_1
15074 23 -5 0 S0_1
15077 23 -5 0 S0_1
15079 23 -5 0 S0_1
15081 23 -5 0 S0_1
15082 23 -5 0 S0_1
15084 23 -5 0 S0_1
15086 23 -5 0 S0_1
14001 23 -5 0 S0_1
14002 23 -5 0 S0_1
14003 23 -5 0 S0_1
14005 23 -5 0 S0_1
14008 23 -5 0 S0_1
15070 24 -5 0 S0_1
15072 24 -5 0 S0_1
15073 24 -5 0 S0_1
15074 24 -5 0 S0_1
15077 24 -5 0 S0_1
15079 24 -5 0 S0_1
15081 24 -5 0 S0_1
15082 24 -5 0 S0_1
15084 24 -5 0 S0_1
15086 24 -5 0 S0_1
14001 24 -5 0 S0_1
14002 24 -5 0 S0_1
14003 24 -5 0 S0_1
14005 24 -5 0 S0_1
14008 24 -5 0 S0_1
15070 25 -5 0 S0_1
15072 25 -5 0 S0_1
15073 25 -5 0 S0_1
15074 25 -5 0 S0_1
15077 25 -5 0 S0_1
15079 25 -5 0 S0_1
15081 25 -5 0 S0_1
15082 25 -5 0 S0_1
15084 25 -5 0 S0_1
15086 25 -5 0 S0_1
14001 25 -5 0 S0_1
14002 25 -5 0 S0_1
14003 25 -5 2.36304728493998 S0_1
14005 25 -5 0 S0_1
14008 25 -5 0 S0_1
15070 26 -5 0 S0_1
15072 26 -5 0 S0_1
15073 26 -5 0 S0_1
15074 26 -5 0 S0_1
15077 26 -5 0 S0_1
15079 26 -5 0 S0_1
15081 26 -5 0 S0_1
15082 26 -5 0 S0_1
15084 26 -5 0 S0_1
15086 26 -5 0 S0_1
14001 26 -5 0 S0_1
14002 26 -5 0 S0_1
14003 26 -5 0 S0_1
14005 26 -5 0 S0_1
14008 26 -5 0 S0_1
15070 27 -5 0 S0_1
15072 27 -5 0 S0_1
15073 27 -5 0 S0_1
15074 27 -5 0 S0_1
15077 27 -5 0 S0_1
15079 27 -5 0 S0_1
15081 27 -5 0 S0_1
15082 27 -5 0 S0_1
15084 27 -5 0 S0_1
15086 27 -5 0 S0_1
14001 27 -5 0 S0_1
14002 27 -5 0 S0_1
14003 27 -5 0 S0_1
14005 27 -5 0 S0_1
14008 27 -5 0 S0_1
15070 28 -5 0 S0_1
15072 28 -5 0 S0_1
15073 28 -5 0 S0_1
15074 28 -5 0 S0_1
15077 28 -5 0 S0_1
15079 28 -5 0 S0_1
15081 28 -5 0 S0_1
15082 28 -5 0 S0_1
15084 28 -5 0 S0_1
15086 28 -5 0 S0_1
14001 28 -5 0 S0_1
14002 28 -5 0 S0_1
14003 28 -5 0 S0_1
14005 28 -5 0 S0_1
14008 28 -5 0 S0_1
15070 29 -5 0 S0_1
15072 29 -5 0 S0_1
15073 29 -5 0 S0_1
15074 29 -5 0 S0_1
15077 29 -5 0 S0_1
15079 29 -5 0 S0_1
15081 29 -5 0 S0_1
15082 29 -5 0 S0_1
15084 29 -5 0 S0_1
15086 29 -5 0 S0_1
14001 29 -5 0 S0_1
14002 29 -5 0 S0_1
14003 29 -5 0 S0_1
14005 29 -5 0 S0_1
14008 29 -5 0 S0_1
15070 30 -5 0 S0_1
15072 30 -5 0 S0_1
15073 30 -5 0 S0_1
15074 30 -5 0 S0_1
15077 30 -5 0 S0_1
15079 30 -5 0 S0_1
15081 30 -5 0 S0_1
15082 30 -5 0 S0_1
15084 30 -5 0 S0_1
15086 30 -5 0 S0_1
14001 30 -5 0 S0_1
14002 30 -5 0 S0_1
14003 30 -5 7.03972904313934 S0_1
14005 30 -5 0 S0_1
14008 30 -5 0 S0_1
15070 31 -5 0 S0_1
15072 31 -5 0 S0_1
15073 31 -5 0 S0_1
15074 31 -5 0 S0_1
15077 31 -5 0 S0_1
15079 31 -5 0 S0_1
15081 31 -5 0 S0_1
15082 31 -5 0 S0_1
15084 31 -5 0 S0_1
15086 31 -5 0 S0_1
14001 31 -5 0 S0_1
14002 31 -5 0 S0_1
14003 31 -5 0 S0_1
14005 31 -5 0 S0_1
14008 31 -5 0 S0_1
