speciesID lakeID variable value scenario
14037 1 -0.5 0 S0_2
14038 1 -0.5 132.681465366648 S0_2
14039 1 -0.5 0 S0_2
14042 1 -0.5 0 S0_2
14043 1 -0.5 0 S0_2
14046 1 -0.5 250.775954652187 S0_2
14047 1 -0.5 0 S0_2
14049 1 -0.5 0 S0_2
14053 1 -0.5 119.299451322911 S0_2
14054 1 -0.5 0 S0_2
14055 1 -0.5 112.469210391272 S0_2
14057 1 -0.5 7.7969009751336 S0_2
14060 1 -0.5 122.408514894011 S0_2
14061 1 -0.5 0 S0_2
14062 1 -0.5 133.575532154089 S0_2
14037 2 -0.5 0 S0_2
14038 2 -0.5 70.7174194068921 S0_2
14039 2 -0.5 0 S0_2
14042 2 -0.5 0 S0_2
14043 2 -0.5 0 S0_2
14046 2 -0.5 89.0771577910212 S0_2
14047 2 -0.5 0 S0_2
14049 2 -0.5 0 S0_2
14053 2 -0.5 51.5393578987495 S0_2
14054 2 -0.5 0 S0_2
14055 2 -0.5 15.6903261536265 S0_2
14057 2 -0.5 0 S0_2
14060 2 -0.5 7.39366712186437 S0_2
14061 2 -0.5 0 S0_2
14062 2 -0.5 36.0157810593155 S0_2
14037 3 -0.5 0 S0_2
14038 3 -0.5 120.836885508705 S0_2
14039 3 -0.5 0 S0_2
14042 3 -0.5 0 S0_2
14043 3 -0.5 0 S0_2
14046 3 -0.5 230.713424247378 S0_2
14047 3 -0.5 0 S0_2
14049 3 -0.5 0 S0_2
14053 3 -0.5 110.39181924674 S0_2
14054 3 -0.5 0 S0_2
14055 3 -0.5 98.1067820952027 S0_2
14057 3 -0.5 3.21815805164654 S0_2
14060 3 -0.5 98.8289243077637 S0_2
14061 3 -0.5 0 S0_2
14062 3 -0.5 129.601243845024 S0_2
14037 4 -0.5 0 S0_2
14038 4 -0.5 125.632790780458 S0_2
14039 4 -0.5 0 S0_2
14042 4 -0.5 0 S0_2
14043 4 -0.5 0 S0_2
14046 4 -0.5 234.641653526322 S0_2
14047 4 -0.5 0 S0_2
14049 4 -0.5 0 S0_2
14053 4 -0.5 110.220908000401 S0_2
14054 4 -0.5 0 S0_2
14055 4 -0.5 106.363752901162 S0_2
14057 4 -0.5 5.42207851774707 S0_2
14060 4 -0.5 114.537803714387 S0_2
14061 4 -0.5 0 S0_2
14062 4 -0.5 125.150842755075 S0_2
14037 5 -0.5 0 S0_2
14038 5 -0.5 0 S0_2
14039 5 -0.5 0 S0_2
14042 5 -0.5 0 S0_2
14043 5 -0.5 0 S0_2
14046 5 -0.5 0 S0_2
14047 5 -0.5 0 S0_2
14049 5 -0.5 0 S0_2
14053 5 -0.5 0 S0_2
14054 5 -0.5 0 S0_2
14055 5 -0.5 0 S0_2
14057 5 -0.5 0 S0_2
14060 5 -0.5 0 S0_2
14061 5 -0.5 0 S0_2
14062 5 -0.5 0 S0_2
14037 6 -0.5 3.73760630427478 S0_2
14038 6 -0.5 142.57264981909 S0_2
14039 6 -0.5 0 S0_2
14042 6 -0.5 0 S0_2
14043 6 -0.5 0 S0_2
14046 6 -0.5 252.359702308531 S0_2
14047 6 -0.5 0 S0_2
14049 6 -0.5 0 S0_2
14053 6 -0.5 133.414545456293 S0_2
14054 6 -0.5 0 S0_2
14055 6 -0.5 125.4753921379 S0_2
14057 6 -0.5 21.9038516381801 S0_2
14060 6 -0.5 135.366029793939 S0_2
14061 6 -0.5 0 S0_2
14062 6 -0.5 154.393892724708 S0_2
14037 7 -0.5 0 S0_2
14038 7 -0.5 73.2246580628625 S0_2
14039 7 -0.5 0 S0_2
14042 7 -0.5 0 S0_2
14043 7 -0.5 0 S0_2
14046 7 -0.5 93.4197401699972 S0_2
14047 7 -0.5 0 S0_2
14049 7 -0.5 0 S0_2
14053 7 -0.5 54.7845694503286 S0_2
14054 7 -0.5 0 S0_2
14055 7 -0.5 18.0616307958987 S0_2
14057 7 -0.5 0 S0_2
14060 7 -0.5 8.70106867203535 S0_2
14061 7 -0.5 0 S0_2
14062 7 -0.5 41.4484924100161 S0_2
14037 8 -0.5 0 S0_2
14038 8 -0.5 123.872159704266 S0_2
14039 8 -0.5 0 S0_2
14042 8 -0.5 0 S0_2
14043 8 -0.5 0 S0_2
14046 8 -0.5 219.384480717075 S0_2
14047 8 -0.5 0 S0_2
14049 8 -0.5 0 S0_2
14053 8 -0.5 105.997148708047 S0_2
14054 8 -0.5 0 S0_2
14055 8 -0.5 105.816725588052 S0_2
14057 8 -0.5 8.29071830320083 S0_2
14060 8 -0.5 117.941534083759 S0_2
14061 8 -0.5 0 S0_2
14062 8 -0.5 120.083518861148 S0_2
14037 9 -0.5 1.14094786985319 S0_2
14038 9 -0.5 131.226235137705 S0_2
14039 9 -0.5 0 S0_2
14042 9 -0.5 0 S0_2
14043 9 -0.5 0 S0_2
14046 9 -0.5 239.061554936835 S0_2
14047 9 -0.5 0 S0_2
14049 9 -0.5 0 S0_2
14053 9 -0.5 118.839190289307 S0_2
14054 9 -0.5 0 S0_2
14055 9 -0.5 113.119505637414 S0_2
14057 9 -0.5 9.59601411318766 S0_2
14060 9 -0.5 120.908405095615 S0_2
14061 9 -0.5 0 S0_2
14062 9 -0.5 136.833512991843 S0_2
14037 10 -0.5 1.37036135841726 S0_2
14038 10 -0.5 137.772283966664 S0_2
14039 10 -0.5 0 S0_2
14042 10 -0.5 0 S0_2
14043 10 -0.5 0 S0_2
14046 10 -0.5 249.319999747383 S0_2
14047 10 -0.5 0 S0_2
14049 10 -0.5 0 S0_2
14053 10 -0.5 125.125236626511 S0_2
14054 10 -0.5 0 S0_2
14055 10 -0.5 119.310531810542 S0_2
14057 10 -0.5 14.4991737562751 S0_2
14060 10 -0.5 130.315472851023 S0_2
14061 10 -0.5 0 S0_2
14062 10 -0.5 142.3607934941 S0_2
14037 11 -0.5 0 S0_2
14038 11 -0.5 95.8559432488921 S0_2
14039 11 -0.5 0 S0_2
14042 11 -0.5 0 S0_2
14043 11 -0.5 0 S0_2
14046 11 -0.5 199.265768628139 S0_2
14047 11 -0.5 0 S0_2
14049 11 -0.5 0 S0_2
14053 11 -0.5 55.1589171835797 S0_2
14054 11 -0.5 0 S0_2
14055 11 -0.5 65.7258817119619 S0_2
14057 11 -0.5 0 S0_2
14060 11 -0.5 83.1489119695856 S0_2
14061 11 -0.5 0 S0_2
14062 11 -0.5 64.7436774441837 S0_2
14037 12 -0.5 0 S0_2
14038 12 -0.5 79.4219324897638 S0_2
14039 12 -0.5 0 S0_2
14042 12 -0.5 0 S0_2
14043 12 -0.5 0 S0_2
14046 12 -0.5 159.960643505887 S0_2
14047 12 -0.5 0 S0_2
14049 12 -0.5 0 S0_2
14053 12 -0.5 33.0514189118812 S0_2
14054 12 -0.5 0 S0_2
14055 12 -0.5 48.3357855060356 S0_2
14057 12 -0.5 0 S0_2
14060 12 -0.5 69.0916498312633 S0_2
14061 12 -0.5 0 S0_2
14062 12 -0.5 39.86583611426 S0_2
14037 13 -0.5 0 S0_2
14038 13 -0.5 69.4077007370115 S0_2
14039 13 -0.5 0 S0_2
14042 13 -0.5 0 S0_2
14043 13 -0.5 0 S0_2
14046 13 -0.5 120.806064933136 S0_2
14047 13 -0.5 0 S0_2
14049 13 -0.5 0 S0_2
14053 13 -0.5 42.9906092330468 S0_2
14054 13 -0.5 0 S0_2
14055 13 -0.5 52.2500343181018 S0_2
14057 13 -0.5 0 S0_2
14060 13 -0.5 57.3704461387422 S0_2
14061 13 -0.5 0 S0_2
14062 13 -0.5 35.4410594315038 S0_2
14037 14 -0.5 1.3638422889999 S0_2
14038 14 -0.5 114.815733252272 S0_2
14039 14 -0.5 0 S0_2
14042 14 -0.5 0 S0_2
14043 14 -0.5 0 S0_2
14046 14 -0.5 205.593453373821 S0_2
14047 14 -0.5 0 S0_2
14049 14 -0.5 0 S0_2
14053 14 -0.5 106.431035324472 S0_2
14054 14 -0.5 0 S0_2
14055 14 -0.5 85.1209550604281 S0_2
14057 14 -0.5 2.95862065414404 S0_2
14060 14 -0.5 81.5555267310433 S0_2
14061 14 -0.5 0 S0_2
14062 14 -0.5 125.817132838056 S0_2
14037 15 -0.5 15.5375093953859 S0_2
14038 15 -0.5 161.413654816867 S0_2
14039 15 -0.5 0 S0_2
14042 15 -0.5 0 S0_2
14043 15 -0.5 0 S0_2
14046 15 -0.5 281.764613843592 S0_2
14047 15 -0.5 1.11887058462861 S0_2
14049 15 -0.5 0 S0_2
14053 15 -0.5 155.829903091261 S0_2
14054 15 -0.5 0 S0_2
14055 15 -0.5 144.216494588274 S0_2
14057 15 -0.5 40.8993275467997 S0_2
14060 15 -0.5 159.289735271666 S0_2
14061 15 -0.5 0 S0_2
14062 15 -0.5 178.460149535418 S0_2
14037 16 -0.5 1.26372492718025 S0_2
14038 16 -0.5 136.53423244967 S0_2
14039 16 -0.5 0 S0_2
14042 16 -0.5 0 S0_2
14043 16 -0.5 0 S0_2
14046 16 -0.5 240.580387423631 S0_2
14047 16 -0.5 0 S0_2
14049 16 -0.5 0 S0_2
14053 16 -0.5 122.418019611981 S0_2
14054 16 -0.5 0 S0_2
14055 16 -0.5 118.53842264927 S0_2
14057 16 -0.5 17.5949490429697 S0_2
14060 16 -0.5 131.591935053977 S0_2
14061 16 -0.5 0 S0_2
14062 16 -0.5 139.473761394302 S0_2
14037 17 -0.5 0 S0_2
14038 17 -0.5 117.810467669473 S0_2
14039 17 -0.5 0 S0_2
14042 17 -0.5 0 S0_2
14043 17 -0.5 0 S0_2
14046 17 -0.5 205.96308407215 S0_2
14047 17 -0.5 0 S0_2
14049 17 -0.5 0 S0_2
14053 17 -0.5 104.156058543825 S0_2
14054 17 -0.5 0 S0_2
14055 17 -0.5 101.24814115939 S0_2
14057 17 -0.5 6.18474546072448 S0_2
14060 17 -0.5 108.143737524463 S0_2
14061 17 -0.5 0 S0_2
14062 17 -0.5 120.4778903149 S0_2
14037 18 -0.5 0 S0_2
14038 18 -0.5 107.418519956703 S0_2
14039 18 -0.5 0 S0_2
14042 18 -0.5 0 S0_2
14043 18 -0.5 0 S0_2
14046 18 -0.5 202.052465411359 S0_2
14047 18 -0.5 0 S0_2
14049 18 -0.5 0 S0_2
14053 18 -0.5 80.2307689317656 S0_2
14054 18 -0.5 0 S0_2
14055 18 -0.5 85.2387446238749 S0_2
14057 18 -0.5 1.84199620981153 S0_2
14060 18 -0.5 98.0424577531632 S0_2
14061 18 -0.5 0 S0_2
14062 18 -0.5 88.2738609771965 S0_2
14037 19 -0.5 1.17383387655336 S0_2
14038 19 -0.5 135.506454557501 S0_2
14039 19 -0.5 0 S0_2
14042 19 -0.5 0 S0_2
14043 19 -0.5 0 S0_2
14046 19 -0.5 244.110100770763 S0_2
14047 19 -0.5 0 S0_2
14049 19 -0.5 0 S0_2
14053 19 -0.5 122.067330746704 S0_2
14054 19 -0.5 0 S0_2
14055 19 -0.5 117.283854096083 S0_2
14057 19 -0.5 13.3489564801335 S0_2
14060 19 -0.5 128.201998054073 S0_2
14061 19 -0.5 0 S0_2
14062 19 -0.5 139.229157252236 S0_2
14037 20 -0.5 3.50123163331107 S0_2
14038 20 -0.5 146.632692534967 S0_2
14039 20 -0.5 0 S0_2
14042 20 -0.5 0 S0_2
14043 20 -0.5 0 S0_2
14046 20 -0.5 255.134323906041 S0_2
14047 20 -0.5 0 S0_2
14049 20 -0.5 0 S0_2
14053 20 -0.5 135.689176485365 S0_2
14054 20 -0.5 0 S0_2
14055 20 -0.5 129.21194203807 S0_2
14057 20 -0.5 28.5373008465295 S0_2
14060 20 -0.5 143.504916525756 S0_2
14061 20 -0.5 0 S0_2
14062 20 -0.5 155.283172738866 S0_2
14037 21 -0.5 1.31183666930473 S0_2
14038 21 -0.5 137.023865069707 S0_2
14039 21 -0.5 0 S0_2
14042 21 -0.5 0 S0_2
14043 21 -0.5 0 S0_2
14046 21 -0.5 251.397631155619 S0_2
14047 21 -0.5 0 S0_2
14049 21 -0.5 0 S0_2
14053 21 -0.5 124.973105870618 S0_2
14054 21 -0.5 0 S0_2
14055 21 -0.5 118.313991685442 S0_2
14057 21 -0.5 12.3385112143668 S0_2
14060 21 -0.5 128.247382170435 S0_2
14061 21 -0.5 0 S0_2
14062 21 -0.5 141.855896726426 S0_2
14037 22 -0.5 2.89067931138356 S0_2
14038 22 -0.5 145.643426154175 S0_2
14039 22 -0.5 0 S0_2
14042 22 -0.5 0 S0_2
14043 22 -0.5 0 S0_2
14046 22 -0.5 267.229711525944 S0_2
14047 22 -0.5 0 S0_2
14049 22 -0.5 0 S0_2
14053 22 -0.5 137.15036141183 S0_2
14054 22 -0.5 0 S0_2
14055 22 -0.5 126.792991423513 S0_2
14057 22 -0.5 19.2440033880361 S0_2
14060 22 -0.5 137.760824591497 S0_2
14061 22 -0.5 0 S0_2
14062 22 -0.5 155.005271511666 S0_2
14037 23 -0.5 4.44554073952103 S0_2
14038 23 -0.5 147.159729361101 S0_2
14039 23 -0.5 0 S0_2
14042 23 -0.5 0 S0_2
14043 23 -0.5 0 S0_2
14046 23 -0.5 268.746868035187 S0_2
14047 23 -0.5 0 S0_2
14049 23 -0.5 0 S0_2
14053 23 -0.5 140.346130157845 S0_2
14054 23 -0.5 0 S0_2
14055 23 -0.5 129.231368793998 S0_2
14057 23 -0.5 20.6924753482268 S0_2
14060 23 -0.5 138.338664691423 S0_2
14061 23 -0.5 0 S0_2
14062 23 -0.5 160.451241943296 S0_2
14037 24 -0.5 2.11082622909732 S0_2
14038 24 -0.5 142.11872135245 S0_2
14039 24 -0.5 0 S0_2
14042 24 -0.5 0 S0_2
14043 24 -0.5 0 S0_2
14046 24 -0.5 260.576158235435 S0_2
14047 24 -0.5 0 S0_2
14049 24 -0.5 0 S0_2
14053 24 -0.5 132.221470103875 S0_2
14054 24 -0.5 0 S0_2
14055 24 -0.5 123.487022576951 S0_2
14057 24 -0.5 16.0854840574169 S0_2
14060 24 -0.5 133.746047256427 S0_2
14061 24 -0.5 0 S0_2
14062 24 -0.5 149.875630542186 S0_2
14037 25 -0.5 2.39433065361034 S0_2
14038 25 -0.5 120.835447594633 S0_2
14039 25 -0.5 0 S0_2
14042 25 -0.5 0 S0_2
14043 25 -0.5 0 S0_2
14046 25 -0.5 221.324825608908 S0_2
14047 25 -0.5 0 S0_2
14049 25 -0.5 0 S0_2
14053 25 -0.5 114.805923512263 S0_2
14054 25 -0.5 0 S0_2
14055 25 -0.5 89.9045652828801 S0_2
14057 25 -0.5 3.66348643317723 S0_2
14060 25 -0.5 86.5086124349397 S0_2
14061 25 -0.5 0 S0_2
14062 25 -0.5 136.024855135268 S0_2
14037 26 -0.5 2.56910857763926 S0_2
14038 26 -0.5 144.790162769014 S0_2
14039 26 -0.5 0 S0_2
14042 26 -0.5 0 S0_2
14043 26 -0.5 0 S0_2
14046 26 -0.5 259.694320633051 S0_2
14047 26 -0.5 0 S0_2
14049 26 -0.5 0 S0_2
14053 26 -0.5 134.243849455668 S0_2
14054 26 -0.5 0 S0_2
14055 26 -0.5 126.380971236462 S0_2
14057 26 -0.5 21.8922714808064 S0_2
14060 26 -0.5 138.643397730441 S0_2
14061 26 -0.5 0 S0_2
14062 26 -0.5 152.609119032616 S0_2
14037 27 -0.5 0 S0_2
14038 27 -0.5 61.6135912911601 S0_2
14039 27 -0.5 0 S0_2
14042 27 -0.5 0 S0_2
14043 27 -0.5 0 S0_2
14046 27 -0.5 75.179633728 S0_2
14047 27 -0.5 0 S0_2
14049 27 -0.5 0 S0_2
14053 27 -0.5 37.0386601653146 S0_2
14054 27 -0.5 0 S0_2
14055 27 -0.5 7.83197185929465 S0_2
14057 27 -0.5 0 S0_2
14060 27 -0.5 4.0540338462751 S0_2
14061 27 -0.5 0 S0_2
14062 27 -0.5 20.9848766992976 S0_2
14037 28 -0.5 5.80786558045534 S0_2
14038 28 -0.5 152.665554498088 S0_2
14039 28 -0.5 0 S0_2
14042 28 -0.5 0 S0_2
14043 28 -0.5 0 S0_2
14046 28 -0.5 273.817785497799 S0_2
14047 28 -0.5 0 S0_2
14049 28 -0.5 0 S0_2
14053 28 -0.5 145.420625605228 S0_2
14054 28 -0.5 0 S0_2
14055 28 -0.5 134.425687309511 S0_2
14057 28 -0.5 29.1184839048443 S0_2
14060 28 -0.5 147.134753337331 S0_2
14061 28 -0.5 0 S0_2
14062 28 -0.5 165.289130873846 S0_2
14037 29 -0.5 0 S0_2
14038 29 -0.5 98.8808321142137 S0_2
14039 29 -0.5 0 S0_2
14042 29 -0.5 0 S0_2
14043 29 -0.5 0 S0_2
14046 29 -0.5 183.066680122554 S0_2
14047 29 -0.5 0 S0_2
14049 29 -0.5 0 S0_2
14053 29 -0.5 74.5806892812806 S0_2
14054 29 -0.5 0 S0_2
14055 29 -0.5 79.1524324554991 S0_2
14057 29 -0.5 1.05883659051331 S0_2
14060 29 -0.5 87.5360075350445 S0_2
14061 29 -0.5 0 S0_2
14062 29 -0.5 82.6478167909894 S0_2
14037 30 -0.5 0 S0_2
14038 30 -0.5 110.120629099783 S0_2
14039 30 -0.5 0 S0_2
14042 30 -0.5 0 S0_2
14043 30 -0.5 0 S0_2
14046 30 -0.5 198.239506106789 S0_2
14047 30 -0.5 0 S0_2
14049 30 -0.5 0 S0_2
14053 30 -0.5 100.253173609896 S0_2
14054 30 -0.5 0 S0_2
14055 30 -0.5 80.242034111615 S0_2
14057 30 -0.5 1.97976522874777 S0_2
14060 30 -0.5 76.3051054400787 S0_2
14061 30 -0.5 0 S0_2
14062 30 -0.5 118.36527258917 S0_2
14037 31 -0.5 18.5126088838708 S0_2
14038 31 -0.5 118.963239600712 S0_2
14039 31 -0.5 0 S0_2
14042 31 -0.5 0 S0_2
14043 31 -0.5 0 S0_2
14046 31 -0.5 270.943131851028 S0_2
14047 31 -0.5 0 S0_2
14049 31 -0.5 0 S0_2
14053 31 -0.5 147.310681467865 S0_2
14054 31 -0.5 0 S0_2
14055 31 -0.5 106.011712883731 S0_2
14057 31 -0.5 4.24488552524947 S0_2
14060 31 -0.5 105.825805556925 S0_2
14061 31 -0.5 0 S0_2
14062 31 -0.5 161.948141517018 S0_2
14037 1 -1.5 0 S0_2
14038 1 -1.5 6.69057477293162 S0_2
14039 1 -1.5 0 S0_2
14042 1 -1.5 0 S0_2
14043 1 -1.5 287.51041947605 S0_2
14046 1 -1.5 1.94602544724939 S0_2
14047 1 -1.5 0 S0_2
14049 1 -1.5 0 S0_2
14053 1 -1.5 0 S0_2
14054 1 -1.5 0 S0_2
14055 1 -1.5 0 S0_2
14057 1 -1.5 0 S0_2
14060 1 -1.5 1.16388593324537 S0_2
14061 1 -1.5 0 S0_2
14062 1 -1.5 0 S0_2
14037 2 -1.5 0 S0_2
14038 2 -1.5 73.63388261281 S0_2
14039 2 -1.5 0 S0_2
14042 2 -1.5 0 S0_2
14043 2 -1.5 338.631440749242 S0_2
14046 2 -1.5 51.1627928783493 S0_2
14047 2 -1.5 0 S0_2
14049 2 -1.5 0 S0_2
14053 2 -1.5 58.481358562825 S0_2
14054 2 -1.5 0 S0_2
14055 2 -1.5 3.15011118244706 S0_2
14057 2 -1.5 0 S0_2
14060 2 -1.5 3.02870389783712 S0_2
14061 2 -1.5 45.0561580508898 S0_2
14062 2 -1.5 16.4559758182202 S0_2
14037 3 -1.5 0 S0_2
14038 3 -1.5 50.684260066829 S0_2
14039 3 -1.5 0 S0_2
14042 3 -1.5 0 S0_2
14043 3 -1.5 367.305612809601 S0_2
14046 3 -1.5 55.8479269067717 S0_2
14047 3 -1.5 0 S0_2
14049 3 -1.5 0 S0_2
14053 3 -1.5 21.7210236664511 S0_2
14054 3 -1.5 0 S0_2
14055 3 -1.5 4.30805869554053 S0_2
14057 3 -1.5 0 S0_2
14060 3 -1.5 13.7814175174022 S0_2
14061 3 -1.5 17.7830950702631 S0_2
14062 3 -1.5 9.58997246760312 S0_2
14037 4 -1.5 0 S0_2
14038 4 -1.5 20.8222784740554 S0_2
14039 4 -1.5 0 S0_2
14042 4 -1.5 0 S0_2
14043 4 -1.5 312.584449951986 S0_2
14046 4 -1.5 9.43520677068366 S0_2
14047 4 -1.5 0 S0_2
14049 4 -1.5 0 S0_2
14053 4 -1.5 1.62550970988003 S0_2
14054 4 -1.5 0 S0_2
14055 4 -1.5 0 S0_2
14057 4 -1.5 0 S0_2
14060 4 -1.5 4.17995729005598 S0_2
14061 4 -1.5 2.49591912095616 S0_2
14062 4 -1.5 0 S0_2
14037 5 -1.5 0 S0_2
14038 5 -1.5 0 S0_2
14039 5 -1.5 0 S0_2
14042 5 -1.5 0 S0_2
14043 5 -1.5 0 S0_2
14046 5 -1.5 0 S0_2
14047 5 -1.5 0 S0_2
14049 5 -1.5 0 S0_2
14053 5 -1.5 0 S0_2
14054 5 -1.5 0 S0_2
14055 5 -1.5 0 S0_2
14057 5 -1.5 0 S0_2
14060 5 -1.5 0 S0_2
14061 5 -1.5 0 S0_2
14062 5 -1.5 0 S0_2
14037 6 -1.5 0 S0_2
14038 6 -1.5 115.440325551961 S0_2
14039 6 -1.5 41.8882982314828 S0_2
14042 6 -1.5 0 S0_2
14043 6 -1.5 494.612685427138 S0_2
14046 6 -1.5 146.356059314841 S0_2
14047 6 -1.5 0 S0_2
14049 6 -1.5 4.90164931086413 S0_2
14053 6 -1.5 102.682065751868 S0_2
14054 6 -1.5 0 S0_2
14055 6 -1.5 61.7479488570843 S0_2
14057 6 -1.5 0 S0_2
14060 6 -1.5 84.9192831734355 S0_2
14061 6 -1.5 97.0649876498379 S0_2
14062 6 -1.5 90.4029653536544 S0_2
14037 7 -1.5 0 S0_2
14038 7 -1.5 77.8312395469076 S0_2
14039 7 -1.5 0 S0_2
14042 7 -1.5 0 S0_2
14043 7 -1.5 349.602931042205 S0_2
14046 7 -1.5 58.2424078578574 S0_2
14047 7 -1.5 0 S0_2
14049 7 -1.5 0 S0_2
14053 7 -1.5 63.9561774850182 S0_2
14054 7 -1.5 0 S0_2
14055 7 -1.5 4.27373945152508 S0_2
14057 7 -1.5 0 S0_2
14060 7 -1.5 3.96224312772679 S0_2
14061 7 -1.5 50.5973915175566 S0_2
14062 7 -1.5 21.8243215394993 S0_2
14037 8 -1.5 0 S0_2
14038 8 -1.5 50.5786783841829 S0_2
14039 8 -1.5 0 S0_2
14042 8 -1.5 0 S0_2
14043 8 -1.5 352.671089766454 S0_2
14046 8 -1.5 43.4815799075435 S0_2
14047 8 -1.5 0 S0_2
14049 8 -1.5 0 S0_2
14053 8 -1.5 16.6123366454929 S0_2
14054 8 -1.5 0 S0_2
14055 8 -1.5 5.24953274664436 S0_2
14057 8 -1.5 0 S0_2
14060 8 -1.5 24.4742164668131 S0_2
14061 8 -1.5 23.6522544726697 S0_2
14062 8 -1.5 5.78955201982591 S0_2
14037 9 -1.5 0 S0_2
14038 9 -1.5 63.947637274863 S0_2
14039 9 -1.5 1.51348213689074 S0_2
14042 9 -1.5 0 S0_2
14043 9 -1.5 391.049236307124 S0_2
14046 9 -1.5 70.6717471752751 S0_2
14047 9 -1.5 0 S0_2
14049 9 -1.5 0 S0_2
14053 9 -1.5 34.653181076894 S0_2
14054 9 -1.5 0 S0_2
14055 9 -1.5 11.9962551396289 S0_2
14057 9 -1.5 0 S0_2
14060 9 -1.5 34.0634040286463 S0_2
14061 9 -1.5 35.9223359629337 S0_2
14062 9 -1.5 16.7455051808473 S0_2
14037 10 -1.5 0 S0_2
14038 10 -1.5 51.676986642222 S0_2
14039 10 -1.5 0 S0_2
14042 10 -1.5 0 S0_2
14043 10 -1.5 377.040241656932 S0_2
14046 10 -1.5 49.6603280590561 S0_2
14047 10 -1.5 0 S0_2
14049 10 -1.5 0 S0_2
14053 10 -1.5 18.48539410338 S0_2
14054 10 -1.5 0 S0_2
14055 10 -1.5 5.47140378936054 S0_2
14057 10 -1.5 0 S0_2
14060 10 -1.5 26.2231008926298 S0_2
14061 10 -1.5 25.8783103651545 S0_2
14062 10 -1.5 7.79923928238334 S0_2
14037 11 -1.5 0 S0_2
14038 11 -1.5 0 S0_2
14039 11 -1.5 0 S0_2
14042 11 -1.5 0 S0_2
14043 11 -1.5 72.2530861830256 S0_2
14046 11 -1.5 0 S0_2
14047 11 -1.5 0 S0_2
14049 11 -1.5 0 S0_2
14053 11 -1.5 0 S0_2
14054 11 -1.5 0 S0_2
14055 11 -1.5 0 S0_2
14057 11 -1.5 0 S0_2
14060 11 -1.5 0 S0_2
14061 11 -1.5 0 S0_2
14062 11 -1.5 0 S0_2
14037 12 -1.5 0 S0_2
14038 12 -1.5 0 S0_2
14039 12 -1.5 0 S0_2
14042 12 -1.5 0 S0_2
14043 12 -1.5 65.5650776592776 S0_2
14046 12 -1.5 0 S0_2
14047 12 -1.5 0 S0_2
14049 12 -1.5 0 S0_2
14053 12 -1.5 0 S0_2
14054 12 -1.5 0 S0_2
14055 12 -1.5 0 S0_2
14057 12 -1.5 0 S0_2
14060 12 -1.5 0 S0_2
14061 12 -1.5 0 S0_2
14062 12 -1.5 0 S0_2
14037 13 -1.5 0 S0_2
14038 13 -1.5 23.6757539120354 S0_2
14039 13 -1.5 0 S0_2
14042 13 -1.5 0 S0_2
14043 13 -1.5 247.137074986743 S0_2
14046 13 -1.5 7.77795681863992 S0_2
14047 13 -1.5 0 S0_2
14049 13 -1.5 0 S0_2
14053 13 -1.5 2.95054276873871 S0_2
14054 13 -1.5 0 S0_2
14055 13 -1.5 0 S0_2
14057 13 -1.5 0 S0_2
14060 13 -1.5 3.76418021706374 S0_2
14061 13 -1.5 2.20127335164024 S0_2
14062 13 -1.5 0 S0_2
14037 14 -1.5 1.66039652942898 S0_2
14038 14 -1.5 111.546091400248 S0_2
14039 14 -1.5 25.629448397206 S0_2
14042 14 -1.5 0 S0_2
14043 14 -1.5 468.368798138364 S0_2
14046 14 -1.5 142.143036824262 S0_2
14047 14 -1.5 0 S0_2
14049 14 -1.5 3.1386924542593 S0_2
14053 14 -1.5 106.044293106335 S0_2
14054 14 -1.5 0 S0_2
14055 14 -1.5 51.3261908007391 S0_2
14057 14 -1.5 0 S0_2
14060 14 -1.5 57.7470886974878 S0_2
14061 14 -1.5 88.4833690687172 S0_2
14062 14 -1.5 94.1084746866525 S0_2
14037 15 -1.5 5.20870562002274 S0_2
14038 15 -1.5 139.425531084845 S0_2
14039 15 -1.5 71.0406697310226 S0_2
14042 15 -1.5 0 S0_2
14043 15 -1.5 565.295022567662 S0_2
14046 15 -1.5 180.570425269344 S0_2
14047 15 -1.5 0 S0_2
14049 15 -1.5 21.5659265475749 S0_2
14053 15 -1.5 132.229400217059 S0_2
14054 15 -1.5 0 S0_2
14055 15 -1.5 82.9350937984974 S0_2
14057 15 -1.5 5.00881986268424 S0_2
14060 15 -1.5 112.293079015626 S0_2
14061 15 -1.5 131.183086818035 S0_2
14062 15 -1.5 121.00098271914 S0_2
14037 16 -1.5 0 S0_2
14038 16 -1.5 73.5956437996316 S0_2
14039 16 -1.5 3.36429872408678 S0_2
14042 16 -1.5 0 S0_2
14043 16 -1.5 406.466363519042 S0_2
14046 16 -1.5 80.7303041375175 S0_2
14047 16 -1.5 0 S0_2
14049 16 -1.5 0 S0_2
14053 16 -1.5 44.681736486933 S0_2
14054 16 -1.5 0 S0_2
14055 16 -1.5 19.4053425133224 S0_2
14057 16 -1.5 0 S0_2
14060 16 -1.5 47.5580072907472 S0_2
14061 16 -1.5 51.1659096649323 S0_2
14062 16 -1.5 23.8851297971677 S0_2
14037 17 -1.5 0 S0_2
14038 17 -1.5 105.901516133153 S0_2
14039 17 -1.5 29.7921105024155 S0_2
14042 17 -1.5 0 S0_2
14043 17 -1.5 440.942469112456 S0_2
14046 17 -1.5 128.775082409661 S0_2
14047 17 -1.5 0 S0_2
14049 17 -1.5 2.62263350613264 S0_2
14053 17 -1.5 92.7404220388174 S0_2
14054 17 -1.5 0 S0_2
14055 17 -1.5 55.2942407581224 S0_2
14057 17 -1.5 0 S0_2
14060 17 -1.5 73.2616917913673 S0_2
14061 17 -1.5 84.2675874003279 S0_2
14062 17 -1.5 75.6653117308383 S0_2
14037 18 -1.5 0 S0_2
14038 18 -1.5 0 S0_2
14039 18 -1.5 0 S0_2
14042 18 -1.5 0 S0_2
14043 18 -1.5 212.541941029318 S0_2
14046 18 -1.5 0 S0_2
14047 18 -1.5 0 S0_2
14049 18 -1.5 0 S0_2
14053 18 -1.5 0 S0_2
14054 18 -1.5 0 S0_2
14055 18 -1.5 0 S0_2
14057 18 -1.5 0 S0_2
14060 18 -1.5 0 S0_2
14061 18 -1.5 0 S0_2
14062 18 -1.5 0 S0_2
14037 19 -1.5 0 S0_2
14038 19 -1.5 55.7698778032466 S0_2
14039 19 -1.5 0 S0_2
14042 19 -1.5 0 S0_2
14043 19 -1.5 380.089669847422 S0_2
14046 19 -1.5 55.5274921984123 S0_2
14047 19 -1.5 0 S0_2
14049 19 -1.5 0 S0_2
14053 19 -1.5 22.9657548105286 S0_2
14054 19 -1.5 0 S0_2
14055 19 -1.5 7.24917830952848 S0_2
14057 19 -1.5 0 S0_2
14060 19 -1.5 29.6040787938381 S0_2
14061 19 -1.5 29.6739415184889 S0_2
14062 19 -1.5 9.76386707724768 S0_2
14037 20 -1.5 0 S0_2
14038 20 -1.5 108.531183869133 S0_2
14039 20 -1.5 33.0654840137643 S0_2
14042 20 -1.5 0 S0_2
14043 20 -1.5 480.938086855855 S0_2
14046 20 -1.5 132.812258393858 S0_2
14047 20 -1.5 0 S0_2
14049 20 -1.5 2.33091710958269 S0_2
14053 20 -1.5 91.058948921899 S0_2
14054 20 -1.5 0 S0_2
14055 20 -1.5 54.3571000490609 S0_2
14057 20 -1.5 0 S0_2
14060 20 -1.5 81.8059355903781 S0_2
14061 20 -1.5 92.5550129739968 S0_2
14062 20 -1.5 76.4273817993681 S0_2
14037 21 -1.5 0 S0_2
14038 21 -1.5 40.2359375451701 S0_2
14039 21 -1.5 0 S0_2
14042 21 -1.5 0 S0_2
14043 21 -1.5 358.93576703778 S0_2
14046 21 -1.5 32.8511545170984 S0_2
14047 21 -1.5 0 S0_2
14049 21 -1.5 0 S0_2
14053 21 -1.5 8.77244154780282 S0_2
14054 21 -1.5 0 S0_2
14055 21 -1.5 2.36783431033869 S0_2
14057 21 -1.5 0 S0_2
14060 21 -1.5 15.9243719434629 S0_2
14061 21 -1.5 14.0748139154332 S0_2
14062 21 -1.5 3.75815101927362 S0_2
14037 22 -1.5 0 S0_2
14038 22 -1.5 45.2788606655238 S0_2
14039 22 -1.5 0 S0_2
14042 22 -1.5 0 S0_2
14043 22 -1.5 379.573835495979 S0_2
14046 22 -1.5 42.4991007423769 S0_2
14047 22 -1.5 0 S0_2
14049 22 -1.5 0 S0_2
14053 22 -1.5 13.0822052728236 S0_2
14054 22 -1.5 0 S0_2
14055 22 -1.5 3.42481520019815 S0_2
14057 22 -1.5 0 S0_2
14060 22 -1.5 21.7522688308584 S0_2
14061 22 -1.5 21.347152605742 S0_2
14062 22 -1.5 5.9927067122947 S0_2
14037 23 -1.5 0 S0_2
14038 23 -1.5 75.4541874928205 S0_2
14039 23 -1.5 4.63174758058 S0_2
14042 23 -1.5 0 S0_2
14043 23 -1.5 433.756306204007 S0_2
14046 23 -1.5 91.6266393422851 S0_2
14047 23 -1.5 0 S0_2
14049 23 -1.5 0 S0_2
14053 23 -1.5 50.0245684785774 S0_2
14054 23 -1.5 0 S0_2
14055 23 -1.5 21.0882522040972 S0_2
14057 23 -1.5 0 S0_2
14060 23 -1.5 47.6994953812733 S0_2
14061 23 -1.5 51.5893052818254 S0_2
14062 23 -1.5 33.0348569110563 S0_2
14037 24 -1.5 0 S0_2
14038 24 -1.5 46.0236236968695 S0_2
14039 24 -1.5 0 S0_2
14042 24 -1.5 0 S0_2
14043 24 -1.5 375.986769880762 S0_2
14046 24 -1.5 42.9817223818039 S0_2
14047 24 -1.5 0 S0_2
14049 24 -1.5 0 S0_2
14053 24 -1.5 13.600972404492 S0_2
14054 24 -1.5 0 S0_2
14055 24 -1.5 3.64864482174082 S0_2
14057 24 -1.5 0 S0_2
14060 24 -1.5 21.4776373486587 S0_2
14061 24 -1.5 20.5673803962793 S0_2
14062 24 -1.5 6.00960662994071 S0_2
14037 25 -1.5 0 S0_2
14038 25 -1.5 100.710429262001 S0_2
14039 25 -1.5 13.6684426289806 S0_2
14042 25 -1.5 0 S0_2
14043 25 -1.5 461.748879919728 S0_2
14046 25 -1.5 130.19410952461 S0_2
14047 25 -1.5 0 S0_2
14049 25 -1.5 1.2270100659108 S0_2
14053 25 -1.5 92.1348864912769 S0_2
14054 25 -1.5 0 S0_2
14055 25 -1.5 39.4300610828031 S0_2
14057 25 -1.5 0 S0_2
14060 25 -1.5 47.3639944943707 S0_2
14061 25 -1.5 75.0187058430325 S0_2
14062 25 -1.5 80.6608326948174 S0_2
14037 26 -1.5 0 S0_2
14038 26 -1.5 68.1482690251136 S0_2
14039 26 -1.5 2.34505727857699 S0_2
14042 26 -1.5 0 S0_2
14043 26 -1.5 412.375951730972 S0_2
14046 26 -1.5 75.8650810856129 S0_2
14047 26 -1.5 0 S0_2
14049 26 -1.5 0 S0_2
14053 26 -1.5 38.1929439104731 S0_2
14054 26 -1.5 0 S0_2
14055 26 -1.5 14.545871095152 S0_2
14057 26 -1.5 0 S0_2
14060 26 -1.5 42.7382430444426 S0_2
14061 26 -1.5 45.7729702015124 S0_2
14062 26 -1.5 20.6569114378818 S0_2
14037 27 -1.5 0 S0_2
14038 27 -1.5 35.6381582415139 S0_2
14039 27 -1.5 0 S0_2
14042 27 -1.5 0 S0_2
14043 27 -1.5 271.128910581951 S0_2
14046 27 -1.5 5.39539570024943 S0_2
14047 27 -1.5 0 S0_2
14049 27 -1.5 0 S0_2
14053 27 -1.5 9.04202594575472 S0_2
14054 27 -1.5 0 S0_2
14055 27 -1.5 0 S0_2
14057 27 -1.5 0 S0_2
14060 27 -1.5 0 S0_2
14061 27 -1.5 5.17141362016228 S0_2
14062 27 -1.5 1.26689333868115 S0_2
14037 28 -1.5 0 S0_2
14038 28 -1.5 82.3699477245888 S0_2
14039 28 -1.5 7.90897799573689 S0_2
14042 28 -1.5 0 S0_2
14043 28 -1.5 448.712273311397 S0_2
14046 28 -1.5 99.7059981174082 S0_2
14047 28 -1.5 0 S0_2
14049 28 -1.5 0 S0_2
14053 28 -1.5 57.6574243586996 S0_2
14054 28 -1.5 0 S0_2
14055 28 -1.5 27.2065024185458 S0_2
14057 28 -1.5 0 S0_2
14060 28 -1.5 56.8426836448258 S0_2
14061 28 -1.5 62.8545671511558 S0_2
14062 28 -1.5 40.9602871554221 S0_2
14037 29 -1.5 0 S0_2
14038 29 -1.5 9.64260043016495 S0_2
14039 29 -1.5 0 S0_2
14042 29 -1.5 0 S0_2
14043 29 -1.5 256.878260248674 S0_2
14046 29 -1.5 2.47694621751748 S0_2
14047 29 -1.5 0 S0_2
14049 29 -1.5 0 S0_2
14053 29 -1.5 0 S0_2
14054 29 -1.5 0 S0_2
14055 29 -1.5 0 S0_2
14057 29 -1.5 0 S0_2
14060 29 -1.5 1.3360204204058 S0_2
14061 29 -1.5 0 S0_2
14062 29 -1.5 0 S0_2
14037 30 -1.5 0 S0_2
14038 30 -1.5 98.3857614885807 S0_2
14039 30 -1.5 10.8536492671758 S0_2
14042 30 -1.5 0 S0_2
14043 30 -1.5 436.960639140469 S0_2
14046 30 -1.5 122.654791815731 S0_2
14047 30 -1.5 0 S0_2
14049 30 -1.5 1.01022774108151 S0_2
14053 30 -1.5 88.6143657352771 S0_2
14054 30 -1.5 0 S0_2
14055 30 -1.5 38.2524726936619 S0_2
14057 30 -1.5 0 S0_2
14060 30 -1.5 44.5030711931589 S0_2
14061 30 -1.5 71.8675110419603 S0_2
14062 30 -1.5 73.5573734740121 S0_2
14037 31 -1.5 0 S0_2
14038 31 -1.5 60.3555827689633 S0_2
14039 31 -1.5 3.28932047823693 S0_2
14042 31 -1.5 0 S0_2
14043 31 -1.5 464.567694199258 S0_2
14046 31 -1.5 104.906047802471 S0_2
14047 31 -1.5 0 S0_2
14049 31 -1.5 0 S0_2
14053 31 -1.5 65.3230244635945 S0_2
14054 31 -1.5 0 S0_2
14055 31 -1.5 12.3656501623443 S0_2
14057 31 -1.5 0 S0_2
14060 31 -1.5 24.5987024209242 S0_2
14061 31 -1.5 43.6291284537366 S0_2
14062 31 -1.5 44.7250644642017 S0_2
14037 1 -3 0 S0_2
14038 1 -3 0 S0_2
14039 1 -3 0 S0_2
14042 1 -3 0 S0_2
14043 1 -3 0 S0_2
14046 1 -3 0 S0_2
14047 1 -3 0 S0_2
14049 1 -3 0 S0_2
14053 1 -3 0 S0_2
14054 1 -3 0 S0_2
14055 1 -3 0 S0_2
14057 1 -3 0 S0_2
14060 1 -3 0 S0_2
14061 1 -3 0 S0_2
14062 1 -3 0 S0_2
14037 2 -3 0 S0_2
14038 2 -3 36.3575697171982 S0_2
14039 2 -3 0 S0_2
14042 2 -3 0 S0_2
14043 2 -3 291.340430407606 S0_2
14046 2 -3 5.67344222372607 S0_2
14047 2 -3 0 S0_2
14049 2 -3 0 S0_2
14053 2 -3 9.93977636751341 S0_2
14054 2 -3 0 S0_2
14055 2 -3 0 S0_2
14057 2 -3 0 S0_2
14060 2 -3 0 S0_2
14061 2 -3 14.8867145141524 S0_2
14062 2 -3 1.32873471782503 S0_2
14037 3 -3 0 S0_2
14038 3 -3 0 S0_2
14039 3 -3 0 S0_2
14042 3 -3 0 S0_2
14043 3 -3 103.11093486632 S0_2
14046 3 -3 0 S0_2
14047 3 -3 0 S0_2
14049 3 -3 0 S0_2
14053 3 -3 0 S0_2
14054 3 -3 0 S0_2
14055 3 -3 0 S0_2
14057 3 -3 0 S0_2
14060 3 -3 0 S0_2
14061 3 -3 0 S0_2
14062 3 -3 0 S0_2
14037 4 -3 0 S0_2
14038 4 -3 0 S0_2
14039 4 -3 0 S0_2
14042 4 -3 0 S0_2
14043 4 -3 5.91930487397962 S0_2
14046 4 -3 0 S0_2
14047 4 -3 0 S0_2
14049 4 -3 0 S0_2
14053 4 -3 0 S0_2
14054 4 -3 0 S0_2
14055 4 -3 0 S0_2
14057 4 -3 0 S0_2
14060 4 -3 0 S0_2
14061 4 -3 0 S0_2
14062 4 -3 0 S0_2
14037 5 -3 0 S0_2
14038 5 -3 0 S0_2
14039 5 -3 0 S0_2
14042 5 -3 0 S0_2
14043 5 -3 0 S0_2
14046 5 -3 0 S0_2
14047 5 -3 0 S0_2
14049 5 -3 0 S0_2
14053 5 -3 0 S0_2
14054 5 -3 0 S0_2
14055 5 -3 0 S0_2
14057 5 -3 0 S0_2
14060 5 -3 0 S0_2
14061 5 -3 0 S0_2
14062 5 -3 0 S0_2
14037 6 -3 0 S0_2
14038 6 -3 33.4489906913866 S0_2
14039 6 -3 1.44573938158072 S0_2
14042 6 -3 0 S0_2
14043 6 -3 321.151773695691 S0_2
14046 6 -3 23.3640389176492 S0_2
14047 6 -3 0 S0_2
14049 6 -3 0 S0_2
14053 6 -3 5.53490543718336 S0_2
14054 6 -3 0 S0_2
14055 6 -3 1.48970124948919 S0_2
14057 6 -3 0 S0_2
14060 6 -3 9.23649811884034 S0_2
14061 6 -3 17.1068452399508 S0_2
14062 6 -3 2.28730794177647 S0_2
14037 7 -3 0 S0_2
14038 7 -3 43.4357771330403 S0_2
14039 7 -3 0 S0_2
14042 7 -3 0 S0_2
14043 7 -3 308.338984795646 S0_2
14046 7 -3 10.0098144733434 S0_2
14047 7 -3 0 S0_2
14049 7 -3 0 S0_2
14053 7 -3 16.8349300903906 S0_2
14054 7 -3 0 S0_2
14055 7 -3 0 S0_2
14057 7 -3 0 S0_2
14060 7 -3 0 S0_2
14061 7 -3 22.6480856968534 S0_2
14062 7 -3 2.22769889657563 S0_2
14037 8 -3 0 S0_2
14038 8 -3 0 S0_2
14039 8 -3 0 S0_2
14042 8 -3 0 S0_2
14043 8 -3 89.9759006564448 S0_2
14046 8 -3 0 S0_2
14047 8 -3 0 S0_2
14049 8 -3 0 S0_2
14053 8 -3 0 S0_2
14054 8 -3 0 S0_2
14055 8 -3 0 S0_2
14057 8 -3 0 S0_2
14060 8 -3 0 S0_2
14061 8 -3 0 S0_2
14062 8 -3 0 S0_2
14037 9 -3 0 S0_2
14038 9 -3 0 S0_2
14039 9 -3 0 S0_2
14042 9 -3 0 S0_2
14043 9 -3 128.992840302799 S0_2
14046 9 -3 0 S0_2
14047 9 -3 0 S0_2
14049 9 -3 0 S0_2
14053 9 -3 0 S0_2
14054 9 -3 0 S0_2
14055 9 -3 0 S0_2
14057 9 -3 0 S0_2
14060 9 -3 0 S0_2
14061 9 -3 0 S0_2
14062 9 -3 0 S0_2
14037 10 -3 0 S0_2
14038 10 -3 0 S0_2
14039 10 -3 0 S0_2
14042 10 -3 0 S0_2
14043 10 -3 79.2057966979228 S0_2
14046 10 -3 0 S0_2
14047 10 -3 0 S0_2
14049 10 -3 0 S0_2
14053 10 -3 0 S0_2
14054 10 -3 0 S0_2
14055 10 -3 0 S0_2
14057 10 -3 0 S0_2
14060 10 -3 0 S0_2
14061 10 -3 0 S0_2
14062 10 -3 0 S0_2
14037 11 -3 0 S0_2
14038 11 -3 0 S0_2
14039 11 -3 0 S0_2
14042 11 -3 0 S0_2
14043 11 -3 0 S0_2
14046 11 -3 0 S0_2
14047 11 -3 0 S0_2
14049 11 -3 0 S0_2
14053 11 -3 0 S0_2
14054 11 -3 0 S0_2
14055 11 -3 0 S0_2
14057 11 -3 0 S0_2
14060 11 -3 0 S0_2
14061 11 -3 0 S0_2
14062 11 -3 0 S0_2
14037 12 -3 0 S0_2
14038 12 -3 0 S0_2
14039 12 -3 0 S0_2
14042 12 -3 0 S0_2
14043 12 -3 0 S0_2
14046 12 -3 0 S0_2
14047 12 -3 0 S0_2
14049 12 -3 0 S0_2
14053 12 -3 0 S0_2
14054 12 -3 0 S0_2
14055 12 -3 0 S0_2
14057 12 -3 0 S0_2
14060 12 -3 0 S0_2
14061 12 -3 0 S0_2
14062 12 -3 0 S0_2
14037 13 -3 0 S0_2
14038 13 -3 0 S0_2
14039 13 -3 0 S0_2
14042 13 -3 0 S0_2
14043 13 -3 75.5327239634792 S0_2
14046 13 -3 0 S0_2
14047 13 -3 0 S0_2
14049 13 -3 0 S0_2
14053 13 -3 0 S0_2
14054 13 -3 0 S0_2
14055 13 -3 0 S0_2
14057 13 -3 0 S0_2
14060 13 -3 0 S0_2
14061 13 -3 0 S0_2
14062 13 -3 0 S0_2
14037 14 -3 0 S0_2
14038 14 -3 62.0040554781669 S0_2
14039 14 -3 6.82358992517955 S0_2
14042 14 -3 0 S0_2
14043 14 -3 386.192012256827 S0_2
14046 14 -3 69.3231761302366 S0_2
14047 14 -3 0 S0_2
14049 14 -3 0 S0_2
14053 14 -3 42.3709516568101 S0_2
14054 14 -3 0 S0_2
14055 14 -3 7.22930517814029 S0_2
14057 14 -3 0 S0_2
14060 14 -3 12.9309877750092 S0_2
14061 14 -3 45.8985235868671 S0_2
14062 14 -3 20.6382541225762 S0_2
14037 15 -3 0 S0_2
14038 15 -3 60.7097294962793 S0_2
14039 15 -3 15.9588875707671 S0_2
14042 15 -3 0 S0_2
14043 15 -3 400.846300959331 S0_2
14046 15 -3 66.0499080423541 S0_2
14047 15 -3 0 S0_2
14049 15 -3 0 S0_2
14053 15 -3 33.8559841044528 S0_2
14054 15 -3 0 S0_2
14055 15 -3 12.2044156776032 S0_2
14057 15 -3 0 S0_2
14060 15 -3 38.695971825626 S0_2
14061 15 -3 54.8596181900539 S0_2
14062 15 -3 18.0698716252692 S0_2
14037 16 -3 0 S0_2
14038 16 -3 0 S0_2
14039 16 -3 0 S0_2
14042 16 -3 0 S0_2
14043 16 -3 151.552730550592 S0_2
14046 16 -3 0 S0_2
14047 16 -3 0 S0_2
14049 16 -3 0 S0_2
14053 16 -3 0 S0_2
14054 16 -3 0 S0_2
14055 16 -3 0 S0_2
14057 16 -3 0 S0_2
14060 16 -3 0 S0_2
14061 16 -3 0 S0_2
14062 16 -3 0 S0_2
14037 17 -3 0 S0_2
14038 17 -3 44.2078905829351 S0_2
14039 17 -3 3.12557643101582 S0_2
14042 17 -3 0 S0_2
14043 17 -3 328.294922895289 S0_2
14046 17 -3 36.9452339350725 S0_2
14047 17 -3 0 S0_2
14049 17 -3 0 S0_2
14053 17 -3 14.0388106151774 S0_2
14054 17 -3 0 S0_2
14055 17 -3 3.72907411136906 S0_2
14057 17 -3 0 S0_2
14060 17 -3 13.7660395878716 S0_2
14061 17 -3 26.5532936059587 S0_2
14062 17 -3 4.23516694122791 S0_2
14037 18 -3 0 S0_2
14038 18 -3 0 S0_2
14039 18 -3 0 S0_2
14042 18 -3 0 S0_2
14043 18 -3 0 S0_2
14046 18 -3 0 S0_2
14047 18 -3 0 S0_2
14049 18 -3 0 S0_2
14053 18 -3 0 S0_2
14054 18 -3 0 S0_2
14055 18 -3 0 S0_2
14057 18 -3 0 S0_2
14060 18 -3 0 S0_2
14061 18 -3 0 S0_2
14062 18 -3 0 S0_2
14037 19 -3 0 S0_2
14038 19 -3 0 S0_2
14039 19 -3 0 S0_2
14042 19 -3 0 S0_2
14043 19 -3 94.9218255751714 S0_2
14046 19 -3 0 S0_2
14047 19 -3 0 S0_2
14049 19 -3 0 S0_2
14053 19 -3 0 S0_2
14054 19 -3 0 S0_2
14055 19 -3 0 S0_2
14057 19 -3 0 S0_2
14060 19 -3 0 S0_2
14061 19 -3 0 S0_2
14062 19 -3 0 S0_2
14037 20 -3 0 S0_2
14038 20 -3 15.0188752817271 S0_2
14039 20 -3 0 S0_2
14042 20 -3 0 S0_2
14043 20 -3 275.428586037173 S0_2
14046 20 -3 4.70719901980533 S0_2
14047 20 -3 0 S0_2
14049 20 -3 0 S0_2
14053 20 -3 0 S0_2
14054 20 -3 0 S0_2
14055 20 -3 0 S0_2
14057 20 -3 0 S0_2
14060 20 -3 3.0156572065743 S0_2
14061 20 -3 5.0722121719938 S0_2
14062 20 -3 0 S0_2
14037 21 -3 0 S0_2
14038 21 -3 0 S0_2
14039 21 -3 0 S0_2
14042 21 -3 0 S0_2
14043 21 -3 43.1945620668736 S0_2
14046 21 -3 0 S0_2
14047 21 -3 0 S0_2
14049 21 -3 0 S0_2
14053 21 -3 0 S0_2
14054 21 -3 0 S0_2
14055 21 -3 0 S0_2
14057 21 -3 0 S0_2
14060 21 -3 0 S0_2
14061 21 -3 0 S0_2
14062 21 -3 0 S0_2
14037 22 -3 0 S0_2
14038 22 -3 0 S0_2
14039 22 -3 0 S0_2
14042 22 -3 0 S0_2
14043 22 -3 50.7862964041873 S0_2
14046 22 -3 0 S0_2
14047 22 -3 0 S0_2
14049 22 -3 0 S0_2
14053 22 -3 0 S0_2
14054 22 -3 0 S0_2
14055 22 -3 0 S0_2
14057 22 -3 0 S0_2
14060 22 -3 0 S0_2
14061 22 -3 0 S0_2
14062 22 -3 0 S0_2
14037 23 -3 0 S0_2
14038 23 -3 0 S0_2
14039 23 -3 0 S0_2
14042 23 -3 0 S0_2
14043 23 -3 149.042573005638 S0_2
14046 23 -3 0 S0_2
14047 23 -3 0 S0_2
14049 23 -3 0 S0_2
14053 23 -3 0 S0_2
14054 23 -3 0 S0_2
14055 23 -3 0 S0_2
14057 23 -3 0 S0_2
14060 23 -3 0 S0_2
14061 23 -3 0 S0_2
14062 23 -3 0 S0_2
14037 24 -3 0 S0_2
14038 24 -3 0 S0_2
14039 24 -3 0 S0_2
14042 24 -3 0 S0_2
14043 24 -3 56.8656922619887 S0_2
14046 24 -3 0 S0_2
14047 24 -3 0 S0_2
14049 24 -3 0 S0_2
14053 24 -3 0 S0_2
14054 24 -3 0 S0_2
14055 24 -3 0 S0_2
14057 24 -3 0 S0_2
14060 24 -3 0 S0_2
14061 24 -3 0 S0_2
14062 24 -3 0 S0_2
14037 25 -3 0 S0_2
14038 25 -3 29.9871881848534 S0_2
14039 25 -3 0 S0_2
14042 25 -3 0 S0_2
14043 25 -3 315.672786392271 S0_2
14046 25 -3 22.3639023793371 S0_2
14047 25 -3 0 S0_2
14049 25 -3 0 S0_2
14053 25 -3 5.87145856721146 S0_2
14054 25 -3 0 S0_2
14055 25 -3 0 S0_2
14057 25 -3 0 S0_2
14060 25 -3 1.62018244688702 S0_2
14061 25 -3 9.69799170648671 S0_2
14062 25 -3 2.44129236741338 S0_2
14037 26 -3 0 S0_2
14038 26 -3 0 S0_2
14039 26 -3 0 S0_2
14042 26 -3 0 S0_2
14043 26 -3 124.008936031522 S0_2
14046 26 -3 0 S0_2
14047 26 -3 0 S0_2
14049 26 -3 0 S0_2
14053 26 -3 0 S0_2
14054 26 -3 0 S0_2
14055 26 -3 0 S0_2
14057 26 -3 0 S0_2
14060 26 -3 0 S0_2
14061 26 -3 0 S0_2
14062 26 -3 0 S0_2
14037 27 -3 0 S0_2
14038 27 -3 0 S0_2
14039 27 -3 0 S0_2
14042 27 -3 0 S0_2
14043 27 -3 141.30606897438 S0_2
14046 27 -3 0 S0_2
14047 27 -3 0 S0_2
14049 27 -3 0 S0_2
14053 27 -3 0 S0_2
14054 27 -3 0 S0_2
14055 27 -3 0 S0_2
14057 27 -3 0 S0_2
14060 27 -3 0 S0_2
14061 27 -3 0 S0_2
14062 27 -3 0 S0_2
14037 28 -3 0 S0_2
14038 28 -3 0 S0_2
14039 28 -3 0 S0_2
14042 28 -3 0 S0_2
14043 28 -3 163.980479754459 S0_2
14046 28 -3 0 S0_2
14047 28 -3 0 S0_2
14049 28 -3 0 S0_2
14053 28 -3 0 S0_2
14054 28 -3 0 S0_2
14055 28 -3 0 S0_2
14057 28 -3 0 S0_2
14060 28 -3 0 S0_2
14061 28 -3 0 S0_2
14062 28 -3 0 S0_2
14037 29 -3 0 S0_2
14038 29 -3 0 S0_2
14039 29 -3 0 S0_2
14042 29 -3 0 S0_2
14043 29 -3 2.23656088259208 S0_2
14046 29 -3 0 S0_2
14047 29 -3 0 S0_2
14049 29 -3 0 S0_2
14053 29 -3 0 S0_2
14054 29 -3 0 S0_2
14055 29 -3 0 S0_2
14057 29 -3 0 S0_2
14060 29 -3 0 S0_2
14061 29 -3 0 S0_2
14062 29 -3 0 S0_2
14037 30 -3 0 S0_2
14038 30 -3 38.4695221211793 S0_2
14039 30 -3 0 S0_2
14042 30 -3 0 S0_2
14043 30 -3 324.478253589874 S0_2
14046 30 -3 31.8533583072461 S0_2
14047 30 -3 0 S0_2
14049 30 -3 0 S0_2
14053 30 -3 11.4995645638597 S0_2
14054 30 -3 0 S0_2
14055 30 -3 1.13459172125703 S0_2
14057 30 -3 0 S0_2
14060 30 -3 2.79952979043029 S0_2
14061 30 -3 16.4736612664222 S0_2
14062 30 -3 3.82057096303331 S0_2
14037 31 -3 0 S0_2
14038 31 -3 0 S0_2
14039 31 -3 0 S0_2
14042 31 -3 0 S0_2
14043 31 -3 184.901736206443 S0_2
14046 31 -3 0 S0_2
14047 31 -3 0 S0_2
14049 31 -3 0 S0_2
14053 31 -3 0 S0_2
14054 31 -3 0 S0_2
14055 31 -3 0 S0_2
14057 31 -3 0 S0_2
14060 31 -3 0 S0_2
14061 31 -3 0 S0_2
14062 31 -3 0 S0_2
14037 1 -5 0 S0_2
14038 1 -5 0 S0_2
14039 1 -5 0 S0_2
14042 1 -5 0 S0_2
14043 1 -5 0 S0_2
14046 1 -5 0 S0_2
14047 1 -5 0 S0_2
14049 1 -5 0 S0_2
14053 1 -5 0 S0_2
14054 1 -5 0 S0_2
14055 1 -5 0 S0_2
14057 1 -5 0 S0_2
14060 1 -5 0 S0_2
14061 1 -5 0 S0_2
14062 1 -5 0 S0_2
14037 2 -5 0 S0_2
14038 2 -5 1.81315255604179 S0_2
14039 2 -5 0 S0_2
14042 2 -5 0 S0_2
14043 2 -5 180.823656206387 S0_2
14046 2 -5 0 S0_2
14047 2 -5 0 S0_2
14049 2 -5 0 S0_2
14053 2 -5 0 S0_2
14054 2 -5 0 S0_2
14055 2 -5 0 S0_2
14057 2 -5 0 S0_2
14060 2 -5 0 S0_2
14061 2 -5 0 S0_2
14062 2 -5 0 S0_2
14037 3 -5 0 S0_2
14038 3 -5 0 S0_2
14039 3 -5 0 S0_2
14042 3 -5 0 S0_2
14043 3 -5 0 S0_2
14046 3 -5 0 S0_2
14047 3 -5 0 S0_2
14049 3 -5 0 S0_2
14053 3 -5 0 S0_2
14054 3 -5 0 S0_2
14055 3 -5 0 S0_2
14057 3 -5 0 S0_2
14060 3 -5 0 S0_2
14061 3 -5 0 S0_2
14062 3 -5 0 S0_2
14037 4 -5 0 S0_2
14038 4 -5 0 S0_2
14039 4 -5 0 S0_2
14042 4 -5 0 S0_2
14043 4 -5 0 S0_2
14046 4 -5 0 S0_2
14047 4 -5 0 S0_2
14049 4 -5 0 S0_2
14053 4 -5 0 S0_2
14054 4 -5 0 S0_2
14055 4 -5 0 S0_2
14057 4 -5 0 S0_2
14060 4 -5 0 S0_2
14061 4 -5 0 S0_2
14062 4 -5 0 S0_2
14037 5 -5 0 S0_2
14038 5 -5 0 S0_2
14039 5 -5 0 S0_2
14042 5 -5 0 S0_2
14043 5 -5 0 S0_2
14046 5 -5 0 S0_2
14047 5 -5 0 S0_2
14049 5 -5 0 S0_2
14053 5 -5 0 S0_2
14054 5 -5 0 S0_2
14055 5 -5 0 S0_2
14057 5 -5 0 S0_2
14060 5 -5 0 S0_2
14061 5 -5 0 S0_2
14062 5 -5 0 S0_2
14037 6 -5 0 S0_2
14038 6 -5 0 S0_2
14039 6 -5 0 S0_2
14042 6 -5 0 S0_2
14043 6 -5 107.620792021129 S0_2
14046 6 -5 0 S0_2
14047 6 -5 0 S0_2
14049 6 -5 0 S0_2
14053 6 -5 0 S0_2
14054 6 -5 0 S0_2
14055 6 -5 0 S0_2
14057 6 -5 0 S0_2
14060 6 -5 0 S0_2
14061 6 -5 0 S0_2
14062 6 -5 0 S0_2
14037 7 -5 0 S0_2
14038 7 -5 4.27291804687981 S0_2
14039 7 -5 0 S0_2
14042 7 -5 0 S0_2
14043 7 -5 201.203393682648 S0_2
14046 7 -5 0 S0_2
14047 7 -5 0 S0_2
14049 7 -5 0 S0_2
14053 7 -5 0 S0_2
14054 7 -5 0 S0_2
14055 7 -5 0 S0_2
14057 7 -5 0 S0_2
14060 7 -5 0 S0_2
14061 7 -5 0 S0_2
14062 7 -5 0 S0_2
14037 8 -5 0 S0_2
14038 8 -5 0 S0_2
14039 8 -5 0 S0_2
14042 8 -5 0 S0_2
14043 8 -5 0 S0_2
14046 8 -5 0 S0_2
14047 8 -5 0 S0_2
14049 8 -5 0 S0_2
14053 8 -5 0 S0_2
14054 8 -5 0 S0_2
14055 8 -5 0 S0_2
14057 8 -5 0 S0_2
14060 8 -5 0 S0_2
14061 8 -5 0 S0_2
14062 8 -5 0 S0_2
14037 9 -5 0 S0_2
14038 9 -5 0 S0_2
14039 9 -5 0 S0_2
14042 9 -5 0 S0_2
14043 9 -5 0 S0_2
14046 9 -5 0 S0_2
14047 9 -5 0 S0_2
14049 9 -5 0 S0_2
14053 9 -5 0 S0_2
14054 9 -5 0 S0_2
14055 9 -5 0 S0_2
14057 9 -5 0 S0_2
14060 9 -5 0 S0_2
14061 9 -5 0 S0_2
14062 9 -5 0 S0_2
14037 10 -5 0 S0_2
14038 10 -5 0 S0_2
14039 10 -5 0 S0_2
14042 10 -5 0 S0_2
14043 10 -5 0 S0_2
14046 10 -5 0 S0_2
14047 10 -5 0 S0_2
14049 10 -5 0 S0_2
14053 10 -5 0 S0_2
14054 10 -5 0 S0_2
14055 10 -5 0 S0_2
14057 10 -5 0 S0_2
14060 10 -5 0 S0_2
14061 10 -5 0 S0_2
14062 10 -5 0 S0_2
14037 11 -5 0 S0_2
14038 11 -5 0 S0_2
14039 11 -5 0 S0_2
14042 11 -5 0 S0_2
14043 11 -5 0 S0_2
14046 11 -5 0 S0_2
14047 11 -5 0 S0_2
14049 11 -5 0 S0_2
14053 11 -5 0 S0_2
14054 11 -5 0 S0_2
14055 11 -5 0 S0_2
14057 11 -5 0 S0_2
14060 11 -5 0 S0_2
14061 11 -5 0 S0_2
14062 11 -5 0 S0_2
14037 12 -5 0 S0_2
14038 12 -5 0 S0_2
14039 12 -5 0 S0_2
14042 12 -5 0 S0_2
14043 12 -5 0 S0_2
14046 12 -5 0 S0_2
14047 12 -5 0 S0_2
14049 12 -5 0 S0_2
14053 12 -5 0 S0_2
14054 12 -5 0 S0_2
14055 12 -5 0 S0_2
14057 12 -5 0 S0_2
14060 12 -5 0 S0_2
14061 12 -5 0 S0_2
14062 12 -5 0 S0_2
14037 13 -5 0 S0_2
14038 13 -5 0 S0_2
14039 13 -5 0 S0_2
14042 13 -5 0 S0_2
14043 13 -5 0 S0_2
14046 13 -5 0 S0_2
14047 13 -5 0 S0_2
14049 13 -5 0 S0_2
14053 13 -5 0 S0_2
14054 13 -5 0 S0_2
14055 13 -5 0 S0_2
14057 13 -5 0 S0_2
14060 13 -5 0 S0_2
14061 13 -5 0 S0_2
14062 13 -5 0 S0_2
14037 14 -5 0 S0_2
14038 14 -5 6.56169450328946 S0_2
14039 14 -5 0 S0_2
14042 14 -5 0 S0_2
14043 14 -5 226.47755148146 S0_2
14046 14 -5 2.03268331326581 S0_2
14047 14 -5 0 S0_2
14049 14 -5 0 S0_2
14053 14 -5 0 S0_2
14054 14 -5 0 S0_2
14055 14 -5 0 S0_2
14057 14 -5 0 S0_2
14060 14 -5 0 S0_2
14061 14 -5 0 S0_2
14062 14 -5 0 S0_2
14037 15 -5 0 S0_2
14038 15 -5 0 S0_2
14039 15 -5 0 S0_2
14042 15 -5 0 S0_2
14043 15 -5 175.051534090884 S0_2
14046 15 -5 0 S0_2
14047 15 -5 0 S0_2
14049 15 -5 0 S0_2
14053 15 -5 0 S0_2
14054 15 -5 0 S0_2
14055 15 -5 0 S0_2
14057 15 -5 0 S0_2
14060 15 -5 0 S0_2
14061 15 -5 0 S0_2
14062 15 -5 0 S0_2
14037 16 -5 0 S0_2
14038 16 -5 0 S0_2
14039 16 -5 0 S0_2
14042 16 -5 0 S0_2
14043 16 -5 0 S0_2
14046 16 -5 0 S0_2
14047 16 -5 0 S0_2
14049 16 -5 0 S0_2
14053 16 -5 0 S0_2
14054 16 -5 0 S0_2
14055 16 -5 0 S0_2
14057 16 -5 0 S0_2
14060 16 -5 0 S0_2
14061 16 -5 0 S0_2
14062 16 -5 0 S0_2
14037 17 -5 0 S0_2
14038 17 -5 0 S0_2
14039 17 -5 0 S0_2
14042 17 -5 0 S0_2
14043 17 -5 153.866815010801 S0_2
14046 17 -5 0 S0_2
14047 17 -5 0 S0_2
14049 17 -5 0 S0_2
14053 17 -5 0 S0_2
14054 17 -5 0 S0_2
14055 17 -5 0 S0_2
14057 17 -5 0 S0_2
14060 17 -5 0 S0_2
14061 17 -5 0 S0_2
14062 17 -5 0 S0_2
14037 18 -5 0 S0_2
14038 18 -5 0 S0_2
14039 18 -5 0 S0_2
14042 18 -5 0 S0_2
14043 18 -5 0 S0_2
14046 18 -5 0 S0_2
14047 18 -5 0 S0_2
14049 18 -5 0 S0_2
14053 18 -5 0 S0_2
14054 18 -5 0 S0_2
14055 18 -5 0 S0_2
14057 18 -5 0 S0_2
14060 18 -5 0 S0_2
14061 18 -5 0 S0_2
14062 18 -5 0 S0_2
14037 19 -5 0 S0_2
14038 19 -5 0 S0_2
14039 19 -5 0 S0_2
14042 19 -5 0 S0_2
14043 19 -5 0 S0_2
14046 19 -5 0 S0_2
14047 19 -5 0 S0_2
14049 19 -5 0 S0_2
14053 19 -5 0 S0_2
14054 19 -5 0 S0_2
14055 19 -5 0 S0_2
14057 19 -5 0 S0_2
14060 19 -5 0 S0_2
14061 19 -5 0 S0_2
14062 19 -5 0 S0_2
14037 20 -5 0 S0_2
14038 20 -5 0 S0_2
14039 20 -5 0 S0_2
14042 20 -5 0 S0_2
14043 20 -5 55.6184329195462 S0_2
14046 20 -5 0 S0_2
14047 20 -5 0 S0_2
14049 20 -5 0 S0_2
14053 20 -5 0 S0_2
14054 20 -5 0 S0_2
14055 20 -5 0 S0_2
14057 20 -5 0 S0_2
14060 20 -5 0 S0_2
14061 20 -5 0 S0_2
14062 20 -5 0 S0_2
14037 21 -5 0 S0_2
14038 21 -5 0 S0_2
14039 21 -5 0 S0_2
14042 21 -5 0 S0_2
14043 21 -5 0 S0_2
14046 21 -5 0 S0_2
14047 21 -5 0 S0_2
14049 21 -5 0 S0_2
14053 21 -5 0 S0_2
14054 21 -5 0 S0_2
14055 21 -5 0 S0_2
14057 21 -5 0 S0_2
14060 21 -5 0 S0_2
14061 21 -5 0 S0_2
14062 21 -5 0 S0_2
14037 22 -5 0 S0_2
14038 22 -5 0 S0_2
14039 22 -5 0 S0_2
14042 22 -5 0 S0_2
14043 22 -5 0 S0_2
14046 22 -5 0 S0_2
14047 22 -5 0 S0_2
14049 22 -5 0 S0_2
14053 22 -5 0 S0_2
14054 22 -5 0 S0_2
14055 22 -5 0 S0_2
14057 22 -5 0 S0_2
14060 22 -5 0 S0_2
14061 22 -5 0 S0_2
14062 22 -5 0 S0_2
14037 23 -5 0 S0_2
14038 23 -5 0 S0_2
14039 23 -5 0 S0_2
14042 23 -5 0 S0_2
14043 23 -5 0 S0_2
14046 23 -5 0 S0_2
14047 23 -5 0 S0_2
14049 23 -5 0 S0_2
14053 23 -5 0 S0_2
14054 23 -5 0 S0_2
14055 23 -5 0 S0_2
14057 23 -5 0 S0_2
14060 23 -5 0 S0_2
14061 23 -5 0 S0_2
14062 23 -5 0 S0_2
14037 24 -5 0 S0_2
14038 24 -5 0 S0_2
14039 24 -5 0 S0_2
14042 24 -5 0 S0_2
14043 24 -5 0 S0_2
14046 24 -5 0 S0_2
14047 24 -5 0 S0_2
14049 24 -5 0 S0_2
14053 24 -5 0 S0_2
14054 24 -5 0 S0_2
14055 24 -5 0 S0_2
14057 24 -5 0 S0_2
14060 24 -5 0 S0_2
14061 24 -5 0 S0_2
14062 24 -5 0 S0_2
14037 25 -5 0 S0_2
14038 25 -5 0 S0_2
14039 25 -5 0 S0_2
14042 25 -5 0 S0_2
14043 25 -5 121.178042289589 S0_2
14046 25 -5 0 S0_2
14047 25 -5 0 S0_2
14049 25 -5 0 S0_2
14053 25 -5 0 S0_2
14054 25 -5 0 S0_2
14055 25 -5 0 S0_2
14057 25 -5 0 S0_2
14060 25 -5 0 S0_2
14061 25 -5 0 S0_2
14062 25 -5 0 S0_2
14037 26 -5 0 S0_2
14038 26 -5 0 S0_2
14039 26 -5 0 S0_2
14042 26 -5 0 S0_2
14043 26 -5 0 S0_2
14046 26 -5 0 S0_2
14047 26 -5 0 S0_2
14049 26 -5 0 S0_2
14053 26 -5 0 S0_2
14054 26 -5 0 S0_2
14055 26 -5 0 S0_2
14057 26 -5 0 S0_2
14060 26 -5 0 S0_2
14061 26 -5 0 S0_2
14062 26 -5 0 S0_2
14037 27 -5 0 S0_2
14038 27 -5 0 S0_2
14039 27 -5 0 S0_2
14042 27 -5 0 S0_2
14043 27 -5 2.58851908060269 S0_2
14046 27 -5 0 S0_2
14047 27 -5 0 S0_2
14049 27 -5 0 S0_2
14053 27 -5 0 S0_2
14054 27 -5 0 S0_2
14055 27 -5 0 S0_2
14057 27 -5 0 S0_2
14060 27 -5 0 S0_2
14061 27 -5 0 S0_2
14062 27 -5 0 S0_2
14037 28 -5 0 S0_2
14038 28 -5 0 S0_2
14039 28 -5 0 S0_2
14042 28 -5 0 S0_2
14043 28 -5 0 S0_2
14046 28 -5 0 S0_2
14047 28 -5 0 S0_2
14049 28 -5 0 S0_2
14053 28 -5 0 S0_2
14054 28 -5 0 S0_2
14055 28 -5 0 S0_2
14057 28 -5 0 S0_2
14060 28 -5 0 S0_2
14061 28 -5 0 S0_2
14062 28 -5 0 S0_2
14037 29 -5 0 S0_2
14038 29 -5 0 S0_2
14039 29 -5 0 S0_2
14042 29 -5 0 S0_2
14043 29 -5 0 S0_2
14046 29 -5 0 S0_2
14047 29 -5 0 S0_2
14049 29 -5 0 S0_2
14053 29 -5 0 S0_2
14054 29 -5 0 S0_2
14055 29 -5 0 S0_2
14057 29 -5 0 S0_2
14060 29 -5 0 S0_2
14061 29 -5 0 S0_2
14062 29 -5 0 S0_2
14037 30 -5 0 S0_2
14038 30 -5 0 S0_2
14039 30 -5 0 S0_2
14042 30 -5 0 S0_2
14043 30 -5 151.493455321236 S0_2
14046 30 -5 0 S0_2
14047 30 -5 0 S0_2
14049 30 -5 0 S0_2
14053 30 -5 0 S0_2
14054 30 -5 0 S0_2
14055 30 -5 0 S0_2
14057 30 -5 0 S0_2
14060 30 -5 0 S0_2
14061 30 -5 0 S0_2
14062 30 -5 0 S0_2
14037 31 -5 0 S0_2
14038 31 -5 0 S0_2
14039 31 -5 0 S0_2
14042 31 -5 0 S0_2
14043 31 -5 0 S0_2
14046 31 -5 0 S0_2
14047 31 -5 0 S0_2
14049 31 -5 0 S0_2
14053 31 -5 0 S0_2
14054 31 -5 0 S0_2
14055 31 -5 0 S0_2
14057 31 -5 0 S0_2
14060 31 -5 0 S0_2
14061 31 -5 0 S0_2
14062 31 -5 0 S0_2
