speciesID lakeID variable value scenario
15023 1 -0.5 690.600613836323 S0_2
15024 1 -0.5 85.1039367004135 S0_2
15025 1 -0.5 0 S0_2
15026 1 -0.5 0 S0_2
15027 1 -0.5 127.323134992793 S0_2
15028 1 -0.5 0 S0_2
15029 1 -0.5 448.862972948511 S0_2
15030 1 -0.5 0 S0_2
15032 1 -0.5 0 S0_2
15033 1 -0.5 213.616543460969 S0_2
15035 1 -0.5 46.6966889429295 S0_2
15036 1 -0.5 274.232109432786 S0_2
15037 1 -0.5 0 S0_2
15039 1 -0.5 15.624495862239 S0_2
15041 1 -0.5 0 S0_2
15023 2 -0.5 186.683339197542 S0_2
15024 2 -0.5 0 S0_2
15025 2 -0.5 0 S0_2
15026 2 -0.5 0 S0_2
15027 2 -0.5 5.67953002920938 S0_2
15028 2 -0.5 0 S0_2
15029 2 -0.5 10.8582839020412 S0_2
15030 2 -0.5 0 S0_2
15032 2 -0.5 0 S0_2
15033 2 -0.5 0 S0_2
15035 2 -0.5 0 S0_2
15036 2 -0.5 22.976442217345 S0_2
15037 2 -0.5 0 S0_2
15039 2 -0.5 0 S0_2
15041 2 -0.5 0 S0_2
15023 3 -0.5 482.938115691761 S0_2
15024 3 -0.5 29.4066705265347 S0_2
15025 3 -0.5 0 S0_2
15026 3 -0.5 0 S0_2
15027 3 -0.5 70.7061546806856 S0_2
15028 3 -0.5 0 S0_2
15029 3 -0.5 207.403058306497 S0_2
15030 3 -0.5 0 S0_2
15032 3 -0.5 0 S0_2
15033 3 -0.5 38.7103941314051 S0_2
15035 3 -0.5 0 S0_2
15036 3 -0.5 192.223268318653 S0_2
15037 3 -0.5 0 S0_2
15039 3 -0.5 1.14622215181874 S0_2
15041 3 -0.5 0 S0_2
15023 4 -0.5 610.265682079792 S0_2
15024 4 -0.5 65.7826972673622 S0_2
15025 4 -0.5 0 S0_2
15026 4 -0.5 0 S0_2
15027 4 -0.5 99.1967240726175 S0_2
15028 4 -0.5 0 S0_2
15029 4 -0.5 341.587283277161 S0_2
15030 4 -0.5 0 S0_2
15032 4 -0.5 0 S0_2
15033 4 -0.5 138.981288848111 S0_2
15035 4 -0.5 24.2174067459767 S0_2
15036 4 -0.5 247.013055203469 S0_2
15037 4 -0.5 0 S0_2
15039 4 -0.5 9.8437954454909 S0_2
15041 4 -0.5 0 S0_2
15023 5 -0.5 0 S0_2
15024 5 -0.5 0 S0_2
15025 5 -0.5 0 S0_2
15026 5 -0.5 0 S0_2
15027 5 -0.5 0 S0_2
15028 5 -0.5 0 S0_2
15029 5 -0.5 0 S0_2
15030 5 -0.5 0 S0_2
15032 5 -0.5 0 S0_2
15033 5 -0.5 0 S0_2
15035 5 -0.5 0 S0_2
15036 5 -0.5 0 S0_2
15037 5 -0.5 0 S0_2
15039 5 -0.5 0 S0_2
15041 5 -0.5 0 S0_2
15023 6 -0.5 607.486939745254 S0_2
15024 6 -0.5 82.9986646150821 S0_2
15025 6 -0.5 0 S0_2
15026 6 -0.5 0 S0_2
15027 6 -0.5 128.675148027836 S0_2
15028 6 -0.5 0 S0_2
15029 6 -0.5 343.08788251443 S0_2
15030 6 -0.5 0 S0_2
15032 6 -0.5 0 S0_2
15033 6 -0.5 145.797826073989 S0_2
15035 6 -0.5 34.3197205794211 S0_2
15036 6 -0.5 272.67702021134 S0_2
15037 6 -0.5 0 S0_2
15039 6 -0.5 27.191688538755 S0_2
15041 6 -0.5 0 S0_2
15023 7 -0.5 191.707314212822 S0_2
15024 7 -0.5 0 S0_2
15025 7 -0.5 0 S0_2
15026 7 -0.5 0 S0_2
15027 7 -0.5 6.96715504750736 S0_2
15028 7 -0.5 0 S0_2
15029 7 -0.5 13.5458386200972 S0_2
15030 7 -0.5 0 S0_2
15032 7 -0.5 0 S0_2
15033 7 -0.5 0 S0_2
15035 7 -0.5 0 S0_2
15036 7 -0.5 26.4647423662081 S0_2
15037 7 -0.5 0 S0_2
15039 7 -0.5 0 S0_2
15041 7 -0.5 0 S0_2
15023 8 -0.5 597.546827180742 S0_2
15024 8 -0.5 82.8765246793761 S0_2
15025 8 -0.5 0 S0_2
15026 8 -0.5 0 S0_2
15027 8 -0.5 118.727341641463 S0_2
15028 8 -0.5 0 S0_2
15029 8 -0.5 376.756702789354 S0_2
15030 8 -0.5 0 S0_2
15032 8 -0.5 0 S0_2
15033 8 -0.5 187.230333447194 S0_2
15035 8 -0.5 40.844543228884 S0_2
15036 8 -0.5 255.35313658765 S0_2
15037 8 -0.5 0 S0_2
15039 8 -0.5 17.5704805670218 S0_2
15041 8 -0.5 0 S0_2
15023 9 -0.5 589.314934413936 S0_2
15024 9 -0.5 68.05167692136 S0_2
15025 9 -0.5 0 S0_2
15026 9 -0.5 0 S0_2
15027 9 -0.5 106.454989757303 S0_2
15028 9 -0.5 0 S0_2
15029 9 -0.5 320.788308140782 S0_2
15030 9 -0.5 0 S0_2
15032 9 -0.5 0 S0_2
15033 9 -0.5 126.795526870366 S0_2
15035 9 -0.5 18.8598329975942 S0_2
15036 9 -0.5 250.635428283611 S0_2
15037 9 -0.5 0 S0_2
15039 9 -0.5 13.482312173425 S0_2
15041 9 -0.5 0 S0_2
15023 10 -0.5 660.736214050276 S0_2
15024 10 -0.5 90.2694004651833 S0_2
15025 10 -0.5 0 S0_2
15026 10 -0.5 0 S0_2
15027 10 -0.5 131.798038725225 S0_2
15028 10 -0.5 0 S0_2
15029 10 -0.5 414.469144073003 S0_2
15030 10 -0.5 0 S0_2
15032 10 -0.5 0 S0_2
15033 10 -0.5 198.373081519717 S0_2
15035 10 -0.5 53.2772721279156 S0_2
15036 10 -0.5 280.027066023634 S0_2
15037 10 -0.5 0 S0_2
15039 10 -0.5 24.3019300465067 S0_2
15041 10 -0.5 0 S0_2
15023 11 -0.5 606.180086074816 S0_2
15024 11 -0.5 47.6825538288266 S0_2
15025 11 -0.5 0 S0_2
15026 11 -0.5 0 S0_2
15027 11 -0.5 70.0637704314597 S0_2
15028 11 -0.5 0 S0_2
15029 11 -0.5 358.941720210606 S0_2
15030 11 -0.5 0 S0_2
15032 11 -0.5 0 S0_2
15033 11 -0.5 152.032925911476 S0_2
15035 11 -0.5 9.76334469936157 S0_2
15036 11 -0.5 200.159859313391 S0_2
15037 11 -0.5 0 S0_2
15039 11 -0.5 1.32610002632302 S0_2
15041 11 -0.5 0 S0_2
15023 12 -0.5 523.99922416976 S0_2
15024 12 -0.5 40.2979783872621 S0_2
15025 12 -0.5 0 S0_2
15026 12 -0.5 0 S0_2
15027 12 -0.5 57.1310727914755 S0_2
15028 12 -0.5 0 S0_2
15029 12 -0.5 305.360148869275 S0_2
15030 12 -0.5 0 S0_2
15032 12 -0.5 0 S0_2
15033 12 -0.5 134.228211621036 S0_2
15035 12 -0.5 3.74182592188612 S0_2
15036 12 -0.5 171.674393083095 S0_2
15037 12 -0.5 0 S0_2
15039 12 -0.5 0 S0_2
15041 12 -0.5 0 S0_2
15023 13 -0.5 357.815109556569 S0_2
15024 13 -0.5 13.3153255991398 S0_2
15025 13 -0.5 0 S0_2
15026 13 -0.5 0 S0_2
15027 13 -0.5 22.2103969289063 S0_2
15028 13 -0.5 0 S0_2
15029 13 -0.5 159.052534400973 S0_2
15030 13 -0.5 0 S0_2
15032 13 -0.5 0 S0_2
15033 13 -0.5 31.1549035389325 S0_2
15035 13 -0.5 0 S0_2
15036 13 -0.5 139.720177609535 S0_2
15037 13 -0.5 0 S0_2
15039 13 -0.5 0 S0_2
15041 13 -0.5 0 S0_2
15023 14 -0.5 372.334759981269 S0_2
15024 14 -0.5 7.41246794145638 S0_2
15025 14 -0.5 0 S0_2
15026 14 -0.5 0 S0_2
15027 14 -0.5 61.3470716777135 S0_2
15028 14 -0.5 0 S0_2
15029 14 -0.5 144.061915255477 S0_2
15030 14 -0.5 0 S0_2
15032 14 -0.5 0 S0_2
15033 14 -0.5 2.30637676365911 S0_2
15035 14 -0.5 0 S0_2
15036 14 -0.5 150.540752654994 S0_2
15037 14 -0.5 0 S0_2
15039 14 -0.5 0 S0_2
15041 14 -0.5 0 S0_2
15023 15 -0.5 713.691034000318 S0_2
15024 15 -0.5 120.231147382259 S0_2
15025 15 -0.5 0 S0_2
15026 15 -0.5 0 S0_2
15027 15 -0.5 175.030818587373 S0_2
15028 15 -0.5 0 S0_2
15029 15 -0.5 466.363899621207 S0_2
15030 15 -0.5 0 S0_2
15032 15 -0.5 0 S0_2
15033 15 -0.5 236.406951145759 S0_2
15035 15 -0.5 86.8250364330247 S0_2
15036 15 -0.5 325.645822732978 S0_2
15037 15 -0.5 0 S0_2
15039 15 -0.5 54.1730943848626 S0_2
15041 15 -0.5 0 S0_2
15023 16 -0.5 644.056614795589 S0_2
15024 16 -0.5 98.8854285842162 S0_2
15025 16 -0.5 0 S0_2
15026 16 -0.5 0 S0_2
15027 16 -0.5 143.729006149332 S0_2
15028 16 -0.5 0 S0_2
15029 16 -0.5 424.863975318473 S0_2
15030 16 -0.5 0 S0_2
15032 16 -0.5 0 S0_2
15033 16 -0.5 220.462855394043 S0_2
15035 16 -0.5 57.882071270184 S0_2
15036 16 -0.5 281.0907128301 S0_2
15037 16 -0.5 0 S0_2
15039 16 -0.5 29.1173184446007 S0_2
15041 16 -0.5 0 S0_2
15023 17 -0.5 489.508148687993 S0_2
15024 17 -0.5 54.9620971694422 S0_2
15025 17 -0.5 0 S0_2
15026 17 -0.5 0 S0_2
15027 17 -0.5 91.5134863347554 S0_2
15028 17 -0.5 0 S0_2
15029 17 -0.5 251.820285738522 S0_2
15030 17 -0.5 0 S0_2
15032 17 -0.5 0 S0_2
15033 17 -0.5 89.755614802791 S0_2
15035 17 -0.5 1.48547064112971 S0_2
15036 17 -0.5 218.7635954776 S0_2
15037 17 -0.5 0 S0_2
15039 17 -0.5 7.36181721642822 S0_2
15041 17 -0.5 0 S0_2
15023 18 -0.5 586.956854837146 S0_2
15024 18 -0.5 64.6040120716396 S0_2
15025 18 -0.5 0 S0_2
15026 18 -0.5 0 S0_2
15027 18 -0.5 94.2329110172437 S0_2
15028 18 -0.5 0 S0_2
15029 18 -0.5 367.324654499741 S0_2
15030 18 -0.5 0 S0_2
15032 18 -0.5 0 S0_2
15033 18 -0.5 176.953425060007 S0_2
15035 18 -0.5 20.8635244985134 S0_2
15036 18 -0.5 224.261504694056 S0_2
15037 18 -0.5 0 S0_2
15039 18 -0.5 4.94409208312867 S0_2
15041 18 -0.5 0 S0_2
15023 19 -0.5 642.964144222062 S0_2
15024 19 -0.5 86.7832805861293 S0_2
15025 19 -0.5 0 S0_2
15026 19 -0.5 0 S0_2
15027 19 -0.5 126.727245229272 S0_2
15028 19 -0.5 0 S0_2
15029 19 -0.5 395.652891260025 S0_2
15030 19 -0.5 0 S0_2
15032 19 -0.5 0 S0_2
15033 19 -0.5 186.579980681913 S0_2
15035 19 -0.5 49.1193346494039 S0_2
15036 19 -0.5 273.847638435285 S0_2
15037 19 -0.5 0 S0_2
15039 19 -0.5 22.7345197042946 S0_2
15041 19 -0.5 0 S0_2
15023 20 -0.5 666.415758051158 S0_2
15024 20 -0.5 109.702388245829 S0_2
15025 20 -0.5 0 S0_2
15026 20 -0.5 0 S0_2
15027 20 -0.5 158.814783270403 S0_2
15028 20 -0.5 0 S0_2
15029 20 -0.5 441.312300409062 S0_2
15030 20 -0.5 0 S0_2
15032 20 -0.5 0 S0_2
15033 20 -0.5 230.516807133921 S0_2
15035 20 -0.5 71.2886419285895 S0_2
15036 20 -0.5 299.714165357222 S0_2
15037 20 -0.5 0 S0_2
15039 20 -0.5 41.0518167729264 S0_2
15041 20 -0.5 0 S0_2
15023 21 -0.5 663.654290077808 S0_2
15024 21 -0.5 85.2409522326879 S0_2
15025 21 -0.5 0 S0_2
15026 21 -0.5 0 S0_2
15027 21 -0.5 125.392935192694 S0_2
15028 21 -0.5 0 S0_2
15029 21 -0.5 406.401018503562 S0_2
15030 21 -0.5 0 S0_2
15032 21 -0.5 0 S0_2
15033 21 -0.5 186.479044235434 S0_2
15035 21 -0.5 49.0372339165069 S0_2
15036 21 -0.5 276.913690463136 S0_2
15037 21 -0.5 0 S0_2
15039 21 -0.5 21.0819934295646 S0_2
15041 21 -0.5 0 S0_2
15023 22 -0.5 715.565139619217 S0_2
15024 22 -0.5 102.095114764651 S0_2
15025 22 -0.5 0 S0_2
15026 22 -0.5 0 S0_2
15027 22 -0.5 151.619468830078 S0_2
15028 22 -0.5 0 S0_2
15029 22 -0.5 475.211008861145 S0_2
15030 22 -0.5 0 S0_2
15032 22 -0.5 0 S0_2
15033 22 -0.5 233.936619245216 S0_2
15035 22 -0.5 63.9020162187579 S0_2
15036 22 -0.5 300.085138689175 S0_2
15037 22 -0.5 0 S0_2
15039 22 -0.5 29.6657999175704 S0_2
15041 22 -0.5 0 S0_2
15023 23 -0.5 672.908278177339 S0_2
15024 23 -0.5 87.9185425191338 S0_2
15025 23 -0.5 0 S0_2
15026 23 -0.5 0 S0_2
15027 23 -0.5 133.485456481971 S0_2
15028 23 -0.5 0 S0_2
15029 23 -0.5 394.294215630773 S0_2
15030 23 -0.5 0 S0_2
15032 23 -0.5 0 S0_2
15033 23 -0.5 169.715524063085 S0_2
15035 23 -0.5 50.6683484991141 S0_2
15036 23 -0.5 289.037367246914 S0_2
15037 23 -0.5 0 S0_2
15039 23 -0.5 27.9275201509622 S0_2
15041 23 -0.5 0 S0_2
15023 24 -0.5 688.689300766751 S0_2
15024 24 -0.5 92.385298729017 S0_2
15025 24 -0.5 0 S0_2
15026 24 -0.5 0 S0_2
15027 24 -0.5 135.838146544208 S0_2
15028 24 -0.5 0 S0_2
15029 24 -0.5 432.931033729038 S0_2
15030 24 -0.5 0 S0_2
15032 24 -0.5 0 S0_2
15033 24 -0.5 202.994220422702 S0_2
15035 24 -0.5 56.9905834617833 S0_2
15036 24 -0.5 289.041255371379 S0_2
15037 24 -0.5 0 S0_2
15039 24 -0.5 25.7987474358333 S0_2
15041 24 -0.5 0 S0_2
15023 25 -0.5 392.763767442564 S0_2
15024 25 -0.5 8.96154578105211 S0_2
15025 25 -0.5 0 S0_2
15026 25 -0.5 0 S0_2
15027 25 -0.5 66.3187063122433 S0_2
15028 25 -0.5 0 S0_2
15029 25 -0.5 151.491364830404 S0_2
15030 25 -0.5 0 S0_2
15032 25 -0.5 0 S0_2
15033 25 -0.5 2.82156692802917 S0_2
15035 25 -0.5 0 S0_2
15036 25 -0.5 156.206062459567 S0_2
15037 25 -0.5 0 S0_2
15039 25 -0.5 0 S0_2
15041 25 -0.5 0 S0_2
15023 26 -0.5 689.703546546948 S0_2
15024 26 -0.5 103.936513298345 S0_2
15025 26 -0.5 0 S0_2
15026 26 -0.5 0 S0_2
15027 26 -0.5 152.497863104791 S0_2
15028 26 -0.5 0 S0_2
15029 26 -0.5 456.484347366795 S0_2
15030 26 -0.5 0 S0_2
15032 26 -0.5 0 S0_2
15033 26 -0.5 231.301570856553 S0_2
15035 26 -0.5 65.2422217406112 S0_2
15036 26 -0.5 297.170412406972 S0_2
15037 26 -0.5 0 S0_2
15039 26 -0.5 32.8531558732051 S0_2
15041 26 -0.5 0 S0_2
15023 27 -0.5 168.588168249102 S0_2
15024 27 -0.5 0 S0_2
15025 27 -0.5 0 S0_2
15026 27 -0.5 0 S0_2
15027 27 -0.5 2.41994086688551 S0_2
15028 27 -0.5 0 S0_2
15029 27 -0.5 4.55992916313782 S0_2
15030 27 -0.5 0 S0_2
15032 27 -0.5 0 S0_2
15033 27 -0.5 0 S0_2
15035 27 -0.5 0 S0_2
15036 27 -0.5 11.8267846631781 S0_2
15037 27 -0.5 0 S0_2
15039 27 -0.5 0 S0_2
15041 27 -0.5 0 S0_2
15023 28 -0.5 720.839026749626 S0_2
15024 28 -0.5 112.94660194025 S0_2
15025 28 -0.5 0 S0_2
15026 28 -0.5 0 S0_2
15027 28 -0.5 166.667087900857 S0_2
15028 28 -0.5 0 S0_2
15029 28 -0.5 484.912659957511 S0_2
15030 28 -0.5 0 S0_2
15032 28 -0.5 0 S0_2
15033 28 -0.5 246.576279963753 S0_2
15035 28 -0.5 74.7655330564032 S0_2
15036 28 -0.5 313.317709405177 S0_2
15037 28 -0.5 0 S0_2
15039 28 -0.5 40.1435075563251 S0_2
15041 28 -0.5 0 S0_2
15023 29 -0.5 490.076373411811 S0_2
15024 29 -0.5 40.9435276887628 S0_2
15025 29 -0.5 0 S0_2
15026 29 -0.5 0 S0_2
15027 29 -0.5 61.7746410267208 S0_2
15028 29 -0.5 0 S0_2
15029 29 -0.5 247.790252679332 S0_2
15030 29 -0.5 0 S0_2
15032 29 -0.5 0 S0_2
15033 29 -0.5 86.8622805353311 S0_2
15035 29 -0.5 1.95850904370652 S0_2
15036 29 -0.5 192.604305798666 S0_2
15037 29 -0.5 0 S0_2
15039 29 -0.5 2.04620879828321 S0_2
15041 29 -0.5 0 S0_2
15023 30 -0.5 361.923422783683 S0_2
15024 30 -0.5 4.99129464771041 S0_2
15025 30 -0.5 0 S0_2
15026 30 -0.5 0 S0_2
15027 30 -0.5 53.1059721305482 S0_2
15028 30 -0.5 0 S0_2
15029 30 -0.5 135.480913672785 S0_2
15030 30 -0.5 0 S0_2
15032 30 -0.5 0 S0_2
15033 30 -0.5 1.58160173920843 S0_2
15035 30 -0.5 0 S0_2
15036 30 -0.5 142.493960170954 S0_2
15037 30 -0.5 0 S0_2
15039 30 -0.5 0 S0_2
15041 30 -0.5 0 S0_2
15023 31 -0.5 576.278069991955 S0_2
15024 31 -0.5 25.0912973999079 S0_2
15025 31 -0.5 0 S0_2
15026 31 -0.5 0 S0_2
15027 31 -0.5 100.333535054504 S0_2
15028 31 -0.5 0 S0_2
15029 31 -0.5 253.297245337418 S0_2
15030 31 -0.5 0 S0_2
15032 31 -0.5 0 S0_2
15033 31 -0.5 39.2548228832856 S0_2
15035 31 -0.5 0 S0_2
15036 31 -0.5 234.089089537043 S0_2
15037 31 -0.5 0 S0_2
15039 31 -0.5 1.05511728295937 S0_2
15041 31 -0.5 0 S0_2
15023 1 -1.5 155.054578410653 S0_2
15024 1 -1.5 2.3046664915613 S0_2
15025 1 -1.5 60.9558522761286 S0_2
15026 1 -1.5 0 S0_2
15027 1 -1.5 0 S0_2
15028 1 -1.5 0 S0_2
15029 1 -1.5 106.61047132232 S0_2
15030 1 -1.5 0 S0_2
15032 1 -1.5 16.4101725763246 S0_2
15033 1 -1.5 8.44294973786488 S0_2
15035 1 -1.5 0 S0_2
15036 1 -1.5 14.990181585116 S0_2
15037 1 -1.5 0 S0_2
15039 1 -1.5 0 S0_2
15041 1 -1.5 44.1857699627062 S0_2
15023 2 -1.5 140.172800067127 S0_2
15024 2 -1.5 0 S0_2
15025 2 -1.5 0 S0_2
15026 2 -1.5 0 S0_2
15027 2 -1.5 0 S0_2
15028 2 -1.5 0 S0_2
15029 2 -1.5 11.0154336863842 S0_2
15030 2 -1.5 0 S0_2
15032 2 -1.5 0 S0_2
15033 2 -1.5 0 S0_2
15035 2 -1.5 0 S0_2
15036 2 -1.5 4.18346479533295 S0_2
15037 2 -1.5 0 S0_2
15039 2 -1.5 0 S0_2
15041 2 -1.5 0 S0_2
15023 3 -1.5 215.995826020157 S0_2
15024 3 -1.5 2.14991820500705 S0_2
15025 3 -1.5 17.4453324680123 S0_2
15026 3 -1.5 0 S0_2
15027 3 -1.5 0 S0_2
15028 3 -1.5 0 S0_2
15029 3 -1.5 87.7132609318356 S0_2
15030 3 -1.5 0 S0_2
15032 3 -1.5 0 S0_2
15033 3 -1.5 0 S0_2
15035 3 -1.5 0 S0_2
15036 3 -1.5 44.2879221677536 S0_2
15037 3 -1.5 0 S0_2
15039 3 -1.5 0 S0_2
15041 3 -1.5 25.4488283242363 S0_2
15023 4 -1.5 189.617405091491 S0_2
15024 4 -1.5 3.63431146251341 S0_2
15025 4 -1.5 51.7439188612004 S0_2
15026 4 -1.5 0 S0_2
15027 4 -1.5 0 S0_2
15028 4 -1.5 0 S0_2
15029 4 -1.5 107.124278445081 S0_2
15030 4 -1.5 0 S0_2
15032 4 -1.5 9.99597328029927 S0_2
15033 4 -1.5 3.43980100964162 S0_2
15035 4 -1.5 0 S0_2
15036 4 -1.5 31.3605839611419 S0_2
15037 4 -1.5 0 S0_2
15039 4 -1.5 0 S0_2
15041 4 -1.5 44.1200160293411 S0_2
15023 5 -1.5 0 S0_2
15024 5 -1.5 0 S0_2
15025 5 -1.5 0 S0_2
15026 5 -1.5 0 S0_2
15027 5 -1.5 0 S0_2
15028 5 -1.5 0 S0_2
15029 5 -1.5 0 S0_2
15030 5 -1.5 0 S0_2
15032 5 -1.5 0 S0_2
15033 5 -1.5 0 S0_2
15035 5 -1.5 0 S0_2
15036 5 -1.5 0 S0_2
15037 5 -1.5 0 S0_2
15039 5 -1.5 0 S0_2
15041 5 -1.5 0 S0_2
15023 6 -1.5 448.165219880358 S0_2
15024 6 -1.5 74.7113700796147 S0_2
15025 6 -1.5 166.786945101147 S0_2
15026 6 -1.5 0 S0_2
15027 6 -1.5 52.1790446247837 S0_2
15028 6 -1.5 1.58950048404125 S0_2
15029 6 -1.5 281.64390838793 S0_2
15030 6 -1.5 0 S0_2
15032 6 -1.5 80.654715369149 S0_2
15033 6 -1.5 77.650932663281 S0_2
15035 6 -1.5 18.7354099301094 S0_2
15036 6 -1.5 166.302830956951 S0_2
15037 6 -1.5 0 S0_2
15039 6 -1.5 1.27604226136668 S0_2
15041 6 -1.5 150.927213273782 S0_2
15023 7 -1.5 148.127882150078 S0_2
15024 7 -1.5 0 S0_2
15025 7 -1.5 0 S0_2
15026 7 -1.5 0 S0_2
15027 7 -1.5 1.1519482420583 S0_2
15028 7 -1.5 0 S0_2
15029 7 -1.5 15.170695067759 S0_2
15030 7 -1.5 0 S0_2
15032 7 -1.5 0 S0_2
15033 7 -1.5 0 S0_2
15035 7 -1.5 0 S0_2
15036 7 -1.5 5.8972620213075 S0_2
15037 7 -1.5 0 S0_2
15039 7 -1.5 0 S0_2
15041 7 -1.5 0 S0_2
15023 8 -1.5 297.693888489608 S0_2
15024 8 -1.5 33.0494095092553 S0_2
15025 8 -1.5 118.762283629807 S0_2
15026 8 -1.5 0 S0_2
15027 8 -1.5 3.92408212981697 S0_2
15028 8 -1.5 0 S0_2
15029 8 -1.5 188.15911865522 S0_2
15030 8 -1.5 0 S0_2
15032 8 -1.5 64.5865056519494 S0_2
15033 8 -1.5 50.5716281980334 S0_2
15035 8 -1.5 1.72602896065466 S0_2
15036 8 -1.5 78.5604416548053 S0_2
15037 8 -1.5 0 S0_2
15039 8 -1.5 0 S0_2
15041 8 -1.5 98.8002089101134 S0_2
15023 9 -1.5 317.079913818893 S0_2
15024 9 -1.5 27.0024807722411 S0_2
15025 9 -1.5 91.2861910829247 S0_2
15026 9 -1.5 0 S0_2
15027 9 -1.5 3.60539297140577 S0_2
15028 9 -1.5 0 S0_2
15029 9 -1.5 168.118924349957 S0_2
15030 9 -1.5 0 S0_2
15032 9 -1.5 27.1453091334856 S0_2
15033 9 -1.5 21.5073335141995 S0_2
15035 9 -1.5 0 S0_2
15036 9 -1.5 87.0403623790376 S0_2
15037 9 -1.5 0 S0_2
15039 9 -1.5 0 S0_2
15041 9 -1.5 81.6391174332551 S0_2
15023 10 -1.5 319.845717674071 S0_2
15024 10 -1.5 31.7354045432665 S0_2
15025 10 -1.5 119.038480585485 S0_2
15026 10 -1.5 0 S0_2
15027 10 -1.5 4.03474237032526 S0_2
15028 10 -1.5 0 S0_2
15029 10 -1.5 192.020267577247 S0_2
15030 10 -1.5 0 S0_2
15032 10 -1.5 63.4558029406083 S0_2
15033 10 -1.5 47.9313278880785 S0_2
15035 10 -1.5 1.92760141748051 S0_2
15036 10 -1.5 80.2674439877601 S0_2
15037 10 -1.5 0 S0_2
15039 10 -1.5 0 S0_2
15041 10 -1.5 96.4588395663387 S0_2
15023 11 -1.5 4.38451500568423 S0_2
15024 11 -1.5 0 S0_2
15025 11 -1.5 0 S0_2
15026 11 -1.5 0 S0_2
15027 11 -1.5 0 S0_2
15028 11 -1.5 0 S0_2
15029 11 -1.5 0 S0_2
15030 11 -1.5 0 S0_2
15032 11 -1.5 0 S0_2
15033 11 -1.5 0 S0_2
15035 11 -1.5 0 S0_2
15036 11 -1.5 0 S0_2
15037 11 -1.5 0 S0_2
15039 11 -1.5 0 S0_2
15041 11 -1.5 0 S0_2
15023 12 -1.5 4.38809458934963 S0_2
15024 12 -1.5 0 S0_2
15025 12 -1.5 0 S0_2
15026 12 -1.5 0 S0_2
15027 12 -1.5 0 S0_2
15028 12 -1.5 0 S0_2
15029 12 -1.5 0 S0_2
15030 12 -1.5 0 S0_2
15032 12 -1.5 0 S0_2
15033 12 -1.5 0 S0_2
15035 12 -1.5 0 S0_2
15036 12 -1.5 0 S0_2
15037 12 -1.5 0 S0_2
15039 12 -1.5 0 S0_2
15041 12 -1.5 0 S0_2
15023 13 -1.5 166.779428722693 S0_2
15024 13 -1.5 1.57249441010732 S0_2
15025 13 -1.5 14.2962376230973 S0_2
15026 13 -1.5 0 S0_2
15027 13 -1.5 0 S0_2
15028 13 -1.5 0 S0_2
15029 13 -1.5 72.1095607275528 S0_2
15030 13 -1.5 0 S0_2
15032 13 -1.5 0 S0_2
15033 13 -1.5 0 S0_2
15035 13 -1.5 0 S0_2
15036 13 -1.5 23.9181154131516 S0_2
15037 13 -1.5 0 S0_2
15039 13 -1.5 0 S0_2
15041 13 -1.5 23.3916231116343 S0_2
15023 14 -1.5 291.580464557124 S0_2
15024 14 -1.5 17.6102060444072 S0_2
15025 14 -1.5 35.3793079715373 S0_2
15026 14 -1.5 0 S0_2
15027 14 -1.5 18.108525588304 S0_2
15028 14 -1.5 1.67505373744101 S0_2
15029 14 -1.5 132.254727513203 S0_2
15030 14 -1.5 0 S0_2
15032 14 -1.5 0 S0_2
15033 14 -1.5 0 S0_2
15035 14 -1.5 0 S0_2
15036 14 -1.5 101.125956503515 S0_2
15037 14 -1.5 0 S0_2
15039 14 -1.5 0 S0_2
15041 14 -1.5 51.737439123963 S0_2
15023 15 -1.5 561.402480530929 S0_2
15024 15 -1.5 117.561566109513 S0_2
15025 15 -1.5 285.89412126794 S0_2
15026 15 -1.5 39.0850686834538 S0_2
15027 15 -1.5 101.888926547761 S0_2
15028 15 -1.5 7.09654168339575 S0_2
15029 15 -1.5 429.789200829174 S0_2
15030 15 -1.5 0 S0_2
15032 15 -1.5 170.567946909354 S0_2
15033 15 -1.5 156.229232768717 S0_2
15035 15 -1.5 72.9223611843478 S0_2
15036 15 -1.5 221.524382204617 S0_2
15037 15 -1.5 0 S0_2
15039 15 -1.5 10.9427280821641 S0_2
15041 15 -1.5 239.956466349023 S0_2
15023 16 -1.5 380.313828197217 S0_2
15024 16 -1.5 56.0964336435235 S0_2
15025 16 -1.5 170.301049184244 S0_2
15026 16 -1.5 0 S0_2
15027 16 -1.5 22.2590624949609 S0_2
15028 16 -1.5 0 S0_2
15029 16 -1.5 264.598485486086 S0_2
15030 16 -1.5 0 S0_2
15032 16 -1.5 94.0556235398371 S0_2
15033 16 -1.5 84.6947718087659 S0_2
15035 16 -1.5 9.53068794855759 S0_2
15036 16 -1.5 112.439008202116 S0_2
15037 16 -1.5 0 S0_2
15039 16 -1.5 0 S0_2
15041 16 -1.5 139.859252630267 S0_2
15023 17 -1.5 373.359800332106 S0_2
15024 17 -1.5 58.9693706879593 S0_2
15025 17 -1.5 121.658580057455 S0_2
15026 17 -1.5 0 S0_2
15027 17 -1.5 32.6471690475447 S0_2
15028 17 -1.5 1.04136924569378 S0_2
15029 17 -1.5 218.903213348867 S0_2
15030 17 -1.5 0 S0_2
15032 17 -1.5 24.7692531299624 S0_2
15033 17 -1.5 42.8259809376899 S0_2
15035 17 -1.5 1.90499868620975 S0_2
15036 17 -1.5 144.949712030613 S0_2
15037 17 -1.5 0 S0_2
15039 17 -1.5 0 S0_2
15041 17 -1.5 118.116007743245 S0_2
15023 18 -1.5 96.6058410887368 S0_2
15024 18 -1.5 0 S0_2
15025 18 -1.5 24.1853699589973 S0_2
15026 18 -1.5 0 S0_2
15027 18 -1.5 0 S0_2
15028 18 -1.5 0 S0_2
15029 18 -1.5 58.4076468635432 S0_2
15030 18 -1.5 0 S0_2
15032 18 -1.5 2.22458456276688 S0_2
15033 18 -1.5 0 S0_2
15035 18 -1.5 0 S0_2
15036 18 -1.5 1.42019597104587 S0_2
15037 18 -1.5 0 S0_2
15039 18 -1.5 0 S0_2
15041 18 -1.5 17.1210649518805 S0_2
15023 19 -1.5 325.001869011787 S0_2
15024 19 -1.5 33.5433686663385 S0_2
15025 19 -1.5 118.547252887737 S0_2
15026 19 -1.5 0 S0_2
15027 19 -1.5 4.64638886237323 S0_2
15028 19 -1.5 0 S0_2
15029 19 -1.5 193.318468237876 S0_2
15030 19 -1.5 0 S0_2
15032 19 -1.5 63.5035113190721 S0_2
15033 19 -1.5 47.3207621404547 S0_2
15035 19 -1.5 2.18682964111269 S0_2
15036 19 -1.5 84.6794167006819 S0_2
15037 19 -1.5 0 S0_2
15039 19 -1.5 0 S0_2
15041 19 -1.5 97.9700866242193 S0_2
15023 20 -1.5 475.029676642919 S0_2
15024 20 -1.5 89.2913541823417 S0_2
15025 20 -1.5 237.686687152382 S0_2
15026 20 -1.5 9.11416576328001 S0_2
15027 20 -1.5 65.1178335585493 S0_2
15028 20 -1.5 0 S0_2
15029 20 -1.5 358.118864213842 S0_2
15030 20 -1.5 0 S0_2
15032 20 -1.5 136.210261044174 S0_2
15033 20 -1.5 125.7628491241 S0_2
15035 20 -1.5 40.8290701629691 S0_2
15036 20 -1.5 167.987923034201 S0_2
15037 20 -1.5 0 S0_2
15039 20 -1.5 1.68587609967583 S0_2
15041 20 -1.5 198.879806320637 S0_2
15023 21 -1.5 278.997708204656 S0_2
15024 21 -1.5 19.9261794139984 S0_2
15025 21 -1.5 96.976225770759 S0_2
15026 21 -1.5 0 S0_2
15027 21 -1.5 1.38948918972738 S0_2
15028 21 -1.5 0 S0_2
15029 21 -1.5 162.530950117709 S0_2
15030 21 -1.5 0 S0_2
15032 21 -1.5 47.1785658357831 S0_2
15033 21 -1.5 30.3727353397648 S0_2
15035 21 -1.5 0 S0_2
15036 21 -1.5 63.7845251214727 S0_2
15037 21 -1.5 0 S0_2
15039 21 -1.5 0 S0_2
15041 21 -1.5 78.1397609272193 S0_2
15023 22 -1.5 321.67288363833 S0_2
15024 22 -1.5 30.5760501408574 S0_2
15025 22 -1.5 127.321237650613 S0_2
15026 22 -1.5 0 S0_2
15027 22 -1.5 4.33285635902913 S0_2
15028 22 -1.5 0 S0_2
15029 22 -1.5 199.748516778836 S0_2
15030 22 -1.5 0 S0_2
15032 22 -1.5 63.7392479414721 S0_2
15033 22 -1.5 53.5015352548495 S0_2
15035 22 -1.5 1.60469393698545 S0_2
15036 22 -1.5 74.7501471247331 S0_2
15037 22 -1.5 0 S0_2
15039 22 -1.5 0 S0_2
15041 22 -1.5 97.3810180542344 S0_2
15023 23 -1.5 388.041785953429 S0_2
15024 23 -1.5 42.5785882070963 S0_2
15025 23 -1.5 127.80133125833 S0_2
15026 23 -1.5 0 S0_2
15027 23 -1.5 11.9994016262344 S0_2
15028 23 -1.5 0 S0_2
15029 23 -1.5 218.630104675351 S0_2
15030 23 -1.5 0 S0_2
15032 23 -1.5 63.1361256156144 S0_2
15033 23 -1.5 49.1042735097116 S0_2
15035 23 -1.5 4.37456084607161 S0_2
15036 23 -1.5 108.729181050441 S0_2
15037 23 -1.5 0 S0_2
15039 23 -1.5 0 S0_2
15041 23 -1.5 107.267675158487 S0_2
15023 24 -1.5 310.815129961934 S0_2
15024 24 -1.5 26.6146650713313 S0_2
15025 24 -1.5 112.082170832496 S0_2
15026 24 -1.5 0 S0_2
15027 24 -1.5 2.6910385941985 S0_2
15028 24 -1.5 0 S0_2
15029 24 -1.5 182.633183545599 S0_2
15030 24 -1.5 0 S0_2
15032 24 -1.5 57.7308246738548 S0_2
15033 24 -1.5 41.6615948096976 S0_2
15035 24 -1.5 1.32172186554345 S0_2
15036 24 -1.5 73.3863541210524 S0_2
15037 24 -1.5 0 S0_2
15039 24 -1.5 0 S0_2
15041 24 -1.5 88.7942132410766 S0_2
15023 25 -1.5 274.611998713442 S0_2
15024 25 -1.5 8.94870372119223 S0_2
15025 25 -1.5 23.2128826214516 S0_2
15026 25 -1.5 0 S0_2
15027 25 -1.5 8.89871799054921 S0_2
15028 25 -1.5 0 S0_2
15029 25 -1.5 115.349131936777 S0_2
15030 25 -1.5 0 S0_2
15032 25 -1.5 0 S0_2
15033 25 -1.5 0 S0_2
15035 25 -1.5 0 S0_2
15036 25 -1.5 83.5399608349318 S0_2
15037 25 -1.5 0 S0_2
15039 25 -1.5 0 S0_2
15041 25 -1.5 38.3075226612358 S0_2
15023 26 -1.5 384.109946688524 S0_2
15024 26 -1.5 50.0732250505143 S0_2
15025 26 -1.5 163.035604365134 S0_2
15026 26 -1.5 0 S0_2
15027 26 -1.5 17.4001231105121 S0_2
15028 26 -1.5 0 S0_2
15029 26 -1.5 257.986823981292 S0_2
15030 26 -1.5 0 S0_2
15032 26 -1.5 87.6766140649744 S0_2
15033 26 -1.5 77.5139906285475 S0_2
15035 26 -1.5 7.3780924466077 S0_2
15036 26 -1.5 104.92166103536 S0_2
15037 26 -1.5 0 S0_2
15039 26 -1.5 0 S0_2
15041 26 -1.5 129.804949346535 S0_2
15023 27 -1.5 72.5315918503108 S0_2
15024 27 -1.5 0 S0_2
15025 27 -1.5 0 S0_2
15026 27 -1.5 0 S0_2
15027 27 -1.5 0 S0_2
15028 27 -1.5 0 S0_2
15029 27 -1.5 0 S0_2
15030 27 -1.5 0 S0_2
15032 27 -1.5 0 S0_2
15033 27 -1.5 0 S0_2
15035 27 -1.5 0 S0_2
15036 27 -1.5 0 S0_2
15037 27 -1.5 0 S0_2
15039 27 -1.5 0 S0_2
15041 27 -1.5 0 S0_2
15023 28 -1.5 439.152360294806 S0_2
15024 28 -1.5 63.1748144662895 S0_2
15025 28 -1.5 200.368059173286 S0_2
15026 28 -1.5 1.94601955773493 S0_2
15027 28 -1.5 34.9917713121635 S0_2
15028 28 -1.5 0 S0_2
15029 28 -1.5 313.531543420847 S0_2
15030 28 -1.5 0 S0_2
15032 28 -1.5 104.621662853536 S0_2
15033 28 -1.5 95.8502575381042 S0_2
15035 28 -1.5 16.9809978414008 S0_2
15036 28 -1.5 126.370903051254 S0_2
15037 28 -1.5 0 S0_2
15039 28 -1.5 0 S0_2
15041 28 -1.5 157.901453424224 S0_2
15023 29 -1.5 143.217958558203 S0_2
15024 29 -1.5 0 S0_2
15025 29 -1.5 17.5886929933225 S0_2
15026 29 -1.5 0 S0_2
15027 29 -1.5 0 S0_2
15028 29 -1.5 0 S0_2
15029 29 -1.5 67.0261117464095 S0_2
15030 29 -1.5 0 S0_2
15032 29 -1.5 0 S0_2
15033 29 -1.5 0 S0_2
15035 29 -1.5 0 S0_2
15036 29 -1.5 10.9352417473804 S0_2
15037 29 -1.5 0 S0_2
15039 29 -1.5 0 S0_2
15041 29 -1.5 20.0513432708828 S0_2
15023 30 -1.5 263.921318592635 S0_2
15024 30 -1.5 8.62594331613619 S0_2
15025 30 -1.5 19.6919255957493 S0_2
15026 30 -1.5 0 S0_2
15027 30 -1.5 7.62485220858054 S0_2
15028 30 -1.5 0 S0_2
15029 30 -1.5 110.946120340678 S0_2
15030 30 -1.5 0 S0_2
15032 30 -1.5 0 S0_2
15033 30 -1.5 0 S0_2
15035 30 -1.5 0 S0_2
15036 30 -1.5 81.1388778175849 S0_2
15037 30 -1.5 0 S0_2
15039 30 -1.5 0 S0_2
15041 30 -1.5 37.4757911360892 S0_2
15023 31 -1.5 321.969760488496 S0_2
15024 31 -1.5 3.51387661195428 S0_2
15025 31 -1.5 37.7378597659466 S0_2
15026 31 -1.5 0 S0_2
15027 31 -1.5 3.22820134927161 S0_2
15028 31 -1.5 0 S0_2
15029 31 -1.5 136.724981150016 S0_2
15030 31 -1.5 0 S0_2
15032 31 -1.5 0 S0_2
15033 31 -1.5 0 S0_2
15035 31 -1.5 0 S0_2
15036 31 -1.5 84.9009475940772 S0_2
15037 31 -1.5 0 S0_2
15039 31 -1.5 0 S0_2
15041 31 -1.5 32.3758241422924 S0_2
15023 1 -3 0 S0_2
15024 1 -3 0 S0_2
15025 1 -3 0 S0_2
15026 1 -3 0 S0_2
15027 1 -3 0 S0_2
15028 1 -3 0 S0_2
15029 1 -3 0 S0_2
15030 1 -3 0 S0_2
15032 1 -3 0 S0_2
15033 1 -3 0 S0_2
15035 1 -3 0 S0_2
15036 1 -3 0 S0_2
15037 1 -3 0 S0_2
15039 1 -3 0 S0_2
15041 1 -3 0 S0_2
15023 2 -3 73.4950464411977 S0_2
15024 2 -3 0 S0_2
15025 2 -3 0 S0_2
15026 2 -3 0 S0_2
15027 2 -3 0 S0_2
15028 2 -3 0 S0_2
15029 2 -3 0 S0_2
15030 2 -3 0 S0_2
15032 2 -3 0 S0_2
15033 2 -3 0 S0_2
15035 2 -3 0 S0_2
15036 2 -3 0 S0_2
15037 2 -3 0 S0_2
15039 2 -3 0 S0_2
15041 2 -3 0 S0_2
15023 3 -3 2.13837764696029 S0_2
15024 3 -3 0 S0_2
15025 3 -3 0 S0_2
15026 3 -3 0 S0_2
15027 3 -3 0 S0_2
15028 3 -3 0 S0_2
15029 3 -3 0 S0_2
15030 3 -3 0 S0_2
15032 3 -3 0 S0_2
15033 3 -3 0 S0_2
15035 3 -3 0 S0_2
15036 3 -3 0 S0_2
15037 3 -3 0 S0_2
15039 3 -3 0 S0_2
15041 3 -3 0 S0_2
15023 4 -3 0 S0_2
15024 4 -3 0 S0_2
15025 4 -3 0 S0_2
15026 4 -3 0 S0_2
15027 4 -3 0 S0_2
15028 4 -3 0 S0_2
15029 4 -3 0 S0_2
15030 4 -3 0 S0_2
15032 4 -3 0 S0_2
15033 4 -3 0 S0_2
15035 4 -3 0 S0_2
15036 4 -3 0 S0_2
15037 4 -3 0 S0_2
15039 4 -3 0 S0_2
15041 4 -3 0 S0_2
15023 5 -3 0 S0_2
15024 5 -3 0 S0_2
15025 5 -3 0 S0_2
15026 5 -3 0 S0_2
15027 5 -3 0 S0_2
15028 5 -3 0 S0_2
15029 5 -3 0 S0_2
15030 5 -3 0 S0_2
15032 5 -3 0 S0_2
15033 5 -3 0 S0_2
15035 5 -3 0 S0_2
15036 5 -3 0 S0_2
15037 5 -3 0 S0_2
15039 5 -3 0 S0_2
15041 5 -3 0 S0_2
15023 6 -3 196.565027729887 S0_2
15024 6 -3 6.66756160144811 S0_2
15025 6 -3 72.5761401450004 S0_2
15026 6 -3 0 S0_2
15027 6 -3 0 S0_2
15028 6 -3 0 S0_2
15029 6 -3 113.475472687232 S0_2
15030 6 -3 0 S0_2
15032 6 -3 5.40146811468606 S0_2
15033 6 -3 3.13579599510897 S0_2
15035 6 -3 0 S0_2
15036 6 -3 43.5379269056959 S0_2
15037 6 -3 0 S0_2
15039 6 -3 0 S0_2
15041 6 -3 51.6216458785448 S0_2
15023 7 -3 86.1365074127363 S0_2
15024 7 -3 0 S0_2
15025 7 -3 0 S0_2
15026 7 -3 0 S0_2
15027 7 -3 0 S0_2
15028 7 -3 0 S0_2
15029 7 -3 1.01398110981227 S0_2
15030 7 -3 0 S0_2
15032 7 -3 0 S0_2
15033 7 -3 0 S0_2
15035 7 -3 0 S0_2
15036 7 -3 0 S0_2
15037 7 -3 0 S0_2
15039 7 -3 0 S0_2
15041 7 -3 0 S0_2
15023 8 -3 8.22725313806512 S0_2
15024 8 -3 0 S0_2
15025 8 -3 0 S0_2
15026 8 -3 0 S0_2
15027 8 -3 0 S0_2
15028 8 -3 0 S0_2
15029 8 -3 0 S0_2
15030 8 -3 0 S0_2
15032 8 -3 0 S0_2
15033 8 -3 0 S0_2
15035 8 -3 0 S0_2
15036 8 -3 0 S0_2
15037 8 -3 0 S0_2
15039 8 -3 0 S0_2
15041 8 -3 0 S0_2
15023 9 -3 25.1593533012675 S0_2
15024 9 -3 0 S0_2
15025 9 -3 0 S0_2
15026 9 -3 0 S0_2
15027 9 -3 0 S0_2
15028 9 -3 0 S0_2
15029 9 -3 1.01417371707911 S0_2
15030 9 -3 0 S0_2
15032 9 -3 0 S0_2
15033 9 -3 0 S0_2
15035 9 -3 0 S0_2
15036 9 -3 0 S0_2
15037 9 -3 0 S0_2
15039 9 -3 0 S0_2
15041 9 -3 0 S0_2
15023 10 -3 3.90239920231784 S0_2
15024 10 -3 0 S0_2
15025 10 -3 0 S0_2
15026 10 -3 0 S0_2
15027 10 -3 0 S0_2
15028 10 -3 0 S0_2
15029 10 -3 0 S0_2
15030 10 -3 0 S0_2
15032 10 -3 0 S0_2
15033 10 -3 0 S0_2
15035 10 -3 0 S0_2
15036 10 -3 0 S0_2
15037 10 -3 0 S0_2
15039 10 -3 0 S0_2
15041 10 -3 0 S0_2
15023 11 -3 0 S0_2
15024 11 -3 0 S0_2
15025 11 -3 0 S0_2
15026 11 -3 0 S0_2
15027 11 -3 0 S0_2
15028 11 -3 0 S0_2
15029 11 -3 0 S0_2
15030 11 -3 0 S0_2
15032 11 -3 0 S0_2
15033 11 -3 0 S0_2
15035 11 -3 0 S0_2
15036 11 -3 0 S0_2
15037 11 -3 0 S0_2
15039 11 -3 0 S0_2
15041 11 -3 0 S0_2
15023 12 -3 0 S0_2
15024 12 -3 0 S0_2
15025 12 -3 0 S0_2
15026 12 -3 0 S0_2
15027 12 -3 0 S0_2
15028 12 -3 0 S0_2
15029 12 -3 0 S0_2
15030 12 -3 0 S0_2
15032 12 -3 0 S0_2
15033 12 -3 0 S0_2
15035 12 -3 0 S0_2
15036 12 -3 0 S0_2
15037 12 -3 0 S0_2
15039 12 -3 0 S0_2
15041 12 -3 0 S0_2
15023 13 -3 2.21020460671884 S0_2
15024 13 -3 0 S0_2
15025 13 -3 0 S0_2
15026 13 -3 0 S0_2
15027 13 -3 0 S0_2
15028 13 -3 0 S0_2
15029 13 -3 0 S0_2
15030 13 -3 0 S0_2
15032 13 -3 0 S0_2
15033 13 -3 0 S0_2
15035 13 -3 0 S0_2
15036 13 -3 0 S0_2
15037 13 -3 0 S0_2
15039 13 -3 0 S0_2
15041 13 -3 0 S0_2
15023 14 -3 184.445922540594 S0_2
15024 14 -3 0 S0_2
15025 14 -3 6.79490746880213 S0_2
15026 14 -3 0 S0_2
15027 14 -3 0 S0_2
15028 14 -3 0 S0_2
15029 14 -3 58.2546049819427 S0_2
15030 14 -3 0 S0_2
15032 14 -3 0 S0_2
15033 14 -3 0 S0_2
15035 14 -3 0 S0_2
15036 14 -3 30.3738222126651 S0_2
15037 14 -3 0 S0_2
15039 14 -3 0 S0_2
15041 14 -3 9.652411249416 S0_2
15023 15 -3 296.063108745749 S0_2
15024 15 -3 43.8421565375293 S0_2
15025 15 -3 160.930812702427 S0_2
15026 15 -3 0 S0_2
15027 15 -3 9.8562483256306 S0_2
15028 15 -3 0 S0_2
15029 15 -3 207.649988776908 S0_2
15030 15 -3 15.7214176139056 S0_2
15032 15 -3 76.2310460860042 S0_2
15033 15 -3 61.2059555606703 S0_2
15035 15 -3 5.23095998263918 S0_2
15036 15 -3 96.5276100631215 S0_2
15037 15 -3 1.21853127966862 S0_2
15039 15 -3 0 S0_2
15041 15 -3 113.820296594919 S0_2
15023 16 -3 56.626830363426 S0_2
15024 16 -3 0 S0_2
15025 16 -3 13.1993769311915 S0_2
15026 16 -3 0 S0_2
15027 16 -3 0 S0_2
15028 16 -3 0 S0_2
15029 16 -3 22.6650568498644 S0_2
15030 16 -3 0 S0_2
15032 16 -3 0 S0_2
15033 16 -3 0 S0_2
15035 16 -3 0 S0_2
15036 16 -3 0 S0_2
15037 16 -3 0 S0_2
15039 16 -3 0 S0_2
15041 16 -3 3.41991048944609 S0_2
15023 17 -3 205.23635771485 S0_2
15024 17 -3 7.2838250041901 S0_2
15025 17 -3 61.6803583772904 S0_2
15026 17 -3 0 S0_2
15027 17 -3 0 S0_2
15028 17 -3 0 S0_2
15029 17 -3 107.64272123009 S0_2
15030 17 -3 0 S0_2
15032 17 -3 0 S0_2
15033 17 -3 1.27334379937603 S0_2
15035 17 -3 0 S0_2
15036 17 -3 50.8779594542854 S0_2
15037 17 -3 0 S0_2
15039 17 -3 0 S0_2
15041 17 -3 48.8753829718906 S0_2
15023 18 -3 0 S0_2
15024 18 -3 0 S0_2
15025 18 -3 0 S0_2
15026 18 -3 0 S0_2
15027 18 -3 0 S0_2
15028 18 -3 0 S0_2
15029 18 -3 0 S0_2
15030 18 -3 0 S0_2
15032 18 -3 0 S0_2
15033 18 -3 0 S0_2
15035 18 -3 0 S0_2
15036 18 -3 0 S0_2
15037 18 -3 0 S0_2
15039 18 -3 0 S0_2
15041 18 -3 0 S0_2
15023 19 -3 8.84692435734535 S0_2
15024 19 -3 0 S0_2
15025 19 -3 0 S0_2
15026 19 -3 0 S0_2
15027 19 -3 0 S0_2
15028 19 -3 0 S0_2
15029 19 -3 0 S0_2
15030 19 -3 0 S0_2
15032 19 -3 0 S0_2
15033 19 -3 0 S0_2
15035 19 -3 0 S0_2
15036 19 -3 0 S0_2
15037 19 -3 0 S0_2
15039 19 -3 0 S0_2
15041 19 -3 0 S0_2
15023 20 -3 167.804937542547 S0_2
15024 20 -3 6.31263204629743 S0_2
15025 20 -3 90.0498413889654 S0_2
15026 20 -3 0 S0_2
15027 20 -3 0 S0_2
15028 20 -3 0 S0_2
15029 20 -3 118.247451033885 S0_2
15030 20 -3 0 S0_2
15032 20 -3 25.5915421066076 S0_2
15033 20 -3 14.1224308671975 S0_2
15035 20 -3 0 S0_2
15036 20 -3 25.9843160194011 S0_2
15037 20 -3 0 S0_2
15039 20 -3 0 S0_2
15041 20 -3 58.1247910211716 S0_2
15023 21 -3 0 S0_2
15024 21 -3 0 S0_2
15025 21 -3 0 S0_2
15026 21 -3 0 S0_2
15027 21 -3 0 S0_2
15028 21 -3 0 S0_2
15029 21 -3 0 S0_2
15030 21 -3 0 S0_2
15032 21 -3 0 S0_2
15033 21 -3 0 S0_2
15035 21 -3 0 S0_2
15036 21 -3 0 S0_2
15037 21 -3 0 S0_2
15039 21 -3 0 S0_2
15041 21 -3 0 S0_2
15023 22 -3 0 S0_2
15024 22 -3 0 S0_2
15025 22 -3 0 S0_2
15026 22 -3 0 S0_2
15027 22 -3 0 S0_2
15028 22 -3 0 S0_2
15029 22 -3 0 S0_2
15030 22 -3 0 S0_2
15032 22 -3 0 S0_2
15033 22 -3 0 S0_2
15035 22 -3 0 S0_2
15036 22 -3 0 S0_2
15037 22 -3 0 S0_2
15039 22 -3 0 S0_2
15041 22 -3 0 S0_2
15023 23 -3 44.7308538501519 S0_2
15024 23 -3 0 S0_2
15025 23 -3 1.25811039952848 S0_2
15026 23 -3 0 S0_2
15027 23 -3 0 S0_2
15028 23 -3 0 S0_2
15029 23 -3 5.55686657288093 S0_2
15030 23 -3 0 S0_2
15032 23 -3 0 S0_2
15033 23 -3 0 S0_2
15035 23 -3 0 S0_2
15036 23 -3 0 S0_2
15037 23 -3 0 S0_2
15039 23 -3 0 S0_2
15041 23 -3 0 S0_2
15023 24 -3 1.01115307493093 S0_2
15024 24 -3 0 S0_2
15025 24 -3 0 S0_2
15026 24 -3 0 S0_2
15027 24 -3 0 S0_2
15028 24 -3 0 S0_2
15029 24 -3 0 S0_2
15030 24 -3 0 S0_2
15032 24 -3 0 S0_2
15033 24 -3 0 S0_2
15035 24 -3 0 S0_2
15036 24 -3 0 S0_2
15037 24 -3 0 S0_2
15039 24 -3 0 S0_2
15041 24 -3 0 S0_2
15023 25 -3 124.72570863874 S0_2
15024 25 -3 0 S0_2
15025 25 -3 0 S0_2
15026 25 -3 0 S0_2
15027 25 -3 0 S0_2
15028 25 -3 0 S0_2
15029 25 -3 13.9051829698255 S0_2
15030 25 -3 0 S0_2
15032 25 -3 0 S0_2
15033 25 -3 0 S0_2
15035 25 -3 0 S0_2
15036 25 -3 3.23491789031145 S0_2
15037 25 -3 0 S0_2
15039 25 -3 0 S0_2
15041 25 -3 0 S0_2
15023 26 -3 30.0959748567907 S0_2
15024 26 -3 0 S0_2
15025 26 -3 3.13145610682306 S0_2
15026 26 -3 0 S0_2
15027 26 -3 0 S0_2
15028 26 -3 0 S0_2
15029 26 -3 6.75143173131808 S0_2
15030 26 -3 0 S0_2
15032 26 -3 0 S0_2
15033 26 -3 0 S0_2
15035 26 -3 0 S0_2
15036 26 -3 0 S0_2
15037 26 -3 0 S0_2
15039 26 -3 0 S0_2
15041 26 -3 0 S0_2
15023 27 -3 0 S0_2
15024 27 -3 0 S0_2
15025 27 -3 0 S0_2
15026 27 -3 0 S0_2
15027 27 -3 0 S0_2
15028 27 -3 0 S0_2
15029 27 -3 0 S0_2
15030 27 -3 0 S0_2
15032 27 -3 0 S0_2
15033 27 -3 0 S0_2
15035 27 -3 0 S0_2
15036 27 -3 0 S0_2
15037 27 -3 0 S0_2
15039 27 -3 0 S0_2
15041 27 -3 0 S0_2
15023 28 -3 64.7599588810873 S0_2
15024 28 -3 0 S0_2
15025 28 -3 18.8330142752499 S0_2
15026 28 -3 0 S0_2
15027 28 -3 0 S0_2
15028 28 -3 0 S0_2
15029 28 -3 31.3352881480962 S0_2
15030 28 -3 0 S0_2
15032 28 -3 0 S0_2
15033 28 -3 0 S0_2
15035 28 -3 0 S0_2
15036 28 -3 0 S0_2
15037 28 -3 0 S0_2
15039 28 -3 0 S0_2
15041 28 -3 4.51478181888219 S0_2
15023 29 -3 0 S0_2
15024 29 -3 0 S0_2
15025 29 -3 0 S0_2
15026 29 -3 0 S0_2
15027 29 -3 0 S0_2
15028 29 -3 0 S0_2
15029 29 -3 0 S0_2
15030 29 -3 0 S0_2
15032 29 -3 0 S0_2
15033 29 -3 0 S0_2
15035 29 -3 0 S0_2
15036 29 -3 0 S0_2
15037 29 -3 0 S0_2
15039 29 -3 0 S0_2
15041 29 -3 0 S0_2
15023 30 -3 137.970180476773 S0_2
15024 30 -3 0 S0_2
15025 30 -3 0 S0_2
15026 30 -3 0 S0_2
15027 30 -3 0 S0_2
15028 30 -3 0 S0_2
15029 30 -3 21.1301611041909 S0_2
15030 30 -3 0 S0_2
15032 30 -3 0 S0_2
15033 30 -3 0 S0_2
15035 30 -3 0 S0_2
15036 30 -3 6.33013181861256 S0_2
15037 30 -3 0 S0_2
15039 30 -3 0 S0_2
15041 30 -3 1.42353773155608 S0_2
15023 31 -3 42.7688930621578 S0_2
15024 31 -3 0 S0_2
15025 31 -3 0 S0_2
15026 31 -3 0 S0_2
15027 31 -3 0 S0_2
15028 31 -3 0 S0_2
15029 31 -3 0 S0_2
15030 31 -3 0 S0_2
15032 31 -3 0 S0_2
15033 31 -3 0 S0_2
15035 31 -3 0 S0_2
15036 31 -3 0 S0_2
15037 31 -3 0 S0_2
15039 31 -3 0 S0_2
15041 31 -3 0 S0_2
15023 1 -5 0 S0_2
15024 1 -5 0 S0_2
15025 1 -5 0 S0_2
15026 1 -5 0 S0_2
15027 1 -5 0 S0_2
15028 1 -5 0 S0_2
15029 1 -5 0 S0_2
15030 1 -5 0 S0_2
15032 1 -5 0 S0_2
15033 1 -5 0 S0_2
15035 1 -5 0 S0_2
15036 1 -5 0 S0_2
15037 1 -5 0 S0_2
15039 1 -5 0 S0_2
15041 1 -5 0 S0_2
15023 2 -5 4.86472353931134 S0_2
15024 2 -5 0 S0_2
15025 2 -5 0 S0_2
15026 2 -5 0 S0_2
15027 2 -5 0 S0_2
15028 2 -5 0 S0_2
15029 2 -5 0 S0_2
15030 2 -5 0 S0_2
15032 2 -5 0 S0_2
15033 2 -5 0 S0_2
15035 2 -5 0 S0_2
15036 2 -5 0 S0_2
15037 2 -5 0 S0_2
15039 2 -5 0 S0_2
15041 2 -5 0 S0_2
15023 3 -5 0 S0_2
15024 3 -5 0 S0_2
15025 3 -5 0 S0_2
15026 3 -5 0 S0_2
15027 3 -5 0 S0_2
15028 3 -5 0 S0_2
15029 3 -5 0 S0_2
15030 3 -5 0 S0_2
15032 3 -5 0 S0_2
15033 3 -5 0 S0_2
15035 3 -5 0 S0_2
15036 3 -5 0 S0_2
15037 3 -5 0 S0_2
15039 3 -5 0 S0_2
15041 3 -5 0 S0_2
15023 4 -5 0 S0_2
15024 4 -5 0 S0_2
15025 4 -5 0 S0_2
15026 4 -5 0 S0_2
15027 4 -5 0 S0_2
15028 4 -5 0 S0_2
15029 4 -5 0 S0_2
15030 4 -5 0 S0_2
15032 4 -5 0 S0_2
15033 4 -5 0 S0_2
15035 4 -5 0 S0_2
15036 4 -5 0 S0_2
15037 4 -5 0 S0_2
15039 4 -5 0 S0_2
15041 4 -5 0 S0_2
15023 5 -5 0 S0_2
15024 5 -5 0 S0_2
15025 5 -5 0 S0_2
15026 5 -5 0 S0_2
15027 5 -5 0 S0_2
15028 5 -5 0 S0_2
15029 5 -5 0 S0_2
15030 5 -5 0 S0_2
15032 5 -5 0 S0_2
15033 5 -5 0 S0_2
15035 5 -5 0 S0_2
15036 5 -5 0 S0_2
15037 5 -5 0 S0_2
15039 5 -5 0 S0_2
15041 5 -5 0 S0_2
15023 6 -5 18.4551557526339 S0_2
15024 6 -5 0 S0_2
15025 6 -5 0 S0_2
15026 6 -5 0 S0_2
15027 6 -5 0 S0_2
15028 6 -5 0 S0_2
15029 6 -5 0 S0_2
15030 6 -5 0 S0_2
15032 6 -5 0 S0_2
15033 6 -5 0 S0_2
15035 6 -5 0 S0_2
15036 6 -5 0 S0_2
15037 6 -5 0 S0_2
15039 6 -5 0 S0_2
15041 6 -5 0 S0_2
15023 7 -5 11.7382930031915 S0_2
15024 7 -5 0 S0_2
15025 7 -5 0 S0_2
15026 7 -5 0 S0_2
15027 7 -5 0 S0_2
15028 7 -5 0 S0_2
15029 7 -5 0 S0_2
15030 7 -5 0 S0_2
15032 7 -5 0 S0_2
15033 7 -5 0 S0_2
15035 7 -5 0 S0_2
15036 7 -5 0 S0_2
15037 7 -5 0 S0_2
15039 7 -5 0 S0_2
15041 7 -5 0 S0_2
15023 8 -5 0 S0_2
15024 8 -5 0 S0_2
15025 8 -5 0 S0_2
15026 8 -5 0 S0_2
15027 8 -5 0 S0_2
15028 8 -5 0 S0_2
15029 8 -5 0 S0_2
15030 8 -5 0 S0_2
15032 8 -5 0 S0_2
15033 8 -5 0 S0_2
15035 8 -5 0 S0_2
15036 8 -5 0 S0_2
15037 8 -5 0 S0_2
15039 8 -5 0 S0_2
15041 8 -5 0 S0_2
15023 9 -5 0 S0_2
15024 9 -5 0 S0_2
15025 9 -5 0 S0_2
15026 9 -5 0 S0_2
15027 9 -5 0 S0_2
15028 9 -5 0 S0_2
15029 9 -5 0 S0_2
15030 9 -5 0 S0_2
15032 9 -5 0 S0_2
15033 9 -5 0 S0_2
15035 9 -5 0 S0_2
15036 9 -5 0 S0_2
15037 9 -5 0 S0_2
15039 9 -5 0 S0_2
15041 9 -5 0 S0_2
15023 10 -5 0 S0_2
15024 10 -5 0 S0_2
15025 10 -5 0 S0_2
15026 10 -5 0 S0_2
15027 10 -5 0 S0_2
15028 10 -5 0 S0_2
15029 10 -5 0 S0_2
15030 10 -5 0 S0_2
15032 10 -5 0 S0_2
15033 10 -5 0 S0_2
15035 10 -5 0 S0_2
15036 10 -5 0 S0_2
15037 10 -5 0 S0_2
15039 10 -5 0 S0_2
15041 10 -5 0 S0_2
15023 11 -5 0 S0_2
15024 11 -5 0 S0_2
15025 11 -5 0 S0_2
15026 11 -5 0 S0_2
15027 11 -5 0 S0_2
15028 11 -5 0 S0_2
15029 11 -5 0 S0_2
15030 11 -5 0 S0_2
15032 11 -5 0 S0_2
15033 11 -5 0 S0_2
15035 11 -5 0 S0_2
15036 11 -5 0 S0_2
15037 11 -5 0 S0_2
15039 11 -5 0 S0_2
15041 11 -5 0 S0_2
15023 12 -5 0 S0_2
15024 12 -5 0 S0_2
15025 12 -5 0 S0_2
15026 12 -5 0 S0_2
15027 12 -5 0 S0_2
15028 12 -5 0 S0_2
15029 12 -5 0 S0_2
15030 12 -5 0 S0_2
15032 12 -5 0 S0_2
15033 12 -5 0 S0_2
15035 12 -5 0 S0_2
15036 12 -5 0 S0_2
15037 12 -5 0 S0_2
15039 12 -5 0 S0_2
15041 12 -5 0 S0_2
15023 13 -5 0 S0_2
15024 13 -5 0 S0_2
15025 13 -5 0 S0_2
15026 13 -5 0 S0_2
15027 13 -5 0 S0_2
15028 13 -5 0 S0_2
15029 13 -5 0 S0_2
15030 13 -5 0 S0_2
15032 13 -5 0 S0_2
15033 13 -5 0 S0_2
15035 13 -5 0 S0_2
15036 13 -5 0 S0_2
15037 13 -5 0 S0_2
15039 13 -5 0 S0_2
15041 13 -5 0 S0_2
15023 14 -5 72.7372415655353 S0_2
15024 14 -5 0 S0_2
15025 14 -5 0 S0_2
15026 14 -5 0 S0_2
15027 14 -5 0 S0_2
15028 14 -5 0 S0_2
15029 14 -5 1.07692888643532 S0_2
15030 14 -5 0 S0_2
15032 14 -5 0 S0_2
15033 14 -5 0 S0_2
15035 14 -5 0 S0_2
15036 14 -5 0 S0_2
15037 14 -5 0 S0_2
15039 14 -5 0 S0_2
15041 14 -5 0 S0_2
15023 15 -5 90.4682103329974 S0_2
15024 15 -5 0 S0_2
15025 15 -5 30.0538362996009 S0_2
15026 15 -5 0 S0_2
15027 15 -5 0 S0_2
15028 15 -5 0 S0_2
15029 15 -5 47.7912273767653 S0_2
15030 15 -5 0 S0_2
15032 15 -5 1.03686208545876 S0_2
15033 15 -5 0 S0_2
15035 15 -5 0 S0_2
15036 15 -5 0 S0_2
15037 15 -5 0 S0_2
15039 15 -5 0 S0_2
15041 15 -5 10.4496437658291 S0_2
15023 16 -5 0 S0_2
15024 16 -5 0 S0_2
15025 16 -5 0 S0_2
15026 16 -5 0 S0_2
15027 16 -5 0 S0_2
15028 16 -5 0 S0_2
15029 16 -5 0 S0_2
15030 16 -5 0 S0_2
15032 16 -5 0 S0_2
15033 16 -5 0 S0_2
15035 16 -5 0 S0_2
15036 16 -5 0 S0_2
15037 16 -5 0 S0_2
15039 16 -5 0 S0_2
15041 16 -5 0 S0_2
15023 17 -5 58.3217798601657 S0_2
15024 17 -5 0 S0_2
15025 17 -5 0 S0_2
15026 17 -5 0 S0_2
15027 17 -5 0 S0_2
15028 17 -5 0 S0_2
15029 17 -5 3.50760062559654 S0_2
15030 17 -5 0 S0_2
15032 17 -5 0 S0_2
15033 17 -5 0 S0_2
15035 17 -5 0 S0_2
15036 17 -5 0 S0_2
15037 17 -5 0 S0_2
15039 17 -5 0 S0_2
15041 17 -5 0 S0_2
15023 18 -5 0 S0_2
15024 18 -5 0 S0_2
15025 18 -5 0 S0_2
15026 18 -5 0 S0_2
15027 18 -5 0 S0_2
15028 18 -5 0 S0_2
15029 18 -5 0 S0_2
15030 18 -5 0 S0_2
15032 18 -5 0 S0_2
15033 18 -5 0 S0_2
15035 18 -5 0 S0_2
15036 18 -5 0 S0_2
15037 18 -5 0 S0_2
15039 18 -5 0 S0_2
15041 18 -5 0 S0_2
15023 19 -5 0 S0_2
15024 19 -5 0 S0_2
15025 19 -5 0 S0_2
15026 19 -5 0 S0_2
15027 19 -5 0 S0_2
15028 19 -5 0 S0_2
15029 19 -5 0 S0_2
15030 19 -5 0 S0_2
15032 19 -5 0 S0_2
15033 19 -5 0 S0_2
15035 19 -5 0 S0_2
15036 19 -5 0 S0_2
15037 19 -5 0 S0_2
15039 19 -5 0 S0_2
15041 19 -5 0 S0_2
15023 20 -5 1.35850185035027 S0_2
15024 20 -5 0 S0_2
15025 20 -5 0 S0_2
15026 20 -5 0 S0_2
15027 20 -5 0 S0_2
15028 20 -5 0 S0_2
15029 20 -5 0 S0_2
15030 20 -5 0 S0_2
15032 20 -5 0 S0_2
15033 20 -5 0 S0_2
15035 20 -5 0 S0_2
15036 20 -5 0 S0_2
15037 20 -5 0 S0_2
15039 20 -5 0 S0_2
15041 20 -5 0 S0_2
15023 21 -5 0 S0_2
15024 21 -5 0 S0_2
15025 21 -5 0 S0_2
15026 21 -5 0 S0_2
15027 21 -5 0 S0_2
15028 21 -5 0 S0_2
15029 21 -5 0 S0_2
15030 21 -5 0 S0_2
15032 21 -5 0 S0_2
15033 21 -5 0 S0_2
15035 21 -5 0 S0_2
15036 21 -5 0 S0_2
15037 21 -5 0 S0_2
15039 21 -5 0 S0_2
15041 21 -5 0 S0_2
15023 22 -5 0 S0_2
15024 22 -5 0 S0_2
15025 22 -5 0 S0_2
15026 22 -5 0 S0_2
15027 22 -5 0 S0_2
15028 22 -5 0 S0_2
15029 22 -5 0 S0_2
15030 22 -5 0 S0_2
15032 22 -5 0 S0_2
15033 22 -5 0 S0_2
15035 22 -5 0 S0_2
15036 22 -5 0 S0_2
15037 22 -5 0 S0_2
15039 22 -5 0 S0_2
15041 22 -5 0 S0_2
15023 23 -5 0 S0_2
15024 23 -5 0 S0_2
15025 23 -5 0 S0_2
15026 23 -5 0 S0_2
15027 23 -5 0 S0_2
15028 23 -5 0 S0_2
15029 23 -5 0 S0_2
15030 23 -5 0 S0_2
15032 23 -5 0 S0_2
15033 23 -5 0 S0_2
15035 23 -5 0 S0_2
15036 23 -5 0 S0_2
15037 23 -5 0 S0_2
15039 23 -5 0 S0_2
15041 23 -5 0 S0_2
15023 24 -5 0 S0_2
15024 24 -5 0 S0_2
15025 24 -5 0 S0_2
15026 24 -5 0 S0_2
15027 24 -5 0 S0_2
15028 24 -5 0 S0_2
15029 24 -5 0 S0_2
15030 24 -5 0 S0_2
15032 24 -5 0 S0_2
15033 24 -5 0 S0_2
15035 24 -5 0 S0_2
15036 24 -5 0 S0_2
15037 24 -5 0 S0_2
15039 24 -5 0 S0_2
15041 24 -5 0 S0_2
15023 25 -5 2.18514986712747 S0_2
15024 25 -5 0 S0_2
15025 25 -5 0 S0_2
15026 25 -5 0 S0_2
15027 25 -5 0 S0_2
15028 25 -5 0 S0_2
15029 25 -5 0 S0_2
15030 25 -5 0 S0_2
15032 25 -5 0 S0_2
15033 25 -5 0 S0_2
15035 25 -5 0 S0_2
15036 25 -5 0 S0_2
15037 25 -5 0 S0_2
15039 25 -5 0 S0_2
15041 25 -5 0 S0_2
15023 26 -5 0 S0_2
15024 26 -5 0 S0_2
15025 26 -5 0 S0_2
15026 26 -5 0 S0_2
15027 26 -5 0 S0_2
15028 26 -5 0 S0_2
15029 26 -5 0 S0_2
15030 26 -5 0 S0_2
15032 26 -5 0 S0_2
15033 26 -5 0 S0_2
15035 26 -5 0 S0_2
15036 26 -5 0 S0_2
15037 26 -5 0 S0_2
15039 26 -5 0 S0_2
15041 26 -5 0 S0_2
15023 27 -5 0 S0_2
15024 27 -5 0 S0_2
15025 27 -5 0 S0_2
15026 27 -5 0 S0_2
15027 27 -5 0 S0_2
15028 27 -5 0 S0_2
15029 27 -5 0 S0_2
15030 27 -5 0 S0_2
15032 27 -5 0 S0_2
15033 27 -5 0 S0_2
15035 27 -5 0 S0_2
15036 27 -5 0 S0_2
15037 27 -5 0 S0_2
15039 27 -5 0 S0_2
15041 27 -5 0 S0_2
15023 28 -5 0 S0_2
15024 28 -5 0 S0_2
15025 28 -5 0 S0_2
15026 28 -5 0 S0_2
15027 28 -5 0 S0_2
15028 28 -5 0 S0_2
15029 28 -5 0 S0_2
15030 28 -5 0 S0_2
15032 28 -5 0 S0_2
15033 28 -5 0 S0_2
15035 28 -5 0 S0_2
15036 28 -5 0 S0_2
15037 28 -5 0 S0_2
15039 28 -5 0 S0_2
15041 28 -5 0 S0_2
15023 29 -5 0 S0_2
15024 29 -5 0 S0_2
15025 29 -5 0 S0_2
15026 29 -5 0 S0_2
15027 29 -5 0 S0_2
15028 29 -5 0 S0_2
15029 29 -5 0 S0_2
15030 29 -5 0 S0_2
15032 29 -5 0 S0_2
15033 29 -5 0 S0_2
15035 29 -5 0 S0_2
15036 29 -5 0 S0_2
15037 29 -5 0 S0_2
15039 29 -5 0 S0_2
15041 29 -5 0 S0_2
15023 30 -5 12.3819578442769 S0_2
15024 30 -5 0 S0_2
15025 30 -5 0 S0_2
15026 30 -5 0 S0_2
15027 30 -5 0 S0_2
15028 30 -5 0 S0_2
15029 30 -5 0 S0_2
15030 30 -5 0 S0_2
15032 30 -5 0 S0_2
15033 30 -5 0 S0_2
15035 30 -5 0 S0_2
15036 30 -5 0 S0_2
15037 30 -5 0 S0_2
15039 30 -5 0 S0_2
15041 30 -5 0 S0_2
15023 31 -5 0 S0_2
15024 31 -5 0 S0_2
15025 31 -5 0 S0_2
15026 31 -5 0 S0_2
15027 31 -5 0 S0_2
15028 31 -5 0 S0_2
15029 31 -5 0 S0_2
15030 31 -5 0 S0_2
15032 31 -5 0 S0_2
15033 31 -5 0 S0_2
15035 31 -5 0 S0_2
15036 31 -5 0 S0_2
15037 31 -5 0 S0_2
15039 31 -5 0 S0_2
15041 31 -5 0 S0_2
