speciesID lakeID variable value scenario
14063 1 -0.5 0 S0_2
14064 1 -0.5 39.5762227886976 S0_2
14065 1 -0.5 17.6887025052394 S0_2
14066 1 -0.5 0 S0_2
14072 1 -0.5 0 S0_2
14073 1 -0.5 162.554078597254 S0_2
14074 1 -0.5 0 S0_2
14075 1 -0.5 0 S0_2
14077 1 -0.5 0 S0_2
14078 1 -0.5 12.2209294922012 S0_2
14085 1 -0.5 0 S0_2
14086 1 -0.5 143.38051480542 S0_2
14087 1 -0.5 0 S0_2
14088 1 -0.5 0 S0_2
14089 1 -0.5 0 S0_2
14063 2 -0.5 0 S0_2
14064 2 -0.5 21.0238883866285 S0_2
14065 2 -0.5 0 S0_2
14066 2 -0.5 0 S0_2
14072 2 -0.5 0 S0_2
14073 2 -0.5 86.6369373415981 S0_2
14074 2 -0.5 0 S0_2
14075 2 -0.5 0 S0_2
14077 2 -0.5 0 S0_2
14078 2 -0.5 0 S0_2
14085 2 -0.5 0 S0_2
14086 2 -0.5 22.2060112696204 S0_2
14087 2 -0.5 0 S0_2
14088 2 -0.5 0 S0_2
14089 2 -0.5 0 S0_2
14063 3 -0.5 0 S0_2
14064 3 -0.5 48.2729011821979 S0_2
14065 3 -0.5 20.0455565544683 S0_2
14066 3 -0.5 0 S0_2
14072 3 -0.5 0 S0_2
14073 3 -0.5 156.146522797147 S0_2
14074 3 -0.5 0 S0_2
14075 3 -0.5 0 S0_2
14077 3 -0.5 0 S0_2
14078 3 -0.5 4.37759370032745 S0_2
14085 3 -0.5 0 S0_2
14086 3 -0.5 144.3925423166 S0_2
14087 3 -0.5 0 S0_2
14088 3 -0.5 0 S0_2
14089 3 -0.5 0 S0_2
14063 4 -0.5 0 S0_2
14064 4 -0.5 41.2274217794742 S0_2
14065 4 -0.5 16.8280435685614 S0_2
14066 4 -0.5 0 S0_2
14072 4 -0.5 0 S0_2
14073 4 -0.5 152.548336051478 S0_2
14074 4 -0.5 0 S0_2
14075 4 -0.5 0 S0_2
14077 4 -0.5 0 S0_2
14078 4 -0.5 8.82529712934858 S0_2
14085 4 -0.5 0 S0_2
14086 4 -0.5 129.670993363974 S0_2
14087 4 -0.5 0 S0_2
14088 4 -0.5 0 S0_2
14089 4 -0.5 0 S0_2
14063 5 -0.5 0 S0_2
14064 5 -0.5 0 S0_2
14065 5 -0.5 0 S0_2
14066 5 -0.5 0 S0_2
14072 5 -0.5 0 S0_2
14073 5 -0.5 0 S0_2
14074 5 -0.5 0 S0_2
14075 5 -0.5 0 S0_2
14077 5 -0.5 0 S0_2
14078 5 -0.5 0 S0_2
14085 5 -0.5 0 S0_2
14086 5 -0.5 0 S0_2
14087 5 -0.5 0 S0_2
14088 5 -0.5 0 S0_2
14089 5 -0.5 0 S0_2
14063 6 -0.5 0 S0_2
14064 6 -0.5 65.7604760618954 S0_2
14065 6 -0.5 42.145925157612 S0_2
14066 6 -0.5 0 S0_2
14072 6 -0.5 0 S0_2
14073 6 -0.5 170.524363387651 S0_2
14074 6 -0.5 0 S0_2
14075 6 -0.5 0 S0_2
14077 6 -0.5 1.27111162799862 S0_2
14078 6 -0.5 33.365592371865 S0_2
14085 6 -0.5 0 S0_2
14086 6 -0.5 174.624801322706 S0_2
14087 6 -0.5 0 S0_2
14088 6 -0.5 0 S0_2
14089 6 -0.5 0 S0_2
14063 7 -0.5 0 S0_2
14064 7 -0.5 23.2587462413018 S0_2
14065 7 -0.5 0 S0_2
14066 7 -0.5 0 S0_2
14072 7 -0.5 0 S0_2
14073 7 -0.5 89.9865087730763 S0_2
14074 7 -0.5 0 S0_2
14075 7 -0.5 0 S0_2
14077 7 -0.5 0 S0_2
14078 7 -0.5 0 S0_2
14085 7 -0.5 0 S0_2
14086 7 -0.5 27.5812504978879 S0_2
14087 7 -0.5 0 S0_2
14088 7 -0.5 0 S0_2
14089 7 -0.5 0 S0_2
14063 8 -0.5 0 S0_2
14064 8 -0.5 44.6190775004176 S0_2
14065 8 -0.5 19.4450603004537 S0_2
14066 8 -0.5 0 S0_2
14072 8 -0.5 0 S0_2
14073 8 -0.5 143.488173989628 S0_2
14074 8 -0.5 0 S0_2
14075 8 -0.5 0 S0_2
14077 8 -0.5 0 S0_2
14078 8 -0.5 12.6928286339178 S0_2
14085 8 -0.5 0 S0_2
14086 8 -0.5 118.226672127872 S0_2
14087 8 -0.5 0 S0_2
14088 8 -0.5 0 S0_2
14089 8 -0.5 0 S0_2
14063 9 -0.5 0 S0_2
14064 9 -0.5 52.2771323959667 S0_2
14065 9 -0.5 27.3012710489986 S0_2
14066 9 -0.5 0 S0_2
14072 9 -0.5 0 S0_2
14073 9 -0.5 158.58020192855 S0_2
14074 9 -0.5 0 S0_2
14075 9 -0.5 0 S0_2
14077 9 -0.5 0 S0_2
14078 9 -0.5 16.0545909363332 S0_2
14085 9 -0.5 0 S0_2
14086 9 -0.5 148.113223123546 S0_2
14087 9 -0.5 0 S0_2
14088 9 -0.5 0 S0_2
14089 9 -0.5 0 S0_2
14063 10 -0.5 0 S0_2
14064 10 -0.5 51.7586051513244 S0_2
14065 10 -0.5 28.5464621284362 S0_2
14066 10 -0.5 0 S0_2
14072 10 -0.5 0 S0_2
14073 10 -0.5 164.452294533653 S0_2
14074 10 -0.5 0 S0_2
14075 10 -0.5 0 S0_2
14077 10 -0.5 0 S0_2
14078 10 -0.5 22.0883863702107 S0_2
14085 10 -0.5 0 S0_2
14086 10 -0.5 155.258532217636 S0_2
14087 10 -0.5 0 S0_2
14088 10 -0.5 0 S0_2
14089 10 -0.5 0 S0_2
14063 11 -0.5 0 S0_2
14064 11 -0.5 9.1281449379673 S0_2
14065 11 -0.5 0 S0_2
14066 11 -0.5 0 S0_2
14072 11 -0.5 0 S0_2
14073 11 -0.5 118.520656276773 S0_2
14074 11 -0.5 0 S0_2
14075 11 -0.5 0 S0_2
14077 11 -0.5 0 S0_2
14078 11 -0.5 0 S0_2
14085 11 -0.5 0 S0_2
14086 11 -0.5 45.7488654059729 S0_2
14087 11 -0.5 0 S0_2
14088 11 -0.5 0 S0_2
14089 11 -0.5 0 S0_2
14063 12 -0.5 0 S0_2
14064 12 -0.5 5.62396407651749 S0_2
14065 12 -0.5 0 S0_2
14066 12 -0.5 0 S0_2
14072 12 -0.5 0 S0_2
14073 12 -0.5 92.0219468510136 S0_2
14074 12 -0.5 0 S0_2
14075 12 -0.5 0 S0_2
14077 12 -0.5 0 S0_2
14078 12 -0.5 0 S0_2
14085 12 -0.5 0 S0_2
14086 12 -0.5 16.6209440115745 S0_2
14087 12 -0.5 0 S0_2
14088 12 -0.5 0 S0_2
14089 12 -0.5 0 S0_2
14063 13 -0.5 0 S0_2
14064 13 -0.5 15.7673551824275 S0_2
14065 13 -0.5 0 S0_2
14066 13 -0.5 0 S0_2
14072 13 -0.5 0 S0_2
14073 13 -0.5 78.5550318123314 S0_2
14074 13 -0.5 0 S0_2
14075 13 -0.5 0 S0_2
14077 13 -0.5 0 S0_2
14078 13 -0.5 0 S0_2
14085 13 -0.5 0 S0_2
14086 13 -0.5 7.14653259345621 S0_2
14087 13 -0.5 0 S0_2
14088 13 -0.5 0 S0_2
14089 13 -0.5 0 S0_2
14063 14 -0.5 0 S0_2
14064 14 -0.5 56.5799722463103 S0_2
14065 14 -0.5 24.515206536251 S0_2
14066 14 -0.5 0 S0_2
14072 14 -0.5 0 S0_2
14073 14 -0.5 150.231950088725 S0_2
14074 14 -0.5 0 S0_2
14075 14 -0.5 0 S0_2
14077 14 -0.5 0 S0_2
14078 14 -0.5 2.18300359289779 S0_2
14085 14 -0.5 0 S0_2
14086 14 -0.5 147.285529699344 S0_2
14087 14 -0.5 0 S0_2
14088 14 -0.5 0 S0_2
14089 14 -0.5 0 S0_2
14063 15 -0.5 10.9695041855154 S0_2
14064 15 -0.5 76.4797518246544 S0_2
14065 15 -0.5 56.7569668187071 S0_2
14066 15 -0.5 0 S0_2
14072 15 -0.5 0 S0_2
14073 15 -0.5 191.679463444986 S0_2
14074 15 -0.5 0 S0_2
14075 15 -0.5 0 S0_2
14077 15 -0.5 7.78195887850745 S0_2
14078 15 -0.5 54.7225387421228 S0_2
14085 15 -0.5 0 S0_2
14086 15 -0.5 208.156090648378 S0_2
14087 15 -0.5 0 S0_2
14088 15 -0.5 0 S0_2
14089 15 -0.5 0 S0_2
14063 16 -0.5 0 S0_2
14064 16 -0.5 54.2317782269695 S0_2
14065 16 -0.5 30.6231977848203 S0_2
14066 16 -0.5 0 S0_2
14072 16 -0.5 0 S0_2
14073 16 -0.5 159.359292503493 S0_2
14074 16 -0.5 0 S0_2
14075 16 -0.5 0 S0_2
14077 16 -0.5 0 S0_2
14078 16 -0.5 25.168913982761 S0_2
14085 16 -0.5 0 S0_2
14086 16 -0.5 150.118236186406 S0_2
14087 16 -0.5 0 S0_2
14088 16 -0.5 0 S0_2
14089 16 -0.5 0 S0_2
14063 17 -0.5 0 S0_2
14064 17 -0.5 53.754833157591 S0_2
14065 17 -0.5 26.0502858939541 S0_2
14066 17 -0.5 0 S0_2
14072 17 -0.5 0 S0_2
14073 17 -0.5 139.2675723554 S0_2
14074 17 -0.5 0 S0_2
14075 17 -0.5 0 S0_2
14077 17 -0.5 0 S0_2
14078 17 -0.5 11.2533448892383 S0_2
14085 17 -0.5 0 S0_2
14086 17 -0.5 119.710461165902 S0_2
14087 17 -0.5 0 S0_2
14088 17 -0.5 0 S0_2
14089 17 -0.5 0 S0_2
14063 18 -0.5 0 S0_2
14064 18 -0.5 22.7072069646203 S0_2
14065 18 -0.5 3.42305147509813 S0_2
14066 18 -0.5 0 S0_2
14072 18 -0.5 0 S0_2
14073 18 -0.5 126.350558419032 S0_2
14074 18 -0.5 0 S0_2
14075 18 -0.5 0 S0_2
14077 18 -0.5 0 S0_2
14078 18 -0.5 2.10212463550017 S0_2
14085 18 -0.5 0 S0_2
14086 18 -0.5 69.8285720899531 S0_2
14087 18 -0.5 0 S0_2
14088 18 -0.5 0 S0_2
14089 18 -0.5 0 S0_2
14063 19 -0.5 0 S0_2
14064 19 -0.5 51.4846273309346 S0_2
14065 19 -0.5 27.7877251645615 S0_2
14066 19 -0.5 0 S0_2
14072 19 -0.5 0 S0_2
14073 19 -0.5 161.029702255212 S0_2
14074 19 -0.5 0 S0_2
14075 19 -0.5 0 S0_2
14077 19 -0.5 0 S0_2
14078 19 -0.5 20.6762602597718 S0_2
14085 19 -0.5 0 S0_2
14086 19 -0.5 150.422054729632 S0_2
14087 19 -0.5 0 S0_2
14088 19 -0.5 0 S0_2
14089 19 -0.5 0 S0_2
14063 20 -0.5 1.03684688131851 S0_2
14064 20 -0.5 64.5590117947801 S0_2
14065 20 -0.5 42.2007602807617 S0_2
14066 20 -0.5 0 S0_2
14072 20 -0.5 0 S0_2
14073 20 -0.5 171.327046731907 S0_2
14074 20 -0.5 0 S0_2
14075 20 -0.5 0 S0_2
14077 20 -0.5 1.43303619701632 S0_2
14078 20 -0.5 39.0792942763886 S0_2
14085 20 -0.5 0 S0_2
14086 20 -0.5 174.146599908531 S0_2
14087 20 -0.5 0 S0_2
14088 20 -0.5 0 S0_2
14089 20 -0.5 0 S0_2
14063 21 -0.5 0 S0_2
14064 21 -0.5 49.6992244717492 S0_2
14065 21 -0.5 26.6093735647918 S0_2
14066 21 -0.5 0 S0_2
14072 21 -0.5 0 S0_2
14073 21 -0.5 165.362072012826 S0_2
14074 21 -0.5 0 S0_2
14075 21 -0.5 0 S0_2
14077 21 -0.5 0 S0_2
14078 21 -0.5 19.5282255646902 S0_2
14085 21 -0.5 0 S0_2
14086 21 -0.5 154.880278093329 S0_2
14087 21 -0.5 0 S0_2
14088 21 -0.5 0 S0_2
14089 21 -0.5 0 S0_2
14063 22 -0.5 1.38834250516231 S0_2
14064 22 -0.5 54.2341826099915 S0_2
14065 22 -0.5 32.8757388453596 S0_2
14066 22 -0.5 0 S0_2
14072 22 -0.5 0 S0_2
14073 22 -0.5 177.012067326783 S0_2
14074 22 -0.5 0 S0_2
14075 22 -0.5 0 S0_2
14077 22 -0.5 1.11984910570911 S0_2
14078 22 -0.5 28.551058137605 S0_2
14085 22 -0.5 0 S0_2
14086 22 -0.5 174.491483108933 S0_2
14087 22 -0.5 0 S0_2
14088 22 -0.5 0 S0_2
14089 22 -0.5 0 S0_2
14063 23 -0.5 2.07744927450068 S0_2
14064 23 -0.5 61.0870239272492 S0_2
14065 23 -0.5 38.9828054474151 S0_2
14066 23 -0.5 0 S0_2
14072 23 -0.5 0 S0_2
14073 23 -0.5 179.854760405083 S0_2
14074 23 -0.5 0 S0_2
14075 23 -0.5 0 S0_2
14077 23 -0.5 1.75875448786864 S0_2
14078 23 -0.5 32.0794693157121 S0_2
14085 23 -0.5 0 S0_2
14086 23 -0.5 182.968610164847 S0_2
14087 23 -0.5 0 S0_2
14088 23 -0.5 0 S0_2
14089 23 -0.5 0 S0_2
14063 24 -0.5 0 S0_2
14064 24 -0.5 53.0309977361869 S0_2
14065 24 -0.5 30.8035996016847 S0_2
14066 24 -0.5 0 S0_2
14072 24 -0.5 0 S0_2
14073 24 -0.5 172.240843884703 S0_2
14074 24 -0.5 0 S0_2
14075 24 -0.5 0 S0_2
14077 24 -0.5 0 S0_2
14078 24 -0.5 24.8896770765029 S0_2
14085 24 -0.5 0 S0_2
14086 24 -0.5 166.88114878122 S0_2
14087 24 -0.5 0 S0_2
14088 24 -0.5 0 S0_2
14089 24 -0.5 0 S0_2
14063 25 -0.5 0 S0_2
14064 25 -0.5 58.0029733934474 S0_2
14065 25 -0.5 27.257489674646 S0_2
14066 25 -0.5 0 S0_2
14072 25 -0.5 0 S0_2
14073 25 -0.5 161.479778765666 S0_2
14074 25 -0.5 0 S0_2
14075 25 -0.5 0 S0_2
14077 25 -0.5 0 S0_2
14078 25 -0.5 2.90045905706838 S0_2
14085 25 -0.5 0 S0_2
14086 25 -0.5 164.733601555688 S0_2
14087 25 -0.5 0 S0_2
14088 25 -0.5 0 S0_2
14089 25 -0.5 0 S0_2
14063 26 -0.5 0 S0_2
14064 26 -0.5 57.3948687429832 S0_2
14065 26 -0.5 35.1560308696363 S0_2
14066 26 -0.5 0 S0_2
14072 26 -0.5 0 S0_2
14073 26 -0.5 172.594810593568 S0_2
14074 26 -0.5 0 S0_2
14075 26 -0.5 0 S0_2
14077 26 -0.5 0 S0_2
14078 26 -0.5 30.9154802689104 S0_2
14085 26 -0.5 0 S0_2
14086 26 -0.5 170.420172447795 S0_2
14087 26 -0.5 0 S0_2
14088 26 -0.5 0 S0_2
14089 26 -0.5 0 S0_2
14063 27 -0.5 0 S0_2
14064 27 -0.5 11.1554924875562 S0_2
14065 27 -0.5 0 S0_2
14066 27 -0.5 0 S0_2
14072 27 -0.5 0 S0_2
14073 27 -0.5 76.6059244443856 S0_2
14074 27 -0.5 0 S0_2
14075 27 -0.5 0 S0_2
14077 27 -0.5 0 S0_2
14078 27 -0.5 0 S0_2
14085 27 -0.5 0 S0_2
14086 27 -0.5 11.7975911738966 S0_2
14087 27 -0.5 0 S0_2
14088 27 -0.5 0 S0_2
14089 27 -0.5 0 S0_2
14063 28 -0.5 3.69417590205303 S0_2
14064 28 -0.5 63.3123692545312 S0_2
14065 28 -0.5 42.4099916599706 S0_2
14066 28 -0.5 0 S0_2
14072 28 -0.5 0 S0_2
14073 28 -0.5 183.452881561693 S0_2
14074 28 -0.5 0 S0_2
14075 28 -0.5 0 S0_2
14077 28 -0.5 2.68281111405243 S0_2
14078 28 -0.5 39.9693493654391 S0_2
14085 28 -0.5 0 S0_2
14086 28 -0.5 188.997257907284 S0_2
14087 28 -0.5 0 S0_2
14088 28 -0.5 0 S0_2
14089 28 -0.5 0 S0_2
14063 29 -0.5 0 S0_2
14064 29 -0.5 26.2290416822167 S0_2
14065 29 -0.5 3.6208062102335 S0_2
14066 29 -0.5 0 S0_2
14072 29 -0.5 0 S0_2
14073 29 -0.5 116.69144999438 S0_2
14074 29 -0.5 0 S0_2
14075 29 -0.5 0 S0_2
14077 29 -0.5 0 S0_2
14078 29 -0.5 1.39218984922162 S0_2
14085 29 -0.5 0 S0_2
14086 29 -0.5 56.2226078129447 S0_2
14087 29 -0.5 0 S0_2
14088 29 -0.5 0 S0_2
14089 29 -0.5 0 S0_2
14063 30 -0.5 0 S0_2
14064 30 -0.5 52.1029653712045 S0_2
14065 30 -0.5 19.0902026716241 S0_2
14066 30 -0.5 0 S0_2
14072 30 -0.5 0 S0_2
14073 30 -0.5 144.352335444357 S0_2
14074 30 -0.5 0 S0_2
14075 30 -0.5 0 S0_2
14077 30 -0.5 0 S0_2
14078 30 -0.5 1.34930858825888 S0_2
14085 30 -0.5 0 S0_2
14086 30 -0.5 135.012317052469 S0_2
14087 30 -0.5 0 S0_2
14088 30 -0.5 0 S0_2
14089 30 -0.5 0 S0_2
14063 31 -0.5 0 S0_2
14064 31 -0.5 43.8629199335015 S0_2
14065 31 -0.5 20.950834663008 S0_2
14066 31 -0.5 0 S0_2
14072 31 -0.5 0 S0_2
14073 31 -0.5 196.028260733869 S0_2
14074 31 -0.5 0 S0_2
14075 31 -0.5 0 S0_2
14077 31 -0.5 0 S0_2
14078 31 -0.5 9.6506045444419 S0_2
14085 31 -0.5 0 S0_2
14086 31 -0.5 184.800607838855 S0_2
14087 31 -0.5 0 S0_2
14088 31 -0.5 0 S0_2
14089 31 -0.5 0 S0_2
14063 1 -1.5 55.627872505724 S0_2
14064 1 -1.5 0 S0_2
14065 1 -1.5 0 S0_2
14066 1 -1.5 0 S0_2
14072 1 -1.5 5.81897200485506 S0_2
14073 1 -1.5 1.35150832612447 S0_2
14074 1 -1.5 0 S0_2
14075 1 -1.5 0 S0_2
14077 1 -1.5 15.3874907220917 S0_2
14078 1 -1.5 0 S0_2
14085 1 -1.5 0 S0_2
14086 1 -1.5 0 S0_2
14087 1 -1.5 0 S0_2
14088 1 -1.5 0 S0_2
14089 1 -1.5 0 S0_2
14063 2 -1.5 90.1181817055323 S0_2
14064 2 -1.5 4.48690163662857 S0_2
14065 2 -1.5 38.1502272297324 S0_2
14066 2 -1.5 0 S0_2
14072 2 -1.5 11.9464614559148 S0_2
14073 2 -1.5 70.8934336470199 S0_2
14074 2 -1.5 33.1337571405024 S0_2
14075 2 -1.5 0 S0_2
14077 2 -1.5 47.662837308775 S0_2
14078 2 -1.5 0 S0_2
14085 2 -1.5 0 S0_2
14086 2 -1.5 32.8142581449737 S0_2
14087 2 -1.5 0 S0_2
14088 2 -1.5 24.2726243151756 S0_2
14089 2 -1.5 0 S0_2
14063 3 -1.5 125.179286619552 S0_2
14064 3 -1.5 0 S0_2
14065 3 -1.5 14.1599439443941 S0_2
14066 3 -1.5 0 S0_2
14072 3 -1.5 56.1456960125879 S0_2
14073 3 -1.5 44.8652598962697 S0_2
14074 3 -1.5 14.2618062310847 S0_2
14075 3 -1.5 0 S0_2
14077 3 -1.5 65.2027925172813 S0_2
14078 3 -1.5 0 S0_2
14085 3 -1.5 0 S0_2
14086 3 -1.5 15.9048200978856 S0_2
14087 3 -1.5 0 S0_2
14088 3 -1.5 18.0503380629452 S0_2
14089 3 -1.5 0 S0_2
14063 4 -1.5 83.8063664229044 S0_2
14064 4 -1.5 0 S0_2
14065 4 -1.5 1.17875686927134 S0_2
14066 4 -1.5 0 S0_2
14072 4 -1.5 12.5798657091893 S0_2
14073 4 -1.5 7.22061354880459 S0_2
14074 4 -1.5 1.29412654440313 S0_2
14075 4 -1.5 0 S0_2
14077 4 -1.5 33.9383700050441 S0_2
14078 4 -1.5 0 S0_2
14085 4 -1.5 0 S0_2
14086 4 -1.5 1.30832786171634 S0_2
14087 4 -1.5 0 S0_2
14088 4 -1.5 2.80345026297664 S0_2
14089 4 -1.5 0 S0_2
14063 5 -1.5 0 S0_2
14064 5 -1.5 0 S0_2
14065 5 -1.5 0 S0_2
14066 5 -1.5 0 S0_2
14072 5 -1.5 0 S0_2
14073 5 -1.5 0 S0_2
14074 5 -1.5 0 S0_2
14075 5 -1.5 0 S0_2
14077 5 -1.5 0 S0_2
14078 5 -1.5 0 S0_2
14085 5 -1.5 0 S0_2
14086 5 -1.5 0 S0_2
14087 5 -1.5 0 S0_2
14088 5 -1.5 0 S0_2
14089 5 -1.5 0 S0_2
14063 6 -1.5 214.682825692341 S0_2
14064 6 -1.5 18.7605572878447 S0_2
14065 6 -1.5 79.6138523536891 S0_2
14066 6 -1.5 0 S0_2
14072 6 -1.5 226.969426277592 S0_2
14073 6 -1.5 112.392984230549 S0_2
14074 6 -1.5 83.6593232221293 S0_2
14075 6 -1.5 0 S0_2
14077 6 -1.5 124.853214362588 S0_2
14078 6 -1.5 44.1814594174179 S0_2
14085 6 -1.5 0 S0_2
14086 6 -1.5 132.230627464486 S0_2
14087 6 -1.5 0 S0_2
14088 6 -1.5 104.338779459374 S0_2
14089 6 -1.5 1.89879910926509 S0_2
14063 7 -1.5 95.8091064552577 S0_2
14064 7 -1.5 6.11007213204989 S0_2
14065 7 -1.5 42.9787306391893 S0_2
14066 7 -1.5 0 S0_2
14072 7 -1.5 16.6812673549761 S0_2
14073 7 -1.5 76.1735246432692 S0_2
14074 7 -1.5 38.5641825083527 S0_2
14075 7 -1.5 0 S0_2
14077 7 -1.5 51.3748049921658 S0_2
14078 7 -1.5 0 S0_2
14085 7 -1.5 0 S0_2
14086 7 -1.5 42.6820377027235 S0_2
14087 7 -1.5 0 S0_2
14088 7 -1.5 29.699172598303 S0_2
14089 7 -1.5 0 S0_2
14063 8 -1.5 122.158596453691 S0_2
14064 8 -1.5 0 S0_2
14065 8 -1.5 12.7601426130102 S0_2
14066 8 -1.5 0 S0_2
14072 8 -1.5 43.6998159150953 S0_2
14073 8 -1.5 33.285658416686 S0_2
14074 8 -1.5 12.2115522400746 S0_2
14075 8 -1.5 0 S0_2
14077 8 -1.5 63.7955736308271 S0_2
14078 8 -1.5 1.40546128194428 S0_2
14085 8 -1.5 0 S0_2
14086 8 -1.5 7.1774912234445 S0_2
14087 8 -1.5 0 S0_2
14088 8 -1.5 26.780782554821 S0_2
14089 8 -1.5 0 S0_2
14063 9 -1.5 144.248729572522 S0_2
14064 9 -1.5 0 S0_2
14065 9 -1.5 24.7127607534575 S0_2
14066 9 -1.5 0 S0_2
14072 9 -1.5 92.3533896995602 S0_2
14073 9 -1.5 53.3070897578591 S0_2
14074 9 -1.5 25.4973826083247 S0_2
14075 9 -1.5 0 S0_2
14077 9 -1.5 78.7355035099282 S0_2
14078 9 -1.5 2.87727023458531 S0_2
14085 9 -1.5 0 S0_2
14086 9 -1.5 23.1635991434128 S0_2
14087 9 -1.5 0 S0_2
14088 9 -1.5 39.4289105434179 S0_2
14089 9 -1.5 0 S0_2
14063 10 -1.5 129.046783693727 S0_2
14064 10 -1.5 0 S0_2
14065 10 -1.5 12.6856209766883 S0_2
14066 10 -1.5 0 S0_2
14072 10 -1.5 73.3899436036766 S0_2
14073 10 -1.5 36.8634593175269 S0_2
14074 10 -1.5 13.2495697646791 S0_2
14075 10 -1.5 0 S0_2
14077 10 -1.5 66.4896343712268 S0_2
14078 10 -1.5 1.36348428351192 S0_2
14085 10 -1.5 0 S0_2
14086 10 -1.5 11.3023346139911 S0_2
14087 10 -1.5 0 S0_2
14088 10 -1.5 27.0060179904627 S0_2
14089 10 -1.5 0 S0_2
14063 11 -1.5 0 S0_2
14064 11 -1.5 0 S0_2
14065 11 -1.5 0 S0_2
14066 11 -1.5 0 S0_2
14072 11 -1.5 0 S0_2
14073 11 -1.5 0 S0_2
14074 11 -1.5 0 S0_2
14075 11 -1.5 0 S0_2
14077 11 -1.5 0 S0_2
14078 11 -1.5 0 S0_2
14085 11 -1.5 0 S0_2
14086 11 -1.5 0 S0_2
14087 11 -1.5 0 S0_2
14088 11 -1.5 0 S0_2
14089 11 -1.5 0 S0_2
14063 12 -1.5 0 S0_2
14064 12 -1.5 0 S0_2
14065 12 -1.5 0 S0_2
14066 12 -1.5 0 S0_2
14072 12 -1.5 0 S0_2
14073 12 -1.5 0 S0_2
14074 12 -1.5 0 S0_2
14075 12 -1.5 0 S0_2
14077 12 -1.5 0 S0_2
14078 12 -1.5 0 S0_2
14085 12 -1.5 0 S0_2
14086 12 -1.5 0 S0_2
14087 12 -1.5 0 S0_2
14088 12 -1.5 0 S0_2
14089 12 -1.5 0 S0_2
14063 13 -1.5 75.8940497436245 S0_2
14064 13 -1.5 0 S0_2
14065 13 -1.5 3.21312564071445 S0_2
14066 13 -1.5 0 S0_2
14072 13 -1.5 2.01838978565968 S0_2
14073 13 -1.5 8.93907525604101 S0_2
14074 13 -1.5 2.48387386111888 S0_2
14075 13 -1.5 0 S0_2
14077 13 -1.5 37.7942308733042 S0_2
14078 13 -1.5 0 S0_2
14085 13 -1.5 0 S0_2
14086 13 -1.5 0 S0_2
14087 13 -1.5 0 S0_2
14088 13 -1.5 5.51184022350841 S0_2
14089 13 -1.5 0 S0_2
14063 14 -1.5 191.818133488569 S0_2
14064 14 -1.5 27.9418381124376 S0_2
14065 14 -1.5 83.3685735575345 S0_2
14066 14 -1.5 0 S0_2
14072 14 -1.5 186.356257806146 S0_2
14073 14 -1.5 122.22650036736 S0_2
14074 14 -1.5 83.8343647117582 S0_2
14075 14 -1.5 0 S0_2
14077 14 -1.5 110.246513212895 S0_2
14078 14 -1.5 23.7784493783616 S0_2
14085 14 -1.5 0 S0_2
14086 14 -1.5 149.095343729093 S0_2
14087 14 -1.5 0 S0_2
14088 14 -1.5 87.5015369247498 S0_2
14089 14 -1.5 1.20449599642512 S0_2
14063 15 -1.5 251.670002199266 S0_2
14064 15 -1.5 33.9990562393127 S0_2
14065 15 -1.5 102.397661319373 S0_2
14066 15 -1.5 0 S0_2
14072 15 -1.5 295.409564172368 S0_2
14073 15 -1.5 138.51100644934 S0_2
14074 15 -1.5 108.635814671936 S0_2
14075 15 -1.5 0 S0_2
14077 15 -1.5 146.301197421484 S0_2
14078 15 -1.5 71.2118602894874 S0_2
14085 15 -1.5 0 S0_2
14086 15 -1.5 182.69269802865 S0_2
14087 15 -1.5 0 S0_2
14088 15 -1.5 136.819577349327 S0_2
14089 15 -1.5 11.9197495968884 S0_2
14063 16 -1.5 154.7400356878 S0_2
14064 16 -1.5 1.02458863967131 S0_2
14065 16 -1.5 32.6559304712908 S0_2
14066 16 -1.5 0 S0_2
14072 16 -1.5 116.816134322381 S0_2
14073 16 -1.5 60.440676347001 S0_2
14074 16 -1.5 34.2550668962671 S0_2
14075 16 -1.5 0 S0_2
14077 16 -1.5 86.1068730676639 S0_2
14078 16 -1.5 7.0428387187903 S0_2
14085 16 -1.5 0 S0_2
14086 16 -1.5 31.4919946075716 S0_2
14087 16 -1.5 0 S0_2
14088 16 -1.5 53.7856882783126 S0_2
14089 16 -1.5 0 S0_2
14063 17 -1.5 194.270051454094 S0_2
14064 17 -1.5 17.715001135713 S0_2
14065 17 -1.5 76.3493518835241 S0_2
14066 17 -1.5 0 S0_2
14072 17 -1.5 170.695723427656 S0_2
14073 17 -1.5 101.905462438283 S0_2
14074 17 -1.5 76.5717711663995 S0_2
14075 17 -1.5 0 S0_2
14077 17 -1.5 113.89046041646 S0_2
14078 17 -1.5 35.9893733215084 S0_2
14085 17 -1.5 0 S0_2
14086 17 -1.5 99.7414446518021 S0_2
14087 17 -1.5 0 S0_2
14088 17 -1.5 95.999993709067 S0_2
14089 17 -1.5 0 S0_2
14063 18 -1.5 17.3010810980439 S0_2
14064 18 -1.5 0 S0_2
14065 18 -1.5 0 S0_2
14066 18 -1.5 0 S0_2
14072 18 -1.5 0 S0_2
14073 18 -1.5 0 S0_2
14074 18 -1.5 0 S0_2
14075 18 -1.5 0 S0_2
14077 18 -1.5 2.45743104571416 S0_2
14078 18 -1.5 0 S0_2
14085 18 -1.5 0 S0_2
14086 18 -1.5 0 S0_2
14087 18 -1.5 0 S0_2
14088 18 -1.5 0 S0_2
14089 18 -1.5 0 S0_2
14063 19 -1.5 133.564606798608 S0_2
14064 19 -1.5 0 S0_2
14065 19 -1.5 16.1677004500434 S0_2
14066 19 -1.5 0 S0_2
14072 19 -1.5 77.1538983825012 S0_2
14073 19 -1.5 41.4415775656219 S0_2
14074 19 -1.5 16.6582087699187 S0_2
14075 19 -1.5 0 S0_2
14077 19 -1.5 70.4357411619476 S0_2
14078 19 -1.5 1.85139691770462 S0_2
14085 19 -1.5 0 S0_2
14086 19 -1.5 13.6345896359733 S0_2
14087 19 -1.5 0 S0_2
14088 19 -1.5 31.6452777496349 S0_2
14089 19 -1.5 0 S0_2
14063 20 -1.5 203.412139431762 S0_2
14064 20 -1.5 11.1213811945087 S0_2
14065 20 -1.5 69.0622328343878 S0_2
14066 20 -1.5 0 S0_2
14072 20 -1.5 213.208525074158 S0_2
14073 20 -1.5 100.617192447122 S0_2
14074 20 -1.5 73.5447057210411 S0_2
14075 20 -1.5 0 S0_2
14077 20 -1.5 117.742737083173 S0_2
14078 20 -1.5 38.5766434635537 S0_2
14085 20 -1.5 0 S0_2
14086 20 -1.5 109.449868682719 S0_2
14087 20 -1.5 0 S0_2
14088 20 -1.5 97.1974643453577 S0_2
14089 20 -1.5 0 S0_2
14063 21 -1.5 114.23614253868 S0_2
14064 21 -1.5 0 S0_2
14065 21 -1.5 5.85092453094547 S0_2
14066 21 -1.5 0 S0_2
14072 21 -1.5 50.6106655041364 S0_2
14073 21 -1.5 24.2665468912007 S0_2
14074 21 -1.5 6.26728118853761 S0_2
14075 21 -1.5 0 S0_2
14077 21 -1.5 54.6094711801277 S0_2
14078 21 -1.5 0 S0_2
14085 21 -1.5 0 S0_2
14086 21 -1.5 5.76615614510034 S0_2
14087 21 -1.5 0 S0_2
14088 21 -1.5 14.6018428491714 S0_2
14089 21 -1.5 0 S0_2
14063 22 -1.5 123.610710119671 S0_2
14064 22 -1.5 0 S0_2
14065 22 -1.5 7.980649256634 S0_2
14066 22 -1.5 0 S0_2
14072 22 -1.5 83.2592270924701 S0_2
14073 22 -1.5 30.7780291887174 S0_2
14074 22 -1.5 9.02414193263607 S0_2
14075 22 -1.5 0 S0_2
14077 22 -1.5 60.5601176864598 S0_2
14078 22 -1.5 0 S0_2
14085 22 -1.5 0 S0_2
14086 22 -1.5 9.88527844388357 S0_2
14087 22 -1.5 0 S0_2
14088 22 -1.5 20.5386712195762 S0_2
14089 22 -1.5 0 S0_2
14063 23 -1.5 164.297747748541 S0_2
14064 23 -1.5 1.13642134778014 S0_2
14065 23 -1.5 34.0792088358485 S0_2
14066 23 -1.5 0 S0_2
14072 23 -1.5 157.524486001433 S0_2
14073 23 -1.5 67.5794090524697 S0_2
14074 23 -1.5 37.7963961820603 S0_2
14075 23 -1.5 0 S0_2
14077 23 -1.5 90.9194454840854 S0_2
14078 23 -1.5 6.62278225542518 S0_2
14085 23 -1.5 0 S0_2
14086 23 -1.5 49.7621531575494 S0_2
14087 23 -1.5 0 S0_2
14088 23 -1.5 53.5852051066097 S0_2
14089 23 -1.5 0 S0_2
14063 24 -1.5 123.744366547106 S0_2
14064 24 -1.5 0 S0_2
14065 24 -1.5 8.68256023617791 S0_2
14066 24 -1.5 0 S0_2
14072 24 -1.5 74.9091959663138 S0_2
14073 24 -1.5 31.4518140038301 S0_2
14074 24 -1.5 9.5027303199699 S0_2
14075 24 -1.5 0 S0_2
14077 24 -1.5 61.2631244683601 S0_2
14078 24 -1.5 0 S0_2
14085 24 -1.5 0 S0_2
14086 24 -1.5 9.48608387045869 S0_2
14087 24 -1.5 0 S0_2
14088 24 -1.5 20.7617096994154 S0_2
14089 24 -1.5 0 S0_2
14063 25 -1.5 180.516776333058 S0_2
14064 25 -1.5 16.1899095641433 S0_2
14065 25 -1.5 67.4829637364763 S0_2
14066 25 -1.5 0 S0_2
14072 25 -1.5 179.696554137412 S0_2
14073 25 -1.5 110.935460704931 S0_2
14074 25 -1.5 70.4338218468696 S0_2
14075 25 -1.5 0 S0_2
14077 25 -1.5 102.486697776882 S0_2
14078 25 -1.5 11.9412181013089 S0_2
14085 25 -1.5 0 S0_2
14086 25 -1.5 132.374354811779 S0_2
14087 25 -1.5 0 S0_2
14088 25 -1.5 70.8813947283909 S0_2
14089 25 -1.5 0 S0_2
14063 26 -1.5 151.517773768037 S0_2
14064 26 -1.5 0 S0_2
14065 26 -1.5 26.2515602229709 S0_2
14066 26 -1.5 0 S0_2
14072 26 -1.5 126.411222940634 S0_2
14073 26 -1.5 55.9724515341161 S0_2
14074 26 -1.5 28.4488401703359 S0_2
14075 26 -1.5 0 S0_2
14077 26 -1.5 82.4474534593282 S0_2
14078 26 -1.5 4.57897296843237 S0_2
14085 26 -1.5 0 S0_2
14086 26 -1.5 29.9606519301058 S0_2
14087 26 -1.5 0 S0_2
14088 26 -1.5 46.5186797677096 S0_2
14089 26 -1.5 0 S0_2
14063 27 -1.5 42.9759631068366 S0_2
14064 27 -1.5 0 S0_2
14065 27 -1.5 3.94264335696116 S0_2
14066 27 -1.5 0 S0_2
14072 27 -1.5 1.44466673691408 S0_2
14073 27 -1.5 25.6169734442155 S0_2
14074 27 -1.5 2.87901032570243 S0_2
14075 27 -1.5 0 S0_2
14077 27 -1.5 13.4318381955058 S0_2
14078 27 -1.5 0 S0_2
14085 27 -1.5 0 S0_2
14086 27 -1.5 2.98169344616237 S0_2
14087 27 -1.5 0 S0_2
14088 27 -1.5 1.13551510306319 S0_2
14089 27 -1.5 0 S0_2
14063 28 -1.5 172.629855271184 S0_2
14064 28 -1.5 1.61304985489153 S0_2
14065 28 -1.5 39.5243106205173 S0_2
14066 28 -1.5 0 S0_2
14072 28 -1.5 177.559105347116 S0_2
14073 28 -1.5 73.3127983653723 S0_2
14074 28 -1.5 44.2199729082644 S0_2
14075 28 -1.5 0 S0_2
14077 28 -1.5 96.4375947121055 S0_2
14078 28 -1.5 11.5018188903477 S0_2
14085 28 -1.5 0 S0_2
14086 28 -1.5 61.3607541358548 S0_2
14087 28 -1.5 0 S0_2
14088 28 -1.5 63.3661575376982 S0_2
14089 28 -1.5 0 S0_2
14063 29 -1.5 57.7627533198968 S0_2
14064 29 -1.5 0 S0_2
14065 29 -1.5 0 S0_2
14066 29 -1.5 0 S0_2
14072 29 -1.5 1.90361518284208 S0_2
14073 29 -1.5 2.2163139191264 S0_2
14074 29 -1.5 0 S0_2
14075 29 -1.5 0 S0_2
14077 29 -1.5 20.1008080478256 S0_2
14078 29 -1.5 0 S0_2
14085 29 -1.5 0 S0_2
14086 29 -1.5 0 S0_2
14087 29 -1.5 0 S0_2
14088 29 -1.5 0 S0_2
14089 29 -1.5 0 S0_2
14063 30 -1.5 172.9627293204 S0_2
14064 30 -1.5 16.4190232102496 S0_2
14065 30 -1.5 67.6947934245009 S0_2
14066 30 -1.5 0 S0_2
14072 30 -1.5 145.94078434284 S0_2
14073 30 -1.5 105.880412541173 S0_2
14074 30 -1.5 68.3813367201913 S0_2
14075 30 -1.5 0 S0_2
14077 30 -1.5 98.9847010471253 S0_2
14078 30 -1.5 11.4516762389207 S0_2
14085 30 -1.5 0 S0_2
14086 30 -1.5 115.985553492673 S0_2
14087 30 -1.5 0 S0_2
14088 30 -1.5 70.2833771180335 S0_2
14089 30 -1.5 0 S0_2
14063 31 -1.5 174.599673091491 S0_2
14064 31 -1.5 0 S0_2
14065 31 -1.5 26.5919896104166 S0_2
14066 31 -1.5 0 S0_2
14072 31 -1.5 210.924659512997 S0_2
14073 31 -1.5 84.9077152619933 S0_2
14074 31 -1.5 38.4952380326689 S0_2
14075 31 -1.5 0 S0_2
14077 31 -1.5 74.8606390921292 S0_2
14078 31 -1.5 2.82195051548541 S0_2
14085 31 -1.5 0 S0_2
14086 31 -1.5 72.6656572394364 S0_2
14087 31 -1.5 0 S0_2
14088 31 -1.5 43.8738044007123 S0_2
14089 31 -1.5 0 S0_2
14063 1 -3 0 S0_2
14064 1 -3 0 S0_2
14065 1 -3 0 S0_2
14066 1 -3 0 S0_2
14072 1 -3 0 S0_2
14073 1 -3 0 S0_2
14074 1 -3 0 S0_2
14075 1 -3 0 S0_2
14077 1 -3 0 S0_2
14078 1 -3 0 S0_2
14085 1 -3 0 S0_2
14086 1 -3 0 S0_2
14087 1 -3 0 S0_2
14088 1 -3 0 S0_2
14089 1 -3 0 S0_2
14063 2 -3 44.013973691887 S0_2
14064 2 -3 0 S0_2
14065 2 -3 4.40215485368269 S0_2
14066 2 -3 0 S0_2
14072 2 -3 1.63818044420614 S0_2
14073 2 -3 26.5890668940997 S0_2
14074 2 -3 3.15564603190954 S0_2
14075 2 -3 0 S0_2
14077 2 -3 14.7768019637057 S0_2
14078 2 -3 0 S0_2
14085 2 -3 0 S0_2
14086 2 -3 3.09748072706742 S0_2
14087 2 -3 0 S0_2
14088 2 -3 2.85976824662603 S0_2
14089 2 -3 0 S0_2
14063 3 -3 0 S0_2
14064 3 -3 0 S0_2
14065 3 -3 0 S0_2
14066 3 -3 0 S0_2
14072 3 -3 0 S0_2
14073 3 -3 0 S0_2
14074 3 -3 0 S0_2
14075 3 -3 0 S0_2
14077 3 -3 0 S0_2
14078 3 -3 0 S0_2
14085 3 -3 0 S0_2
14086 3 -3 0 S0_2
14087 3 -3 0 S0_2
14088 3 -3 0 S0_2
14089 3 -3 0 S0_2
14063 4 -3 0 S0_2
14064 4 -3 0 S0_2
14065 4 -3 0 S0_2
14066 4 -3 0 S0_2
14072 4 -3 0 S0_2
14073 4 -3 0 S0_2
14074 4 -3 0 S0_2
14075 4 -3 0 S0_2
14077 4 -3 0 S0_2
14078 4 -3 0 S0_2
14085 4 -3 0 S0_2
14086 4 -3 0 S0_2
14087 4 -3 0 S0_2
14088 4 -3 0 S0_2
14089 4 -3 0 S0_2
14063 5 -3 0 S0_2
14064 5 -3 0 S0_2
14065 5 -3 0 S0_2
14066 5 -3 0 S0_2
14072 5 -3 0 S0_2
14073 5 -3 0 S0_2
14074 5 -3 0 S0_2
14075 5 -3 0 S0_2
14077 5 -3 0 S0_2
14078 5 -3 0 S0_2
14085 5 -3 0 S0_2
14086 5 -3 0 S0_2
14087 5 -3 0 S0_2
14088 5 -3 0 S0_2
14089 5 -3 0 S0_2
14063 6 -3 94.8639783607175 S0_2
14064 6 -3 0 S0_2
14065 6 -3 4.0683655371212 S0_2
14066 6 -3 0 S0_2
14072 6 -3 26.3556438313303 S0_2
14073 6 -3 18.342632458076 S0_2
14074 6 -3 4.09792310112977 S0_2
14075 6 -3 0 S0_2
14077 6 -3 46.7087051820928 S0_2
14078 6 -3 0 S0_2
14085 6 -3 0 S0_2
14086 6 -3 3.33700480945529 S0_2
14087 6 -3 0 S0_2
14088 6 -3 15.109624054305 S0_2
14089 6 -3 0 S0_2
14063 7 -3 53.6263588554956 S0_2
14064 7 -3 0 S0_2
14065 7 -3 7.61720362912125 S0_2
14066 7 -3 0 S0_2
14072 7 -3 2.67003713765987 S0_2
14073 7 -3 35.394881200406 S0_2
14074 7 -3 5.44895156545396 S0_2
14075 7 -3 0 S0_2
14077 7 -3 20.6706705262972 S0_2
14078 7 -3 0 S0_2
14085 7 -3 0 S0_2
14086 7 -3 5.27663007146137 S0_2
14087 7 -3 0 S0_2
14088 7 -3 5.0979369897508 S0_2
14089 7 -3 0 S0_2
14063 8 -3 0 S0_2
14064 8 -3 0 S0_2
14065 8 -3 0 S0_2
14066 8 -3 0 S0_2
14072 8 -3 0 S0_2
14073 8 -3 0 S0_2
14074 8 -3 0 S0_2
14075 8 -3 0 S0_2
14077 8 -3 0 S0_2
14078 8 -3 0 S0_2
14085 8 -3 0 S0_2
14086 8 -3 0 S0_2
14087 8 -3 0 S0_2
14088 8 -3 0 S0_2
14089 8 -3 0 S0_2
14063 9 -3 1.07519806744763 S0_2
14064 9 -3 0 S0_2
14065 9 -3 0 S0_2
14066 9 -3 0 S0_2
14072 9 -3 0 S0_2
14073 9 -3 0 S0_2
14074 9 -3 0 S0_2
14075 9 -3 0 S0_2
14077 9 -3 0 S0_2
14078 9 -3 0 S0_2
14085 9 -3 0 S0_2
14086 9 -3 0 S0_2
14087 9 -3 0 S0_2
14088 9 -3 0 S0_2
14089 9 -3 0 S0_2
14063 10 -3 0 S0_2
14064 10 -3 0 S0_2
14065 10 -3 0 S0_2
14066 10 -3 0 S0_2
14072 10 -3 0 S0_2
14073 10 -3 0 S0_2
14074 10 -3 0 S0_2
14075 10 -3 0 S0_2
14077 10 -3 0 S0_2
14078 10 -3 0 S0_2
14085 10 -3 0 S0_2
14086 10 -3 0 S0_2
14087 10 -3 0 S0_2
14088 10 -3 0 S0_2
14089 10 -3 0 S0_2
14063 11 -3 0 S0_2
14064 11 -3 0 S0_2
14065 11 -3 0 S0_2
14066 11 -3 0 S0_2
14072 11 -3 0 S0_2
14073 11 -3 0 S0_2
14074 11 -3 0 S0_2
14075 11 -3 0 S0_2
14077 11 -3 0 S0_2
14078 11 -3 0 S0_2
14085 11 -3 0 S0_2
14086 11 -3 0 S0_2
14087 11 -3 0 S0_2
14088 11 -3 0 S0_2
14089 11 -3 0 S0_2
14063 12 -3 0 S0_2
14064 12 -3 0 S0_2
14065 12 -3 0 S0_2
14066 12 -3 0 S0_2
14072 12 -3 0 S0_2
14073 12 -3 0 S0_2
14074 12 -3 0 S0_2
14075 12 -3 0 S0_2
14077 12 -3 0 S0_2
14078 12 -3 0 S0_2
14085 12 -3 0 S0_2
14086 12 -3 0 S0_2
14087 12 -3 0 S0_2
14088 12 -3 0 S0_2
14089 12 -3 0 S0_2
14063 13 -3 0 S0_2
14064 13 -3 0 S0_2
14065 13 -3 0 S0_2
14066 13 -3 0 S0_2
14072 13 -3 0 S0_2
14073 13 -3 0 S0_2
14074 13 -3 0 S0_2
14075 13 -3 0 S0_2
14077 13 -3 0 S0_2
14078 13 -3 0 S0_2
14085 13 -3 0 S0_2
14086 13 -3 0 S0_2
14087 13 -3 0 S0_2
14088 13 -3 0 S0_2
14089 13 -3 0 S0_2
14063 14 -3 121.597495238 S0_2
14064 14 -3 1.49532649579789 S0_2
14065 14 -3 28.6779293746719 S0_2
14066 14 -3 0 S0_2
14072 14 -3 57.6505878551087 S0_2
14073 14 -3 62.2690046140548 S0_2
14074 14 -3 28.0902083403313 S0_2
14075 14 -3 0 S0_2
14077 14 -3 66.5134742647667 S0_2
14078 14 -3 0 S0_2
14085 14 -3 0 S0_2
14086 14 -3 36.2300236270016 S0_2
14087 14 -3 0 S0_2
14088 14 -3 36.9109465976323 S0_2
14089 14 -3 8.33223575413115 S0_2
14063 15 -3 135.176594357198 S0_2
14064 15 -3 0 S0_2
14065 15 -3 23.2255887088323 S0_2
14066 15 -3 0 S0_2
14072 15 -3 121.622293059573 S0_2
14073 15 -3 49.8513363294 S0_2
14074 15 -3 25.2263202182818 S0_2
14075 15 -3 0 S0_2
14077 15 -3 71.9894915671958 S0_2
14078 15 -3 3.48717174198993 S0_2
14085 15 -3 0 S0_2
14086 15 -3 26.9112876993292 S0_2
14087 15 -3 0 S0_2
14088 15 -3 51.2371308845729 S0_2
14089 15 -3 9.42988790315495 S0_2
14063 16 -3 3.31574827584863 S0_2
14064 16 -3 0 S0_2
14065 16 -3 0 S0_2
14066 16 -3 0 S0_2
14072 16 -3 0 S0_2
14073 16 -3 0 S0_2
14074 16 -3 0 S0_2
14075 16 -3 0 S0_2
14077 16 -3 0 S0_2
14078 16 -3 0 S0_2
14085 16 -3 0 S0_2
14086 16 -3 0 S0_2
14087 16 -3 0 S0_2
14088 16 -3 0 S0_2
14089 16 -3 0 S0_2
14063 17 -3 104.993430087389 S0_2
14064 17 -3 0 S0_2
14065 17 -3 11.4398819412031 S0_2
14066 17 -3 0 S0_2
14072 17 -3 22.1753129500851 S0_2
14073 17 -3 30.7334137898765 S0_2
14074 17 -3 10.0399706132762 S0_2
14075 17 -3 0 S0_2
14077 17 -3 56.4757539745826 S0_2
14078 17 -3 0 S0_2
14085 17 -3 0 S0_2
14086 17 -3 4.95262607633241 S0_2
14087 17 -3 0 S0_2
14088 17 -3 27.9373552724194 S0_2
14089 17 -3 2.188117527328 S0_2
14063 18 -3 0 S0_2
14064 18 -3 0 S0_2
14065 18 -3 0 S0_2
14066 18 -3 0 S0_2
14072 18 -3 0 S0_2
14073 18 -3 0 S0_2
14074 18 -3 0 S0_2
14075 18 -3 0 S0_2
14077 18 -3 0 S0_2
14078 18 -3 0 S0_2
14085 18 -3 0 S0_2
14086 18 -3 0 S0_2
14087 18 -3 0 S0_2
14088 18 -3 0 S0_2
14089 18 -3 0 S0_2
14063 19 -3 0 S0_2
14064 19 -3 0 S0_2
14065 19 -3 0 S0_2
14066 19 -3 0 S0_2
14072 19 -3 0 S0_2
14073 19 -3 0 S0_2
14074 19 -3 0 S0_2
14075 19 -3 0 S0_2
14077 19 -3 0 S0_2
14078 19 -3 0 S0_2
14085 19 -3 0 S0_2
14086 19 -3 0 S0_2
14087 19 -3 0 S0_2
14088 19 -3 0 S0_2
14089 19 -3 0 S0_2
14063 20 -3 67.7488990914011 S0_2
14064 20 -3 0 S0_2
14065 20 -3 0 S0_2
14066 20 -3 0 S0_2
14072 20 -3 7.65978842331332 S0_2
14073 20 -3 3.69633970276037 S0_2
14074 20 -3 0 S0_2
14075 20 -3 0 S0_2
14077 20 -3 26.7683789577701 S0_2
14078 20 -3 0 S0_2
14085 20 -3 0 S0_2
14086 20 -3 0 S0_2
14087 20 -3 0 S0_2
14088 20 -3 3.72706876923177 S0_2
14089 20 -3 0 S0_2
14063 21 -3 0 S0_2
14064 21 -3 0 S0_2
14065 21 -3 0 S0_2
14066 21 -3 0 S0_2
14072 21 -3 0 S0_2
14073 21 -3 0 S0_2
14074 21 -3 0 S0_2
14075 21 -3 0 S0_2
14077 21 -3 0 S0_2
14078 21 -3 0 S0_2
14085 21 -3 0 S0_2
14086 21 -3 0 S0_2
14087 21 -3 0 S0_2
14088 21 -3 0 S0_2
14089 21 -3 0 S0_2
14063 22 -3 0 S0_2
14064 22 -3 0 S0_2
14065 22 -3 0 S0_2
14066 22 -3 0 S0_2
14072 22 -3 0 S0_2
14073 22 -3 0 S0_2
14074 22 -3 0 S0_2
14075 22 -3 0 S0_2
14077 22 -3 0 S0_2
14078 22 -3 0 S0_2
14085 22 -3 0 S0_2
14086 22 -3 0 S0_2
14087 22 -3 0 S0_2
14088 22 -3 0 S0_2
14089 22 -3 0 S0_2
14063 23 -3 2.46223566948485 S0_2
14064 23 -3 0 S0_2
14065 23 -3 0 S0_2
14066 23 -3 0 S0_2
14072 23 -3 0 S0_2
14073 23 -3 0 S0_2
14074 23 -3 0 S0_2
14075 23 -3 0 S0_2
14077 23 -3 0 S0_2
14078 23 -3 0 S0_2
14085 23 -3 0 S0_2
14086 23 -3 0 S0_2
14087 23 -3 0 S0_2
14088 23 -3 0 S0_2
14089 23 -3 0 S0_2
14063 24 -3 0 S0_2
14064 24 -3 0 S0_2
14065 24 -3 0 S0_2
14066 24 -3 0 S0_2
14072 24 -3 0 S0_2
14073 24 -3 0 S0_2
14074 24 -3 0 S0_2
14075 24 -3 0 S0_2
14077 24 -3 0 S0_2
14078 24 -3 0 S0_2
14085 24 -3 0 S0_2
14086 24 -3 0 S0_2
14087 24 -3 0 S0_2
14088 24 -3 0 S0_2
14089 24 -3 0 S0_2
14063 25 -3 81.189941736046 S0_2
14064 25 -3 0 S0_2
14065 25 -3 3.1610043661131 S0_2
14066 25 -3 0 S0_2
14072 25 -3 15.1074867450582 S0_2
14073 25 -3 25.3361688188095 S0_2
14074 25 -3 3.19892778172899 S0_2
14075 25 -3 0 S0_2
14077 25 -3 37.9579126837877 S0_2
14078 25 -3 0 S0_2
14085 25 -3 0 S0_2
14086 25 -3 5.51256153929122 S0_2
14087 25 -3 0 S0_2
14088 25 -3 4.55109371295725 S0_2
14089 25 -3 0 S0_2
14063 26 -3 0 S0_2
14064 26 -3 0 S0_2
14065 26 -3 0 S0_2
14066 26 -3 0 S0_2
14072 26 -3 0 S0_2
14073 26 -3 0 S0_2
14074 26 -3 0 S0_2
14075 26 -3 0 S0_2
14077 26 -3 0 S0_2
14078 26 -3 0 S0_2
14085 26 -3 0 S0_2
14086 26 -3 0 S0_2
14087 26 -3 0 S0_2
14088 26 -3 0 S0_2
14089 26 -3 0 S0_2
14063 27 -3 0 S0_2
14064 27 -3 0 S0_2
14065 27 -3 0 S0_2
14066 27 -3 0 S0_2
14072 27 -3 0 S0_2
14073 27 -3 0 S0_2
14074 27 -3 0 S0_2
14075 27 -3 0 S0_2
14077 27 -3 0 S0_2
14078 27 -3 0 S0_2
14085 27 -3 0 S0_2
14086 27 -3 0 S0_2
14087 27 -3 0 S0_2
14088 27 -3 0 S0_2
14089 27 -3 0 S0_2
14063 28 -3 4.8575538680347 S0_2
14064 28 -3 0 S0_2
14065 28 -3 0 S0_2
14066 28 -3 0 S0_2
14072 28 -3 0 S0_2
14073 28 -3 0 S0_2
14074 28 -3 0 S0_2
14075 28 -3 0 S0_2
14077 28 -3 0 S0_2
14078 28 -3 0 S0_2
14085 28 -3 0 S0_2
14086 28 -3 0 S0_2
14087 28 -3 0 S0_2
14088 28 -3 0 S0_2
14089 28 -3 0 S0_2
14063 29 -3 0 S0_2
14064 29 -3 0 S0_2
14065 29 -3 0 S0_2
14066 29 -3 0 S0_2
14072 29 -3 0 S0_2
14073 29 -3 0 S0_2
14074 29 -3 0 S0_2
14075 29 -3 0 S0_2
14077 29 -3 0 S0_2
14078 29 -3 0 S0_2
14085 29 -3 0 S0_2
14086 29 -3 0 S0_2
14087 29 -3 0 S0_2
14088 29 -3 0 S0_2
14089 29 -3 0 S0_2
14063 30 -3 89.2978895042111 S0_2
14064 30 -3 0 S0_2
14065 30 -3 7.05717629891412 S0_2
14066 30 -3 0 S0_2
14072 30 -3 14.3718112772417 S0_2
14073 30 -3 33.9742510072869 S0_2
14074 30 -3 6.33825229830738 S0_2
14075 30 -3 0 S0_2
14077 30 -3 45.332255459491 S0_2
14078 30 -3 0 S0_2
14085 30 -3 0 S0_2
14086 30 -3 7.31123206818255 S0_2
14087 30 -3 0 S0_2
14088 30 -3 9.74065115621451 S0_2
14089 30 -3 1.22304446280107 S0_2
14063 31 -3 5.6592851676363 S0_2
14064 31 -3 0 S0_2
14065 31 -3 0 S0_2
14066 31 -3 0 S0_2
14072 31 -3 0 S0_2
14073 31 -3 0 S0_2
14074 31 -3 0 S0_2
14075 31 -3 0 S0_2
14077 31 -3 0 S0_2
14078 31 -3 0 S0_2
14085 31 -3 0 S0_2
14086 31 -3 0 S0_2
14087 31 -3 0 S0_2
14088 31 -3 0 S0_2
14089 31 -3 0 S0_2
14063 1 -5 0 S0_2
14064 1 -5 0 S0_2
14065 1 -5 0 S0_2
14066 1 -5 0 S0_2
14072 1 -5 0 S0_2
14073 1 -5 0 S0_2
14074 1 -5 0 S0_2
14075 1 -5 0 S0_2
14077 1 -5 0 S0_2
14078 1 -5 0 S0_2
14085 1 -5 0 S0_2
14086 1 -5 0 S0_2
14087 1 -5 0 S0_2
14088 1 -5 0 S0_2
14089 1 -5 0 S0_2
14063 2 -5 2.18676186628101 S0_2
14064 2 -5 0 S0_2
14065 2 -5 0 S0_2
14066 2 -5 0 S0_2
14072 2 -5 0 S0_2
14073 2 -5 0 S0_2
14074 2 -5 0 S0_2
14075 2 -5 0 S0_2
14077 2 -5 0 S0_2
14078 2 -5 0 S0_2
14085 2 -5 0 S0_2
14086 2 -5 0 S0_2
14087 2 -5 0 S0_2
14088 2 -5 0 S0_2
14089 2 -5 0 S0_2
14063 3 -5 0 S0_2
14064 3 -5 0 S0_2
14065 3 -5 0 S0_2
14066 3 -5 0 S0_2
14072 3 -5 0 S0_2
14073 3 -5 0 S0_2
14074 3 -5 0 S0_2
14075 3 -5 0 S0_2
14077 3 -5 0 S0_2
14078 3 -5 0 S0_2
14085 3 -5 0 S0_2
14086 3 -5 0 S0_2
14087 3 -5 0 S0_2
14088 3 -5 0 S0_2
14089 3 -5 0 S0_2
14063 4 -5 0 S0_2
14064 4 -5 0 S0_2
14065 4 -5 0 S0_2
14066 4 -5 0 S0_2
14072 4 -5 0 S0_2
14073 4 -5 0 S0_2
14074 4 -5 0 S0_2
14075 4 -5 0 S0_2
14077 4 -5 0 S0_2
14078 4 -5 0 S0_2
14085 4 -5 0 S0_2
14086 4 -5 0 S0_2
14087 4 -5 0 S0_2
14088 4 -5 0 S0_2
14089 4 -5 0 S0_2
14063 5 -5 0 S0_2
14064 5 -5 0 S0_2
14065 5 -5 0 S0_2
14066 5 -5 0 S0_2
14072 5 -5 0 S0_2
14073 5 -5 0 S0_2
14074 5 -5 0 S0_2
14075 5 -5 0 S0_2
14077 5 -5 0 S0_2
14078 5 -5 0 S0_2
14085 5 -5 0 S0_2
14086 5 -5 0 S0_2
14087 5 -5 0 S0_2
14088 5 -5 0 S0_2
14089 5 -5 0 S0_2
14063 6 -5 0 S0_2
14064 6 -5 0 S0_2
14065 6 -5 0 S0_2
14066 6 -5 0 S0_2
14072 6 -5 0 S0_2
14073 6 -5 0 S0_2
14074 6 -5 0 S0_2
14075 6 -5 0 S0_2
14077 6 -5 0 S0_2
14078 6 -5 0 S0_2
14085 6 -5 0 S0_2
14086 6 -5 0 S0_2
14087 6 -5 0 S0_2
14088 6 -5 0 S0_2
14089 6 -5 0 S0_2
14063 7 -5 5.11438541826453 S0_2
14064 7 -5 0 S0_2
14065 7 -5 0 S0_2
14066 7 -5 0 S0_2
14072 7 -5 0 S0_2
14073 7 -5 1.49046461962796 S0_2
14074 7 -5 0 S0_2
14075 7 -5 0 S0_2
14077 7 -5 1.10079338751522 S0_2
14078 7 -5 0 S0_2
14085 7 -5 0 S0_2
14086 7 -5 0 S0_2
14087 7 -5 0 S0_2
14088 7 -5 0 S0_2
14089 7 -5 0 S0_2
14063 8 -5 0 S0_2
14064 8 -5 0 S0_2
14065 8 -5 0 S0_2
14066 8 -5 0 S0_2
14072 8 -5 0 S0_2
14073 8 -5 0 S0_2
14074 8 -5 0 S0_2
14075 8 -5 0 S0_2
14077 8 -5 0 S0_2
14078 8 -5 0 S0_2
14085 8 -5 0 S0_2
14086 8 -5 0 S0_2
14087 8 -5 0 S0_2
14088 8 -5 0 S0_2
14089 8 -5 0 S0_2
14063 9 -5 0 S0_2
14064 9 -5 0 S0_2
14065 9 -5 0 S0_2
14066 9 -5 0 S0_2
14072 9 -5 0 S0_2
14073 9 -5 0 S0_2
14074 9 -5 0 S0_2
14075 9 -5 0 S0_2
14077 9 -5 0 S0_2
14078 9 -5 0 S0_2
14085 9 -5 0 S0_2
14086 9 -5 0 S0_2
14087 9 -5 0 S0_2
14088 9 -5 0 S0_2
14089 9 -5 0 S0_2
14063 10 -5 0 S0_2
14064 10 -5 0 S0_2
14065 10 -5 0 S0_2
14066 10 -5 0 S0_2
14072 10 -5 0 S0_2
14073 10 -5 0 S0_2
14074 10 -5 0 S0_2
14075 10 -5 0 S0_2
14077 10 -5 0 S0_2
14078 10 -5 0 S0_2
14085 10 -5 0 S0_2
14086 10 -5 0 S0_2
14087 10 -5 0 S0_2
14088 10 -5 0 S0_2
14089 10 -5 0 S0_2
14063 11 -5 0 S0_2
14064 11 -5 0 S0_2
14065 11 -5 0 S0_2
14066 11 -5 0 S0_2
14072 11 -5 0 S0_2
14073 11 -5 0 S0_2
14074 11 -5 0 S0_2
14075 11 -5 0 S0_2
14077 11 -5 0 S0_2
14078 11 -5 0 S0_2
14085 11 -5 0 S0_2
14086 11 -5 0 S0_2
14087 11 -5 0 S0_2
14088 11 -5 0 S0_2
14089 11 -5 0 S0_2
14063 12 -5 0 S0_2
14064 12 -5 0 S0_2
14065 12 -5 0 S0_2
14066 12 -5 0 S0_2
14072 12 -5 0 S0_2
14073 12 -5 0 S0_2
14074 12 -5 0 S0_2
14075 12 -5 0 S0_2
14077 12 -5 0 S0_2
14078 12 -5 0 S0_2
14085 12 -5 0 S0_2
14086 12 -5 0 S0_2
14087 12 -5 0 S0_2
14088 12 -5 0 S0_2
14089 12 -5 0 S0_2
14063 13 -5 0 S0_2
14064 13 -5 0 S0_2
14065 13 -5 0 S0_2
14066 13 -5 0 S0_2
14072 13 -5 0 S0_2
14073 13 -5 0 S0_2
14074 13 -5 0 S0_2
14075 13 -5 0 S0_2
14077 13 -5 0 S0_2
14078 13 -5 0 S0_2
14085 13 -5 0 S0_2
14086 13 -5 0 S0_2
14087 13 -5 0 S0_2
14088 13 -5 0 S0_2
14089 13 -5 0 S0_2
14063 14 -5 41.4722919894541 S0_2
14064 14 -5 0 S0_2
14065 14 -5 0 S0_2
14066 14 -5 0 S0_2
14072 14 -5 1.28515356941155 S0_2
14073 14 -5 3.12209692865657 S0_2
14074 14 -5 0 S0_2
14075 14 -5 0 S0_2
14077 14 -5 11.6975258927304 S0_2
14078 14 -5 0 S0_2
14085 14 -5 0 S0_2
14086 14 -5 0 S0_2
14087 14 -5 0 S0_2
14088 14 -5 0 S0_2
14089 14 -5 0 S0_2
14063 15 -5 17.3697073918774 S0_2
14064 15 -5 0 S0_2
14065 15 -5 0 S0_2
14066 15 -5 0 S0_2
14072 15 -5 0 S0_2
14073 15 -5 0 S0_2
14074 15 -5 0 S0_2
14075 15 -5 0 S0_2
14077 15 -5 2.25011151257999 S0_2
14078 15 -5 0 S0_2
14085 15 -5 0 S0_2
14086 15 -5 0 S0_2
14087 15 -5 0 S0_2
14088 15 -5 0 S0_2
14089 15 -5 0 S0_2
14063 16 -5 0 S0_2
14064 16 -5 0 S0_2
14065 16 -5 0 S0_2
14066 16 -5 0 S0_2
14072 16 -5 0 S0_2
14073 16 -5 0 S0_2
14074 16 -5 0 S0_2
14075 16 -5 0 S0_2
14077 16 -5 0 S0_2
14078 16 -5 0 S0_2
14085 16 -5 0 S0_2
14086 16 -5 0 S0_2
14087 16 -5 0 S0_2
14088 16 -5 0 S0_2
14089 16 -5 0 S0_2
14063 17 -5 9.24079851121927 S0_2
14064 17 -5 0 S0_2
14065 17 -5 0 S0_2
14066 17 -5 0 S0_2
14072 17 -5 0 S0_2
14073 17 -5 0 S0_2
14074 17 -5 0 S0_2
14075 17 -5 0 S0_2
14077 17 -5 1.54189907133383 S0_2
14078 17 -5 0 S0_2
14085 17 -5 0 S0_2
14086 17 -5 0 S0_2
14087 17 -5 0 S0_2
14088 17 -5 0 S0_2
14089 17 -5 0 S0_2
14063 18 -5 0 S0_2
14064 18 -5 0 S0_2
14065 18 -5 0 S0_2
14066 18 -5 0 S0_2
14072 18 -5 0 S0_2
14073 18 -5 0 S0_2
14074 18 -5 0 S0_2
14075 18 -5 0 S0_2
14077 18 -5 0 S0_2
14078 18 -5 0 S0_2
14085 18 -5 0 S0_2
14086 18 -5 0 S0_2
14087 18 -5 0 S0_2
14088 18 -5 0 S0_2
14089 18 -5 0 S0_2
14063 19 -5 0 S0_2
14064 19 -5 0 S0_2
14065 19 -5 0 S0_2
14066 19 -5 0 S0_2
14072 19 -5 0 S0_2
14073 19 -5 0 S0_2
14074 19 -5 0 S0_2
14075 19 -5 0 S0_2
14077 19 -5 0 S0_2
14078 19 -5 0 S0_2
14085 19 -5 0 S0_2
14086 19 -5 0 S0_2
14087 19 -5 0 S0_2
14088 19 -5 0 S0_2
14089 19 -5 0 S0_2
14063 20 -5 0 S0_2
14064 20 -5 0 S0_2
14065 20 -5 0 S0_2
14066 20 -5 0 S0_2
14072 20 -5 0 S0_2
14073 20 -5 0 S0_2
14074 20 -5 0 S0_2
14075 20 -5 0 S0_2
14077 20 -5 0 S0_2
14078 20 -5 0 S0_2
14085 20 -5 0 S0_2
14086 20 -5 0 S0_2
14087 20 -5 0 S0_2
14088 20 -5 0 S0_2
14089 20 -5 0 S0_2
14063 21 -5 0 S0_2
14064 21 -5 0 S0_2
14065 21 -5 0 S0_2
14066 21 -5 0 S0_2
14072 21 -5 0 S0_2
14073 21 -5 0 S0_2
14074 21 -5 0 S0_2
14075 21 -5 0 S0_2
14077 21 -5 0 S0_2
14078 21 -5 0 S0_2
14085 21 -5 0 S0_2
14086 21 -5 0 S0_2
14087 21 -5 0 S0_2
14088 21 -5 0 S0_2
14089 21 -5 0 S0_2
14063 22 -5 0 S0_2
14064 22 -5 0 S0_2
14065 22 -5 0 S0_2
14066 22 -5 0 S0_2
14072 22 -5 0 S0_2
14073 22 -5 0 S0_2
14074 22 -5 0 S0_2
14075 22 -5 0 S0_2
14077 22 -5 0 S0_2
14078 22 -5 0 S0_2
14085 22 -5 0 S0_2
14086 22 -5 0 S0_2
14087 22 -5 0 S0_2
14088 22 -5 0 S0_2
14089 22 -5 0 S0_2
14063 23 -5 0 S0_2
14064 23 -5 0 S0_2
14065 23 -5 0 S0_2
14066 23 -5 0 S0_2
14072 23 -5 0 S0_2
14073 23 -5 0 S0_2
14074 23 -5 0 S0_2
14075 23 -5 0 S0_2
14077 23 -5 0 S0_2
14078 23 -5 0 S0_2
14085 23 -5 0 S0_2
14086 23 -5 0 S0_2
14087 23 -5 0 S0_2
14088 23 -5 0 S0_2
14089 23 -5 0 S0_2
14063 24 -5 0 S0_2
14064 24 -5 0 S0_2
14065 24 -5 0 S0_2
14066 24 -5 0 S0_2
14072 24 -5 0 S0_2
14073 24 -5 0 S0_2
14074 24 -5 0 S0_2
14075 24 -5 0 S0_2
14077 24 -5 0 S0_2
14078 24 -5 0 S0_2
14085 24 -5 0 S0_2
14086 24 -5 0 S0_2
14087 24 -5 0 S0_2
14088 24 -5 0 S0_2
14089 24 -5 0 S0_2
14063 25 -5 0 S0_2
14064 25 -5 0 S0_2
14065 25 -5 0 S0_2
14066 25 -5 0 S0_2
14072 25 -5 0 S0_2
14073 25 -5 0 S0_2
14074 25 -5 0 S0_2
14075 25 -5 0 S0_2
14077 25 -5 0 S0_2
14078 25 -5 0 S0_2
14085 25 -5 0 S0_2
14086 25 -5 0 S0_2
14087 25 -5 0 S0_2
14088 25 -5 0 S0_2
14089 25 -5 0 S0_2
14063 26 -5 0 S0_2
14064 26 -5 0 S0_2
14065 26 -5 0 S0_2
14066 26 -5 0 S0_2
14072 26 -5 0 S0_2
14073 26 -5 0 S0_2
14074 26 -5 0 S0_2
14075 26 -5 0 S0_2
14077 26 -5 0 S0_2
14078 26 -5 0 S0_2
14085 26 -5 0 S0_2
14086 26 -5 0 S0_2
14087 26 -5 0 S0_2
14088 26 -5 0 S0_2
14089 26 -5 0 S0_2
14063 27 -5 0 S0_2
14064 27 -5 0 S0_2
14065 27 -5 0 S0_2
14066 27 -5 0 S0_2
14072 27 -5 0 S0_2
14073 27 -5 0 S0_2
14074 27 -5 0 S0_2
14075 27 -5 0 S0_2
14077 27 -5 0 S0_2
14078 27 -5 0 S0_2
14085 27 -5 0 S0_2
14086 27 -5 0 S0_2
14087 27 -5 0 S0_2
14088 27 -5 0 S0_2
14089 27 -5 0 S0_2
14063 28 -5 0 S0_2
14064 28 -5 0 S0_2
14065 28 -5 0 S0_2
14066 28 -5 0 S0_2
14072 28 -5 0 S0_2
14073 28 -5 0 S0_2
14074 28 -5 0 S0_2
14075 28 -5 0 S0_2
14077 28 -5 0 S0_2
14078 28 -5 0 S0_2
14085 28 -5 0 S0_2
14086 28 -5 0 S0_2
14087 28 -5 0 S0_2
14088 28 -5 0 S0_2
14089 28 -5 0 S0_2
14063 29 -5 0 S0_2
14064 29 -5 0 S0_2
14065 29 -5 0 S0_2
14066 29 -5 0 S0_2
14072 29 -5 0 S0_2
14073 29 -5 0 S0_2
14074 29 -5 0 S0_2
14075 29 -5 0 S0_2
14077 29 -5 0 S0_2
14078 29 -5 0 S0_2
14085 29 -5 0 S0_2
14086 29 -5 0 S0_2
14087 29 -5 0 S0_2
14088 29 -5 0 S0_2
14089 29 -5 0 S0_2
14063 30 -5 3.88958573764628 S0_2
14064 30 -5 0 S0_2
14065 30 -5 0 S0_2
14066 30 -5 0 S0_2
14072 30 -5 0 S0_2
14073 30 -5 0 S0_2
14074 30 -5 0 S0_2
14075 30 -5 0 S0_2
14077 30 -5 0 S0_2
14078 30 -5 0 S0_2
14085 30 -5 0 S0_2
14086 30 -5 0 S0_2
14087 30 -5 0 S0_2
14088 30 -5 0 S0_2
14089 30 -5 0 S0_2
14063 31 -5 0 S0_2
14064 31 -5 0 S0_2
14065 31 -5 0 S0_2
14066 31 -5 0 S0_2
14072 31 -5 0 S0_2
14073 31 -5 0 S0_2
14074 31 -5 0 S0_2
14075 31 -5 0 S0_2
14077 31 -5 0 S0_2
14078 31 -5 0 S0_2
14085 31 -5 0 S0_2
14086 31 -5 0 S0_2
14087 31 -5 0 S0_2
14088 31 -5 0 S0_2
14089 31 -5 0 S0_2
