speciesID lakeID variable value scenario
15042 1 -0.5 52.9560068718175 S0_2
15045 1 -0.5 0 S0_2
15048 1 -0.5 2.52979962657271 S0_2
15049 1 -0.5 5.30835310939169 S0_2
15051 1 -0.5 472.810238510799 S0_2
15053 1 -0.5 577.942352255391 S0_2
15054 1 -0.5 0 S0_2
15055 1 -0.5 0 S0_2
15056 1 -0.5 0 S0_2
15057 1 -0.5 0 S0_2
15059 1 -0.5 260.704933619779 S0_2
15060 1 -0.5 0 S0_2
15063 1 -0.5 14.2183143678276 S0_2
15066 1 -0.5 0 S0_2
15069 1 -0.5 291.783924180407 S0_2
15042 2 -0.5 0 S0_2
15045 2 -0.5 0 S0_2
15048 2 -0.5 0 S0_2
15049 2 -0.5 0 S0_2
15051 2 -0.5 0 S0_2
15053 2 -0.5 0 S0_2
15054 2 -0.5 0 S0_2
15055 2 -0.5 0 S0_2
15056 2 -0.5 0 S0_2
15057 2 -0.5 0 S0_2
15059 2 -0.5 0 S0_2
15060 2 -0.5 0 S0_2
15063 2 -0.5 0 S0_2
15066 2 -0.5 0 S0_2
15069 2 -0.5 0 S0_2
15042 3 -0.5 11.3719973401643 S0_2
15045 3 -0.5 0 S0_2
15048 3 -0.5 1.31441751851289 S0_2
15049 3 -0.5 0 S0_2
15051 3 -0.5 84.4806263158576 S0_2
15053 3 -0.5 89.1304353262111 S0_2
15054 3 -0.5 0 S0_2
15055 3 -0.5 0 S0_2
15056 3 -0.5 0 S0_2
15057 3 -0.5 0 S0_2
15059 3 -0.5 104.112592227894 S0_2
15060 3 -0.5 0 S0_2
15063 3 -0.5 0 S0_2
15066 3 -0.5 0 S0_2
15069 3 -0.5 39.628596661428 S0_2
15042 4 -0.5 41.3639349129871 S0_2
15045 4 -0.5 0 S0_2
15048 4 -0.5 0 S0_2
15049 4 -0.5 0 S0_2
15051 4 -0.5 231.8308798801 S0_2
15053 4 -0.5 317.514734585428 S0_2
15054 4 -0.5 0 S0_2
15055 4 -0.5 0 S0_2
15056 4 -0.5 0 S0_2
15057 4 -0.5 0 S0_2
15059 4 -0.5 210.849095861673 S0_2
15060 4 -0.5 0 S0_2
15063 4 -0.5 5.21978711027991 S0_2
15066 4 -0.5 0 S0_2
15069 4 -0.5 205.252869002141 S0_2
15042 5 -0.5 0 S0_2
15045 5 -0.5 0 S0_2
15048 5 -0.5 0 S0_2
15049 5 -0.5 0 S0_2
15051 5 -0.5 0 S0_2
15053 5 -0.5 0 S0_2
15054 5 -0.5 0 S0_2
15055 5 -0.5 0 S0_2
15056 5 -0.5 0 S0_2
15057 5 -0.5 0 S0_2
15059 5 -0.5 0 S0_2
15060 5 -0.5 0 S0_2
15063 5 -0.5 0 S0_2
15066 5 -0.5 0 S0_2
15069 5 -0.5 0 S0_2
15042 6 -0.5 72.5686188885724 S0_2
15045 6 -0.5 0 S0_2
15048 6 -0.5 7.67662293445963 S0_2
15049 6 -0.5 0 S0_2
15051 6 -0.5 222.005951521114 S0_2
15053 6 -0.5 281.39305590745 S0_2
15054 6 -0.5 0 S0_2
15055 6 -0.5 0 S0_2
15056 6 -0.5 0 S0_2
15057 6 -0.5 0 S0_2
15059 6 -0.5 216.566513240462 S0_2
15060 6 -0.5 0 S0_2
15063 6 -0.5 15.815531784698 S0_2
15066 6 -0.5 0 S0_2
15069 6 -0.5 198.930375812801 S0_2
15042 7 -0.5 0 S0_2
15045 7 -0.5 0 S0_2
15048 7 -0.5 0 S0_2
15049 7 -0.5 0 S0_2
15051 7 -0.5 0 S0_2
15053 7 -0.5 0 S0_2
15054 7 -0.5 0 S0_2
15055 7 -0.5 0 S0_2
15056 7 -0.5 0 S0_2
15057 7 -0.5 0 S0_2
15059 7 -0.5 0 S0_2
15060 7 -0.5 0 S0_2
15063 7 -0.5 0 S0_2
15066 7 -0.5 0 S0_2
15069 7 -0.5 0 S0_2
15042 8 -0.5 54.5150982964172 S0_2
15045 8 -0.5 0 S0_2
15048 8 -0.5 0 S0_2
15049 8 -0.5 1.64625771014056 S0_2
15051 8 -0.5 334.144707856748 S0_2
15053 8 -0.5 443.746162127377 S0_2
15054 8 -0.5 0 S0_2
15055 8 -0.5 0 S0_2
15056 8 -0.5 0 S0_2
15057 8 -0.5 0 S0_2
15059 8 -0.5 233.225300937162 S0_2
15060 8 -0.5 0 S0_2
15063 8 -0.5 9.78062872467921 S0_2
15066 8 -0.5 0 S0_2
15069 8 -0.5 257.114540859182 S0_2
15042 9 -0.5 49.9490608090035 S0_2
15045 9 -0.5 0 S0_2
15048 9 -0.5 1.41998860242225 S0_2
15049 9 -0.5 0 S0_2
15051 9 -0.5 200.1285612203 S0_2
15053 9 -0.5 261.285490375355 S0_2
15054 9 -0.5 0 S0_2
15055 9 -0.5 0 S0_2
15056 9 -0.5 0 S0_2
15057 9 -0.5 0 S0_2
15059 9 -0.5 199.378820265861 S0_2
15060 9 -0.5 0 S0_2
15063 9 -0.5 6.52678182572603 S0_2
15066 9 -0.5 0 S0_2
15069 9 -0.5 179.797050308552 S0_2
15042 10 -0.5 66.1744009069671 S0_2
15045 10 -0.5 0 S0_2
15048 10 -0.5 3.09489625760609 S0_2
15049 10 -0.5 3.35437515429067 S0_2
15051 10 -0.5 351.171847847234 S0_2
15053 10 -0.5 467.167320011028 S0_2
15054 10 -0.5 0 S0_2
15055 10 -0.5 0 S0_2
15056 10 -0.5 0 S0_2
15057 10 -0.5 0 S0_2
15059 10 -0.5 254.602679783497 S0_2
15060 10 -0.5 0 S0_2
15063 10 -0.5 18.1807561345545 S0_2
15066 10 -0.5 0 S0_2
15069 10 -0.5 275.365332489668 S0_2
15042 11 -0.5 10.0542587181398 S0_2
15045 11 -0.5 0 S0_2
15048 11 -0.5 0 S0_2
15049 11 -0.5 0 S0_2
15051 11 -0.5 380.70783401082 S0_2
15053 11 -0.5 497.792436835479 S0_2
15054 11 -0.5 0 S0_2
15055 11 -0.5 0 S0_2
15056 11 -0.5 0 S0_2
15057 11 -0.5 0 S0_2
15059 11 -0.5 201.594942411693 S0_2
15060 11 -0.5 0 S0_2
15063 11 -0.5 1.06980474438381 S0_2
15066 11 -0.5 0 S0_2
15069 11 -0.5 227.456044755433 S0_2
15042 12 -0.5 5.32089096658022 S0_2
15045 12 -0.5 0 S0_2
15048 12 -0.5 0 S0_2
15049 12 -0.5 0 S0_2
15051 12 -0.5 347.279230780376 S0_2
15053 12 -0.5 442.416735234868 S0_2
15054 12 -0.5 0 S0_2
15055 12 -0.5 0 S0_2
15056 12 -0.5 0 S0_2
15057 12 -0.5 0 S0_2
15059 12 -0.5 173.309273357339 S0_2
15060 12 -0.5 0 S0_2
15063 12 -0.5 0 S0_2
15066 12 -0.5 0 S0_2
15069 12 -0.5 198.926131036194 S0_2
15042 13 -0.5 2.81209837722296 S0_2
15045 13 -0.5 0 S0_2
15048 13 -0.5 0 S0_2
15049 13 -0.5 0 S0_2
15051 13 -0.5 63.6362290644178 S0_2
15053 13 -0.5 95.8510942561209 S0_2
15054 13 -0.5 0 S0_2
15055 13 -0.5 0 S0_2
15056 13 -0.5 0 S0_2
15057 13 -0.5 0 S0_2
15059 13 -0.5 88.4556290567534 S0_2
15060 13 -0.5 0 S0_2
15063 13 -0.5 0 S0_2
15066 13 -0.5 0 S0_2
15069 13 -0.5 55.0396544448496 S0_2
15042 14 -0.5 1.91757661719153 S0_2
15045 14 -0.5 0 S0_2
15048 14 -0.5 2.29725779994896 S0_2
15049 14 -0.5 0 S0_2
15051 14 -0.5 26.1853154552971 S0_2
15053 14 -0.5 5.65709194199999 S0_2
15054 14 -0.5 0 S0_2
15055 14 -0.5 0 S0_2
15056 14 -0.5 0 S0_2
15057 14 -0.5 0 S0_2
15059 14 -0.5 25.9718202405975 S0_2
15060 14 -0.5 0 S0_2
15063 14 -0.5 0 S0_2
15066 14 -0.5 0 S0_2
15069 14 -0.5 0 S0_2
15042 15 -0.5 106.859549189232 S0_2
15045 15 -0.5 0 S0_2
15048 15 -0.5 28.9285528058486 S0_2
15049 15 -0.5 23.4967028008799 S0_2
15051 15 -0.5 399.04643275207 S0_2
15053 15 -0.5 513.119874020712 S0_2
15054 15 -0.5 0 S0_2
15055 15 -0.5 0 S0_2
15056 15 -0.5 0 S0_2
15057 15 -0.5 0 S0_2
15059 15 -0.5 291.263047286856 S0_2
15060 15 -0.5 0 S0_2
15063 15 -0.5 53.827604756606 S0_2
15066 15 -0.5 0 S0_2
15069 15 -0.5 315.419998241904 S0_2
15042 16 -0.5 72.30436807605 S0_2
15045 16 -0.5 0 S0_2
15048 16 -0.5 1.67174084195583 S0_2
15049 16 -0.5 8.43104768995526 S0_2
15051 16 -0.5 421.526340040074 S0_2
15053 16 -0.5 528.574503602622 S0_2
15054 16 -0.5 0 S0_2
15055 16 -0.5 0 S0_2
15056 16 -0.5 0 S0_2
15057 16 -0.5 0 S0_2
15059 16 -0.5 259.223798068813 S0_2
15060 16 -0.5 0 S0_2
15063 16 -0.5 22.4971496791793 S0_2
15066 16 -0.5 0 S0_2
15069 16 -0.5 290.687504789362 S0_2
15042 17 -0.5 36.5074411933602 S0_2
15045 17 -0.5 0 S0_2
15048 17 -0.5 0 S0_2
15049 17 -0.5 0 S0_2
15051 17 -0.5 138.160796254101 S0_2
15053 17 -0.5 170.781168996983 S0_2
15054 17 -0.5 0 S0_2
15055 17 -0.5 0 S0_2
15056 17 -0.5 0 S0_2
15057 17 -0.5 0 S0_2
15059 17 -0.5 152.65641995383 S0_2
15060 17 -0.5 0 S0_2
15063 17 -0.5 2.21268149510149 S0_2
15066 17 -0.5 0 S0_2
15069 17 -0.5 118.418471839508 S0_2
15042 18 -0.5 25.4617225646848 S0_2
15045 18 -0.5 0 S0_2
15048 18 -0.5 0 S0_2
15049 18 -0.5 0 S0_2
15051 18 -0.5 394.778450278414 S0_2
15053 18 -0.5 494.321423250733 S0_2
15054 18 -0.5 0 S0_2
15055 18 -0.5 0 S0_2
15056 18 -0.5 0 S0_2
15057 18 -0.5 0 S0_2
15059 18 -0.5 215.567664380288 S0_2
15060 18 -0.5 0 S0_2
15063 18 -0.5 3.03435230683227 S0_2
15066 18 -0.5 0 S0_2
15069 18 -0.5 244.356521095282 S0_2
15042 19 -0.5 63.8092017981365 S0_2
15045 19 -0.5 0 S0_2
15048 19 -0.5 1.94320400235856 S0_2
15049 19 -0.5 1.4958818025816 S0_2
15051 19 -0.5 318.810398455025 S0_2
15053 19 -0.5 427.736272038901 S0_2
15054 19 -0.5 0 S0_2
15055 19 -0.5 0 S0_2
15056 19 -0.5 0 S0_2
15057 19 -0.5 0 S0_2
15059 19 -0.5 245.50589474252 S0_2
15060 19 -0.5 0 S0_2
15063 19 -0.5 15.333147772191 S0_2
15066 19 -0.5 0 S0_2
15069 19 -0.5 261.109387223323 S0_2
15042 20 -0.5 88.7923606584339 S0_2
15045 20 -0.5 0 S0_2
15048 20 -0.5 8.09438670956232 S0_2
15049 20 -0.5 15.8293670677482 S0_2
15051 20 -0.5 415.192945839791 S0_2
15053 20 -0.5 527.085946226533 S0_2
15054 20 -0.5 0 S0_2
15055 20 -0.5 0 S0_2
15056 20 -0.5 0 S0_2
15057 20 -0.5 0 S0_2
15059 20 -0.5 272.937865444315 S0_2
15060 20 -0.5 0 S0_2
15063 20 -0.5 35.7023045637294 S0_2
15066 20 -0.5 0 S0_2
15069 20 -0.5 303.3502686053 S0_2
15042 21 -0.5 61.7646164088218 S0_2
15045 21 -0.5 0 S0_2
15048 21 -0.5 3.4481388039529 S0_2
15049 21 -0.5 1.58328388216244 S0_2
15051 21 -0.5 325.365103395107 S0_2
15053 21 -0.5 437.923066909397 S0_2
15054 21 -0.5 0 S0_2
15055 21 -0.5 0 S0_2
15056 21 -0.5 0 S0_2
15057 21 -0.5 0 S0_2
15059 21 -0.5 249.460706003205 S0_2
15060 21 -0.5 0 S0_2
15063 21 -0.5 15.3752551234387 S0_2
15066 21 -0.5 0 S0_2
15069 21 -0.5 264.294577092457 S0_2
15042 22 -0.5 74.7732795703265 S0_2
15045 22 -0.5 0 S0_2
15048 22 -0.5 13.1273874134396 S0_2
15049 22 -0.5 15.2779526633631 S0_2
15051 22 -0.5 486.684671739644 S0_2
15053 22 -0.5 594.97930540593 S0_2
15054 22 -0.5 0 S0_2
15055 22 -0.5 0 S0_2
15056 22 -0.5 0 S0_2
15057 22 -0.5 0 S0_2
15059 22 -0.5 280.58510247245 S0_2
15060 22 -0.5 0 S0_2
15063 22 -0.5 29.7297214203578 S0_2
15066 22 -0.5 0 S0_2
15069 22 -0.5 313.22295995197 S0_2
15042 23 -0.5 73.5314478851331 S0_2
15045 23 -0.5 0 S0_2
15048 23 -0.5 15.5578902018812 S0_2
15049 23 -0.5 0 S0_2
15051 23 -0.5 274.843603009249 S0_2
15053 23 -0.5 360.789237437772 S0_2
15054 23 -0.5 0 S0_2
15055 23 -0.5 0 S0_2
15056 23 -0.5 0 S0_2
15057 23 -0.5 0 S0_2
15059 23 -0.5 245.272787761323 S0_2
15060 23 -0.5 0 S0_2
15063 23 -0.5 21.512114733138 S0_2
15066 23 -0.5 0 S0_2
15069 23 -0.5 240.876362816153 S0_2
15042 24 -0.5 69.1230593231935 S0_2
15045 24 -0.5 0 S0_2
15048 24 -0.5 8.1154284884543 S0_2
15049 24 -0.5 4.6919513966727 S0_2
15051 24 -0.5 365.036780300957 S0_2
15053 24 -0.5 484.376433403779 S0_2
15054 24 -0.5 0 S0_2
15055 24 -0.5 0 S0_2
15056 24 -0.5 0 S0_2
15057 24 -0.5 0 S0_2
15059 24 -0.5 263.476655631387 S0_2
15060 24 -0.5 0 S0_2
15063 24 -0.5 21.6945781135916 S0_2
15066 24 -0.5 0 S0_2
15069 24 -0.5 284.003986581439 S0_2
15042 25 -0.5 2.2979454587171 S0_2
15045 25 -0.5 0 S0_2
15048 25 -0.5 8.92394752457802 S0_2
15049 25 -0.5 0 S0_2
15051 25 -0.5 32.9567011975928 S0_2
15053 25 -0.5 7.669310500794 S0_2
15054 25 -0.5 0 S0_2
15055 25 -0.5 0 S0_2
15056 25 -0.5 0 S0_2
15057 25 -0.5 0 S0_2
15059 25 -0.5 32.6966261006988 S0_2
15060 25 -0.5 0 S0_2
15063 25 -0.5 0 S0_2
15066 25 -0.5 0 S0_2
15069 25 -0.5 0 S0_2
15042 26 -0.5 78.2386581929581 S0_2
15045 26 -0.5 0 S0_2
15048 26 -0.5 8.40927169403373 S0_2
15049 26 -0.5 14.3696902942161 S0_2
15051 26 -0.5 451.39337962595 S0_2
15053 26 -0.5 563.80887912785 S0_2
15054 26 -0.5 0 S0_2
15055 26 -0.5 0 S0_2
15056 26 -0.5 0 S0_2
15057 26 -0.5 0 S0_2
15059 26 -0.5 275.047886696977 S0_2
15060 26 -0.5 0 S0_2
15063 26 -0.5 30.1399378947644 S0_2
15066 26 -0.5 0 S0_2
15069 26 -0.5 306.941950046791 S0_2
15042 27 -0.5 0 S0_2
15045 27 -0.5 0 S0_2
15048 27 -0.5 0 S0_2
15049 27 -0.5 0 S0_2
15051 27 -0.5 0 S0_2
15053 27 -0.5 0 S0_2
15054 27 -0.5 0 S0_2
15055 27 -0.5 0 S0_2
15056 27 -0.5 0 S0_2
15057 27 -0.5 0 S0_2
15059 27 -0.5 0 S0_2
15060 27 -0.5 0 S0_2
15063 27 -0.5 0 S0_2
15066 27 -0.5 0 S0_2
15069 27 -0.5 0 S0_2
15042 28 -0.5 88.7447433797916 S0_2
15045 28 -0.5 0 S0_2
15048 28 -0.5 19.6830829010357 S0_2
15049 28 -0.5 24.590315714036 S0_2
15051 28 -0.5 495.936183172241 S0_2
15053 28 -0.5 602.251334972311 S0_2
15054 28 -0.5 0 S0_2
15055 28 -0.5 0 S0_2
15056 28 -0.5 0 S0_2
15057 28 -0.5 0 S0_2
15059 28 -0.5 290.097177164671 S0_2
15060 28 -0.5 0 S0_2
15063 28 -0.5 41.4127589132629 S0_2
15066 28 -0.5 0 S0_2
15069 28 -0.5 324.095040909765 S0_2
15042 29 -0.5 13.9905878239577 S0_2
15045 29 -0.5 0 S0_2
15048 29 -0.5 0 S0_2
15049 29 -0.5 0 S0_2
15051 29 -0.5 143.266738528494 S0_2
15053 29 -0.5 201.963659777223 S0_2
15054 29 -0.5 0 S0_2
15055 29 -0.5 0 S0_2
15056 29 -0.5 0 S0_2
15057 29 -0.5 0 S0_2
15059 29 -0.5 151.544836263277 S0_2
15060 29 -0.5 0 S0_2
15063 29 -0.5 0 S0_2
15066 29 -0.5 0 S0_2
15069 29 -0.5 132.669346120735 S0_2
15042 30 -0.5 1.34576636110719 S0_2
15045 30 -0.5 0 S0_2
15048 30 -0.5 0 S0_2
15049 30 -0.5 0 S0_2
15051 30 -0.5 19.7477071299572 S0_2
15053 30 -0.5 3.93133443619079 S0_2
15054 30 -0.5 0 S0_2
15055 30 -0.5 0 S0_2
15056 30 -0.5 0 S0_2
15057 30 -0.5 0 S0_2
15059 30 -0.5 20.1846200104995 S0_2
15060 30 -0.5 0 S0_2
15063 30 -0.5 0 S0_2
15066 30 -0.5 0 S0_2
15069 30 -0.5 0 S0_2
15042 31 -0.5 18.3740673791377 S0_2
15045 31 -0.5 0 S0_2
15048 31 -0.5 15.7049177317168 S0_2
15049 31 -0.5 0 S0_2
15051 31 -0.5 106.047337706891 S0_2
15053 31 -0.5 109.547783045705 S0_2
15054 31 -0.5 0 S0_2
15055 31 -0.5 0 S0_2
15056 31 -0.5 0 S0_2
15057 31 -0.5 0 S0_2
15059 31 -0.5 119.854945403921 S0_2
15060 31 -0.5 0 S0_2
15063 31 -0.5 2.16966256818896 S0_2
15066 31 -0.5 0 S0_2
15069 31 -0.5 48.0157747069365 S0_2
15042 1 -1.5 0 S0_2
15045 1 -1.5 0 S0_2
15048 1 -1.5 137.358381594812 S0_2
15049 1 -1.5 0 S0_2
15051 1 -1.5 98.1782241704121 S0_2
15053 1 -1.5 121.603037550296 S0_2
15054 1 -1.5 0 S0_2
15055 1 -1.5 0 S0_2
15056 1 -1.5 0 S0_2
15057 1 -1.5 0 S0_2
15059 1 -1.5 66.5494029418848 S0_2
15060 1 -1.5 9.87139134353948 S0_2
15063 1 -1.5 0 S0_2
15066 1 -1.5 4.9899369025882 S0_2
15069 1 -1.5 60.6889607183902 S0_2
15042 2 -1.5 0 S0_2
15045 2 -1.5 0 S0_2
15048 2 -1.5 453.999421434198 S0_2
15049 2 -1.5 0 S0_2
15051 2 -1.5 0 S0_2
15053 2 -1.5 0 S0_2
15054 2 -1.5 0 S0_2
15055 2 -1.5 0 S0_2
15056 2 -1.5 0 S0_2
15057 2 -1.5 0 S0_2
15059 2 -1.5 0 S0_2
15060 2 -1.5 0 S0_2
15063 2 -1.5 0 S0_2
15066 2 -1.5 0 S0_2
15069 2 -1.5 0 S0_2
15042 3 -1.5 0 S0_2
15045 3 -1.5 0 S0_2
15048 3 -1.5 336.462639734214 S0_2
15049 3 -1.5 0 S0_2
15051 3 -1.5 2.36549843476972 S0_2
15053 3 -1.5 1.83185009926024 S0_2
15054 3 -1.5 0 S0_2
15055 3 -1.5 0 S0_2
15056 3 -1.5 0 S0_2
15057 3 -1.5 3.04880859351448 S0_2
15059 3 -1.5 39.7150658379256 S0_2
15060 3 -1.5 0 S0_2
15063 3 -1.5 0 S0_2
15066 3 -1.5 1.7772288921849 S0_2
15069 3 -1.5 0 S0_2
15042 4 -1.5 0 S0_2
15045 4 -1.5 0 S0_2
15048 4 -1.5 189.342587036727 S0_2
15049 4 -1.5 0 S0_2
15051 4 -1.5 39.7550936348904 S0_2
15053 4 -1.5 71.4770924014812 S0_2
15054 4 -1.5 0 S0_2
15055 4 -1.5 0 S0_2
15056 4 -1.5 0 S0_2
15057 4 -1.5 1.68388663864183 S0_2
15059 4 -1.5 73.0446359610659 S0_2
15060 4 -1.5 1.79214871488782 S0_2
15063 4 -1.5 0 S0_2
15066 4 -1.5 10.878348291094 S0_2
15069 4 -1.5 48.8954900010002 S0_2
15042 5 -1.5 0 S0_2
15045 5 -1.5 0 S0_2
15048 5 -1.5 0 S0_2
15049 5 -1.5 0 S0_2
15051 5 -1.5 0 S0_2
15053 5 -1.5 0 S0_2
15054 5 -1.5 0 S0_2
15055 5 -1.5 0 S0_2
15056 5 -1.5 0 S0_2
15057 5 -1.5 0 S0_2
15059 5 -1.5 0 S0_2
15060 5 -1.5 0 S0_2
15063 5 -1.5 0 S0_2
15066 5 -1.5 0 S0_2
15069 5 -1.5 0 S0_2
15042 6 -1.5 8.763242232878 S0_2
15045 6 -1.5 37.7688952190621 S0_2
15048 6 -1.5 507.99285358949 S0_2
15049 6 -1.5 0 S0_2
15051 6 -1.5 144.880248774682 S0_2
15053 6 -1.5 183.104345614224 S0_2
15054 6 -1.5 0 S0_2
15055 6 -1.5 0 S0_2
15056 6 -1.5 2.95699877635295 S0_2
15057 6 -1.5 83.9692414856719 S0_2
15059 6 -1.5 199.748684947867 S0_2
15060 6 -1.5 86.4384144511504 S0_2
15063 6 -1.5 0 S0_2
15066 6 -1.5 180.74839085479 S0_2
15069 6 -1.5 149.927844617148 S0_2
15042 7 -1.5 0 S0_2
15045 7 -1.5 0 S0_2
15048 7 -1.5 466.706398760522 S0_2
15049 7 -1.5 0 S0_2
15051 7 -1.5 0 S0_2
15053 7 -1.5 0 S0_2
15054 7 -1.5 0 S0_2
15055 7 -1.5 0 S0_2
15056 7 -1.5 0 S0_2
15057 7 -1.5 0 S0_2
15059 7 -1.5 0 S0_2
15060 7 -1.5 0 S0_2
15063 7 -1.5 0 S0_2
15066 7 -1.5 0 S0_2
15069 7 -1.5 0 S0_2
15042 8 -1.5 0 S0_2
15045 8 -1.5 1.59162829995538 S0_2
15048 8 -1.5 296.920633004822 S0_2
15049 8 -1.5 0 S0_2
15051 8 -1.5 138.981631946597 S0_2
15053 8 -1.5 198.825662142314 S0_2
15054 8 -1.5 0 S0_2
15055 8 -1.5 0 S0_2
15056 8 -1.5 0 S0_2
15057 8 -1.5 15.1711717934029 S0_2
15059 8 -1.5 133.959091833049 S0_2
15060 8 -1.5 60.0790252703518 S0_2
15063 8 -1.5 0 S0_2
15066 8 -1.5 74.5053479453151 S0_2
15069 8 -1.5 122.255909335884 S0_2
15042 9 -1.5 0 S0_2
15045 9 -1.5 1.49999694398963 S0_2
15048 9 -1.5 358.540453706332 S0_2
15049 9 -1.5 0 S0_2
15051 9 -1.5 71.9943068484083 S0_2
15053 9 -1.5 101.621626594989 S0_2
15054 9 -1.5 0 S0_2
15055 9 -1.5 0 S0_2
15056 9 -1.5 0 S0_2
15057 9 -1.5 23.0755656653315 S0_2
15059 9 -1.5 119.417042697799 S0_2
15060 9 -1.5 12.342469462762 S0_2
15063 9 -1.5 0 S0_2
15066 9 -1.5 72.380270109582 S0_2
15069 9 -1.5 81.0535931015219 S0_2
15042 10 -1.5 0 S0_2
15045 10 -1.5 1.67833158086802 S0_2
15048 10 -1.5 312.233962527835 S0_2
15049 10 -1.5 0 S0_2
15051 10 -1.5 133.523604737168 S0_2
15053 10 -1.5 191.47046162271 S0_2
15054 10 -1.5 0 S0_2
15055 10 -1.5 0 S0_2
15056 10 -1.5 0 S0_2
15057 10 -1.5 17.315564283894 S0_2
15059 10 -1.5 135.39922973181 S0_2
15060 10 -1.5 58.9708748843397 S0_2
15063 10 -1.5 0 S0_2
15066 10 -1.5 79.3006615636805 S0_2
15069 10 -1.5 120.990846776906 S0_2
15042 11 -1.5 0 S0_2
15045 11 -1.5 0 S0_2
15048 11 -1.5 1.64525011257492 S0_2
15049 11 -1.5 0 S0_2
15051 11 -1.5 0 S0_2
15053 11 -1.5 1.55552756047517 S0_2
15054 11 -1.5 0 S0_2
15055 11 -1.5 0 S0_2
15056 11 -1.5 0 S0_2
15057 11 -1.5 0 S0_2
15059 11 -1.5 0 S0_2
15060 11 -1.5 0 S0_2
15063 11 -1.5 0 S0_2
15066 11 -1.5 0 S0_2
15069 11 -1.5 0 S0_2
15042 12 -1.5 0 S0_2
15045 12 -1.5 0 S0_2
15048 12 -1.5 2.03001232091683 S0_2
15049 12 -1.5 0 S0_2
15051 12 -1.5 0 S0_2
15053 12 -1.5 1.99357976866701 S0_2
15054 12 -1.5 0 S0_2
15055 12 -1.5 0 S0_2
15056 12 -1.5 0 S0_2
15057 12 -1.5 0 S0_2
15059 12 -1.5 0 S0_2
15060 12 -1.5 0 S0_2
15063 12 -1.5 0 S0_2
15066 12 -1.5 0 S0_2
15069 12 -1.5 0 S0_2
15042 13 -1.5 0 S0_2
15045 13 -1.5 0 S0_2
15048 13 -1.5 222.960721887036 S0_2
15049 13 -1.5 0 S0_2
15051 13 -1.5 2.08543315757368 S0_2
15053 13 -1.5 6.23573747627408 S0_2
15054 13 -1.5 0 S0_2
15055 13 -1.5 0 S0_2
15056 13 -1.5 0 S0_2
15057 13 -1.5 0 S0_2
15059 13 -1.5 41.6310876939397 S0_2
15060 13 -1.5 0 S0_2
15063 13 -1.5 0 S0_2
15066 13 -1.5 2.19054892443741 S0_2
15069 13 -1.5 4.57545844628896 S0_2
15042 14 -1.5 0 S0_2
15045 14 -1.5 1.86047738581532 S0_2
15048 14 -1.5 526.232755555385 S0_2
15049 14 -1.5 0 S0_2
15051 14 -1.5 7.81321921910887 S0_2
15053 14 -1.5 0 S0_2
15054 14 -1.5 2.07708010487897 S0_2
15055 14 -1.5 0 S0_2
15056 14 -1.5 0 S0_2
15057 14 -1.5 14.038235309038 S0_2
15059 14 -1.5 42.078039725489 S0_2
15060 14 -1.5 0 S0_2
15063 14 -1.5 0 S0_2
15066 14 -1.5 1.29891978320565 S0_2
15069 14 -1.5 0 S0_2
15042 15 -1.5 40.8189726388166 S0_2
15045 15 -1.5 94.1041290640902 S0_2
15048 15 -1.5 579.33341015681 S0_2
15049 15 -1.5 9.71892966707113 S0_2
15051 15 -1.5 309.717212640877 S0_2
15053 15 -1.5 403.118949661988 S0_2
15054 15 -1.5 3.6590597734574 S0_2
15055 15 -1.5 2.37932123306367 S0_2
15056 15 -1.5 23.7480046400193 S0_2
15057 15 -1.5 118.24604579612 S0_2
15059 15 -1.5 291.496913518582 S0_2
15060 15 -1.5 205.202763029825 S0_2
15063 15 -1.5 7.50049111157047 S0_2
15066 15 -1.5 269.928293757032 S0_2
15069 15 -1.5 268.466427730387 S0_2
15042 16 -1.5 0 S0_2
15045 16 -1.5 10.0265832989839 S0_2
15048 16 -1.5 379.442721937943 S0_2
15049 16 -1.5 0 S0_2
15051 16 -1.5 227.101701494128 S0_2
15053 16 -1.5 310.250710162804 S0_2
15054 16 -1.5 0 S0_2
15055 16 -1.5 0 S0_2
15056 16 -1.5 0 S0_2
15057 16 -1.5 39.6266225066216 S0_2
15059 16 -1.5 181.441060682917 S0_2
15060 16 -1.5 112.180649461073 S0_2
15063 16 -1.5 0 S0_2
15066 16 -1.5 125.614367182026 S0_2
15069 16 -1.5 167.266147778711 S0_2
15042 17 -1.5 3.61432085140698 S0_2
15045 17 -1.5 16.6992710675519 S0_2
15048 17 -1.5 464.407845303056 S0_2
15049 17 -1.5 0 S0_2
15051 17 -1.5 92.6167470410949 S0_2
15053 17 -1.5 114.003374761977 S0_2
15054 17 -1.5 0 S0_2
15055 17 -1.5 0 S0_2
15056 17 -1.5 0 S0_2
15057 17 -1.5 65.4028480930989 S0_2
15059 17 -1.5 153.31441433409 S0_2
15060 17 -1.5 23.9169089533217 S0_2
15063 17 -1.5 0 S0_2
15066 17 -1.5 133.222254704441 S0_2
15069 17 -1.5 94.324115921586 S0_2
15042 18 -1.5 0 S0_2
15045 18 -1.5 0 S0_2
15048 18 -1.5 85.3469210682619 S0_2
15049 18 -1.5 0 S0_2
15051 18 -1.5 54.0743836092222 S0_2
15053 18 -1.5 74.7009510445837 S0_2
15054 18 -1.5 0 S0_2
15055 18 -1.5 0 S0_2
15056 18 -1.5 0 S0_2
15057 18 -1.5 0 S0_2
15059 18 -1.5 30.53496093667 S0_2
15060 18 -1.5 0 S0_2
15063 18 -1.5 0 S0_2
15066 18 -1.5 0 S0_2
15069 18 -1.5 24.4256768980452 S0_2
15042 19 -1.5 0 S0_2
15045 19 -1.5 1.98206196616294 S0_2
15048 19 -1.5 325.450449902709 S0_2
15049 19 -1.5 0 S0_2
15051 19 -1.5 125.532444246343 S0_2
15053 19 -1.5 178.519887572734 S0_2
15054 19 -1.5 0 S0_2
15055 19 -1.5 0 S0_2
15056 19 -1.5 0 S0_2
15057 19 -1.5 20.3697415660473 S0_2
15059 19 -1.5 137.978421836618 S0_2
15060 19 -1.5 55.4245030158337 S0_2
15063 19 -1.5 0 S0_2
15066 19 -1.5 84.3950262856956 S0_2
15069 19 -1.5 120.322372028562 S0_2
15042 20 -1.5 10.2494510384305 S0_2
15045 20 -1.5 50.9478550560394 S0_2
15048 20 -1.5 485.36879126812 S0_2
15049 20 -1.5 2.10664524290096 S0_2
15051 20 -1.5 286.110162890551 S0_2
15053 20 -1.5 377.206372912298 S0_2
15054 20 -1.5 0 S0_2
15055 20 -1.5 0 S0_2
15056 20 -1.5 3.80030679896595 S0_2
15057 20 -1.5 81.5218473216207 S0_2
15059 20 -1.5 243.654377084867 S0_2
15060 20 -1.5 165.98215391708 S0_2
15063 20 -1.5 1.07903480316744 S0_2
15066 20 -1.5 200.271790077449 S0_2
15069 20 -1.5 226.86000941516 S0_2
15042 21 -1.5 0 S0_2
15045 21 -1.5 0 S0_2
15048 21 -1.5 267.643013361962 S0_2
15049 21 -1.5 0 S0_2
15051 21 -1.5 102.984644821938 S0_2
15053 21 -1.5 146.518078625893 S0_2
15054 21 -1.5 0 S0_2
15055 21 -1.5 0 S0_2
15056 21 -1.5 0 S0_2
15057 21 -1.5 8.85351725764066 S0_2
15059 21 -1.5 113.998156436856 S0_2
15060 21 -1.5 32.7974693050113 S0_2
15063 21 -1.5 0 S0_2
15066 21 -1.5 53.7700055788072 S0_2
15069 21 -1.5 98.7099071162754 S0_2
15042 22 -1.5 0 S0_2
15045 22 -1.5 1.54185552735019 S0_2
15048 22 -1.5 295.4100759226 S0_2
15049 22 -1.5 0 S0_2
15051 22 -1.5 181.771853413533 S0_2
15053 22 -1.5 258.389464250955 S0_2
15054 22 -1.5 0 S0_2
15055 22 -1.5 0 S0_2
15056 22 -1.5 0 S0_2
15057 22 -1.5 13.4228564597406 S0_2
15059 22 -1.5 133.578415798726 S0_2
15060 22 -1.5 74.876764917814 S0_2
15063 22 -1.5 0 S0_2
15066 22 -1.5 74.9730248028056 S0_2
15069 22 -1.5 125.585571972659 S0_2
15042 23 -1.5 0 S0_2
15045 23 -1.5 5.67099391158718 S0_2
15048 23 -1.5 411.130405365476 S0_2
15049 23 -1.5 0 S0_2
15051 23 -1.5 117.364956660897 S0_2
15053 23 -1.5 159.547582411396 S0_2
15054 23 -1.5 0 S0_2
15055 23 -1.5 0 S0_2
15056 23 -1.5 0 S0_2
15057 23 -1.5 39.8946391062396 S0_2
15059 23 -1.5 155.339856367533 S0_2
15060 23 -1.5 55.4151228866857 S0_2
15063 23 -1.5 0 S0_2
15066 23 -1.5 115.870727961325 S0_2
15069 23 -1.5 122.292075491027 S0_2
15042 24 -1.5 0 S0_2
15045 24 -1.5 1.15090761298195 S0_2
15048 24 -1.5 296.175656057786 S0_2
15049 24 -1.5 0 S0_2
15051 24 -1.5 126.139385460822 S0_2
15053 24 -1.5 178.761080527109 S0_2
15054 24 -1.5 0 S0_2
15055 24 -1.5 0 S0_2
15056 24 -1.5 0 S0_2
15057 24 -1.5 13.2995259302616 S0_2
15059 24 -1.5 127.145728708166 S0_2
15060 24 -1.5 52.0291454977377 S0_2
15063 24 -1.5 0 S0_2
15066 24 -1.5 70.7053914542636 S0_2
15069 24 -1.5 113.556940870837 S0_2
15042 25 -1.5 0 S0_2
15045 25 -1.5 0 S0_2
15048 25 -1.5 516.885686505116 S0_2
15049 25 -1.5 0 S0_2
15051 25 -1.5 3.96676857572659 S0_2
15053 25 -1.5 0 S0_2
15054 25 -1.5 0 S0_2
15055 25 -1.5 0 S0_2
15056 25 -1.5 0 S0_2
15057 25 -1.5 7.86250421719539 S0_2
15059 25 -1.5 29.7073528343756 S0_2
15060 25 -1.5 0 S0_2
15063 25 -1.5 0 S0_2
15066 25 -1.5 0 S0_2
15069 25 -1.5 0 S0_2
15042 26 -1.5 0 S0_2
15045 26 -1.5 7.33631062849191 S0_2
15048 26 -1.5 374.157318727798 S0_2
15049 26 -1.5 0 S0_2
15051 26 -1.5 220.564661251582 S0_2
15053 26 -1.5 309.111554222642 S0_2
15054 26 -1.5 0 S0_2
15055 26 -1.5 0 S0_2
15056 26 -1.5 0 S0_2
15057 26 -1.5 34.482927253466 S0_2
15059 26 -1.5 173.986744795666 S0_2
15060 26 -1.5 105.342023039896 S0_2
15063 26 -1.5 0 S0_2
15066 26 -1.5 116.85290282618 S0_2
15069 26 -1.5 159.361371894204 S0_2
15042 27 -1.5 0 S0_2
15045 27 -1.5 0 S0_2
15048 27 -1.5 349.60594994897 S0_2
15049 27 -1.5 0 S0_2
15051 27 -1.5 0 S0_2
15053 27 -1.5 0 S0_2
15054 27 -1.5 0 S0_2
15055 27 -1.5 0 S0_2
15056 27 -1.5 0 S0_2
15057 27 -1.5 0 S0_2
15059 27 -1.5 0 S0_2
15060 27 -1.5 0 S0_2
15063 27 -1.5 0 S0_2
15066 27 -1.5 0 S0_2
15069 27 -1.5 0 S0_2
15042 28 -1.5 1.74373155720326 S0_2
15045 28 -1.5 19.1954049796134 S0_2
15048 28 -1.5 430.361398651696 S0_2
15049 28 -1.5 0 S0_2
15051 28 -1.5 280.38865641018 S0_2
15053 28 -1.5 369.955233796831 S0_2
15054 28 -1.5 0 S0_2
15055 28 -1.5 0 S0_2
15056 28 -1.5 0 S0_2
15057 28 -1.5 51.0525262590608 S0_2
15059 28 -1.5 205.207144563514 S0_2
15060 28 -1.5 132.712598636259 S0_2
15063 28 -1.5 0 S0_2
15066 28 -1.5 147.469466506717 S0_2
15069 28 -1.5 187.487226867986 S0_2
15042 29 -1.5 0 S0_2
15045 29 -1.5 0 S0_2
15048 29 -1.5 156.756702651099 S0_2
15049 29 -1.5 0 S0_2
15051 29 -1.5 5.06019923481653 S0_2
15053 29 -1.5 19.6016328778871 S0_2
15054 29 -1.5 0 S0_2
15055 29 -1.5 0 S0_2
15056 29 -1.5 0 S0_2
15057 29 -1.5 0 S0_2
15059 29 -1.5 41.3556405377978 S0_2
15060 29 -1.5 0 S0_2
15063 29 -1.5 0 S0_2
15066 29 -1.5 1.52924910706746 S0_2
15069 29 -1.5 11.6881387562036 S0_2
15042 30 -1.5 0 S0_2
15045 30 -1.5 0 S0_2
15048 30 -1.5 491.766315783542 S0_2
15049 30 -1.5 0 S0_2
15051 30 -1.5 2.9931375098552 S0_2
15053 30 -1.5 0 S0_2
15054 30 -1.5 0 S0_2
15055 30 -1.5 0 S0_2
15056 30 -1.5 0 S0_2
15057 30 -1.5 6.35514807842623 S0_2
15059 30 -1.5 26.1893168799866 S0_2
15060 30 -1.5 0 S0_2
15063 30 -1.5 0 S0_2
15066 30 -1.5 0 S0_2
15069 30 -1.5 0 S0_2
15042 31 -1.5 0 S0_2
15045 31 -1.5 0 S0_2
15048 31 -1.5 464.108046241695 S0_2
15049 31 -1.5 0 S0_2
15051 31 -1.5 10.9130943485443 S0_2
15053 31 -1.5 9.33520697915149 S0_2
15054 31 -1.5 0 S0_2
15055 31 -1.5 0 S0_2
15056 31 -1.5 0 S0_2
15057 31 -1.5 8.98699799992351 S0_2
15059 31 -1.5 65.1237618822579 S0_2
15060 31 -1.5 0 S0_2
15063 31 -1.5 0 S0_2
15066 31 -1.5 17.8278767306941 S0_2
15069 31 -1.5 2.51856687693849 S0_2
15042 1 -3 0 S0_2
15045 1 -3 0 S0_2
15048 1 -3 0 S0_2
15049 1 -3 0 S0_2
15051 1 -3 0 S0_2
15053 1 -3 0 S0_2
15054 1 -3 0 S0_2
15055 1 -3 0 S0_2
15056 1 -3 0 S0_2
15057 1 -3 0 S0_2
15059 1 -3 0 S0_2
15060 1 -3 0 S0_2
15063 1 -3 0 S0_2
15066 1 -3 0 S0_2
15069 1 -3 0 S0_2
15042 2 -3 0 S0_2
15045 2 -3 0 S0_2
15048 2 -3 330.438388641418 S0_2
15049 2 -3 0 S0_2
15051 2 -3 0 S0_2
15053 2 -3 0 S0_2
15054 2 -3 0 S0_2
15055 2 -3 0 S0_2
15056 2 -3 0 S0_2
15057 2 -3 0 S0_2
15059 2 -3 0 S0_2
15060 2 -3 0 S0_2
15063 2 -3 0 S0_2
15066 2 -3 0 S0_2
15069 2 -3 0 S0_2
15042 3 -3 0 S0_2
15045 3 -3 0 S0_2
15048 3 -3 15.9840242972759 S0_2
15049 3 -3 0 S0_2
15051 3 -3 0 S0_2
15053 3 -3 0 S0_2
15054 3 -3 0 S0_2
15055 3 -3 0 S0_2
15056 3 -3 0 S0_2
15057 3 -3 0 S0_2
15059 3 -3 0 S0_2
15060 3 -3 0 S0_2
15063 3 -3 0 S0_2
15066 3 -3 0 S0_2
15069 3 -3 0 S0_2
15042 4 -3 0 S0_2
15045 4 -3 0 S0_2
15048 4 -3 0 S0_2
15049 4 -3 0 S0_2
15051 4 -3 0 S0_2
15053 4 -3 0 S0_2
15054 4 -3 0 S0_2
15055 4 -3 0 S0_2
15056 4 -3 0 S0_2
15057 4 -3 0 S0_2
15059 4 -3 0 S0_2
15060 4 -3 0 S0_2
15063 4 -3 0 S0_2
15066 4 -3 0 S0_2
15069 4 -3 0 S0_2
15042 5 -3 0 S0_2
15045 5 -3 0 S0_2
15048 5 -3 0 S0_2
15049 5 -3 0 S0_2
15051 5 -3 0 S0_2
15053 5 -3 0 S0_2
15054 5 -3 0 S0_2
15055 5 -3 0 S0_2
15056 5 -3 0 S0_2
15057 5 -3 0 S0_2
15059 5 -3 0 S0_2
15060 5 -3 0 S0_2
15063 5 -3 0 S0_2
15066 5 -3 0 S0_2
15069 5 -3 0 S0_2
15042 6 -3 0 S0_2
15045 6 -3 0 S0_2
15048 6 -3 222.669366505121 S0_2
15049 6 -3 0 S0_2
15051 6 -3 32.1342778517366 S0_2
15053 6 -3 57.1350778226704 S0_2
15054 6 -3 0 S0_2
15055 6 -3 0 S0_2
15056 6 -3 0 S0_2
15057 6 -3 4.81706542912568 S0_2
15059 6 -3 76.3861648927403 S0_2
15060 6 -3 1.74870805604152 S0_2
15063 6 -3 0 S0_2
15066 6 -3 16.0989235518824 S0_2
15069 6 -3 43.0357847836913 S0_2
15042 7 -3 0 S0_2
15045 7 -3 0 S0_2
15048 7 -3 352.22422303434 S0_2
15049 7 -3 0 S0_2
15051 7 -3 0 S0_2
15053 7 -3 0 S0_2
15054 7 -3 0 S0_2
15055 7 -3 0 S0_2
15056 7 -3 0 S0_2
15057 7 -3 0 S0_2
15059 7 -3 0 S0_2
15060 7 -3 0 S0_2
15063 7 -3 0 S0_2
15066 7 -3 0 S0_2
15069 7 -3 0 S0_2
15042 8 -3 0 S0_2
15045 8 -3 0 S0_2
15048 8 -3 6.8149902408652 S0_2
15049 8 -3 0 S0_2
15051 8 -3 0 S0_2
15053 8 -3 1.06153846536408 S0_2
15054 8 -3 0 S0_2
15055 8 -3 0 S0_2
15056 8 -3 0 S0_2
15057 8 -3 0 S0_2
15059 8 -3 0 S0_2
15060 8 -3 0 S0_2
15063 8 -3 0 S0_2
15066 8 -3 0 S0_2
15069 8 -3 0 S0_2
15042 9 -3 0 S0_2
15045 9 -3 0 S0_2
15048 9 -3 32.3969152025115 S0_2
15049 9 -3 0 S0_2
15051 9 -3 0 S0_2
15053 9 -3 0 S0_2
15054 9 -3 0 S0_2
15055 9 -3 0 S0_2
15056 9 -3 0 S0_2
15057 9 -3 0 S0_2
15059 9 -3 0 S0_2
15060 9 -3 0 S0_2
15063 9 -3 0 S0_2
15066 9 -3 0 S0_2
15069 9 -3 0 S0_2
15042 10 -3 0 S0_2
15045 10 -3 0 S0_2
15048 10 -3 2.7315410195648 S0_2
15049 10 -3 0 S0_2
15051 10 -3 0 S0_2
15053 10 -3 0 S0_2
15054 10 -3 0 S0_2
15055 10 -3 0 S0_2
15056 10 -3 0 S0_2
15057 10 -3 0 S0_2
15059 10 -3 0 S0_2
15060 10 -3 0 S0_2
15063 10 -3 0 S0_2
15066 10 -3 0 S0_2
15069 10 -3 0 S0_2
15042 11 -3 0 S0_2
15045 11 -3 0 S0_2
15048 11 -3 0 S0_2
15049 11 -3 0 S0_2
15051 11 -3 0 S0_2
15053 11 -3 0 S0_2
15054 11 -3 0 S0_2
15055 11 -3 0 S0_2
15056 11 -3 0 S0_2
15057 11 -3 0 S0_2
15059 11 -3 0 S0_2
15060 11 -3 0 S0_2
15063 11 -3 0 S0_2
15066 11 -3 0 S0_2
15069 11 -3 0 S0_2
15042 12 -3 0 S0_2
15045 12 -3 0 S0_2
15048 12 -3 0 S0_2
15049 12 -3 0 S0_2
15051 12 -3 0 S0_2
15053 12 -3 0 S0_2
15054 12 -3 0 S0_2
15055 12 -3 0 S0_2
15056 12 -3 0 S0_2
15057 12 -3 0 S0_2
15059 12 -3 0 S0_2
15060 12 -3 0 S0_2
15063 12 -3 0 S0_2
15066 12 -3 0 S0_2
15069 12 -3 0 S0_2
15042 13 -3 0 S0_2
15045 13 -3 0 S0_2
15048 13 -3 11.8973119977865 S0_2
15049 13 -3 0 S0_2
15051 13 -3 0 S0_2
15053 13 -3 0 S0_2
15054 13 -3 0 S0_2
15055 13 -3 0 S0_2
15056 13 -3 0 S0_2
15057 13 -3 0 S0_2
15059 13 -3 0 S0_2
15060 13 -3 0 S0_2
15063 13 -3 0 S0_2
15066 13 -3 0 S0_2
15069 13 -3 0 S0_2
15042 14 -3 0 S0_2
15045 14 -3 0 S0_2
15048 14 -3 361.945503838489 S0_2
15049 14 -3 0 S0_2
15051 14 -3 0 S0_2
15053 14 -3 0 S0_2
15054 14 -3 0 S0_2
15055 14 -3 0 S0_2
15056 14 -3 0 S0_2
15057 14 -3 0 S0_2
15059 14 -3 3.60608857719294 S0_2
15060 14 -3 0 S0_2
15063 14 -3 0 S0_2
15066 14 -3 0 S0_2
15069 14 -3 0 S0_2
15042 15 -3 0 S0_2
15045 15 -3 4.41496662944947 S0_2
15048 15 -3 307.812764315394 S0_2
15049 15 -3 0 S0_2
15051 15 -3 150.520588639245 S0_2
15053 15 -3 195.178573995578 S0_2
15054 15 -3 0 S0_2
15055 15 -3 1.58731112639026 S0_2
15056 15 -3 4.14200568411756 S0_2
15057 15 -3 33.8611184840765 S0_2
15059 15 -3 146.347292058082 S0_2
15060 15 -3 85.8140421399349 S0_2
15063 15 -3 0 S0_2
15066 15 -3 105.39738947477 S0_2
15069 15 -3 135.999191643916 S0_2
15042 16 -3 0 S0_2
15045 16 -3 0 S0_2
15048 16 -3 51.8320667515079 S0_2
15049 16 -3 0 S0_2
15051 16 -3 14.6912670616252 S0_2
15053 16 -3 32.5204146715885 S0_2
15054 16 -3 0 S0_2
15055 16 -3 0 S0_2
15056 16 -3 0 S0_2
15057 16 -3 0 S0_2
15059 16 -3 6.75600900625805 S0_2
15060 16 -3 0 S0_2
15063 16 -3 0 S0_2
15066 16 -3 0 S0_2
15069 16 -3 4.79923278984768 S0_2
15042 17 -3 0 S0_2
15045 17 -3 0 S0_2
15048 17 -3 263.366725877928 S0_2
15049 17 -3 0 S0_2
15051 17 -3 13.5691557523623 S0_2
15053 17 -3 25.9244327034326 S0_2
15054 17 -3 0 S0_2
15055 17 -3 0 S0_2
15056 17 -3 0 S0_2
15057 17 -3 6.05639653160396 S0_2
15059 17 -3 68.7046274705619 S0_2
15060 17 -3 0 S0_2
15063 17 -3 0 S0_2
15066 17 -3 11.2384067726885 S0_2
15069 17 -3 18.5646622762297 S0_2
15042 18 -3 0 S0_2
15045 18 -3 0 S0_2
15048 18 -3 0 S0_2
15049 18 -3 0 S0_2
15051 18 -3 0 S0_2
15053 18 -3 0 S0_2
15054 18 -3 0 S0_2
15055 18 -3 0 S0_2
15056 18 -3 0 S0_2
15057 18 -3 0 S0_2
15059 18 -3 0 S0_2
15060 18 -3 0 S0_2
15063 18 -3 0 S0_2
15066 18 -3 0 S0_2
15069 18 -3 0 S0_2
15042 19 -3 0 S0_2
15045 19 -3 0 S0_2
15048 19 -3 7.15360279275039 S0_2
15049 19 -3 0 S0_2
15051 19 -3 0 S0_2
15053 19 -3 0 S0_2
15054 19 -3 0 S0_2
15055 19 -3 0 S0_2
15056 19 -3 0 S0_2
15057 19 -3 0 S0_2
15059 19 -3 0 S0_2
15060 19 -3 0 S0_2
15063 19 -3 0 S0_2
15066 19 -3 0 S0_2
15069 19 -3 0 S0_2
15042 20 -3 0 S0_2
15045 20 -3 0 S0_2
15048 20 -3 167.98249590108 S0_2
15049 20 -3 0 S0_2
15051 20 -3 91.6649361668436 S0_2
15053 20 -3 122.302612251388 S0_2
15054 20 -3 0 S0_2
15055 20 -3 0 S0_2
15056 20 -3 0 S0_2
15057 20 -3 1.51944920424884 S0_2
15059 20 -3 77.9303352029447 S0_2
15060 20 -3 17.2270857482217 S0_2
15063 20 -3 0 S0_2
15066 20 -3 10.3922040615339 S0_2
15069 20 -3 72.1948677842707 S0_2
15042 21 -3 0 S0_2
15045 21 -3 0 S0_2
15048 21 -3 0 S0_2
15049 21 -3 0 S0_2
15051 21 -3 0 S0_2
15053 21 -3 0 S0_2
15054 21 -3 0 S0_2
15055 21 -3 0 S0_2
15056 21 -3 0 S0_2
15057 21 -3 0 S0_2
15059 21 -3 0 S0_2
15060 21 -3 0 S0_2
15063 21 -3 0 S0_2
15066 21 -3 0 S0_2
15069 21 -3 0 S0_2
15042 22 -3 0 S0_2
15045 22 -3 0 S0_2
15048 22 -3 0 S0_2
15049 22 -3 0 S0_2
15051 22 -3 0 S0_2
15053 22 -3 0 S0_2
15054 22 -3 0 S0_2
15055 22 -3 0 S0_2
15056 22 -3 0 S0_2
15057 22 -3 0 S0_2
15059 22 -3 0 S0_2
15060 22 -3 0 S0_2
15063 22 -3 0 S0_2
15066 22 -3 0 S0_2
15069 22 -3 0 S0_2
15042 23 -3 0 S0_2
15045 23 -3 0 S0_2
15048 23 -3 45.1745954112137 S0_2
15049 23 -3 0 S0_2
15051 23 -3 0 S0_2
15053 23 -3 0 S0_2
15054 23 -3 0 S0_2
15055 23 -3 0 S0_2
15056 23 -3 0 S0_2
15057 23 -3 0 S0_2
15059 23 -3 1.49317779134943 S0_2
15060 23 -3 0 S0_2
15063 23 -3 0 S0_2
15066 23 -3 0 S0_2
15069 23 -3 0 S0_2
15042 24 -3 0 S0_2
15045 24 -3 0 S0_2
15048 24 -3 0 S0_2
15049 24 -3 0 S0_2
15051 24 -3 0 S0_2
15053 24 -3 0 S0_2
15054 24 -3 0 S0_2
15055 24 -3 0 S0_2
15056 24 -3 0 S0_2
15057 24 -3 0 S0_2
15059 24 -3 0 S0_2
15060 24 -3 0 S0_2
15063 24 -3 0 S0_2
15066 24 -3 0 S0_2
15069 24 -3 0 S0_2
15042 25 -3 0 S0_2
15045 25 -3 0 S0_2
15048 25 -3 253.427946658895 S0_2
15049 25 -3 0 S0_2
15051 25 -3 0 S0_2
15053 25 -3 0 S0_2
15054 25 -3 0 S0_2
15055 25 -3 0 S0_2
15056 25 -3 0 S0_2
15057 25 -3 0 S0_2
15059 25 -3 0 S0_2
15060 25 -3 0 S0_2
15063 25 -3 0 S0_2
15066 25 -3 0 S0_2
15069 25 -3 0 S0_2
15042 26 -3 0 S0_2
15045 26 -3 0 S0_2
15048 26 -3 23.3687045276342 S0_2
15049 26 -3 0 S0_2
15051 26 -3 3.73495896423806 S0_2
15053 26 -3 11.8830823059028 S0_2
15054 26 -3 0 S0_2
15055 26 -3 0 S0_2
15056 26 -3 0 S0_2
15057 26 -3 0 S0_2
15059 26 -3 1.45399972046587 S0_2
15060 26 -3 0 S0_2
15063 26 -3 0 S0_2
15066 26 -3 0 S0_2
15069 26 -3 0 S0_2
15042 27 -3 0 S0_2
15045 27 -3 0 S0_2
15048 27 -3 116.957910366174 S0_2
15049 27 -3 0 S0_2
15051 27 -3 0 S0_2
15053 27 -3 0 S0_2
15054 27 -3 0 S0_2
15055 27 -3 0 S0_2
15056 27 -3 0 S0_2
15057 27 -3 0 S0_2
15059 27 -3 0 S0_2
15060 27 -3 0 S0_2
15063 27 -3 0 S0_2
15066 27 -3 0 S0_2
15069 27 -3 0 S0_2
15042 28 -3 0 S0_2
15045 28 -3 0 S0_2
15048 28 -3 57.0530395453795 S0_2
15049 28 -3 0 S0_2
15051 28 -3 25.6285098006676 S0_2
15053 28 -3 41.7290062770859 S0_2
15054 28 -3 0 S0_2
15055 28 -3 0 S0_2
15056 28 -3 0 S0_2
15057 28 -3 0 S0_2
15059 28 -3 9.25201653084634 S0_2
15060 28 -3 0 S0_2
15063 28 -3 0 S0_2
15066 28 -3 0 S0_2
15069 28 -3 6.95409901311401 S0_2
15042 29 -3 0 S0_2
15045 29 -3 0 S0_2
15048 29 -3 0 S0_2
15049 29 -3 0 S0_2
15051 29 -3 0 S0_2
15053 29 -3 0 S0_2
15054 29 -3 0 S0_2
15055 29 -3 0 S0_2
15056 29 -3 0 S0_2
15057 29 -3 0 S0_2
15059 29 -3 0 S0_2
15060 29 -3 0 S0_2
15063 29 -3 0 S0_2
15066 29 -3 0 S0_2
15069 29 -3 0 S0_2
15042 30 -3 0 S0_2
15045 30 -3 0 S0_2
15048 30 -3 281.201254997801 S0_2
15049 30 -3 0 S0_2
15051 30 -3 0 S0_2
15053 30 -3 0 S0_2
15054 30 -3 0 S0_2
15055 30 -3 0 S0_2
15056 30 -3 0 S0_2
15057 30 -3 0 S0_2
15059 30 -3 0 S0_2
15060 30 -3 0 S0_2
15063 30 -3 0 S0_2
15066 30 -3 0 S0_2
15069 30 -3 0 S0_2
15042 31 -3 0 S0_2
15045 31 -3 0 S0_2
15048 31 -3 78.7776657064616 S0_2
15049 31 -3 0 S0_2
15051 31 -3 0 S0_2
15053 31 -3 0 S0_2
15054 31 -3 0 S0_2
15055 31 -3 0 S0_2
15056 31 -3 0 S0_2
15057 31 -3 0 S0_2
15059 31 -3 0 S0_2
15060 31 -3 0 S0_2
15063 31 -3 0 S0_2
15066 31 -3 0 S0_2
15069 31 -3 0 S0_2
15042 1 -5 0 S0_2
15045 1 -5 0 S0_2
15048 1 -5 0 S0_2
15049 1 -5 0 S0_2
15051 1 -5 0 S0_2
15053 1 -5 0 S0_2
15054 1 -5 0 S0_2
15055 1 -5 0 S0_2
15056 1 -5 0 S0_2
15057 1 -5 0 S0_2
15059 1 -5 0 S0_2
15060 1 -5 0 S0_2
15063 1 -5 0 S0_2
15066 1 -5 0 S0_2
15069 1 -5 0 S0_2
15042 2 -5 0 S0_2
15045 2 -5 0 S0_2
15048 2 -5 180.208340708785 S0_2
15049 2 -5 0 S0_2
15051 2 -5 0 S0_2
15053 2 -5 0 S0_2
15054 2 -5 0 S0_2
15055 2 -5 0 S0_2
15056 2 -5 0 S0_2
15057 2 -5 0 S0_2
15059 2 -5 0 S0_2
15060 2 -5 0 S0_2
15063 2 -5 0 S0_2
15066 2 -5 0 S0_2
15069 2 -5 0 S0_2
15042 3 -5 0 S0_2
15045 3 -5 0 S0_2
15048 3 -5 0 S0_2
15049 3 -5 0 S0_2
15051 3 -5 0 S0_2
15053 3 -5 0 S0_2
15054 3 -5 0 S0_2
15055 3 -5 0 S0_2
15056 3 -5 0 S0_2
15057 3 -5 0 S0_2
15059 3 -5 0 S0_2
15060 3 -5 0 S0_2
15063 3 -5 0 S0_2
15066 3 -5 0 S0_2
15069 3 -5 0 S0_2
15042 4 -5 0 S0_2
15045 4 -5 0 S0_2
15048 4 -5 0 S0_2
15049 4 -5 0 S0_2
15051 4 -5 0 S0_2
15053 4 -5 0 S0_2
15054 4 -5 0 S0_2
15055 4 -5 0 S0_2
15056 4 -5 0 S0_2
15057 4 -5 0 S0_2
15059 4 -5 0 S0_2
15060 4 -5 0 S0_2
15063 4 -5 0 S0_2
15066 4 -5 0 S0_2
15069 4 -5 0 S0_2
15042 5 -5 0 S0_2
15045 5 -5 0 S0_2
15048 5 -5 0 S0_2
15049 5 -5 0 S0_2
15051 5 -5 0 S0_2
15053 5 -5 0 S0_2
15054 5 -5 0 S0_2
15055 5 -5 0 S0_2
15056 5 -5 0 S0_2
15057 5 -5 0 S0_2
15059 5 -5 0 S0_2
15060 5 -5 0 S0_2
15063 5 -5 0 S0_2
15066 5 -5 0 S0_2
15069 5 -5 0 S0_2
15042 6 -5 0 S0_2
15045 6 -5 0 S0_2
15048 6 -5 25.0190358767244 S0_2
15049 6 -5 0 S0_2
15051 6 -5 0 S0_2
15053 6 -5 0 S0_2
15054 6 -5 0 S0_2
15055 6 -5 0 S0_2
15056 6 -5 0 S0_2
15057 6 -5 0 S0_2
15059 6 -5 0 S0_2
15060 6 -5 0 S0_2
15063 6 -5 0 S0_2
15066 6 -5 0 S0_2
15069 6 -5 0 S0_2
15042 7 -5 0 S0_2
15045 7 -5 0 S0_2
15048 7 -5 204.800828893547 S0_2
15049 7 -5 0 S0_2
15051 7 -5 0 S0_2
15053 7 -5 0 S0_2
15054 7 -5 0 S0_2
15055 7 -5 0 S0_2
15056 7 -5 0 S0_2
15057 7 -5 0 S0_2
15059 7 -5 0 S0_2
15060 7 -5 0 S0_2
15063 7 -5 0 S0_2
15066 7 -5 0 S0_2
15069 7 -5 0 S0_2
15042 8 -5 0 S0_2
15045 8 -5 0 S0_2
15048 8 -5 0 S0_2
15049 8 -5 0 S0_2
15051 8 -5 0 S0_2
15053 8 -5 0 S0_2
15054 8 -5 0 S0_2
15055 8 -5 0 S0_2
15056 8 -5 0 S0_2
15057 8 -5 0 S0_2
15059 8 -5 0 S0_2
15060 8 -5 0 S0_2
15063 8 -5 0 S0_2
15066 8 -5 0 S0_2
15069 8 -5 0 S0_2
15042 9 -5 0 S0_2
15045 9 -5 0 S0_2
15048 9 -5 0 S0_2
15049 9 -5 0 S0_2
15051 9 -5 0 S0_2
15053 9 -5 0 S0_2
15054 9 -5 0 S0_2
15055 9 -5 0 S0_2
15056 9 -5 0 S0_2
15057 9 -5 0 S0_2
15059 9 -5 0 S0_2
15060 9 -5 0 S0_2
15063 9 -5 0 S0_2
15066 9 -5 0 S0_2
15069 9 -5 0 S0_2
15042 10 -5 0 S0_2
15045 10 -5 0 S0_2
15048 10 -5 0 S0_2
15049 10 -5 0 S0_2
15051 10 -5 0 S0_2
15053 10 -5 0 S0_2
15054 10 -5 0 S0_2
15055 10 -5 0 S0_2
15056 10 -5 0 S0_2
15057 10 -5 0 S0_2
15059 10 -5 0 S0_2
15060 10 -5 0 S0_2
15063 10 -5 0 S0_2
15066 10 -5 0 S0_2
15069 10 -5 0 S0_2
15042 11 -5 0 S0_2
15045 11 -5 0 S0_2
15048 11 -5 0 S0_2
15049 11 -5 0 S0_2
15051 11 -5 0 S0_2
15053 11 -5 0 S0_2
15054 11 -5 0 S0_2
15055 11 -5 0 S0_2
15056 11 -5 0 S0_2
15057 11 -5 0 S0_2
15059 11 -5 0 S0_2
15060 11 -5 0 S0_2
15063 11 -5 0 S0_2
15066 11 -5 0 S0_2
15069 11 -5 0 S0_2
15042 12 -5 0 S0_2
15045 12 -5 0 S0_2
15048 12 -5 0 S0_2
15049 12 -5 0 S0_2
15051 12 -5 0 S0_2
15053 12 -5 0 S0_2
15054 12 -5 0 S0_2
15055 12 -5 0 S0_2
15056 12 -5 0 S0_2
15057 12 -5 0 S0_2
15059 12 -5 0 S0_2
15060 12 -5 0 S0_2
15063 12 -5 0 S0_2
15066 12 -5 0 S0_2
15069 12 -5 0 S0_2
15042 13 -5 0 S0_2
15045 13 -5 0 S0_2
15048 13 -5 0 S0_2
15049 13 -5 0 S0_2
15051 13 -5 0 S0_2
15053 13 -5 0 S0_2
15054 13 -5 0 S0_2
15055 13 -5 0 S0_2
15056 13 -5 0 S0_2
15057 13 -5 0 S0_2
15059 13 -5 0 S0_2
15060 13 -5 0 S0_2
15063 13 -5 0 S0_2
15066 13 -5 0 S0_2
15069 13 -5 0 S0_2
15042 14 -5 0 S0_2
15045 14 -5 0 S0_2
15048 14 -5 173.669868705487 S0_2
15049 14 -5 0 S0_2
15051 14 -5 0 S0_2
15053 14 -5 0 S0_2
15054 14 -5 0 S0_2
15055 14 -5 0 S0_2
15056 14 -5 0 S0_2
15057 14 -5 0 S0_2
15059 14 -5 0 S0_2
15060 14 -5 0 S0_2
15063 14 -5 0 S0_2
15066 14 -5 0 S0_2
15069 14 -5 0 S0_2
15042 15 -5 0 S0_2
15045 15 -5 0 S0_2
15048 15 -5 86.9912971183352 S0_2
15049 15 -5 0 S0_2
15051 15 -5 16.9219931925634 S0_2
15053 15 -5 41.2656031695876 S0_2
15054 15 -5 0 S0_2
15055 15 -5 0 S0_2
15056 15 -5 0 S0_2
15057 15 -5 0 S0_2
15059 15 -5 21.0578864814782 S0_2
15060 15 -5 0 S0_2
15063 15 -5 0 S0_2
15066 15 -5 0 S0_2
15069 15 -5 14.290699722773 S0_2
15042 16 -5 0 S0_2
15045 16 -5 0 S0_2
15048 16 -5 0 S0_2
15049 16 -5 0 S0_2
15051 16 -5 0 S0_2
15053 16 -5 0 S0_2
15054 16 -5 0 S0_2
15055 16 -5 0 S0_2
15056 16 -5 0 S0_2
15057 16 -5 0 S0_2
15059 16 -5 0 S0_2
15060 16 -5 0 S0_2
15063 16 -5 0 S0_2
15066 16 -5 0 S0_2
15069 16 -5 0 S0_2
15042 17 -5 0 S0_2
15045 17 -5 0 S0_2
15048 17 -5 85.5436913020291 S0_2
15049 17 -5 0 S0_2
15051 17 -5 0 S0_2
15053 17 -5 0 S0_2
15054 17 -5 0 S0_2
15055 17 -5 0 S0_2
15056 17 -5 0 S0_2
15057 17 -5 0 S0_2
15059 17 -5 0 S0_2
15060 17 -5 0 S0_2
15063 17 -5 0 S0_2
15066 17 -5 0 S0_2
15069 17 -5 0 S0_2
15042 18 -5 0 S0_2
15045 18 -5 0 S0_2
15048 18 -5 0 S0_2
15049 18 -5 0 S0_2
15051 18 -5 0 S0_2
15053 18 -5 0 S0_2
15054 18 -5 0 S0_2
15055 18 -5 0 S0_2
15056 18 -5 0 S0_2
15057 18 -5 0 S0_2
15059 18 -5 0 S0_2
15060 18 -5 0 S0_2
15063 18 -5 0 S0_2
15066 18 -5 0 S0_2
15069 18 -5 0 S0_2
15042 19 -5 0 S0_2
15045 19 -5 0 S0_2
15048 19 -5 0 S0_2
15049 19 -5 0 S0_2
15051 19 -5 0 S0_2
15053 19 -5 0 S0_2
15054 19 -5 0 S0_2
15055 19 -5 0 S0_2
15056 19 -5 0 S0_2
15057 19 -5 0 S0_2
15059 19 -5 0 S0_2
15060 19 -5 0 S0_2
15063 19 -5 0 S0_2
15066 19 -5 0 S0_2
15069 19 -5 0 S0_2
15042 20 -5 0 S0_2
15045 20 -5 0 S0_2
15048 20 -5 0 S0_2
15049 20 -5 0 S0_2
15051 20 -5 0 S0_2
15053 20 -5 0 S0_2
15054 20 -5 0 S0_2
15055 20 -5 0 S0_2
15056 20 -5 0 S0_2
15057 20 -5 0 S0_2
15059 20 -5 0 S0_2
15060 20 -5 0 S0_2
15063 20 -5 0 S0_2
15066 20 -5 0 S0_2
15069 20 -5 0 S0_2
15042 21 -5 0 S0_2
15045 21 -5 0 S0_2
15048 21 -5 0 S0_2
15049 21 -5 0 S0_2
15051 21 -5 0 S0_2
15053 21 -5 0 S0_2
15054 21 -5 0 S0_2
15055 21 -5 0 S0_2
15056 21 -5 0 S0_2
15057 21 -5 0 S0_2
15059 21 -5 0 S0_2
15060 21 -5 0 S0_2
15063 21 -5 0 S0_2
15066 21 -5 0 S0_2
15069 21 -5 0 S0_2
15042 22 -5 0 S0_2
15045 22 -5 0 S0_2
15048 22 -5 0 S0_2
15049 22 -5 0 S0_2
15051 22 -5 0 S0_2
15053 22 -5 0 S0_2
15054 22 -5 0 S0_2
15055 22 -5 0 S0_2
15056 22 -5 0 S0_2
15057 22 -5 0 S0_2
15059 22 -5 0 S0_2
15060 22 -5 0 S0_2
15063 22 -5 0 S0_2
15066 22 -5 0 S0_2
15069 22 -5 0 S0_2
15042 23 -5 0 S0_2
15045 23 -5 0 S0_2
15048 23 -5 0 S0_2
15049 23 -5 0 S0_2
15051 23 -5 0 S0_2
15053 23 -5 0 S0_2
15054 23 -5 0 S0_2
15055 23 -5 0 S0_2
15056 23 -5 0 S0_2
15057 23 -5 0 S0_2
15059 23 -5 0 S0_2
15060 23 -5 0 S0_2
15063 23 -5 0 S0_2
15066 23 -5 0 S0_2
15069 23 -5 0 S0_2
15042 24 -5 0 S0_2
15045 24 -5 0 S0_2
15048 24 -5 0 S0_2
15049 24 -5 0 S0_2
15051 24 -5 0 S0_2
15053 24 -5 0 S0_2
15054 24 -5 0 S0_2
15055 24 -5 0 S0_2
15056 24 -5 0 S0_2
15057 24 -5 0 S0_2
15059 24 -5 0 S0_2
15060 24 -5 0 S0_2
15063 24 -5 0 S0_2
15066 24 -5 0 S0_2
15069 24 -5 0 S0_2
15042 25 -5 0 S0_2
15045 25 -5 0 S0_2
15048 25 -5 55.5179870451927 S0_2
15049 25 -5 0 S0_2
15051 25 -5 0 S0_2
15053 25 -5 0 S0_2
15054 25 -5 0 S0_2
15055 25 -5 0 S0_2
15056 25 -5 0 S0_2
15057 25 -5 0 S0_2
15059 25 -5 0 S0_2
15060 25 -5 0 S0_2
15063 25 -5 0 S0_2
15066 25 -5 0 S0_2
15069 25 -5 0 S0_2
15042 26 -5 0 S0_2
15045 26 -5 0 S0_2
15048 26 -5 0 S0_2
15049 26 -5 0 S0_2
15051 26 -5 0 S0_2
15053 26 -5 0 S0_2
15054 26 -5 0 S0_2
15055 26 -5 0 S0_2
15056 26 -5 0 S0_2
15057 26 -5 0 S0_2
15059 26 -5 0 S0_2
15060 26 -5 0 S0_2
15063 26 -5 0 S0_2
15066 26 -5 0 S0_2
15069 26 -5 0 S0_2
15042 27 -5 0 S0_2
15045 27 -5 0 S0_2
15048 27 -5 0 S0_2
15049 27 -5 0 S0_2
15051 27 -5 0 S0_2
15053 27 -5 0 S0_2
15054 27 -5 0 S0_2
15055 27 -5 0 S0_2
15056 27 -5 0 S0_2
15057 27 -5 0 S0_2
15059 27 -5 0 S0_2
15060 27 -5 0 S0_2
15063 27 -5 0 S0_2
15066 27 -5 0 S0_2
15069 27 -5 0 S0_2
15042 28 -5 0 S0_2
15045 28 -5 0 S0_2
15048 28 -5 0 S0_2
15049 28 -5 0 S0_2
15051 28 -5 0 S0_2
15053 28 -5 0 S0_2
15054 28 -5 0 S0_2
15055 28 -5 0 S0_2
15056 28 -5 0 S0_2
15057 28 -5 0 S0_2
15059 28 -5 0 S0_2
15060 28 -5 0 S0_2
15063 28 -5 0 S0_2
15066 28 -5 0 S0_2
15069 28 -5 0 S0_2
15042 29 -5 0 S0_2
15045 29 -5 0 S0_2
15048 29 -5 0 S0_2
15049 29 -5 0 S0_2
15051 29 -5 0 S0_2
15053 29 -5 0 S0_2
15054 29 -5 0 S0_2
15055 29 -5 0 S0_2
15056 29 -5 0 S0_2
15057 29 -5 0 S0_2
15059 29 -5 0 S0_2
15060 29 -5 0 S0_2
15063 29 -5 0 S0_2
15066 29 -5 0 S0_2
15069 29 -5 0 S0_2
15042 30 -5 0 S0_2
15045 30 -5 0 S0_2
15048 30 -5 94.2200916265538 S0_2
15049 30 -5 0 S0_2
15051 30 -5 0 S0_2
15053 30 -5 0 S0_2
15054 30 -5 0 S0_2
15055 30 -5 0 S0_2
15056 30 -5 0 S0_2
15057 30 -5 0 S0_2
15059 30 -5 0 S0_2
15060 30 -5 0 S0_2
15063 30 -5 0 S0_2
15066 30 -5 0 S0_2
15069 30 -5 0 S0_2
15042 31 -5 0 S0_2
15045 31 -5 0 S0_2
15048 31 -5 0 S0_2
15049 31 -5 0 S0_2
15051 31 -5 0 S0_2
15053 31 -5 0 S0_2
15054 31 -5 0 S0_2
15055 31 -5 0 S0_2
15056 31 -5 0 S0_2
15057 31 -5 0 S0_2
15059 31 -5 0 S0_2
15060 31 -5 0 S0_2
15063 31 -5 0 S0_2
15066 31 -5 0 S0_2
15069 31 -5 0 S0_2
