speciesID lakeID variable value scenario
16064 1 -0.5 0 S0_m1
16065 1 -0.5 0 S0_m1
16066 1 -0.5 0 S0_m1
16067 1 -0.5 54.0158610356697 S0_m1
16068 1 -0.5 0 S0_m1
15001 1 -0.5 49.6378488205473 S0_m1
15002 1 -0.5 393.362410422787 S0_m1
15003 1 -0.5 444.496343698117 S0_m1
15007 1 -0.5 0 S0_m1
15008 1 -0.5 0 S0_m1
15011 1 -0.5 0 S0_m1
15014 1 -0.5 0 S0_m1
15018 1 -0.5 822.496528400679 S0_m1
15020 1 -0.5 713.340735787263 S0_m1
15022 1 -0.5 0 S0_m1
16064 2 -0.5 0 S0_m1
16065 2 -0.5 0 S0_m1
16066 2 -0.5 0 S0_m1
16067 2 -0.5 0 S0_m1
16068 2 -0.5 0 S0_m1
15001 2 -0.5 0 S0_m1
15002 2 -0.5 0 S0_m1
15003 2 -0.5 0 S0_m1
15007 2 -0.5 0 S0_m1
15008 2 -0.5 0 S0_m1
15011 2 -0.5 0 S0_m1
15014 2 -0.5 0 S0_m1
15018 2 -0.5 0 S0_m1
15020 2 -0.5 0 S0_m1
15022 2 -0.5 0 S0_m1
16064 3 -0.5 0 S0_m1
16065 3 -0.5 0 S0_m1
16066 3 -0.5 0 S0_m1
16067 3 -0.5 0 S0_m1
16068 3 -0.5 0 S0_m1
15001 3 -0.5 0 S0_m1
15002 3 -0.5 0 S0_m1
15003 3 -0.5 0 S0_m1
15007 3 -0.5 0 S0_m1
15008 3 -0.5 0 S0_m1
15011 3 -0.5 0 S0_m1
15014 3 -0.5 0 S0_m1
15018 3 -0.5 157.765933557157 S0_m1
15020 3 -0.5 0 S0_m1
15022 3 -0.5 0 S0_m1
16064 4 -0.5 0 S0_m1
16065 4 -0.5 0 S0_m1
16066 4 -0.5 0 S0_m1
16067 4 -0.5 0 S0_m1
16068 4 -0.5 0 S0_m1
15001 4 -0.5 0 S0_m1
15002 4 -0.5 0 S0_m1
15003 4 -0.5 215.765800406796 S0_m1
15007 4 -0.5 0 S0_m1
15008 4 -0.5 0 S0_m1
15011 4 -0.5 0 S0_m1
15014 4 -0.5 0 S0_m1
15018 4 -0.5 462.315426107639 S0_m1
15020 4 -0.5 13.4582697588264 S0_m1
15022 4 -0.5 0 S0_m1
16064 5 -0.5 0 S0_m1
16065 5 -0.5 0 S0_m1
16066 5 -0.5 0 S0_m1
16067 5 -0.5 0 S0_m1
16068 5 -0.5 0 S0_m1
15001 5 -0.5 0 S0_m1
15002 5 -0.5 0 S0_m1
15003 5 -0.5 0 S0_m1
15007 5 -0.5 0 S0_m1
15008 5 -0.5 0 S0_m1
15011 5 -0.5 0 S0_m1
15014 5 -0.5 0 S0_m1
15018 5 -0.5 0 S0_m1
15020 5 -0.5 0 S0_m1
15022 5 -0.5 0 S0_m1
16064 6 -0.5 0 S0_m1
16065 6 -0.5 0 S0_m1
16066 6 -0.5 0 S0_m1
16067 6 -0.5 0 S0_m1
16068 6 -0.5 0 S0_m1
15001 6 -0.5 0 S0_m1
15002 6 -0.5 0 S0_m1
15003 6 -0.5 158.853366807921 S0_m1
15007 6 -0.5 0 S0_m1
15008 6 -0.5 0 S0_m1
15011 6 -0.5 0 S0_m1
15014 6 -0.5 0 S0_m1
15018 6 -0.5 379.941953902681 S0_m1
15020 6 -0.5 0 S0_m1
15022 6 -0.5 0 S0_m1
16064 7 -0.5 0 S0_m1
16065 7 -0.5 0 S0_m1
16066 7 -0.5 0 S0_m1
16067 7 -0.5 0 S0_m1
16068 7 -0.5 0 S0_m1
15001 7 -0.5 0 S0_m1
15002 7 -0.5 0 S0_m1
15003 7 -0.5 0 S0_m1
15007 7 -0.5 0 S0_m1
15008 7 -0.5 0 S0_m1
15011 7 -0.5 0 S0_m1
15014 7 -0.5 0 S0_m1
15018 7 -0.5 0 S0_m1
15020 7 -0.5 0 S0_m1
15022 7 -0.5 0 S0_m1
16064 8 -0.5 0 S0_m1
16065 8 -0.5 0 S0_m1
16066 8 -0.5 0 S0_m1
16067 8 -0.5 0 S0_m1
16068 8 -0.5 0 S0_m1
15001 8 -0.5 0 S0_m1
15002 8 -0.5 12.6891460631899 S0_m1
15003 8 -0.5 340.308104413443 S0_m1
15007 8 -0.5 0 S0_m1
15008 8 -0.5 0 S0_m1
15011 8 -0.5 0 S0_m1
15014 8 -0.5 0 S0_m1
15018 8 -0.5 614.86650991714 S0_m1
15020 8 -0.5 305.222218795298 S0_m1
15022 8 -0.5 0 S0_m1
16064 9 -0.5 0 S0_m1
16065 9 -0.5 0 S0_m1
16066 9 -0.5 0 S0_m1
16067 9 -0.5 0 S0_m1
16068 9 -0.5 0 S0_m1
15001 9 -0.5 0 S0_m1
15002 9 -0.5 0 S0_m1
15003 9 -0.5 149.721557393087 S0_m1
15007 9 -0.5 0 S0_m1
15008 9 -0.5 0 S0_m1
15011 9 -0.5 0 S0_m1
15014 9 -0.5 0 S0_m1
15018 9 -0.5 371.810587068274 S0_m1
15020 9 -0.5 0 S0_m1
15022 9 -0.5 0 S0_m1
16064 10 -0.5 0 S0_m1
16065 10 -0.5 0 S0_m1
16066 10 -0.5 0 S0_m1
16067 10 -0.5 0 S0_m1
16068 10 -0.5 0 S0_m1
15001 10 -0.5 0 S0_m1
15002 10 -0.5 0 S0_m1
15003 10 -0.5 354.119101628847 S0_m1
15007 10 -0.5 0 S0_m1
15008 10 -0.5 0 S0_m1
15011 10 -0.5 0 S0_m1
15014 10 -0.5 0 S0_m1
15018 10 -0.5 646.987453537263 S0_m1
15020 10 -0.5 264.709355227829 S0_m1
15022 10 -0.5 0 S0_m1
16064 11 -0.5 0 S0_m1
16065 11 -0.5 0 S0_m1
16066 11 -0.5 0 S0_m1
16067 11 -0.5 10.7487974820362 S0_m1
16068 11 -0.5 0 S0_m1
15001 11 -0.5 20.1330861818406 S0_m1
15002 11 -0.5 314.265829643068 S0_m1
15003 11 -0.5 401.545910603257 S0_m1
15007 11 -0.5 0 S0_m1
15008 11 -0.5 0 S0_m1
15011 11 -0.5 0 S0_m1
15014 11 -0.5 0 S0_m1
15018 11 -0.5 757.128876693553 S0_m1
15020 11 -0.5 633.371874717544 S0_m1
15022 11 -0.5 0 S0_m1
16064 12 -0.5 0 S0_m1
16065 12 -0.5 0 S0_m1
16066 12 -0.5 0 S0_m1
16067 12 -0.5 18.5632512352354 S0_m1
16068 12 -0.5 0 S0_m1
15001 12 -0.5 19.8989286400664 S0_m1
15002 12 -0.5 341.020373040904 S0_m1
15003 12 -0.5 357.624409856605 S0_m1
15007 12 -0.5 0 S0_m1
15008 12 -0.5 0 S0_m1
15011 12 -0.5 0 S0_m1
15014 12 -0.5 0 S0_m1
15018 12 -0.5 680.635220708094 S0_m1
15020 12 -0.5 597.776524806103 S0_m1
15022 12 -0.5 0 S0_m1
16064 13 -0.5 0 S0_m1
16065 13 -0.5 0 S0_m1
16066 13 -0.5 0 S0_m1
16067 13 -0.5 0 S0_m1
16068 13 -0.5 0 S0_m1
15001 13 -0.5 0 S0_m1
15002 13 -0.5 0 S0_m1
15003 13 -0.5 8.305642061872 S0_m1
15007 13 -0.5 0 S0_m1
15008 13 -0.5 0 S0_m1
15011 13 -0.5 0 S0_m1
15014 13 -0.5 0 S0_m1
15018 13 -0.5 170.803607987312 S0_m1
15020 13 -0.5 0 S0_m1
15022 13 -0.5 0 S0_m1
16064 14 -0.5 0 S0_m1
16065 14 -0.5 0 S0_m1
16066 14 -0.5 0 S0_m1
16067 14 -0.5 0 S0_m1
16068 14 -0.5 0 S0_m1
15001 14 -0.5 0 S0_m1
15002 14 -0.5 0 S0_m1
15003 14 -0.5 0 S0_m1
15007 14 -0.5 0 S0_m1
15008 14 -0.5 0 S0_m1
15011 14 -0.5 0 S0_m1
15014 14 -0.5 0 S0_m1
15018 14 -0.5 16.7987300525095 S0_m1
15020 14 -0.5 0 S0_m1
15022 14 -0.5 0 S0_m1
16064 15 -0.5 0 S0_m1
16065 15 -0.5 0 S0_m1
16066 15 -0.5 0 S0_m1
16067 15 -0.5 1.24106704848826 S0_m1
16068 15 -0.5 0 S0_m1
15001 15 -0.5 0 S0_m1
15002 15 -0.5 2.04331961639353 S0_m1
15003 15 -0.5 379.327671411268 S0_m1
15007 15 -0.5 0 S0_m1
15008 15 -0.5 0 S0_m1
15011 15 -0.5 0 S0_m1
15014 15 -0.5 0 S0_m1
15018 15 -0.5 680.141144419038 S0_m1
15020 15 -0.5 288.741577768173 S0_m1
15022 15 -0.5 0 S0_m1
16064 16 -0.5 0 S0_m1
16065 16 -0.5 0 S0_m1
16066 16 -0.5 0 S0_m1
16067 16 -0.5 9.16229797923048 S0_m1
16068 16 -0.5 0 S0_m1
15001 16 -0.5 15.3123249833241 S0_m1
15002 16 -0.5 248.475192600758 S0_m1
15003 16 -0.5 402.073172015405 S0_m1
15007 16 -0.5 0 S0_m1
15008 16 -0.5 0 S0_m1
15011 16 -0.5 0 S0_m1
15014 16 -0.5 0 S0_m1
15018 16 -0.5 720.894173142772 S0_m1
15020 16 -0.5 551.34335597522 S0_m1
15022 16 -0.5 0 S0_m1
16064 17 -0.5 0 S0_m1
16065 17 -0.5 0 S0_m1
16066 17 -0.5 0 S0_m1
16067 17 -0.5 0 S0_m1
16068 17 -0.5 0 S0_m1
15001 17 -0.5 0 S0_m1
15002 17 -0.5 0 S0_m1
15003 17 -0.5 51.982380386092 S0_m1
15007 17 -0.5 0 S0_m1
15008 17 -0.5 0 S0_m1
15011 17 -0.5 0 S0_m1
15014 17 -0.5 0 S0_m1
15018 17 -0.5 238.965096373016 S0_m1
15020 17 -0.5 0 S0_m1
15022 17 -0.5 0 S0_m1
16064 18 -0.5 0 S0_m1
16065 18 -0.5 0 S0_m1
16066 18 -0.5 0 S0_m1
16067 18 -0.5 18.6185044149778 S0_m1
16068 18 -0.5 0 S0_m1
15001 18 -0.5 27.9888331626381 S0_m1
15002 18 -0.5 345.196712697307 S0_m1
15003 18 -0.5 385.704750242224 S0_m1
15007 18 -0.5 0 S0_m1
15008 18 -0.5 0 S0_m1
15011 18 -0.5 0 S0_m1
15014 18 -0.5 0 S0_m1
15018 18 -0.5 715.439837081745 S0_m1
15020 18 -0.5 618.781420708467 S0_m1
15022 18 -0.5 0 S0_m1
16064 19 -0.5 0 S0_m1
16065 19 -0.5 0 S0_m1
16066 19 -0.5 0 S0_m1
16067 19 -0.5 0 S0_m1
16068 19 -0.5 0 S0_m1
15001 19 -0.5 0 S0_m1
15002 19 -0.5 0 S0_m1
15003 19 -0.5 317.930765516147 S0_m1
15007 19 -0.5 0 S0_m1
15008 19 -0.5 0 S0_m1
15011 19 -0.5 0 S0_m1
15014 19 -0.5 0 S0_m1
15018 19 -0.5 592.338727770533 S0_m1
15020 19 -0.5 182.859382048539 S0_m1
15022 19 -0.5 0 S0_m1
16064 20 -0.5 0 S0_m1
16065 20 -0.5 0 S0_m1
16066 20 -0.5 0 S0_m1
16067 20 -0.5 3.98140734993628 S0_m1
16068 20 -0.5 0 S0_m1
15001 20 -0.5 1.89238538701682 S0_m1
15002 20 -0.5 149.732608741386 S0_m1
15003 20 -0.5 398.15580956598 S0_m1
15007 20 -0.5 0 S0_m1
15008 20 -0.5 0 S0_m1
15011 20 -0.5 0 S0_m1
15014 20 -0.5 0 S0_m1
15018 20 -0.5 706.923173276826 S0_m1
15020 20 -0.5 455.081529429669 S0_m1
15022 20 -0.5 0 S0_m1
16064 21 -0.5 0 S0_m1
16065 21 -0.5 0 S0_m1
16066 21 -0.5 0 S0_m1
16067 21 -0.5 0 S0_m1
16068 21 -0.5 0 S0_m1
15001 21 -0.5 0 S0_m1
15002 21 -0.5 0 S0_m1
15003 21 -0.5 327.570534880117 S0_m1
15007 21 -0.5 0 S0_m1
15008 21 -0.5 0 S0_m1
15011 21 -0.5 0 S0_m1
15014 21 -0.5 0 S0_m1
15018 21 -0.5 613.258251856299 S0_m1
15020 21 -0.5 188.185649215462 S0_m1
15022 21 -0.5 0 S0_m1
16064 22 -0.5 0 S0_m1
16065 22 -0.5 0 S0_m1
16066 22 -0.5 0 S0_m1
16067 22 -0.5 49.4414164734555 S0_m1
16068 22 -0.5 0 S0_m1
15001 22 -0.5 48.6469868581635 S0_m1
15002 22 -0.5 364.058452897201 S0_m1
15003 22 -0.5 453.208022812682 S0_m1
15007 22 -0.5 0 S0_m1
15008 22 -0.5 0 S0_m1
15011 22 -0.5 0 S0_m1
15014 22 -0.5 0 S0_m1
15018 22 -0.5 828.117041834015 S0_m1
15020 22 -0.5 694.96392619637 S0_m1
15022 22 -0.5 0 S0_m1
16064 23 -0.5 0 S0_m1
16065 23 -0.5 0 S0_m1
16066 23 -0.5 0 S0_m1
16067 23 -0.5 0 S0_m1
16068 23 -0.5 0 S0_m1
15001 23 -0.5 0 S0_m1
15002 23 -0.5 0 S0_m1
15003 23 -0.5 240.444425490762 S0_m1
15007 23 -0.5 0 S0_m1
15008 23 -0.5 0 S0_m1
15011 23 -0.5 0 S0_m1
15014 23 -0.5 0 S0_m1
15018 23 -0.5 500.298735689197 S0_m1
15020 23 -0.5 29.5062507839398 S0_m1
15022 23 -0.5 0 S0_m1
16064 24 -0.5 0 S0_m1
16065 24 -0.5 0 S0_m1
16066 24 -0.5 0 S0_m1
16067 24 -0.5 0 S0_m1
16068 24 -0.5 0 S0_m1
15001 24 -0.5 0 S0_m1
15002 24 -0.5 0 S0_m1
15003 24 -0.5 368.139497646049 S0_m1
15007 24 -0.5 0 S0_m1
15008 24 -0.5 0 S0_m1
15011 24 -0.5 0 S0_m1
15014 24 -0.5 0 S0_m1
15018 24 -0.5 674.556095654269 S0_m1
15020 24 -0.5 275.565096351108 S0_m1
15022 24 -0.5 0 S0_m1
16064 25 -0.5 0 S0_m1
16065 25 -0.5 0 S0_m1
16066 25 -0.5 0 S0_m1
16067 25 -0.5 0 S0_m1
16068 25 -0.5 0 S0_m1
15001 25 -0.5 0 S0_m1
15002 25 -0.5 0 S0_m1
15003 25 -0.5 0 S0_m1
15007 25 -0.5 0 S0_m1
15008 25 -0.5 0 S0_m1
15011 25 -0.5 0 S0_m1
15014 25 -0.5 0 S0_m1
15018 25 -0.5 26.8042940428358 S0_m1
15020 25 -0.5 0 S0_m1
15022 25 -0.5 0 S0_m1
16064 26 -0.5 0 S0_m1
16065 26 -0.5 0 S0_m1
16066 26 -0.5 0 S0_m1
16067 26 -0.5 17.8719403149957 S0_m1
16068 26 -0.5 0 S0_m1
15001 26 -0.5 24.5638327773265 S0_m1
15002 26 -0.5 265.854502800312 S0_m1
15003 26 -0.5 429.070335234451 S0_m1
15007 26 -0.5 0 S0_m1
15008 26 -0.5 0 S0_m1
15011 26 -0.5 0 S0_m1
15014 26 -0.5 0 S0_m1
15018 26 -0.5 772.803239225524 S0_m1
15020 26 -0.5 592.101505302432 S0_m1
15022 26 -0.5 0 S0_m1
16064 27 -0.5 0 S0_m1
16065 27 -0.5 0 S0_m1
16066 27 -0.5 0 S0_m1
16067 27 -0.5 0 S0_m1
16068 27 -0.5 0 S0_m1
15001 27 -0.5 0 S0_m1
15002 27 -0.5 0 S0_m1
15003 27 -0.5 0 S0_m1
15007 27 -0.5 0 S0_m1
15008 27 -0.5 0 S0_m1
15011 27 -0.5 0 S0_m1
15014 27 -0.5 0 S0_m1
15018 27 -0.5 0 S0_m1
15020 27 -0.5 0 S0_m1
15022 27 -0.5 0 S0_m1
16064 28 -0.5 0 S0_m1
16065 28 -0.5 0 S0_m1
16066 28 -0.5 0 S0_m1
16067 28 -0.5 54.0323995484156 S0_m1
16068 28 -0.5 0 S0_m1
15001 28 -0.5 51.7276335418676 S0_m1
15002 28 -0.5 366.896814884195 S0_m1
15003 28 -0.5 454.211402474321 S0_m1
15007 28 -0.5 0 S0_m1
15008 28 -0.5 0 S0_m1
15011 28 -0.5 0 S0_m1
15014 28 -0.5 0 S0_m1
15018 28 -0.5 823.443670101865 S0_m1
15020 28 -0.5 691.411794774103 S0_m1
15022 28 -0.5 0 S0_m1
16064 29 -0.5 0 S0_m1
16065 29 -0.5 0 S0_m1
16066 29 -0.5 0 S0_m1
16067 29 -0.5 0 S0_m1
16068 29 -0.5 0 S0_m1
15001 29 -0.5 0 S0_m1
15002 29 -0.5 0 S0_m1
15003 29 -0.5 115.812268570667 S0_m1
15007 29 -0.5 0 S0_m1
15008 29 -0.5 0 S0_m1
15011 29 -0.5 0 S0_m1
15014 29 -0.5 0 S0_m1
15018 29 -0.5 316.565027372443 S0_m1
15020 29 -0.5 0 S0_m1
15022 29 -0.5 0 S0_m1
16064 30 -0.5 0 S0_m1
16065 30 -0.5 0 S0_m1
16066 30 -0.5 0 S0_m1
16067 30 -0.5 0 S0_m1
16068 30 -0.5 0 S0_m1
15001 30 -0.5 0 S0_m1
15002 30 -0.5 0 S0_m1
15003 30 -0.5 0 S0_m1
15007 30 -0.5 0 S0_m1
15008 30 -0.5 0 S0_m1
15011 30 -0.5 0 S0_m1
15014 30 -0.5 0 S0_m1
15018 30 -0.5 13.4906191591836 S0_m1
15020 30 -0.5 0 S0_m1
15022 30 -0.5 0 S0_m1
16064 31 -0.5 0 S0_m1
16065 31 -0.5 0 S0_m1
16066 31 -0.5 0 S0_m1
16067 31 -0.5 0 S0_m1
16068 31 -0.5 0 S0_m1
15001 31 -0.5 0 S0_m1
15002 31 -0.5 0 S0_m1
15003 31 -0.5 0 S0_m1
15007 31 -0.5 0 S0_m1
15008 31 -0.5 0 S0_m1
15011 31 -0.5 0 S0_m1
15014 31 -0.5 0 S0_m1
15018 31 -0.5 192.034916307789 S0_m1
15020 31 -0.5 0 S0_m1
15022 31 -0.5 0 S0_m1
16064 1 -1.5 61.1913386204636 S0_m1
16065 1 -1.5 303.64174871044 S0_m1
16066 1 -1.5 43.8935641957372 S0_m1
16067 1 -1.5 12.661291404195 S0_m1
16068 1 -1.5 0 S0_m1
15001 1 -1.5 87.8264199847222 S0_m1
15002 1 -1.5 278.362368440049 S0_m1
15003 1 -1.5 368.382860948029 S0_m1
15007 1 -1.5 139.660119094665 S0_m1
15008 1 -1.5 86.6849997965078 S0_m1
15011 1 -1.5 3.17584438136191 S0_m1
15014 1 -1.5 401.79772978495 S0_m1
15018 1 -1.5 597.524453003767 S0_m1
15020 1 -1.5 500.884023658543 S0_m1
15022 1 -1.5 0 S0_m1
16064 2 -1.5 0 S0_m1
16065 2 -1.5 0 S0_m1
16066 2 -1.5 0 S0_m1
16067 2 -1.5 0 S0_m1
16068 2 -1.5 0 S0_m1
15001 2 -1.5 0 S0_m1
15002 2 -1.5 0 S0_m1
15003 2 -1.5 0 S0_m1
15007 2 -1.5 0 S0_m1
15008 2 -1.5 0 S0_m1
15011 2 -1.5 0 S0_m1
15014 2 -1.5 0 S0_m1
15018 2 -1.5 0 S0_m1
15020 2 -1.5 0 S0_m1
15022 2 -1.5 0 S0_m1
16064 3 -1.5 0 S0_m1
16065 3 -1.5 0 S0_m1
16066 3 -1.5 0 S0_m1
16067 3 -1.5 0 S0_m1
16068 3 -1.5 0 S0_m1
15001 3 -1.5 0 S0_m1
15002 3 -1.5 0 S0_m1
15003 3 -1.5 0 S0_m1
15007 3 -1.5 2.49976109642158 S0_m1
15008 3 -1.5 0 S0_m1
15011 3 -1.5 0 S0_m1
15014 3 -1.5 0 S0_m1
15018 3 -1.5 83.3715091623544 S0_m1
15020 3 -1.5 0 S0_m1
15022 3 -1.5 0 S0_m1
16064 4 -1.5 0 S0_m1
16065 4 -1.5 0 S0_m1
16066 4 -1.5 0 S0_m1
16067 4 -1.5 0 S0_m1
16068 4 -1.5 0 S0_m1
15001 4 -1.5 0 S0_m1
15002 4 -1.5 0 S0_m1
15003 4 -1.5 159.788872502847 S0_m1
15007 4 -1.5 63.4526946376021 S0_m1
15008 4 -1.5 54.9928718657643 S0_m1
15011 4 -1.5 0 S0_m1
15014 4 -1.5 91.357926641815 S0_m1
15018 4 -1.5 303.548488409714 S0_m1
15020 4 -1.5 0 S0_m1
15022 4 -1.5 0 S0_m1
16064 5 -1.5 0 S0_m1
16065 5 -1.5 0 S0_m1
16066 5 -1.5 0 S0_m1
16067 5 -1.5 0 S0_m1
16068 5 -1.5 0 S0_m1
15001 5 -1.5 0 S0_m1
15002 5 -1.5 0 S0_m1
15003 5 -1.5 0 S0_m1
15007 5 -1.5 0 S0_m1
15008 5 -1.5 0 S0_m1
15011 5 -1.5 0 S0_m1
15014 5 -1.5 0 S0_m1
15018 5 -1.5 0 S0_m1
15020 5 -1.5 0 S0_m1
15022 5 -1.5 0 S0_m1
16064 6 -1.5 3.5362299163863 S0_m1
16065 6 -1.5 1.23483723074729 S0_m1
16066 6 -1.5 0 S0_m1
16067 6 -1.5 0 S0_m1
16068 6 -1.5 0 S0_m1
15001 6 -1.5 0 S0_m1
15002 6 -1.5 0 S0_m1
15003 6 -1.5 165.601707626301 S0_m1
15007 6 -1.5 93.5303028789263 S0_m1
15008 6 -1.5 78.6964081727316 S0_m1
15011 6 -1.5 0 S0_m1
15014 6 -1.5 27.7644565908386 S0_m1
15018 6 -1.5 309.945628359257 S0_m1
15020 6 -1.5 0 S0_m1
15022 6 -1.5 0 S0_m1
16064 7 -1.5 0 S0_m1
16065 7 -1.5 0 S0_m1
16066 7 -1.5 0 S0_m1
16067 7 -1.5 0 S0_m1
16068 7 -1.5 0 S0_m1
15001 7 -1.5 0 S0_m1
15002 7 -1.5 0 S0_m1
15003 7 -1.5 0 S0_m1
15007 7 -1.5 0 S0_m1
15008 7 -1.5 0 S0_m1
15011 7 -1.5 0 S0_m1
15014 7 -1.5 0 S0_m1
15018 7 -1.5 0 S0_m1
15020 7 -1.5 0 S0_m1
15022 7 -1.5 0 S0_m1
16064 8 -1.5 13.9374904776363 S0_m1
16065 8 -1.5 90.4621989786611 S0_m1
16066 8 -1.5 0 S0_m1
16067 8 -1.5 0 S0_m1
16068 8 -1.5 0 S0_m1
15001 8 -1.5 11.328557806791 S0_m1
15002 8 -1.5 3.18239548654866 S0_m1
15003 8 -1.5 315.620399683815 S0_m1
15007 8 -1.5 123.244000656349 S0_m1
15008 8 -1.5 98.2317684001218 S0_m1
15011 8 -1.5 0 S0_m1
15014 8 -1.5 318.419050507726 S0_m1
15018 8 -1.5 471.492378450162 S0_m1
15020 8 -1.5 205.581113135634 S0_m1
15022 8 -1.5 0 S0_m1
16064 9 -1.5 0 S0_m1
16065 9 -1.5 0 S0_m1
16066 9 -1.5 0 S0_m1
16067 9 -1.5 0 S0_m1
16068 9 -1.5 0 S0_m1
15001 9 -1.5 0 S0_m1
15002 9 -1.5 0 S0_m1
15003 9 -1.5 129.665459696265 S0_m1
15007 9 -1.5 63.0757656360512 S0_m1
15008 9 -1.5 53.4676085624278 S0_m1
15011 9 -1.5 0 S0_m1
15014 9 -1.5 5.43067701727042 S0_m1
15018 9 -1.5 267.092922548223 S0_m1
15020 9 -1.5 0 S0_m1
15022 9 -1.5 0 S0_m1
16064 10 -1.5 13.9319359318838 S0_m1
16065 10 -1.5 77.2845778970305 S0_m1
16066 10 -1.5 0 S0_m1
16067 10 -1.5 0 S0_m1
16068 10 -1.5 0 S0_m1
15001 10 -1.5 3.74603015475802 S0_m1
15002 10 -1.5 0 S0_m1
15003 10 -1.5 321.267620183591 S0_m1
15007 10 -1.5 128.040484123657 S0_m1
15008 10 -1.5 101.207343016097 S0_m1
15011 10 -1.5 0 S0_m1
15014 10 -1.5 319.34018495825 S0_m1
15018 10 -1.5 492.416130123501 S0_m1
15020 10 -1.5 166.605209119236 S0_m1
15022 10 -1.5 0 S0_m1
16064 11 -1.5 5.83828365114902 S0_m1
16065 11 -1.5 123.555060248801 S0_m1
16066 11 -1.5 0 S0_m1
16067 11 -1.5 0 S0_m1
16068 11 -1.5 0 S0_m1
15001 11 -1.5 20.6114073583695 S0_m1
15002 11 -1.5 128.216844179787 S0_m1
15003 11 -1.5 207.349629320018 S0_m1
15007 11 -1.5 60.2698390315282 S0_m1
15008 11 -1.5 31.0613276555995 S0_m1
15011 11 -1.5 0 S0_m1
15014 11 -1.5 219.878550320559 S0_m1
15018 11 -1.5 402.104922622372 S0_m1
15020 11 -1.5 295.364025876741 S0_m1
15022 11 -1.5 0 S0_m1
16064 12 -1.5 35.1493511443497 S0_m1
16065 12 -1.5 246.695917534644 S0_m1
16066 12 -1.5 0 S0_m1
16067 12 -1.5 0 S0_m1
16068 12 -1.5 0 S0_m1
15001 12 -1.5 27.0873513871114 S0_m1
15002 12 -1.5 153.952938370503 S0_m1
15003 12 -1.5 186.529547851785 S0_m1
15007 12 -1.5 55.0882942320585 S0_m1
15008 12 -1.5 26.223154409387 S0_m1
15011 12 -1.5 0 S0_m1
15014 12 -1.5 193.700621146763 S0_m1
15018 12 -1.5 353.576345454814 S0_m1
15020 12 -1.5 286.027115993642 S0_m1
15022 12 -1.5 0 S0_m1
16064 13 -1.5 0 S0_m1
16065 13 -1.5 0 S0_m1
16066 13 -1.5 0 S0_m1
16067 13 -1.5 0 S0_m1
16068 13 -1.5 0 S0_m1
15001 13 -1.5 0 S0_m1
15002 13 -1.5 0 S0_m1
15003 13 -1.5 6.62896587436308 S0_m1
15007 13 -1.5 1.00960952212252 S0_m1
15008 13 -1.5 1.22946623937705 S0_m1
15011 13 -1.5 0 S0_m1
15014 13 -1.5 0 S0_m1
15018 13 -1.5 104.781053507204 S0_m1
15020 13 -1.5 0 S0_m1
15022 13 -1.5 0 S0_m1
16064 14 -1.5 0 S0_m1
16065 14 -1.5 0 S0_m1
16066 14 -1.5 0 S0_m1
16067 14 -1.5 0 S0_m1
16068 14 -1.5 0 S0_m1
15001 14 -1.5 0 S0_m1
15002 14 -1.5 0 S0_m1
15003 14 -1.5 0 S0_m1
15007 14 -1.5 0 S0_m1
15008 14 -1.5 0 S0_m1
15011 14 -1.5 0 S0_m1
15014 14 -1.5 0 S0_m1
15018 14 -1.5 6.47847677708686 S0_m1
15020 14 -1.5 0 S0_m1
15022 14 -1.5 0 S0_m1
16064 15 -1.5 51.5465186590585 S0_m1
16065 15 -1.5 143.355114359095 S0_m1
16066 15 -1.5 0 S0_m1
16067 15 -1.5 7.488616886881 S0_m1
16068 15 -1.5 0 S0_m1
15001 15 -1.5 33.9622117814709 S0_m1
15002 15 -1.5 2.54372055916633 S0_m1
15003 15 -1.5 405.854119886588 S0_m1
15007 15 -1.5 189.321557104016 S0_m1
15008 15 -1.5 154.862202218724 S0_m1
15011 15 -1.5 0 S0_m1
15014 15 -1.5 410.30124364505 S0_m1
15018 15 -1.5 584.090787777809 S0_m1
15020 15 -1.5 238.061016061419 S0_m1
15022 15 -1.5 0 S0_m1
16064 16 -1.5 58.1728353939322 S0_m1
16065 16 -1.5 219.226497940871 S0_m1
16066 16 -1.5 1.56729192999798 S0_m1
16067 16 -1.5 12.9045282186709 S0_m1
16068 16 -1.5 0 S0_m1
15001 16 -1.5 93.9042386187955 S0_m1
15002 16 -1.5 210.87808742918 S0_m1
15003 16 -1.5 396.491090808268 S0_m1
15007 16 -1.5 168.324218740178 S0_m1
15008 16 -1.5 121.80223351465 S0_m1
15011 16 -1.5 0 S0_m1
15014 16 -1.5 421.417100322098 S0_m1
15018 16 -1.5 580.973833568514 S0_m1
15020 16 -1.5 430.351073849107 S0_m1
15022 16 -1.5 0 S0_m1
16064 17 -1.5 0 S0_m1
16065 17 -1.5 0 S0_m1
16066 17 -1.5 0 S0_m1
16067 17 -1.5 0 S0_m1
16068 17 -1.5 0 S0_m1
15001 17 -1.5 0 S0_m1
15002 17 -1.5 0 S0_m1
15003 17 -1.5 67.7935208847576 S0_m1
15007 17 -1.5 36.6941135147439 S0_m1
15008 17 -1.5 29.5068109661392 S0_m1
15011 17 -1.5 0 S0_m1
15014 17 -1.5 0 S0_m1
15018 17 -1.5 198.398000545463 S0_m1
15020 17 -1.5 0 S0_m1
15022 17 -1.5 0 S0_m1
16064 18 -1.5 41.8520602727101 S0_m1
16065 18 -1.5 243.290718499998 S0_m1
16066 18 -1.5 1.00149480552591 S0_m1
16067 18 -1.5 2.34790443786298 S0_m1
16068 18 -1.5 0 S0_m1
15001 18 -1.5 62.6770917453636 S0_m1
15002 18 -1.5 216.745420829523 S0_m1
15003 18 -1.5 289.670495560907 S0_m1
15007 18 -1.5 102.987700981284 S0_m1
15008 18 -1.5 63.747148878598 S0_m1
15011 18 -1.5 0 S0_m1
15014 18 -1.5 299.529555835664 S0_m1
15018 18 -1.5 478.043456315062 S0_m1
15020 18 -1.5 393.815194865474 S0_m1
15022 18 -1.5 0 S0_m1
16064 19 -1.5 8.18607454174402 S0_m1
16065 19 -1.5 43.804159885699 S0_m1
16066 19 -1.5 0 S0_m1
16067 19 -1.5 0 S0_m1
16068 19 -1.5 0 S0_m1
15001 19 -1.5 0 S0_m1
15002 19 -1.5 0 S0_m1
15003 19 -1.5 287.568843806642 S0_m1
15007 19 -1.5 117.139921860463 S0_m1
15008 19 -1.5 96.2211930802334 S0_m1
15011 19 -1.5 0 S0_m1
15014 19 -1.5 266.123718482606 S0_m1
15018 19 -1.5 448.812305839185 S0_m1
15020 19 -1.5 108.234865697603 S0_m1
15022 19 -1.5 0 S0_m1
16064 20 -1.5 57.4485494004859 S0_m1
16065 20 -1.5 187.841901640955 S0_m1
16066 20 -1.5 0 S0_m1
16067 20 -1.5 12.6734438630483 S0_m1
16068 20 -1.5 0 S0_m1
15001 20 -1.5 81.5124416290901 S0_m1
15002 20 -1.5 136.49936438034 S0_m1
15003 20 -1.5 414.485625092942 S0_m1
15007 20 -1.5 183.320123215844 S0_m1
15008 20 -1.5 141.300092155074 S0_m1
15011 20 -1.5 0 S0_m1
15014 20 -1.5 437.743335969844 S0_m1
15018 20 -1.5 592.785495863426 S0_m1
15020 20 -1.5 368.57372284472 S0_m1
15022 20 -1.5 0 S0_m1
16064 21 -1.5 6.34030357227775 S0_m1
16065 21 -1.5 38.7224596170706 S0_m1
16066 21 -1.5 0 S0_m1
16067 21 -1.5 0 S0_m1
16068 21 -1.5 0 S0_m1
15001 21 -1.5 0 S0_m1
15002 21 -1.5 0 S0_m1
15003 21 -1.5 281.667768432702 S0_m1
15007 21 -1.5 111.821125677833 S0_m1
15008 21 -1.5 90.0429014238629 S0_m1
15011 21 -1.5 0 S0_m1
15014 21 -1.5 261.443422148626 S0_m1
15018 21 -1.5 450.742561537256 S0_m1
15020 21 -1.5 102.242218416561 S0_m1
15022 21 -1.5 0 S0_m1
16064 22 -1.5 70.7681339192778 S0_m1
16065 22 -1.5 293.410117302592 S0_m1
16066 22 -1.5 53.5843257586348 S0_m1
16067 22 -1.5 28.6536196898115 S0_m1
16068 22 -1.5 0 S0_m1
15001 22 -1.5 107.687371288705 S0_m1
15002 22 -1.5 292.650838602563 S0_m1
15003 22 -1.5 421.148526085782 S0_m1
15007 22 -1.5 173.635938970019 S0_m1
15008 22 -1.5 114.385360441633 S0_m1
15011 22 -1.5 4.0147340395968 S0_m1
15014 22 -1.5 461.829472293682 S0_m1
15018 22 -1.5 647.891058978489 S0_m1
15020 22 -1.5 529.186032215103 S0_m1
15022 22 -1.5 0 S0_m1
16064 23 -1.5 4.30225888449609 S0_m1
16065 23 -1.5 6.08300977439517 S0_m1
16066 23 -1.5 0 S0_m1
16067 23 -1.5 0 S0_m1
16068 23 -1.5 0 S0_m1
15001 23 -1.5 0 S0_m1
15002 23 -1.5 0 S0_m1
15003 23 -1.5 215.13491090545 S0_m1
15007 23 -1.5 104.256072935672 S0_m1
15008 23 -1.5 86.5672412084835 S0_m1
15011 23 -1.5 0 S0_m1
15014 23 -1.5 149.588067183424 S0_m1
15018 23 -1.5 378.27868774102 S0_m1
15020 23 -1.5 1.99968064980664 S0_m1
15022 23 -1.5 0 S0_m1
16064 24 -1.5 14.3148774855618 S0_m1
16065 24 -1.5 79.8282240640488 S0_m1
16066 24 -1.5 0 S0_m1
16067 24 -1.5 0 S0_m1
16068 24 -1.5 0 S0_m1
15001 24 -1.5 3.85730625298756 S0_m1
15002 24 -1.5 0 S0_m1
15003 24 -1.5 327.506648799084 S0_m1
15007 24 -1.5 129.78125904048 S0_m1
15008 24 -1.5 100.81735234469 S0_m1
15011 24 -1.5 0 S0_m1
15014 24 -1.5 329.699024189043 S0_m1
15018 24 -1.5 509.214044377437 S0_m1
15020 24 -1.5 168.261801719763 S0_m1
15022 24 -1.5 0 S0_m1
16064 25 -1.5 0 S0_m1
16065 25 -1.5 0 S0_m1
16066 25 -1.5 0 S0_m1
16067 25 -1.5 0 S0_m1
16068 25 -1.5 0 S0_m1
15001 25 -1.5 0 S0_m1
15002 25 -1.5 0 S0_m1
15003 25 -1.5 0 S0_m1
15007 25 -1.5 0 S0_m1
15008 25 -1.5 0 S0_m1
15011 25 -1.5 0 S0_m1
15014 25 -1.5 0 S0_m1
15018 25 -1.5 7.06251976502433 S0_m1
15020 25 -1.5 0 S0_m1
15022 25 -1.5 0 S0_m1
16064 26 -1.5 60.517245997007 S0_m1
16065 26 -1.5 229.179382111277 S0_m1
16066 26 -1.5 6.66597249114175 S0_m1
16067 26 -1.5 17.1610360809924 S0_m1
16068 26 -1.5 0 S0_m1
15001 26 -1.5 96.3683372010893 S0_m1
15002 26 -1.5 217.768377475012 S0_m1
15003 26 -1.5 416.130418703166 S0_m1
15007 26 -1.5 174.917588856856 S0_m1
15008 26 -1.5 123.295014928386 S0_m1
15011 26 -1.5 0 S0_m1
15014 26 -1.5 449.07394402175 S0_m1
15018 26 -1.5 618.46716375666 S0_m1
15020 26 -1.5 456.692165401286 S0_m1
15022 26 -1.5 0 S0_m1
16064 27 -1.5 0 S0_m1
16065 27 -1.5 0 S0_m1
16066 27 -1.5 0 S0_m1
16067 27 -1.5 0 S0_m1
16068 27 -1.5 0 S0_m1
15001 27 -1.5 0 S0_m1
15002 27 -1.5 0 S0_m1
15003 27 -1.5 0 S0_m1
15007 27 -1.5 0 S0_m1
15008 27 -1.5 0 S0_m1
15011 27 -1.5 0 S0_m1
15014 27 -1.5 0 S0_m1
15018 27 -1.5 0 S0_m1
15020 27 -1.5 0 S0_m1
15022 27 -1.5 0 S0_m1
16064 28 -1.5 87.3514353705234 S0_m1
16065 28 -1.5 319.053198685688 S0_m1
16066 28 -1.5 73.6100514479012 S0_m1
16067 28 -1.5 54.4874339771444 S0_m1
16068 28 -1.5 0 S0_m1
15001 28 -1.5 128.760121977741 S0_m1
15002 28 -1.5 325.138940814902 S0_m1
15003 28 -1.5 451.957709474187 S0_m1
15007 28 -1.5 198.504738531158 S0_m1
15008 28 -1.5 135.712807334529 S0_m1
15011 28 -1.5 11.8396359241221 S0_m1
15014 28 -1.5 492.578090806169 S0_m1
15018 28 -1.5 673.528612983736 S0_m1
15020 28 -1.5 556.347849761408 S0_m1
15022 28 -1.5 0 S0_m1
16064 29 -1.5 0 S0_m1
16065 29 -1.5 0 S0_m1
16066 29 -1.5 0 S0_m1
16067 29 -1.5 0 S0_m1
16068 29 -1.5 0 S0_m1
15001 29 -1.5 0 S0_m1
15002 29 -1.5 0 S0_m1
15003 29 -1.5 78.2295857482724 S0_m1
15007 29 -1.5 16.0086613755747 S0_m1
15008 29 -1.5 18.555266334855 S0_m1
15011 29 -1.5 0 S0_m1
15014 29 -1.5 0 S0_m1
15018 29 -1.5 185.942590800272 S0_m1
15020 29 -1.5 0 S0_m1
15022 29 -1.5 0 S0_m1
16064 30 -1.5 0 S0_m1
16065 30 -1.5 0 S0_m1
16066 30 -1.5 0 S0_m1
16067 30 -1.5 0 S0_m1
16068 30 -1.5 0 S0_m1
15001 30 -1.5 0 S0_m1
15002 30 -1.5 0 S0_m1
15003 30 -1.5 0 S0_m1
15007 30 -1.5 0 S0_m1
15008 30 -1.5 0 S0_m1
15011 30 -1.5 0 S0_m1
15014 30 -1.5 0 S0_m1
15018 30 -1.5 3.90887483480458 S0_m1
15020 30 -1.5 0 S0_m1
15022 30 -1.5 0 S0_m1
16064 31 -1.5 0 S0_m1
16065 31 -1.5 0 S0_m1
16066 31 -1.5 0 S0_m1
16067 31 -1.5 0 S0_m1
16068 31 -1.5 0 S0_m1
15001 31 -1.5 0 S0_m1
15002 31 -1.5 0 S0_m1
15003 31 -1.5 0 S0_m1
15007 31 -1.5 5.79720948692265 S0_m1
15008 31 -1.5 0 S0_m1
15011 31 -1.5 0 S0_m1
15014 31 -1.5 0 S0_m1
15018 31 -1.5 123.714864073973 S0_m1
15020 31 -1.5 0 S0_m1
15022 31 -1.5 0 S0_m1
16064 1 -3 0 S0_m1
16065 1 -3 58.2492222289054 S0_m1
16066 1 -3 0 S0_m1
16067 1 -3 0 S0_m1
16068 1 -3 0 S0_m1
15001 1 -3 0 S0_m1
15002 1 -3 65.3739801813796 S0_m1
15003 1 -3 89.3975048332753 S0_m1
15007 1 -3 7.04334889686681 S0_m1
15008 1 -3 1.64862751107612 S0_m1
15011 1 -3 0 S0_m1
15014 1 -3 179.348054268247 S0_m1
15018 1 -3 158.049595808531 S0_m1
15020 1 -3 125.489816050788 S0_m1
15022 1 -3 0 S0_m1
16064 2 -3 0 S0_m1
16065 2 -3 0 S0_m1
16066 2 -3 0 S0_m1
16067 2 -3 0 S0_m1
16068 2 -3 0 S0_m1
15001 2 -3 0 S0_m1
15002 2 -3 0 S0_m1
15003 2 -3 0 S0_m1
15007 2 -3 0 S0_m1
15008 2 -3 0 S0_m1
15011 2 -3 0 S0_m1
15014 2 -3 0 S0_m1
15018 2 -3 0 S0_m1
15020 2 -3 0 S0_m1
15022 2 -3 0 S0_m1
16064 3 -3 0 S0_m1
16065 3 -3 0 S0_m1
16066 3 -3 0 S0_m1
16067 3 -3 0 S0_m1
16068 3 -3 0 S0_m1
15001 3 -3 0 S0_m1
15002 3 -3 0 S0_m1
15003 3 -3 0 S0_m1
15007 3 -3 0 S0_m1
15008 3 -3 0 S0_m1
15011 3 -3 0 S0_m1
15014 3 -3 0 S0_m1
15018 3 -3 2.75475158002367 S0_m1
15020 3 -3 0 S0_m1
15022 3 -3 0 S0_m1
16064 4 -3 0 S0_m1
16065 4 -3 0 S0_m1
16066 4 -3 0 S0_m1
16067 4 -3 0 S0_m1
16068 4 -3 0 S0_m1
15001 4 -3 0 S0_m1
15002 4 -3 0 S0_m1
15003 4 -3 30.4117597899691 S0_m1
15007 4 -3 0 S0_m1
15008 4 -3 0 S0_m1
15011 4 -3 0 S0_m1
15014 4 -3 9.80218440120668 S0_m1
15018 4 -3 95.792573396284 S0_m1
15020 4 -3 0 S0_m1
15022 4 -3 0 S0_m1
16064 5 -3 0 S0_m1
16065 5 -3 0 S0_m1
16066 5 -3 0 S0_m1
16067 5 -3 0 S0_m1
16068 5 -3 0 S0_m1
15001 5 -3 0 S0_m1
15002 5 -3 0 S0_m1
15003 5 -3 0 S0_m1
15007 5 -3 0 S0_m1
15008 5 -3 0 S0_m1
15011 5 -3 0 S0_m1
15014 5 -3 0 S0_m1
15018 5 -3 0 S0_m1
15020 5 -3 0 S0_m1
15022 5 -3 0 S0_m1
16064 6 -3 0 S0_m1
16065 6 -3 0 S0_m1
16066 6 -3 0 S0_m1
16067 6 -3 0 S0_m1
16068 6 -3 0 S0_m1
15001 6 -3 0 S0_m1
15002 6 -3 0 S0_m1
15003 6 -3 106.746409840511 S0_m1
15007 6 -3 45.3154239551273 S0_m1
15008 6 -3 43.5331324219281 S0_m1
15011 6 -3 0 S0_m1
15014 6 -3 39.7500914722046 S0_m1
15018 6 -3 220.764563696069 S0_m1
15020 6 -3 0 S0_m1
15022 6 -3 0 S0_m1
16064 7 -3 0 S0_m1
16065 7 -3 0 S0_m1
16066 7 -3 0 S0_m1
16067 7 -3 0 S0_m1
16068 7 -3 0 S0_m1
15001 7 -3 0 S0_m1
15002 7 -3 0 S0_m1
15003 7 -3 0 S0_m1
15007 7 -3 0 S0_m1
15008 7 -3 0 S0_m1
15011 7 -3 0 S0_m1
15014 7 -3 0 S0_m1
15018 7 -3 0 S0_m1
15020 7 -3 0 S0_m1
15022 7 -3 0 S0_m1
16064 8 -3 0 S0_m1
16065 8 -3 3.76887331383567 S0_m1
16066 8 -3 0 S0_m1
16067 8 -3 0 S0_m1
16068 8 -3 0 S0_m1
15001 8 -3 0 S0_m1
15002 8 -3 0 S0_m1
15003 8 -3 146.526405750806 S0_m1
15007 8 -3 32.3374474110727 S0_m1
15008 8 -3 28.4441914110206 S0_m1
15011 8 -3 0 S0_m1
15014 8 -3 238.455006417771 S0_m1
15018 8 -3 233.996851350584 S0_m1
15020 8 -3 87.2244011488269 S0_m1
15022 8 -3 0 S0_m1
16064 9 -3 0 S0_m1
16065 9 -3 0 S0_m1
16066 9 -3 0 S0_m1
16067 9 -3 0 S0_m1
16068 9 -3 0 S0_m1
15001 9 -3 0 S0_m1
15002 9 -3 0 S0_m1
15003 9 -3 41.1940262470147 S0_m1
15007 9 -3 3.35250569425646 S0_m1
15008 9 -3 4.25778041776479 S0_m1
15011 9 -3 0 S0_m1
15014 9 -3 1.54368251888208 S0_m1
15018 9 -3 130.855512859966 S0_m1
15020 9 -3 0 S0_m1
15022 9 -3 0 S0_m1
16064 10 -3 0 S0_m1
16065 10 -3 1.40902561823898 S0_m1
16066 10 -3 0 S0_m1
16067 10 -3 0 S0_m1
16068 10 -3 0 S0_m1
15001 10 -3 0 S0_m1
15002 10 -3 0 S0_m1
15003 10 -3 137.784592930501 S0_m1
15007 10 -3 29.8256108766702 S0_m1
15008 10 -3 25.8296484651622 S0_m1
15011 10 -3 0 S0_m1
15014 10 -3 224.032544976808 S0_m1
15018 10 -3 226.2883656348 S0_m1
15020 10 -3 54.7064327402342 S0_m1
15022 10 -3 0 S0_m1
16064 11 -3 0 S0_m1
16065 11 -3 0 S0_m1
16066 11 -3 0 S0_m1
16067 11 -3 0 S0_m1
16068 11 -3 0 S0_m1
15001 11 -3 0 S0_m1
15002 11 -3 0 S0_m1
15003 11 -3 0 S0_m1
15007 11 -3 0 S0_m1
15008 11 -3 0 S0_m1
15011 11 -3 0 S0_m1
15014 11 -3 3.70880400353849 S0_m1
15018 11 -3 3.03924449689165 S0_m1
15020 11 -3 1.7517994661813 S0_m1
15022 11 -3 0 S0_m1
16064 12 -3 0 S0_m1
16065 12 -3 0 S0_m1
16066 12 -3 0 S0_m1
16067 12 -3 0 S0_m1
16068 12 -3 0 S0_m1
15001 12 -3 0 S0_m1
15002 12 -3 0 S0_m1
15003 12 -3 0 S0_m1
15007 12 -3 0 S0_m1
15008 12 -3 0 S0_m1
15011 12 -3 0 S0_m1
15014 12 -3 3.12834091870292 S0_m1
15018 12 -3 3.69789767409908 S0_m1
15020 12 -3 3.61146592528237 S0_m1
15022 12 -3 0 S0_m1
16064 13 -3 0 S0_m1
16065 13 -3 0 S0_m1
16066 13 -3 0 S0_m1
16067 13 -3 0 S0_m1
16068 13 -3 0 S0_m1
15001 13 -3 0 S0_m1
15002 13 -3 0 S0_m1
15003 13 -3 0 S0_m1
15007 13 -3 0 S0_m1
15008 13 -3 0 S0_m1
15011 13 -3 0 S0_m1
15014 13 -3 0 S0_m1
15018 13 -3 12.5014115702423 S0_m1
15020 13 -3 0 S0_m1
15022 13 -3 0 S0_m1
16064 14 -3 0 S0_m1
16065 14 -3 0 S0_m1
16066 14 -3 0 S0_m1
16067 14 -3 0 S0_m1
16068 14 -3 0 S0_m1
15001 14 -3 0 S0_m1
15002 14 -3 0 S0_m1
15003 14 -3 0 S0_m1
15007 14 -3 0 S0_m1
15008 14 -3 0 S0_m1
15011 14 -3 0 S0_m1
15014 14 -3 0 S0_m1
15018 14 -3 1.33318469404887 S0_m1
15020 14 -3 0 S0_m1
15022 14 -3 0 S0_m1
16064 15 -3 19.8011730183196 S0_m1
16065 15 -3 88.9257323529274 S0_m1
16066 15 -3 37.9731039321107 S0_m1
16067 15 -3 0 S0_m1
16068 15 -3 0 S0_m1
15001 15 -3 6.94177840465549 S0_m1
15002 15 -3 0 S0_m1
15003 15 -3 307.542838184377 S0_m1
15007 15 -3 138.918695031225 S0_m1
15008 15 -3 115.146256574473 S0_m1
15011 15 -3 0 S0_m1
15014 15 -3 455.663939392912 S0_m1
15018 15 -3 459.838265806564 S0_m1
15020 15 -3 174.234780232971 S0_m1
15022 15 -3 0 S0_m1
16064 16 -3 6.26405071265367 S0_m1
16065 16 -3 104.758226251735 S0_m1
16066 16 -3 23.5007580991657 S0_m1
16067 16 -3 0 S0_m1
16068 16 -3 3.32553170831957 S0_m1
15001 16 -3 24.2642702867168 S0_m1
15002 16 -3 107.789610148829 S0_m1
15003 16 -3 212.411164136235 S0_m1
15007 16 -3 79.1236109998374 S0_m1
15008 16 -3 55.3618956720084 S0_m1
15011 16 -3 0 S0_m1
15014 16 -3 361.475134720228 S0_m1
15018 16 -3 349.167407352467 S0_m1
15020 16 -3 235.134570505785 S0_m1
15022 16 -3 0 S0_m1
16064 17 -3 0 S0_m1
16065 17 -3 0 S0_m1
16066 17 -3 0 S0_m1
16067 17 -3 0 S0_m1
16068 17 -3 0 S0_m1
15001 17 -3 0 S0_m1
15002 17 -3 0 S0_m1
15003 17 -3 28.7421161342529 S0_m1
15007 17 -3 9.49473751130072 S0_m1
15008 17 -3 9.25044578034359 S0_m1
15011 17 -3 0 S0_m1
15014 17 -3 0 S0_m1
15018 17 -3 145.793968633234 S0_m1
15020 17 -3 0 S0_m1
15022 17 -3 0 S0_m1
16064 18 -3 0 S0_m1
16065 18 -3 16.5529970514291 S0_m1
16066 18 -3 0 S0_m1
16067 18 -3 0 S0_m1
16068 18 -3 0 S0_m1
15001 18 -3 0 S0_m1
15002 18 -3 22.7719995932381 S0_m1
15003 18 -3 50.7303256458829 S0_m1
15007 18 -3 0 S0_m1
15008 18 -3 0 S0_m1
15011 18 -3 0 S0_m1
15014 18 -3 112.221166534511 S0_m1
15018 18 -3 101.001635979595 S0_m1
15020 18 -3 80.0113640690432 S0_m1
15022 18 -3 0 S0_m1
16064 19 -3 0 S0_m1
16065 19 -3 0 S0_m1
16066 19 -3 0 S0_m1
16067 19 -3 0 S0_m1
16068 19 -3 0 S0_m1
15001 19 -3 0 S0_m1
15002 19 -3 0 S0_m1
15003 19 -3 128.65796141475 S0_m1
15007 19 -3 25.521775987955 S0_m1
15008 19 -3 25.2945640884363 S0_m1
15011 19 -3 0 S0_m1
15014 19 -3 194.178814899605 S0_m1
15018 19 -3 214.785624400429 S0_m1
15020 19 -3 15.7606990524595 S0_m1
15022 19 -3 0 S0_m1
16064 20 -3 15.4339418355452 S0_m1
16065 20 -3 111.780318501089 S0_m1
16066 20 -3 44.1791253260481 S0_m1
16067 20 -3 0 S0_m1
16068 20 -3 3.09113291192933 S0_m1
15001 20 -3 30.9933782227328 S0_m1
15002 20 -3 70.362129439878 S0_m1
15003 20 -3 279.732953831736 S0_m1
15007 20 -3 115.858964794209 S0_m1
15008 20 -3 89.4507117206846 S0_m1
15011 20 -3 0 S0_m1
15014 20 -3 448.448497841872 S0_m1
15018 20 -3 427.621504688067 S0_m1
15020 20 -3 245.738725079498 S0_m1
15022 20 -3 0 S0_m1
16064 21 -3 0 S0_m1
16065 21 -3 0 S0_m1
16066 21 -3 0 S0_m1
16067 21 -3 0 S0_m1
16068 21 -3 0 S0_m1
15001 21 -3 0 S0_m1
15002 21 -3 0 S0_m1
15003 21 -3 105.81311876604 S0_m1
15007 21 -3 12.0909235203152 S0_m1
15008 21 -3 12.3613275394626 S0_m1
15011 21 -3 0 S0_m1
15014 21 -3 166.702898238595 S0_m1
15018 21 -3 182.853378371384 S0_m1
15020 21 -3 5.76542152676713 S0_m1
15022 21 -3 0 S0_m1
16064 22 -3 3.41570663054827 S0_m1
16065 22 -3 107.479326280228 S0_m1
16066 22 -3 34.3243307019853 S0_m1
16067 22 -3 0 S0_m1
16068 22 -3 5.46999106889472 S0_m1
15001 22 -3 15.2371151965696 S0_m1
15002 22 -3 118.406539112719 S0_m1
15003 22 -3 163.033796743037 S0_m1
15007 22 -3 53.328669502174 S0_m1
15008 22 -3 28.7442757717029 S0_m1
15011 22 -3 0 S0_m1
15014 22 -3 302.21553236793 S0_m1
15018 22 -3 286.830846634062 S0_m1
15020 22 -3 209.610761920535 S0_m1
15022 22 -3 0 S0_m1
16064 23 -3 0 S0_m1
16065 23 -3 0 S0_m1
16066 23 -3 0 S0_m1
16067 23 -3 0 S0_m1
16068 23 -3 0 S0_m1
15001 23 -3 0 S0_m1
15002 23 -3 0 S0_m1
15003 23 -3 101.031232677939 S0_m1
15007 23 -3 23.1127232393254 S0_m1
15008 23 -3 24.2099281553592 S0_m1
15011 23 -3 0 S0_m1
15014 23 -3 104.794006463079 S0_m1
15018 23 -3 196.473114232333 S0_m1
15020 23 -3 0 S0_m1
15022 23 -3 0 S0_m1
16064 24 -3 0 S0_m1
16065 24 -3 1.02815306941334 S0_m1
16066 24 -3 0 S0_m1
16067 24 -3 0 S0_m1
16068 24 -3 0 S0_m1
15001 24 -3 0 S0_m1
15002 24 -3 0 S0_m1
15003 24 -3 129.349921779391 S0_m1
15007 24 -3 25.0771058961612 S0_m1
15008 24 -3 20.8304347125151 S0_m1
15011 24 -3 0 S0_m1
15014 24 -3 216.172935055332 S0_m1
15018 24 -3 215.627320210637 S0_m1
15020 24 -3 48.7731150332945 S0_m1
15022 24 -3 0 S0_m1
16064 25 -3 0 S0_m1
16065 25 -3 0 S0_m1
16066 25 -3 0 S0_m1
16067 25 -3 0 S0_m1
16068 25 -3 0 S0_m1
15001 25 -3 0 S0_m1
15002 25 -3 0 S0_m1
15003 25 -3 0 S0_m1
15007 25 -3 0 S0_m1
15008 25 -3 0 S0_m1
15011 25 -3 0 S0_m1
15014 25 -3 0 S0_m1
15018 25 -3 0 S0_m1
15020 25 -3 0 S0_m1
15022 25 -3 0 S0_m1
16064 26 -3 4.60490756086971 S0_m1
16065 26 -3 98.3826827649407 S0_m1
16066 26 -3 26.0360998219353 S0_m1
16067 26 -3 0 S0_m1
16068 26 -3 2.20830200828333 S0_m1
15001 26 -3 19.7014541114699 S0_m1
15002 26 -3 101.198716438856 S0_m1
15003 26 -3 201.592641574106 S0_m1
15007 26 -3 73.9509867113988 S0_m1
15008 26 -3 49.1628767996885 S0_m1
15011 26 -3 0 S0_m1
15014 26 -3 357.886789297859 S0_m1
15018 26 -3 344.665541608563 S0_m1
15020 26 -3 225.878193137948 S0_m1
15022 26 -3 0 S0_m1
16064 27 -3 0 S0_m1
16065 27 -3 0 S0_m1
16066 27 -3 0 S0_m1
16067 27 -3 0 S0_m1
16068 27 -3 0 S0_m1
15001 27 -3 0 S0_m1
15002 27 -3 0 S0_m1
15003 27 -3 0 S0_m1
15007 27 -3 0 S0_m1
15008 27 -3 0 S0_m1
15011 27 -3 0 S0_m1
15014 27 -3 0 S0_m1
15018 27 -3 0 S0_m1
15020 27 -3 0 S0_m1
15022 27 -3 0 S0_m1
16064 28 -3 24.0987750932249 S0_m1
16065 28 -3 166.221799604846 S0_m1
16066 28 -3 103.863292676099 S0_m1
16067 28 -3 1.25270854007876 S0_m1
16068 28 -3 38.2040403765782 S0_m1
15001 28 -3 51.006754464299 S0_m1
15002 28 -3 176.228383138406 S0_m1
15003 28 -3 240.399172380727 S0_m1
15007 28 -3 98.1244413623649 S0_m1
15008 28 -3 63.5549393973629 S0_m1
15011 28 -3 0 S0_m1
15014 28 -3 429.235692868995 S0_m1
15018 28 -3 413.179340046629 S0_m1
15020 28 -3 314.226842273374 S0_m1
15022 28 -3 0 S0_m1
16064 29 -3 0 S0_m1
16065 29 -3 0 S0_m1
16066 29 -3 0 S0_m1
16067 29 -3 0 S0_m1
16068 29 -3 0 S0_m1
15001 29 -3 0 S0_m1
15002 29 -3 0 S0_m1
15003 29 -3 0 S0_m1
15007 29 -3 0 S0_m1
15008 29 -3 0 S0_m1
15011 29 -3 0 S0_m1
15014 29 -3 0 S0_m1
15018 29 -3 30.062743901607 S0_m1
15020 29 -3 0 S0_m1
15022 29 -3 0 S0_m1
16064 30 -3 0 S0_m1
16065 30 -3 0 S0_m1
16066 30 -3 0 S0_m1
16067 30 -3 0 S0_m1
16068 30 -3 0 S0_m1
15001 30 -3 0 S0_m1
15002 30 -3 0 S0_m1
15003 30 -3 0 S0_m1
15007 30 -3 0 S0_m1
15008 30 -3 0 S0_m1
15011 30 -3 0 S0_m1
15014 30 -3 0 S0_m1
15018 30 -3 0 S0_m1
15020 30 -3 0 S0_m1
15022 30 -3 0 S0_m1
16064 31 -3 0 S0_m1
16065 31 -3 0 S0_m1
16066 31 -3 0 S0_m1
16067 31 -3 0 S0_m1
16068 31 -3 0 S0_m1
15001 31 -3 0 S0_m1
15002 31 -3 0 S0_m1
15003 31 -3 0 S0_m1
15007 31 -3 0 S0_m1
15008 31 -3 0 S0_m1
15011 31 -3 0 S0_m1
15014 31 -3 0 S0_m1
15018 31 -3 23.2274380863943 S0_m1
15020 31 -3 0 S0_m1
15022 31 -3 0 S0_m1
16064 1 -5 0 S0_m1
16065 1 -5 0 S0_m1
16066 1 -5 0 S0_m1
16067 1 -5 0 S0_m1
16068 1 -5 0 S0_m1
15001 1 -5 0 S0_m1
15002 1 -5 0 S0_m1
15003 1 -5 0 S0_m1
15007 1 -5 0 S0_m1
15008 1 -5 0 S0_m1
15011 1 -5 0 S0_m1
15014 1 -5 0 S0_m1
15018 1 -5 0 S0_m1
15020 1 -5 0 S0_m1
15022 1 -5 0 S0_m1
16064 2 -5 0 S0_m1
16065 2 -5 0 S0_m1
16066 2 -5 0 S0_m1
16067 2 -5 0 S0_m1
16068 2 -5 0 S0_m1
15001 2 -5 0 S0_m1
15002 2 -5 0 S0_m1
15003 2 -5 0 S0_m1
15007 2 -5 0 S0_m1
15008 2 -5 0 S0_m1
15011 2 -5 0 S0_m1
15014 2 -5 0 S0_m1
15018 2 -5 0 S0_m1
15020 2 -5 0 S0_m1
15022 2 -5 0 S0_m1
16064 3 -5 0 S0_m1
16065 3 -5 0 S0_m1
16066 3 -5 0 S0_m1
16067 3 -5 0 S0_m1
16068 3 -5 0 S0_m1
15001 3 -5 0 S0_m1
15002 3 -5 0 S0_m1
15003 3 -5 0 S0_m1
15007 3 -5 0 S0_m1
15008 3 -5 0 S0_m1
15011 3 -5 0 S0_m1
15014 3 -5 0 S0_m1
15018 3 -5 0 S0_m1
15020 3 -5 0 S0_m1
15022 3 -5 0 S0_m1
16064 4 -5 0 S0_m1
16065 4 -5 0 S0_m1
16066 4 -5 0 S0_m1
16067 4 -5 0 S0_m1
16068 4 -5 0 S0_m1
15001 4 -5 0 S0_m1
15002 4 -5 0 S0_m1
15003 4 -5 0 S0_m1
15007 4 -5 0 S0_m1
15008 4 -5 0 S0_m1
15011 4 -5 0 S0_m1
15014 4 -5 0 S0_m1
15018 4 -5 0 S0_m1
15020 4 -5 0 S0_m1
15022 4 -5 0 S0_m1
16064 5 -5 0 S0_m1
16065 5 -5 0 S0_m1
16066 5 -5 0 S0_m1
16067 5 -5 0 S0_m1
16068 5 -5 0 S0_m1
15001 5 -5 0 S0_m1
15002 5 -5 0 S0_m1
15003 5 -5 0 S0_m1
15007 5 -5 0 S0_m1
15008 5 -5 0 S0_m1
15011 5 -5 0 S0_m1
15014 5 -5 0 S0_m1
15018 5 -5 0 S0_m1
15020 5 -5 0 S0_m1
15022 5 -5 0 S0_m1
16064 6 -5 0 S0_m1
16065 6 -5 0 S0_m1
16066 6 -5 0 S0_m1
16067 6 -5 0 S0_m1
16068 6 -5 0 S0_m1
15001 6 -5 0 S0_m1
15002 6 -5 0 S0_m1
15003 6 -5 37.209044415072 S0_m1
15007 6 -5 2.60336322802954 S0_m1
15008 6 -5 3.45173954100567 S0_m1
15011 6 -5 0 S0_m1
15014 6 -5 1.87558362197055 S0_m1
15018 6 -5 124.534020548048 S0_m1
15020 6 -5 0 S0_m1
15022 6 -5 0 S0_m1
16064 7 -5 0 S0_m1
16065 7 -5 0 S0_m1
16066 7 -5 0 S0_m1
16067 7 -5 0 S0_m1
16068 7 -5 0 S0_m1
15001 7 -5 0 S0_m1
15002 7 -5 0 S0_m1
15003 7 -5 0 S0_m1
15007 7 -5 0 S0_m1
15008 7 -5 0 S0_m1
15011 7 -5 0 S0_m1
15014 7 -5 0 S0_m1
15018 7 -5 0 S0_m1
15020 7 -5 0 S0_m1
15022 7 -5 0 S0_m1
16064 8 -5 0 S0_m1
16065 8 -5 0 S0_m1
16066 8 -5 0 S0_m1
16067 8 -5 0 S0_m1
16068 8 -5 0 S0_m1
15001 8 -5 0 S0_m1
15002 8 -5 0 S0_m1
15003 8 -5 16.4898932436074 S0_m1
15007 8 -5 0 S0_m1
15008 8 -5 0 S0_m1
15011 8 -5 0 S0_m1
15014 8 -5 53.3951930465895 S0_m1
15018 8 -5 49.1020406932252 S0_m1
15020 8 -5 0 S0_m1
15022 8 -5 0 S0_m1
16064 9 -5 0 S0_m1
16065 9 -5 0 S0_m1
16066 9 -5 0 S0_m1
16067 9 -5 0 S0_m1
16068 9 -5 0 S0_m1
15001 9 -5 0 S0_m1
15002 9 -5 0 S0_m1
15003 9 -5 0 S0_m1
15007 9 -5 0 S0_m1
15008 9 -5 0 S0_m1
15011 9 -5 0 S0_m1
15014 9 -5 0 S0_m1
15018 9 -5 4.32037937591319 S0_m1
15020 9 -5 0 S0_m1
15022 9 -5 0 S0_m1
16064 10 -5 0 S0_m1
16065 10 -5 0 S0_m1
16066 10 -5 0 S0_m1
16067 10 -5 0 S0_m1
16068 10 -5 0 S0_m1
15001 10 -5 0 S0_m1
15002 10 -5 0 S0_m1
15003 10 -5 7.15612896941912 S0_m1
15007 10 -5 0 S0_m1
15008 10 -5 0 S0_m1
15011 10 -5 0 S0_m1
15014 10 -5 30.8385774000214 S0_m1
15018 10 -5 32.5706032300154 S0_m1
15020 10 -5 0 S0_m1
15022 10 -5 0 S0_m1
16064 11 -5 0 S0_m1
16065 11 -5 0 S0_m1
16066 11 -5 0 S0_m1
16067 11 -5 0 S0_m1
16068 11 -5 0 S0_m1
15001 11 -5 0 S0_m1
15002 11 -5 0 S0_m1
15003 11 -5 0 S0_m1
15007 11 -5 0 S0_m1
15008 11 -5 0 S0_m1
15011 11 -5 0 S0_m1
15014 11 -5 0 S0_m1
15018 11 -5 0 S0_m1
15020 11 -5 0 S0_m1
15022 11 -5 0 S0_m1
16064 12 -5 0 S0_m1
16065 12 -5 0 S0_m1
16066 12 -5 0 S0_m1
16067 12 -5 0 S0_m1
16068 12 -5 0 S0_m1
15001 12 -5 0 S0_m1
15002 12 -5 0 S0_m1
15003 12 -5 0 S0_m1
15007 12 -5 0 S0_m1
15008 12 -5 0 S0_m1
15011 12 -5 0 S0_m1
15014 12 -5 0 S0_m1
15018 12 -5 0 S0_m1
15020 12 -5 0 S0_m1
15022 12 -5 0 S0_m1
16064 13 -5 0 S0_m1
16065 13 -5 0 S0_m1
16066 13 -5 0 S0_m1
16067 13 -5 0 S0_m1
16068 13 -5 0 S0_m1
15001 13 -5 0 S0_m1
15002 13 -5 0 S0_m1
15003 13 -5 0 S0_m1
15007 13 -5 0 S0_m1
15008 13 -5 0 S0_m1
15011 13 -5 0 S0_m1
15014 13 -5 0 S0_m1
15018 13 -5 0 S0_m1
15020 13 -5 0 S0_m1
15022 13 -5 0 S0_m1
16064 14 -5 0 S0_m1
16065 14 -5 0 S0_m1
16066 14 -5 0 S0_m1
16067 14 -5 0 S0_m1
16068 14 -5 0 S0_m1
15001 14 -5 0 S0_m1
15002 14 -5 0 S0_m1
15003 14 -5 0 S0_m1
15007 14 -5 0 S0_m1
15008 14 -5 0 S0_m1
15011 14 -5 0 S0_m1
15014 14 -5 0 S0_m1
15018 14 -5 0 S0_m1
15020 14 -5 0 S0_m1
15022 14 -5 0 S0_m1
16064 15 -5 1.10292476243757 S0_m1
16065 15 -5 17.479356352772 S0_m1
16066 15 -5 33.5546226125939 S0_m1
16067 15 -5 0 S0_m1
16068 15 -5 0 S0_m1
15001 15 -5 0 S0_m1
15002 15 -5 0 S0_m1
15003 15 -5 196.477019524251 S0_m1
15007 15 -5 75.3285387361479 S0_m1
15008 15 -5 61.837790671748 S0_m1
15011 15 -5 0 S0_m1
15014 15 -5 318.395783993205 S0_m1
15018 15 -5 300.040095992924 S0_m1
15020 15 -5 102.920652760427 S0_m1
15022 15 -5 0 S0_m1
16064 16 -5 0 S0_m1
16065 16 -5 2.0969668664011 S0_m1
16066 16 -5 0 S0_m1
16067 16 -5 0 S0_m1
16068 16 -5 0 S0_m1
15001 16 -5 0 S0_m1
15002 16 -5 3.65152412173836 S0_m1
15003 16 -5 69.6685477185844 S0_m1
15007 16 -5 1.42915435248946 S0_m1
15008 16 -5 0 S0_m1
15011 16 -5 0 S0_m1
15014 16 -5 149.522510185716 S0_m1
15018 16 -5 124.073062468309 S0_m1
15020 16 -5 80.9807953905408 S0_m1
15022 16 -5 0 S0_m1
16064 17 -5 0 S0_m1
16065 17 -5 0 S0_m1
16066 17 -5 0 S0_m1
16067 17 -5 0 S0_m1
16068 17 -5 0 S0_m1
15001 17 -5 0 S0_m1
15002 17 -5 0 S0_m1
15003 17 -5 2.03018711271838 S0_m1
15007 17 -5 0 S0_m1
15008 17 -5 0 S0_m1
15011 17 -5 0 S0_m1
15014 17 -5 0 S0_m1
15018 17 -5 76.0861289074913 S0_m1
15020 17 -5 0 S0_m1
15022 17 -5 0 S0_m1
16064 18 -5 0 S0_m1
16065 18 -5 0 S0_m1
16066 18 -5 0 S0_m1
16067 18 -5 0 S0_m1
16068 18 -5 0 S0_m1
15001 18 -5 0 S0_m1
15002 18 -5 0 S0_m1
15003 18 -5 0 S0_m1
15007 18 -5 0 S0_m1
15008 18 -5 0 S0_m1
15011 18 -5 0 S0_m1
15014 18 -5 0 S0_m1
15018 18 -5 0 S0_m1
15020 18 -5 0 S0_m1
15022 18 -5 0 S0_m1
16064 19 -5 0 S0_m1
16065 19 -5 0 S0_m1
16066 19 -5 0 S0_m1
16067 19 -5 0 S0_m1
16068 19 -5 0 S0_m1
15001 19 -5 0 S0_m1
15002 19 -5 0 S0_m1
15003 19 -5 6.78830690981031 S0_m1
15007 19 -5 0 S0_m1
15008 19 -5 0 S0_m1
15011 19 -5 0 S0_m1
15014 19 -5 18.9505908539193 S0_m1
15018 19 -5 34.0679706841936 S0_m1
15020 19 -5 0 S0_m1
15022 19 -5 0 S0_m1
16064 20 -5 0 S0_m1
16065 20 -5 15.6408730900667 S0_m1
16066 20 -5 10.4906089324435 S0_m1
16067 20 -5 0 S0_m1
16068 20 -5 0 S0_m1
15001 20 -5 0 S0_m1
15002 20 -5 3.51095424980274 S0_m1
15003 20 -5 144.168144457835 S0_m1
15007 20 -5 34.3314016260243 S0_m1
15008 20 -5 24.5496666698909 S0_m1
15011 20 -5 0 S0_m1
15014 20 -5 257.973181200959 S0_m1
15018 20 -5 222.830953652469 S0_m1
15020 20 -5 126.762305173682 S0_m1
15022 20 -5 0 S0_m1
16064 21 -5 0 S0_m1
16065 21 -5 0 S0_m1
16066 21 -5 0 S0_m1
16067 21 -5 0 S0_m1
16068 21 -5 0 S0_m1
15001 21 -5 0 S0_m1
15002 21 -5 0 S0_m1
15003 21 -5 0 S0_m1
15007 21 -5 0 S0_m1
15008 21 -5 0 S0_m1
15011 21 -5 0 S0_m1
15014 21 -5 2.20001327638985 S0_m1
15018 21 -5 5.26121534848024 S0_m1
15020 21 -5 0 S0_m1
15022 21 -5 0 S0_m1
16064 22 -5 0 S0_m1
16065 22 -5 0 S0_m1
16066 22 -5 0 S0_m1
16067 22 -5 0 S0_m1
16068 22 -5 0 S0_m1
15001 22 -5 0 S0_m1
15002 22 -5 0 S0_m1
15003 22 -5 9.62765884100611 S0_m1
15007 22 -5 0 S0_m1
15008 22 -5 0 S0_m1
15011 22 -5 0 S0_m1
15014 22 -5 59.2865368213637 S0_m1
15018 22 -5 40.1233926218081 S0_m1
15020 22 -5 27.7957198336295 S0_m1
15022 22 -5 0 S0_m1
16064 23 -5 0 S0_m1
16065 23 -5 0 S0_m1
16066 23 -5 0 S0_m1
16067 23 -5 0 S0_m1
16068 23 -5 0 S0_m1
15001 23 -5 0 S0_m1
15002 23 -5 0 S0_m1
15003 23 -5 3.23174508683056 S0_m1
15007 23 -5 0 S0_m1
15008 23 -5 0 S0_m1
15011 23 -5 0 S0_m1
15014 23 -5 1.1505427275586 S0_m1
15018 23 -5 38.8141053713569 S0_m1
15020 23 -5 0 S0_m1
15022 23 -5 0 S0_m1
16064 24 -5 0 S0_m1
16065 24 -5 0 S0_m1
16066 24 -5 0 S0_m1
16067 24 -5 0 S0_m1
16068 24 -5 0 S0_m1
15001 24 -5 0 S0_m1
15002 24 -5 0 S0_m1
15003 24 -5 2.51489305799026 S0_m1
15007 24 -5 0 S0_m1
15008 24 -5 0 S0_m1
15011 24 -5 0 S0_m1
15014 24 -5 16.5445689217412 S0_m1
15018 24 -5 17.3007876895875 S0_m1
15020 24 -5 0 S0_m1
15022 24 -5 0 S0_m1
16064 25 -5 0 S0_m1
16065 25 -5 0 S0_m1
16066 25 -5 0 S0_m1
16067 25 -5 0 S0_m1
16068 25 -5 0 S0_m1
15001 25 -5 0 S0_m1
15002 25 -5 0 S0_m1
15003 25 -5 0 S0_m1
15007 25 -5 0 S0_m1
15008 25 -5 0 S0_m1
15011 25 -5 0 S0_m1
15014 25 -5 0 S0_m1
15018 25 -5 0 S0_m1
15020 25 -5 0 S0_m1
15022 25 -5 0 S0_m1
16064 26 -5 0 S0_m1
16065 26 -5 0 S0_m1
16066 26 -5 0 S0_m1
16067 26 -5 0 S0_m1
16068 26 -5 0 S0_m1
15001 26 -5 0 S0_m1
15002 26 -5 1.2260805492544 S0_m1
15003 26 -5 50.6997386708271 S0_m1
15007 26 -5 0 S0_m1
15008 26 -5 0 S0_m1
15011 26 -5 0 S0_m1
15014 26 -5 125.646005944313 S0_m1
15018 26 -5 100.192908551518 S0_m1
15020 26 -5 62.2417060722631 S0_m1
15022 26 -5 0 S0_m1
16064 27 -5 0 S0_m1
16065 27 -5 0 S0_m1
16066 27 -5 0 S0_m1
16067 27 -5 0 S0_m1
16068 27 -5 0 S0_m1
15001 27 -5 0 S0_m1
15002 27 -5 0 S0_m1
15003 27 -5 0 S0_m1
15007 27 -5 0 S0_m1
15008 27 -5 0 S0_m1
15011 27 -5 0 S0_m1
15014 27 -5 0 S0_m1
15018 27 -5 0 S0_m1
15020 27 -5 0 S0_m1
15022 27 -5 0 S0_m1
16064 28 -5 0 S0_m1
16065 28 -5 21.6767860458655 S0_m1
16066 28 -5 6.09750516636588 S0_m1
16067 28 -5 0 S0_m1
16068 28 -5 0 S0_m1
15001 28 -5 0 S0_m1
15002 28 -5 37.8182038955546 S0_m1
15003 28 -5 79.0026533288207 S0_m1
15007 28 -5 3.44724792397408 S0_m1
15008 28 -5 0 S0_m1
15011 28 -5 0 S0_m1
15014 28 -5 170.682898127438 S0_m1
15018 28 -5 139.760126183599 S0_m1
15020 28 -5 106.857625706993 S0_m1
15022 28 -5 0 S0_m1
16064 29 -5 0 S0_m1
16065 29 -5 0 S0_m1
16066 29 -5 0 S0_m1
16067 29 -5 0 S0_m1
16068 29 -5 0 S0_m1
15001 29 -5 0 S0_m1
15002 29 -5 0 S0_m1
15003 29 -5 0 S0_m1
15007 29 -5 0 S0_m1
15008 29 -5 0 S0_m1
15011 29 -5 0 S0_m1
15014 29 -5 0 S0_m1
15018 29 -5 0 S0_m1
15020 29 -5 0 S0_m1
15022 29 -5 0 S0_m1
16064 30 -5 0 S0_m1
16065 30 -5 0 S0_m1
16066 30 -5 0 S0_m1
16067 30 -5 0 S0_m1
16068 30 -5 0 S0_m1
15001 30 -5 0 S0_m1
15002 30 -5 0 S0_m1
15003 30 -5 0 S0_m1
15007 30 -5 0 S0_m1
15008 30 -5 0 S0_m1
15011 30 -5 0 S0_m1
15014 30 -5 0 S0_m1
15018 30 -5 0 S0_m1
15020 30 -5 0 S0_m1
15022 30 -5 0 S0_m1
16064 31 -5 0 S0_m1
16065 31 -5 0 S0_m1
16066 31 -5 0 S0_m1
16067 31 -5 0 S0_m1
16068 31 -5 0 S0_m1
15001 31 -5 0 S0_m1
15002 31 -5 0 S0_m1
15003 31 -5 0 S0_m1
15007 31 -5 0 S0_m1
15008 31 -5 0 S0_m1
15011 31 -5 0 S0_m1
15014 31 -5 0 S0_m1
15018 31 -5 0 S0_m1
15020 31 -5 0 S0_m1
15022 31 -5 0 S0_m1
