speciesID lakeID variable value scenario
15023 1 -0.5 739.807162830608 S1_0
15024 1 -0.5 111.959647430082 S1_0
15025 1 -0.5 0 S1_0
15026 1 -0.5 0 S1_0
15027 1 -0.5 164.918047090482 S1_0
15028 1 -0.5 0 S1_0
15029 1 -0.5 493.469777249508 S1_0
15030 1 -0.5 0 S1_0
15032 1 -0.5 0 S1_0
15033 1 -0.5 242.432293437869 S1_0
15035 1 -0.5 75.5771495690589 S1_0
15036 1 -0.5 317.780022507702 S1_0
15037 1 -0.5 0 S1_0
15039 1 -0.5 39.5086684236193 S1_0
15041 1 -0.5 0 S1_0
15023 2 -0.5 0 S1_0
15024 2 -0.5 0 S1_0
15025 2 -0.5 0 S1_0
15026 2 -0.5 0 S1_0
15027 2 -0.5 0 S1_0
15028 2 -0.5 0 S1_0
15029 2 -0.5 0 S1_0
15030 2 -0.5 0 S1_0
15032 2 -0.5 0 S1_0
15033 2 -0.5 0 S1_0
15035 2 -0.5 0 S1_0
15036 2 -0.5 0 S1_0
15037 2 -0.5 0 S1_0
15039 2 -0.5 0 S1_0
15041 2 -0.5 0 S1_0
15023 3 -0.5 137.812010379476 S1_0
15024 3 -0.5 0 S1_0
15025 3 -0.5 0 S1_0
15026 3 -0.5 0 S1_0
15027 3 -0.5 2.47165476741978 S1_0
15028 3 -0.5 0 S1_0
15029 3 -0.5 1.24359241483695 S1_0
15030 3 -0.5 0 S1_0
15032 3 -0.5 0 S1_0
15033 3 -0.5 0 S1_0
15035 3 -0.5 0 S1_0
15036 3 -0.5 2.52254226812341 S1_0
15037 3 -0.5 0 S1_0
15039 3 -0.5 0 S1_0
15041 3 -0.5 0 S1_0
15023 4 -0.5 481.211183428376 S1_0
15024 4 -0.5 28.2692224086589 S1_0
15025 4 -0.5 0 S1_0
15026 4 -0.5 0 S1_0
15027 4 -0.5 78.1669871958672 S1_0
15028 4 -0.5 0 S1_0
15029 4 -0.5 203.229402060947 S1_0
15030 4 -0.5 0 S1_0
15032 4 -0.5 0 S1_0
15033 4 -0.5 29.3420824569427 S1_0
15035 4 -0.5 0 S1_0
15036 4 -0.5 193.78176997115 S1_0
15037 4 -0.5 0 S1_0
15039 4 -0.5 1.0053799856372 S1_0
15041 4 -0.5 0 S1_0
15023 5 -0.5 0 S1_0
15024 5 -0.5 0 S1_0
15025 5 -0.5 0 S1_0
15026 5 -0.5 0 S1_0
15027 5 -0.5 0 S1_0
15028 5 -0.5 0 S1_0
15029 5 -0.5 0 S1_0
15030 5 -0.5 0 S1_0
15032 5 -0.5 0 S1_0
15033 5 -0.5 0 S1_0
15035 5 -0.5 0 S1_0
15036 5 -0.5 0 S1_0
15037 5 -0.5 0 S1_0
15039 5 -0.5 0 S1_0
15041 5 -0.5 0 S1_0
15023 6 -0.5 404.033047356161 S1_0
15024 6 -0.5 13.5308551916919 S1_0
15025 6 -0.5 0 S1_0
15026 6 -0.5 0 S1_0
15027 6 -0.5 76.5364829822559 S1_0
15028 6 -0.5 0 S1_0
15029 6 -0.5 162.125749362782 S1_0
15030 6 -0.5 0 S1_0
15032 6 -0.5 0 S1_0
15033 6 -0.5 4.51434528549997 S1_0
15035 6 -0.5 0 S1_0
15036 6 -0.5 166.267662945005 S1_0
15037 6 -0.5 0 S1_0
15039 6 -0.5 0 S1_0
15041 6 -0.5 0 S1_0
15023 7 -0.5 0 S1_0
15024 7 -0.5 0 S1_0
15025 7 -0.5 0 S1_0
15026 7 -0.5 0 S1_0
15027 7 -0.5 0 S1_0
15028 7 -0.5 0 S1_0
15029 7 -0.5 0 S1_0
15030 7 -0.5 0 S1_0
15032 7 -0.5 0 S1_0
15033 7 -0.5 0 S1_0
15035 7 -0.5 0 S1_0
15036 7 -0.5 0 S1_0
15037 7 -0.5 0 S1_0
15039 7 -0.5 0 S1_0
15041 7 -0.5 0 S1_0
15023 8 -0.5 617.055572545449 S1_0
15024 8 -0.5 83.7501129246534 S1_0
15025 8 -0.5 0 S1_0
15026 8 -0.5 0 S1_0
15027 8 -0.5 128.182456671837 S1_0
15028 8 -0.5 0 S1_0
15029 8 -0.5 353.127760019282 S1_0
15030 8 -0.5 0 S1_0
15032 8 -0.5 0 S1_0
15033 8 -0.5 152.442527248326 S1_0
15035 8 -0.5 38.7453886949255 S1_0
15036 8 -0.5 274.068826609975 S1_0
15037 8 -0.5 0 S1_0
15039 8 -0.5 26.6227913825508 S1_0
15041 8 -0.5 0 S1_0
15023 9 -0.5 391.120501484815 S1_0
15024 9 -0.5 7.37711856625515 S1_0
15025 9 -0.5 0 S1_0
15026 9 -0.5 0 S1_0
15027 9 -0.5 62.2229792463581 S1_0
15028 9 -0.5 0 S1_0
15029 9 -0.5 147.711712964146 S1_0
15030 9 -0.5 0 S1_0
15032 9 -0.5 0 S1_0
15033 9 -0.5 2.29697221389595 S1_0
15035 9 -0.5 0 S1_0
15036 9 -0.5 152.285841776202 S1_0
15037 9 -0.5 0 S1_0
15039 9 -0.5 0 S1_0
15041 9 -0.5 0 S1_0
15023 10 -0.5 646.283661360614 S1_0
15024 10 -0.5 82.5080255989773 S1_0
15025 10 -0.5 0 S1_0
15026 10 -0.5 0 S1_0
15027 10 -0.5 132.401992062086 S1_0
15028 10 -0.5 0 S1_0
15029 10 -0.5 356.09635174054 S1_0
15030 10 -0.5 0 S1_0
15032 10 -0.5 0 S1_0
15033 10 -0.5 140.766190278234 S1_0
15035 10 -0.5 33.8748875313683 S1_0
15036 10 -0.5 283.559972044966 S1_0
15037 10 -0.5 0 S1_0
15039 10 -0.5 27.508417306882 S1_0
15041 10 -0.5 0 S1_0
15023 11 -0.5 683.736702349896 S1_0
15024 11 -0.5 82.4826801691819 S1_0
15025 11 -0.5 0 S1_0
15026 11 -0.5 0 S1_0
15027 11 -0.5 121.497482120452 S1_0
15028 11 -0.5 0 S1_0
15029 11 -0.5 431.837080721625 S1_0
15030 11 -0.5 0 S1_0
15032 11 -0.5 0 S1_0
15033 11 -0.5 199.932445791278 S1_0
15035 11 -0.5 46.0878380399091 S1_0
15036 11 -0.5 272.922083295043 S1_0
15037 11 -0.5 0 S1_0
15039 11 -0.5 15.6525242054263 S1_0
15041 11 -0.5 0 S1_0
15023 12 -0.5 620.722530947772 S1_0
15024 12 -0.5 77.798231460624 S1_0
15025 12 -0.5 0 S1_0
15026 12 -0.5 0 S1_0
15027 12 -0.5 114.564413298265 S1_0
15028 12 -0.5 0 S1_0
15029 12 -0.5 399.283718566616 S1_0
15030 12 -0.5 0 S1_0
15032 12 -0.5 0 S1_0
15033 12 -0.5 197.93704059705 S1_0
15035 12 -0.5 35.1217141155227 S1_0
15036 12 -0.5 249.351186657444 S1_0
15037 12 -0.5 0 S1_0
15039 12 -0.5 11.1154788729621 S1_0
15041 12 -0.5 0 S1_0
15023 13 -0.5 187.001233391663 S1_0
15024 13 -0.5 0 S1_0
15025 13 -0.5 0 S1_0
15026 13 -0.5 0 S1_0
15027 13 -0.5 1.83754167370014 S1_0
15028 13 -0.5 0 S1_0
15029 13 -0.5 10.0507121632609 S1_0
15030 13 -0.5 0 S1_0
15032 13 -0.5 0 S1_0
15033 13 -0.5 0 S1_0
15035 13 -0.5 0 S1_0
15036 13 -0.5 25.4749060708309 S1_0
15037 13 -0.5 0 S1_0
15039 13 -0.5 0 S1_0
15041 13 -0.5 0 S1_0
15023 14 -0.5 2.92264905086606 S1_0
15024 14 -0.5 0 S1_0
15025 14 -0.5 0 S1_0
15026 14 -0.5 0 S1_0
15027 14 -0.5 0 S1_0
15028 14 -0.5 0 S1_0
15029 14 -0.5 0 S1_0
15030 14 -0.5 0 S1_0
15032 14 -0.5 0 S1_0
15033 14 -0.5 0 S1_0
15035 14 -0.5 0 S1_0
15036 14 -0.5 0 S1_0
15037 14 -0.5 0 S1_0
15039 14 -0.5 0 S1_0
15041 14 -0.5 0 S1_0
15023 15 -0.5 681.406350883588 S1_0
15024 15 -0.5 101.032654246102 S1_0
15025 15 -0.5 0 S1_0
15026 15 -0.5 0 S1_0
15027 15 -0.5 159.8278393482 S1_0
15028 15 -0.5 0 S1_0
15029 15 -0.5 388.682743604689 S1_0
15030 15 -0.5 0 S1_0
15032 15 -0.5 0 S1_0
15033 15 -0.5 163.570375595598 S1_0
15035 15 -0.5 56.241577206252 S1_0
15036 15 -0.5 312.64272144722 S1_0
15037 15 -0.5 0 S1_0
15039 15 -0.5 47.5685253510994 S1_0
15041 15 -0.5 0 S1_0
15023 16 -0.5 688.004741104305 S1_0
15024 16 -0.5 111.835343284436 S1_0
15025 16 -0.5 0 S1_0
15026 16 -0.5 0 S1_0
15027 16 -0.5 162.754606311518 S1_0
15028 16 -0.5 0 S1_0
15029 16 -0.5 443.828822673947 S1_0
15030 16 -0.5 0 S1_0
15032 16 -0.5 0 S1_0
15033 16 -0.5 223.005910848176 S1_0
15035 16 -0.5 76.8974656382699 S1_0
15036 16 -0.5 311.13174113097 S1_0
15037 16 -0.5 0 S1_0
15039 16 -0.5 46.3058363070078 S1_0
15041 16 -0.5 0 S1_0
15023 17 -0.5 254.621558613849 S1_0
15024 17 -0.5 0 S1_0
15025 17 -0.5 0 S1_0
15026 17 -0.5 0 S1_0
15027 17 -0.5 21.1691818514483 S1_0
15028 17 -0.5 0 S1_0
15029 17 -0.5 62.4851079889698 S1_0
15030 17 -0.5 0 S1_0
15032 17 -0.5 0 S1_0
15033 17 -0.5 0 S1_0
15035 17 -0.5 0 S1_0
15036 17 -0.5 76.799515349877 S1_0
15037 17 -0.5 0 S1_0
15039 17 -0.5 0 S1_0
15041 17 -0.5 0 S1_0
15023 18 -0.5 660.988644125847 S1_0
15024 18 -0.5 95.4168709260527 S1_0
15025 18 -0.5 0 S1_0
15026 18 -0.5 0 S1_0
15027 18 -0.5 139.571984916629 S1_0
15028 18 -0.5 0 S1_0
15029 18 -0.5 432.46420759081 S1_0
15030 18 -0.5 0 S1_0
15032 18 -0.5 0 S1_0
15033 18 -0.5 218.591046335903 S1_0
15035 18 -0.5 55.6295161477061 S1_0
15036 18 -0.5 281.121461669072 S1_0
15037 18 -0.5 0 S1_0
15039 18 -0.5 25.5323325693007 S1_0
15041 18 -0.5 0 S1_0
15023 19 -0.5 604.750296975244 S1_0
15024 19 -0.5 70.5756160936426 S1_0
15025 19 -0.5 0 S1_0
15026 19 -0.5 0 S1_0
15027 19 -0.5 120.387804827712 S1_0
15028 19 -0.5 0 S1_0
15029 19 -0.5 314.617033085077 S1_0
15030 19 -0.5 0 S1_0
15032 19 -0.5 0 S1_0
15033 19 -0.5 112.344923706131 S1_0
15035 19 -0.5 10.2102482606727 S1_0
15036 19 -0.5 264.092265207813 S1_0
15037 19 -0.5 0 S1_0
15039 19 -0.5 18.3327224299564 S1_0
15041 19 -0.5 0 S1_0
15023 20 -0.5 689.5007127859 S1_0
15024 20 -0.5 111.194286975057 S1_0
15025 20 -0.5 0 S1_0
15026 20 -0.5 0 S1_0
15027 20 -0.5 164.41660993873 S1_0
15028 20 -0.5 0 S1_0
15029 20 -0.5 428.447816877184 S1_0
15030 20 -0.5 0 S1_0
15032 20 -0.5 0 S1_0
15033 20 -0.5 205.976166511569 S1_0
15035 20 -0.5 77.097539496622 S1_0
15036 20 -0.5 316.12864114278 S1_0
15037 20 -0.5 0 S1_0
15039 20 -0.5 50.5798339843899 S1_0
15041 20 -0.5 0 S1_0
15023 21 -0.5 618.973633252109 S1_0
15024 21 -0.5 70.0117304532701 S1_0
15025 21 -0.5 0 S1_0
15026 21 -0.5 0 S1_0
15027 21 -0.5 120.265461760018 S1_0
15028 21 -0.5 0 S1_0
15029 21 -0.5 320.668240654299 S1_0
15030 21 -0.5 0 S1_0
15032 21 -0.5 0 S1_0
15033 21 -0.5 111.475727783327 S1_0
15035 21 -0.5 10.7841721102453 S1_0
15036 21 -0.5 266.85279340888 S1_0
15037 21 -0.5 0 S1_0
15039 21 -0.5 17.7192078078683 S1_0
15041 21 -0.5 0 S1_0
15023 22 -0.5 752.775309900678 S1_0
15024 22 -0.5 120.50509994392 S1_0
15025 22 -0.5 0 S1_0
15026 22 -0.5 0 S1_0
15027 22 -0.5 176.49968549584 S1_0
15028 22 -0.5 0 S1_0
15029 22 -0.5 501.513918094009 S1_0
15030 22 -0.5 0 S1_0
15032 22 -0.5 0 S1_0
15033 22 -0.5 247.569894946661 S1_0
15035 22 -0.5 86.3094353545159 S1_0
15036 22 -0.5 331.814509012619 S1_0
15037 22 -0.5 0 S1_0
15039 22 -0.5 49.4795761432573 S1_0
15041 22 -0.5 0 S1_0
15023 23 -0.5 517.898393605572 S1_0
15024 23 -0.5 41.5412737404699 S1_0
15025 23 -0.5 0 S1_0
15026 23 -0.5 0 S1_0
15027 23 -0.5 100.205187020197 S1_0
15028 23 -0.5 0 S1_0
15029 23 -0.5 231.977044260915 S1_0
15030 23 -0.5 0 S1_0
15032 23 -0.5 0 S1_0
15033 23 -0.5 45.5265037186528 S1_0
15035 23 -0.5 0 S1_0
15036 23 -0.5 218.81299060905 S1_0
15037 23 -0.5 0 S1_0
15039 23 -0.5 2.84220798043498 S1_0
15041 23 -0.5 0 S1_0
15023 24 -0.5 665.705739812992 S1_0
15024 24 -0.5 84.121327934385 S1_0
15025 24 -0.5 0 S1_0
15026 24 -0.5 0 S1_0
15027 24 -0.5 135.535111724813 S1_0
15028 24 -0.5 0 S1_0
15029 24 -0.5 367.46054528864 S1_0
15030 24 -0.5 0 S1_0
15032 24 -0.5 0 S1_0
15033 24 -0.5 142.672313228726 S1_0
15035 24 -0.5 37.2227795541665 S1_0
15036 24 -0.5 290.109362135607 S1_0
15037 24 -0.5 0 S1_0
15039 24 -0.5 28.9070258436835 S1_0
15041 24 -0.5 0 S1_0
15023 25 -0.5 4.1126748149683 S1_0
15024 25 -0.5 0 S1_0
15025 25 -0.5 0 S1_0
15026 25 -0.5 0 S1_0
15027 25 -0.5 0 S1_0
15028 25 -0.5 0 S1_0
15029 25 -0.5 0 S1_0
15030 25 -0.5 0 S1_0
15032 25 -0.5 0 S1_0
15033 25 -0.5 0 S1_0
15035 25 -0.5 0 S1_0
15036 25 -0.5 0 S1_0
15037 25 -0.5 0 S1_0
15039 25 -0.5 0 S1_0
15041 25 -0.5 0 S1_0
15023 26 -0.5 725.112103005547 S1_0
15024 26 -0.5 116.286563213665 S1_0
15025 26 -0.5 0 S1_0
15026 26 -0.5 0 S1_0
15027 26 -0.5 170.220468104854 S1_0
15028 26 -0.5 0 S1_0
15029 26 -0.5 469.131985765504 S1_0
15030 26 -0.5 0 S1_0
15032 26 -0.5 0 S1_0
15033 26 -0.5 230.623671682173 S1_0
15035 26 -0.5 83.1418861456487 S1_0
15036 26 -0.5 324.654083250566 S1_0
15037 26 -0.5 0 S1_0
15039 26 -0.5 49.6607948088386 S1_0
15041 26 -0.5 0 S1_0
15023 27 -0.5 0 S1_0
15024 27 -0.5 0 S1_0
15025 27 -0.5 0 S1_0
15026 27 -0.5 0 S1_0
15027 27 -0.5 0 S1_0
15028 27 -0.5 0 S1_0
15029 27 -0.5 0 S1_0
15030 27 -0.5 0 S1_0
15032 27 -0.5 0 S1_0
15033 27 -0.5 0 S1_0
15035 27 -0.5 0 S1_0
15036 27 -0.5 0 S1_0
15037 27 -0.5 0 S1_0
15039 27 -0.5 0 S1_0
15041 27 -0.5 0 S1_0
15023 28 -0.5 755.237072255121 S1_0
15024 28 -0.5 127.006909322481 S1_0
15025 28 -0.5 0 S1_0
15026 28 -0.5 0 S1_0
15027 28 -0.5 185.506379632926 S1_0
15028 28 -0.5 0 S1_0
15029 28 -0.5 506.411116840299 S1_0
15030 28 -0.5 0 S1_0
15032 28 -0.5 0 S1_0
15033 28 -0.5 255.526979489078 S1_0
15035 28 -0.5 93.5134812215554 S1_0
15036 28 -0.5 339.489676793829 S1_0
15037 28 -0.5 0 S1_0
15039 28 -0.5 56.6505839011883 S1_0
15041 28 -0.5 0 S1_0
15023 29 -0.5 336.912485952183 S1_0
15024 29 -0.5 1.29761278458552 S1_0
15025 29 -0.5 0 S1_0
15026 29 -0.5 0 S1_0
15027 29 -0.5 30.1089961162902 S1_0
15028 29 -0.5 0 S1_0
15029 29 -0.5 110.915031131056 S1_0
15030 29 -0.5 0 S1_0
15032 29 -0.5 0 S1_0
15033 29 -0.5 0 S1_0
15035 29 -0.5 0 S1_0
15036 29 -0.5 118.307062238487 S1_0
15037 29 -0.5 0 S1_0
15039 29 -0.5 0 S1_0
15041 29 -0.5 0 S1_0
15023 30 -0.5 2.25109753651053 S1_0
15024 30 -0.5 0 S1_0
15025 30 -0.5 0 S1_0
15026 30 -0.5 0 S1_0
15027 30 -0.5 0 S1_0
15028 30 -0.5 0 S1_0
15029 30 -0.5 0 S1_0
15030 30 -0.5 0 S1_0
15032 30 -0.5 0 S1_0
15033 30 -0.5 0 S1_0
15035 30 -0.5 0 S1_0
15036 30 -0.5 0 S1_0
15037 30 -0.5 0 S1_0
15039 30 -0.5 0 S1_0
15041 30 -0.5 0 S1_0
15023 31 -0.5 172.353274814377 S1_0
15024 31 -0.5 0 S1_0
15025 31 -0.5 0 S1_0
15026 31 -0.5 0 S1_0
15027 31 -0.5 6.87863171914473 S1_0
15028 31 -0.5 0 S1_0
15029 31 -0.5 4.64301513710328 S1_0
15030 31 -0.5 0 S1_0
15032 31 -0.5 0 S1_0
15033 31 -0.5 0 S1_0
15035 31 -0.5 0 S1_0
15036 31 -0.5 6.53506876479666 S1_0
15037 31 -0.5 0 S1_0
15039 31 -0.5 0 S1_0
15041 31 -0.5 0 S1_0
15023 1 -1.5 425.861638775059 S1_0
15024 1 -1.5 54.0012266572301 S1_0
15025 1 -1.5 178.054441047195 S1_0
15026 1 -1.5 1.13233708394325 S1_0
15027 1 -1.5 23.8615871269974 S1_0
15028 1 -1.5 0 S1_0
15029 1 -1.5 288.582742060556 S1_0
15030 1 -1.5 0 S1_0
15032 1 -1.5 93.9467589823565 S1_0
15033 1 -1.5 82.2015138046037 S1_0
15035 1 -1.5 11.0754159270022 S1_0
15036 1 -1.5 114.281471233873 S1_0
15037 1 -1.5 0 S1_0
15039 1 -1.5 0 S1_0
15041 1 -1.5 137.281680331267 S1_0
15023 2 -1.5 0 S1_0
15024 2 -1.5 0 S1_0
15025 2 -1.5 0 S1_0
15026 2 -1.5 0 S1_0
15027 2 -1.5 0 S1_0
15028 2 -1.5 0 S1_0
15029 2 -1.5 0 S1_0
15030 2 -1.5 0 S1_0
15032 2 -1.5 0 S1_0
15033 2 -1.5 0 S1_0
15035 2 -1.5 0 S1_0
15036 2 -1.5 0 S1_0
15037 2 -1.5 0 S1_0
15039 2 -1.5 0 S1_0
15041 2 -1.5 0 S1_0
15023 3 -1.5 46.4065648339368 S1_0
15024 3 -1.5 0 S1_0
15025 3 -1.5 0 S1_0
15026 3 -1.5 0 S1_0
15027 3 -1.5 0 S1_0
15028 3 -1.5 0 S1_0
15029 3 -1.5 0 S1_0
15030 3 -1.5 0 S1_0
15032 3 -1.5 0 S1_0
15033 3 -1.5 0 S1_0
15035 3 -1.5 0 S1_0
15036 3 -1.5 0 S1_0
15037 3 -1.5 0 S1_0
15039 3 -1.5 0 S1_0
15041 3 -1.5 0 S1_0
15023 4 -1.5 257.838876792805 S1_0
15024 4 -1.5 4.89286726545591 S1_0
15025 4 -1.5 25.9864412796797 S1_0
15026 4 -1.5 0 S1_0
15027 4 -1.5 1.51677678164871 S1_0
15028 4 -1.5 0 S1_0
15029 4 -1.5 105.681596653637 S1_0
15030 4 -1.5 0 S1_0
15032 4 -1.5 0 S1_0
15033 4 -1.5 0 S1_0
15035 4 -1.5 0 S1_0
15036 4 -1.5 64.5749918402793 S1_0
15037 4 -1.5 0 S1_0
15039 4 -1.5 0 S1_0
15041 4 -1.5 34.1652089365457 S1_0
15023 5 -1.5 0 S1_0
15024 5 -1.5 0 S1_0
15025 5 -1.5 0 S1_0
15026 5 -1.5 0 S1_0
15027 5 -1.5 0 S1_0
15028 5 -1.5 0 S1_0
15029 5 -1.5 0 S1_0
15030 5 -1.5 0 S1_0
15032 5 -1.5 0 S1_0
15033 5 -1.5 0 S1_0
15035 5 -1.5 0 S1_0
15036 5 -1.5 0 S1_0
15037 5 -1.5 0 S1_0
15039 5 -1.5 0 S1_0
15041 5 -1.5 0 S1_0
15023 6 -1.5 315.662750039777 S1_0
15024 6 -1.5 23.5427571936095 S1_0
15025 6 -1.5 46.9559403363298 S1_0
15026 6 -1.5 0 S1_0
15027 6 -1.5 28.1547529275462 S1_0
15028 6 -1.5 3.07289283905545 S1_0
15029 6 -1.5 146.912082689745 S1_0
15030 6 -1.5 0 S1_0
15032 6 -1.5 0 S1_0
15033 6 -1.5 0 S1_0
15035 6 -1.5 0 S1_0
15036 6 -1.5 112.938549130752 S1_0
15037 6 -1.5 0 S1_0
15039 6 -1.5 0 S1_0
15041 6 -1.5 59.2527966500041 S1_0
15023 7 -1.5 0 S1_0
15024 7 -1.5 0 S1_0
15025 7 -1.5 0 S1_0
15026 7 -1.5 0 S1_0
15027 7 -1.5 0 S1_0
15028 7 -1.5 0 S1_0
15029 7 -1.5 0 S1_0
15030 7 -1.5 0 S1_0
15032 7 -1.5 0 S1_0
15033 7 -1.5 0 S1_0
15035 7 -1.5 0 S1_0
15036 7 -1.5 0 S1_0
15037 7 -1.5 0 S1_0
15039 7 -1.5 0 S1_0
15041 7 -1.5 0 S1_0
15023 8 -1.5 429.175811947461 S1_0
15024 8 -1.5 65.5421518028524 S1_0
15025 8 -1.5 156.319838909404 S1_0
15026 8 -1.5 0 S1_0
15027 8 -1.5 38.3116857073953 S1_0
15028 8 -1.5 0 S1_0
15029 8 -1.5 265.05572199195 S1_0
15030 8 -1.5 0 S1_0
15032 8 -1.5 78.0203288116695 S1_0
15033 8 -1.5 70.4987477659253 S1_0
15035 8 -1.5 13.7412882339494 S1_0
15036 8 -1.5 148.64374223471 S1_0
15037 8 -1.5 0 S1_0
15039 8 -1.5 0 S1_0
15041 8 -1.5 139.254698152769 S1_0
15023 9 -1.5 249.584415740223 S1_0
15024 9 -1.5 3.98152166111706 S1_0
15025 9 -1.5 12.0338822999719 S1_0
15026 9 -1.5 0 S1_0
15027 9 -1.5 3.70307198558124 S1_0
15028 9 -1.5 0 S1_0
15029 9 -1.5 97.3755040893955 S1_0
15030 9 -1.5 0 S1_0
15032 9 -1.5 0 S1_0
15033 9 -1.5 0 S1_0
15035 9 -1.5 0 S1_0
15036 9 -1.5 66.2551719610496 S1_0
15037 9 -1.5 0 S1_0
15039 9 -1.5 0 S1_0
15041 9 -1.5 26.1713485408354 S1_0
15023 10 -1.5 441.313063065286 S1_0
15024 10 -1.5 59.29192584692 S1_0
15025 10 -1.5 142.714364181278 S1_0
15026 10 -1.5 0 S1_0
15027 10 -1.5 35.8617793442612 S1_0
15028 10 -1.5 0 S1_0
15029 10 -1.5 253.385633767921 S1_0
15030 10 -1.5 0 S1_0
15032 10 -1.5 56.5156326840987 S1_0
15033 10 -1.5 56.5558490564737 S1_0
15035 10 -1.5 7.84568236363382 S1_0
15036 10 -1.5 146.345028277459 S1_0
15037 10 -1.5 0 S1_0
15039 10 -1.5 0 S1_0
15041 10 -1.5 126.132705497742 S1_0
15023 11 -1.5 164.340590761217 S1_0
15024 11 -1.5 2.7228909660181 S1_0
15025 11 -1.5 60.7279928113497 S1_0
15026 11 -1.5 0 S1_0
15027 11 -1.5 0 S1_0
15028 11 -1.5 0 S1_0
15029 11 -1.5 108.705104607564 S1_0
15030 11 -1.5 0 S1_0
15032 11 -1.5 18.5346474687676 S1_0
15033 11 -1.5 7.77595855187929 S1_0
15035 11 -1.5 0 S1_0
15036 11 -1.5 19.0755567881007 S1_0
15037 11 -1.5 0 S1_0
15039 11 -1.5 0 S1_0
15041 11 -1.5 45.2138601971742 S1_0
15023 12 -1.5 160.100588183663 S1_0
15024 12 -1.5 3.58769378910665 S1_0
15025 12 -1.5 64.3139318350131 S1_0
15026 12 -1.5 0 S1_0
15027 12 -1.5 0 S1_0
15028 12 -1.5 0 S1_0
15029 12 -1.5 110.054992058471 S1_0
15030 12 -1.5 0 S1_0
15032 12 -1.5 19.6629299584678 S1_0
15033 12 -1.5 11.7152322064228 S1_0
15035 12 -1.5 0 S1_0
15036 12 -1.5 18.0577105826816 S1_0
15037 12 -1.5 0 S1_0
15039 12 -1.5 0 S1_0
15041 12 -1.5 49.6376653050917 S1_0
15023 13 -1.5 100.759598600156 S1_0
15024 13 -1.5 0 S1_0
15025 13 -1.5 0 S1_0
15026 13 -1.5 0 S1_0
15027 13 -1.5 0 S1_0
15028 13 -1.5 0 S1_0
15029 13 -1.5 1.99260510853319 S1_0
15030 13 -1.5 0 S1_0
15032 13 -1.5 0 S1_0
15033 13 -1.5 0 S1_0
15035 13 -1.5 0 S1_0
15036 13 -1.5 0 S1_0
15037 13 -1.5 0 S1_0
15039 13 -1.5 0 S1_0
15041 13 -1.5 0 S1_0
15023 14 -1.5 0 S1_0
15024 14 -1.5 0 S1_0
15025 14 -1.5 0 S1_0
15026 14 -1.5 0 S1_0
15027 14 -1.5 0 S1_0
15028 14 -1.5 0 S1_0
15029 14 -1.5 0 S1_0
15030 14 -1.5 0 S1_0
15032 14 -1.5 0 S1_0
15033 14 -1.5 0 S1_0
15035 14 -1.5 0 S1_0
15036 14 -1.5 0 S1_0
15037 14 -1.5 0 S1_0
15039 14 -1.5 0 S1_0
15041 14 -1.5 0 S1_0
15023 15 -1.5 570.981635258726 S1_0
15024 15 -1.5 116.394201070894 S1_0
15025 15 -1.5 236.005617830459 S1_0
15026 15 -1.5 4.5881144951845 S1_0
15027 15 -1.5 113.436591794883 S1_0
15028 15 -1.5 23.9686002520247 S1_0
15029 15 -1.5 384.066388629456 S1_0
15030 15 -1.5 0 S1_0
15032 15 -1.5 116.855704251048 S1_0
15033 15 -1.5 121.796088146073 S1_0
15035 15 -1.5 62.2485077998405 S1_0
15036 15 -1.5 244.11274437777 S1_0
15037 15 -1.5 0 S1_0
15039 15 -1.5 18.2658586152529 S1_0
15041 15 -1.5 209.267147588372 S1_0
15023 16 -1.5 513.978873931864 S1_0
15024 16 -1.5 98.8151585116944 S1_0
15025 16 -1.5 248.743494919438 S1_0
15026 16 -1.5 15.9279802478124 S1_0
15027 16 -1.5 78.3734570816742 S1_0
15028 16 -1.5 2.27876631475465 S1_0
15029 16 -1.5 380.547586573064 S1_0
15030 16 -1.5 0 S1_0
15032 16 -1.5 146.092688863318 S1_0
15033 16 -1.5 131.345184326358 S1_0
15035 16 -1.5 53.4800646697045 S1_0
15036 16 -1.5 190.514583480562 S1_0
15037 16 -1.5 0 S1_0
15039 16 -1.5 3.84259008922122 S1_0
15041 16 -1.5 209.934971131206 S1_0
15023 17 -1.5 201.856797992625 S1_0
15024 17 -1.5 1.01355075665992 S1_0
15025 17 -1.5 0 S1_0
15026 17 -1.5 0 S1_0
15027 17 -1.5 3.95532704160571 S1_0
15028 17 -1.5 0 S1_0
15029 17 -1.5 60.7229169106367 S1_0
15030 17 -1.5 0 S1_0
15032 17 -1.5 0 S1_0
15033 17 -1.5 0 S1_0
15035 17 -1.5 0 S1_0
15036 17 -1.5 38.2322744782149 S1_0
15037 17 -1.5 0 S1_0
15039 17 -1.5 0 S1_0
15041 17 -1.5 6.74242279551183 S1_0
15023 18 -1.5 323.503926242893 S1_0
15024 18 -1.5 36.1611720734888 S1_0
15025 18 -1.5 132.478626112558 S1_0
15026 18 -1.5 0 S1_0
15027 18 -1.5 6.02280758126754 S1_0
15028 18 -1.5 0 S1_0
15029 18 -1.5 206.375447259285 S1_0
15030 18 -1.5 0 S1_0
15032 18 -1.5 69.9144915402658 S1_0
15033 18 -1.5 59.3293443074176 S1_0
15035 18 -1.5 2.38501179593724 S1_0
15036 18 -1.5 82.0861884000657 S1_0
15037 18 -1.5 0 S1_0
15039 18 -1.5 0 S1_0
15041 18 -1.5 105.789877150048 S1_0
15023 19 -1.5 413.880129649129 S1_0
15024 19 -1.5 51.6814269552905 S1_0
15025 19 -1.5 120.582195138983 S1_0
15026 19 -1.5 0 S1_0
15027 19 -1.5 29.7759175400111 S1_0
15028 19 -1.5 0 S1_0
15029 19 -1.5 223.235740171543 S1_0
15030 19 -1.5 0 S1_0
15032 19 -1.5 23.2552002381659 S1_0
15033 19 -1.5 38.068189802284 S1_0
15035 19 -1.5 2.03067577022265 S1_0
15036 19 -1.5 138.90542672722 S1_0
15037 19 -1.5 0 S1_0
15039 19 -1.5 0 S1_0
15041 19 -1.5 110.286580818995 S1_0
15023 20 -1.5 554.253768528481 S1_0
15024 20 -1.5 115.874975676713 S1_0
15025 20 -1.5 261.573023090011 S1_0
15026 20 -1.5 25.4654698048699 S1_0
15027 20 -1.5 102.01151249155 S1_0
15028 20 -1.5 10.3210541295132 S1_0
15029 20 -1.5 403.82431342086 S1_0
15030 20 -1.5 0 S1_0
15032 20 -1.5 155.25801554663 S1_0
15033 20 -1.5 141.764688932865 S1_0
15035 20 -1.5 70.7970369048841 S1_0
15036 20 -1.5 226.386270281016 S1_0
15037 20 -1.5 0 S1_0
15039 20 -1.5 12.6256962022909 S1_0
15041 20 -1.5 225.78814696232 S1_0
15023 21 -1.5 398.240038276326 S1_0
15024 21 -1.5 42.4613939121117 S1_0
15025 21 -1.5 108.112043302345 S1_0
15026 21 -1.5 0 S1_0
15027 21 -1.5 19.2319821786868 S1_0
15028 21 -1.5 0 S1_0
15029 21 -1.5 204.988712911114 S1_0
15030 21 -1.5 0 S1_0
15032 21 -1.5 15.467507206924 S1_0
15033 21 -1.5 27.6444582453774 S1_0
15035 21 -1.5 1.0597304987171 S1_0
15036 21 -1.5 124.286190793065 S1_0
15037 21 -1.5 0 S1_0
15039 21 -1.5 0 S1_0
15041 21 -1.5 97.5261689946787 S1_0
15023 22 -1.5 518.456735831078 S1_0
15024 22 -1.5 83.4941402650627 S1_0
15025 22 -1.5 244.819689152467 S1_0
15026 22 -1.5 10.8124344241184 S1_0
15027 22 -1.5 62.2878022838084 S1_0
15028 22 -1.5 0 S1_0
15029 22 -1.5 382.481070299168 S1_0
15030 22 -1.5 0 S1_0
15032 22 -1.5 132.179590704453 S1_0
15033 22 -1.5 118.321288934853 S1_0
15035 22 -1.5 40.1095454048278 S1_0
15036 22 -1.5 165.412625118121 S1_0
15037 22 -1.5 0 S1_0
15039 22 -1.5 1.15658611307399 S1_0
15041 22 -1.5 194.061227925231 S1_0
15023 23 -1.5 356.042313866649 S1_0
15024 23 -1.5 29.3106354371527 S1_0
15025 23 -1.5 69.9449417884312 S1_0
15026 23 -1.5 0 S1_0
15027 23 -1.5 20.7149406128534 S1_0
15028 23 -1.5 1.0623469362213 S1_0
15029 23 -1.5 166.83556554582 S1_0
15030 23 -1.5 0 S1_0
15032 23 -1.5 0 S1_0
15033 23 -1.5 2.58523874068838 S1_0
15035 23 -1.5 0 S1_0
15036 23 -1.5 117.69243397805 S1_0
15037 23 -1.5 0 S1_0
15039 23 -1.5 0 S1_0
15041 23 -1.5 71.0339485964692 S1_0
15023 24 -1.5 444.514407019334 S1_0
15024 24 -1.5 55.8557046009287 S1_0
15025 24 -1.5 139.156006861754 S1_0
15026 24 -1.5 0 S1_0
15027 24 -1.5 32.5170068572119 S1_0
15028 24 -1.5 0 S1_0
15029 24 -1.5 249.651767556666 S1_0
15030 24 -1.5 0 S1_0
15032 24 -1.5 53.4242882002828 S1_0
15033 24 -1.5 52.6274457187163 S1_0
15035 24 -1.5 6.66428548176621 S1_0
15036 24 -1.5 141.913081841618 S1_0
15037 24 -1.5 0 S1_0
15039 24 -1.5 0 S1_0
15041 24 -1.5 120.958991269777 S1_0
15023 25 -1.5 0 S1_0
15024 25 -1.5 0 S1_0
15025 25 -1.5 0 S1_0
15026 25 -1.5 0 S1_0
15027 25 -1.5 0 S1_0
15028 25 -1.5 0 S1_0
15029 25 -1.5 0 S1_0
15030 25 -1.5 0 S1_0
15032 25 -1.5 0 S1_0
15033 25 -1.5 0 S1_0
15035 25 -1.5 0 S1_0
15036 25 -1.5 0 S1_0
15037 25 -1.5 0 S1_0
15039 25 -1.5 0 S1_0
15041 25 -1.5 0 S1_0
15023 26 -1.5 530.677433692789 S1_0
15024 26 -1.5 94.9761153096154 S1_0
15025 26 -1.5 250.363249764235 S1_0
15026 26 -1.5 15.9018897015003 S1_0
15027 26 -1.5 75.462566574202 S1_0
15028 26 -1.5 1.89418264758937 S1_0
15029 26 -1.5 388.854381553768 S1_0
15030 26 -1.5 0 S1_0
15032 26 -1.5 142.993629051289 S1_0
15033 26 -1.5 127.018471587103 S1_0
15035 26 -1.5 51.6989212049933 S1_0
15036 26 -1.5 187.278327476265 S1_0
15037 26 -1.5 0 S1_0
15039 26 -1.5 3.04632345637507 S1_0
15041 26 -1.5 206.764100689002 S1_0
15023 27 -1.5 0 S1_0
15024 27 -1.5 0 S1_0
15025 27 -1.5 0 S1_0
15026 27 -1.5 0 S1_0
15027 27 -1.5 0 S1_0
15028 27 -1.5 0 S1_0
15029 27 -1.5 0 S1_0
15030 27 -1.5 0 S1_0
15032 27 -1.5 0 S1_0
15033 27 -1.5 0 S1_0
15035 27 -1.5 0 S1_0
15036 27 -1.5 0 S1_0
15037 27 -1.5 0 S1_0
15039 27 -1.5 0 S1_0
15041 27 -1.5 0 S1_0
15023 28 -1.5 571.718290183765 S1_0
15024 28 -1.5 109.725678152145 S1_0
15025 28 -1.5 293.230929725546 S1_0
15026 28 -1.5 36.6285653015787 S1_0
15027 28 -1.5 94.2210046717225 S1_0
15028 28 -1.5 3.9196494653962 S1_0
15029 28 -1.5 443.03037586602 S1_0
15030 28 -1.5 0 S1_0
15032 28 -1.5 165.659534612321 S1_0
15033 28 -1.5 152.514965554401 S1_0
15035 28 -1.5 66.0047928735522 S1_0
15036 28 -1.5 208.65241010955 S1_0
15037 28 -1.5 0 S1_0
15039 28 -1.5 6.54724705404437 S1_0
15041 28 -1.5 236.987237807086 S1_0
15023 29 -1.5 160.123112419874 S1_0
15024 29 -1.5 0 S1_0
15025 29 -1.5 0 S1_0
15026 29 -1.5 0 S1_0
15027 29 -1.5 0 S1_0
15028 29 -1.5 0 S1_0
15029 29 -1.5 34.3745393976374 S1_0
15030 29 -1.5 0 S1_0
15032 29 -1.5 0 S1_0
15033 29 -1.5 0 S1_0
15035 29 -1.5 0 S1_0
15036 29 -1.5 13.6347998745757 S1_0
15037 29 -1.5 0 S1_0
15039 29 -1.5 0 S1_0
15041 29 -1.5 2.32717525710078 S1_0
15023 30 -1.5 0 S1_0
15024 30 -1.5 0 S1_0
15025 30 -1.5 0 S1_0
15026 30 -1.5 0 S1_0
15027 30 -1.5 0 S1_0
15028 30 -1.5 0 S1_0
15029 30 -1.5 0 S1_0
15030 30 -1.5 0 S1_0
15032 30 -1.5 0 S1_0
15033 30 -1.5 0 S1_0
15035 30 -1.5 0 S1_0
15036 30 -1.5 0 S1_0
15037 30 -1.5 0 S1_0
15039 30 -1.5 0 S1_0
15041 30 -1.5 0 S1_0
15023 31 -1.5 86.0666422489947 S1_0
15024 31 -1.5 0 S1_0
15025 31 -1.5 0 S1_0
15026 31 -1.5 0 S1_0
15027 31 -1.5 0 S1_0
15028 31 -1.5 0 S1_0
15029 31 -1.5 0 S1_0
15030 31 -1.5 0 S1_0
15032 31 -1.5 0 S1_0
15033 31 -1.5 0 S1_0
15035 31 -1.5 0 S1_0
15036 31 -1.5 0 S1_0
15037 31 -1.5 0 S1_0
15039 31 -1.5 0 S1_0
15041 31 -1.5 0 S1_0
15023 1 -3 37.4005738070539 S1_0
15024 1 -3 0 S1_0
15025 1 -3 4.33787322405545 S1_0
15026 1 -3 0 S1_0
15027 1 -3 0 S1_0
15028 1 -3 0 S1_0
15029 1 -3 10.1091140930319 S1_0
15030 1 -3 0 S1_0
15032 1 -3 0 S1_0
15033 1 -3 0 S1_0
15035 1 -3 0 S1_0
15036 1 -3 0 S1_0
15037 1 -3 0 S1_0
15039 1 -3 0 S1_0
15041 1 -3 0 S1_0
15023 2 -3 0 S1_0
15024 2 -3 0 S1_0
15025 2 -3 0 S1_0
15026 2 -3 0 S1_0
15027 2 -3 0 S1_0
15028 2 -3 0 S1_0
15029 2 -3 0 S1_0
15030 2 -3 0 S1_0
15032 2 -3 0 S1_0
15033 2 -3 0 S1_0
15035 2 -3 0 S1_0
15036 2 -3 0 S1_0
15037 2 -3 0 S1_0
15039 2 -3 0 S1_0
15041 2 -3 0 S1_0
15023 3 -3 0 S1_0
15024 3 -3 0 S1_0
15025 3 -3 0 S1_0
15026 3 -3 0 S1_0
15027 3 -3 0 S1_0
15028 3 -3 0 S1_0
15029 3 -3 0 S1_0
15030 3 -3 0 S1_0
15032 3 -3 0 S1_0
15033 3 -3 0 S1_0
15035 3 -3 0 S1_0
15036 3 -3 0 S1_0
15037 3 -3 0 S1_0
15039 3 -3 0 S1_0
15041 3 -3 0 S1_0
15023 4 -3 26.9004638367418 S1_0
15024 4 -3 0 S1_0
15025 4 -3 0 S1_0
15026 4 -3 0 S1_0
15027 4 -3 0 S1_0
15028 4 -3 0 S1_0
15029 4 -3 0 S1_0
15030 4 -3 0 S1_0
15032 4 -3 0 S1_0
15033 4 -3 0 S1_0
15035 4 -3 0 S1_0
15036 4 -3 0 S1_0
15037 4 -3 0 S1_0
15039 4 -3 0 S1_0
15041 4 -3 0 S1_0
15023 5 -3 0 S1_0
15024 5 -3 0 S1_0
15025 5 -3 0 S1_0
15026 5 -3 0 S1_0
15027 5 -3 0 S1_0
15028 5 -3 0 S1_0
15029 5 -3 0 S1_0
15030 5 -3 0 S1_0
15032 5 -3 0 S1_0
15033 5 -3 0 S1_0
15035 5 -3 0 S1_0
15036 5 -3 0 S1_0
15037 5 -3 0 S1_0
15039 5 -3 0 S1_0
15041 5 -3 0 S1_0
15023 6 -3 196.308419457293 S1_0
15024 6 -3 1.0758488066829 S1_0
15025 6 -3 10.6478237110273 S1_0
15026 6 -3 0 S1_0
15027 6 -3 0 S1_0
15028 6 -3 0 S1_0
15029 6 -3 68.490058199734 S1_0
15030 6 -3 0 S1_0
15032 6 -3 0 S1_0
15033 6 -3 0 S1_0
15035 6 -3 0 S1_0
15036 6 -3 38.056145717864 S1_0
15037 6 -3 0 S1_0
15039 6 -3 0 S1_0
15041 6 -3 12.7544146604247 S1_0
15023 7 -3 0 S1_0
15024 7 -3 0 S1_0
15025 7 -3 0 S1_0
15026 7 -3 0 S1_0
15027 7 -3 0 S1_0
15028 7 -3 0 S1_0
15029 7 -3 0 S1_0
15030 7 -3 0 S1_0
15032 7 -3 0 S1_0
15033 7 -3 0 S1_0
15035 7 -3 0 S1_0
15036 7 -3 0 S1_0
15037 7 -3 0 S1_0
15039 7 -3 0 S1_0
15041 7 -3 0 S1_0
15023 8 -3 147.716590703892 S1_0
15024 8 -3 1.0973852860094 S1_0
15025 8 -3 45.9788110610584 S1_0
15026 8 -3 0 S1_0
15027 8 -3 0 S1_0
15028 8 -3 0 S1_0
15029 8 -3 78.7778739254003 S1_0
15030 8 -3 0 S1_0
15032 8 -3 1.51878183247766 S1_0
15033 8 -3 0 S1_0
15035 8 -3 0 S1_0
15036 8 -3 13.7891328638415 S1_0
15037 8 -3 0 S1_0
15039 8 -3 0 S1_0
15041 8 -3 28.3812557080714 S1_0
15023 9 -3 83.0437882789133 S1_0
15024 9 -3 0 S1_0
15025 9 -3 0 S1_0
15026 9 -3 0 S1_0
15027 9 -3 0 S1_0
15028 9 -3 0 S1_0
15029 9 -3 1.87303051772336 S1_0
15030 9 -3 0 S1_0
15032 9 -3 0 S1_0
15033 9 -3 0 S1_0
15035 9 -3 0 S1_0
15036 9 -3 0 S1_0
15037 9 -3 0 S1_0
15039 9 -3 0 S1_0
15041 9 -3 0 S1_0
15023 10 -3 134.424924677278 S1_0
15024 10 -3 0 S1_0
15025 10 -3 28.26671789673 S1_0
15026 10 -3 0 S1_0
15027 10 -3 0 S1_0
15028 10 -3 0 S1_0
15029 10 -3 61.9436374013239 S1_0
15030 10 -3 0 S1_0
15032 10 -3 0 S1_0
15033 10 -3 0 S1_0
15035 10 -3 0 S1_0
15036 10 -3 7.62093423016546 S1_0
15037 10 -3 0 S1_0
15039 10 -3 0 S1_0
15041 10 -3 14.9273293982476 S1_0
15023 11 -3 0 S1_0
15024 11 -3 0 S1_0
15025 11 -3 0 S1_0
15026 11 -3 0 S1_0
15027 11 -3 0 S1_0
15028 11 -3 0 S1_0
15029 11 -3 0 S1_0
15030 11 -3 0 S1_0
15032 11 -3 0 S1_0
15033 11 -3 0 S1_0
15035 11 -3 0 S1_0
15036 11 -3 0 S1_0
15037 11 -3 0 S1_0
15039 11 -3 0 S1_0
15041 11 -3 0 S1_0
15023 12 -3 0 S1_0
15024 12 -3 0 S1_0
15025 12 -3 0 S1_0
15026 12 -3 0 S1_0
15027 12 -3 0 S1_0
15028 12 -3 0 S1_0
15029 12 -3 0 S1_0
15030 12 -3 0 S1_0
15032 12 -3 0 S1_0
15033 12 -3 0 S1_0
15035 12 -3 0 S1_0
15036 12 -3 0 S1_0
15037 12 -3 0 S1_0
15039 12 -3 0 S1_0
15041 12 -3 0 S1_0
15023 13 -3 3.80109215193467 S1_0
15024 13 -3 0 S1_0
15025 13 -3 0 S1_0
15026 13 -3 0 S1_0
15027 13 -3 0 S1_0
15028 13 -3 0 S1_0
15029 13 -3 0 S1_0
15030 13 -3 0 S1_0
15032 13 -3 0 S1_0
15033 13 -3 0 S1_0
15035 13 -3 0 S1_0
15036 13 -3 0 S1_0
15037 13 -3 0 S1_0
15039 13 -3 0 S1_0
15041 13 -3 0 S1_0
15023 14 -3 0 S1_0
15024 14 -3 0 S1_0
15025 14 -3 0 S1_0
15026 14 -3 0 S1_0
15027 14 -3 0 S1_0
15028 14 -3 0 S1_0
15029 14 -3 0 S1_0
15030 14 -3 0 S1_0
15032 14 -3 0 S1_0
15033 14 -3 0 S1_0
15035 14 -3 0 S1_0
15036 14 -3 0 S1_0
15037 14 -3 0 S1_0
15039 14 -3 0 S1_0
15041 14 -3 0 S1_0
15023 15 -3 408.534453498836 S1_0
15024 15 -3 68.0766454700526 S1_0
15025 15 -3 178.536871657927 S1_0
15026 15 -3 0 S1_0
15027 15 -3 46.9699419205195 S1_0
15028 15 -3 12.7238949108341 S1_0
15029 15 -3 253.985305418715 S1_0
15030 15 -3 1.23966940727911 S1_0
15032 15 -3 65.1155236199843 S1_0
15033 15 -3 65.374796308263 S1_0
15035 15 -3 13.9592774962821 S1_0
15036 15 -3 156.298747724602 S1_0
15037 15 -3 7.95403214543735 S1_0
15039 15 -3 0 S1_0
15041 15 -3 137.7978991786 S1_0
15023 16 -3 215.412191178054 S1_0
15024 16 -3 18.1282750579918 S1_0
15025 16 -3 113.256243276843 S1_0
15026 16 -3 0 S1_0
15027 16 -3 0 S1_0
15028 16 -3 0 S1_0
15029 16 -3 150.027073544256 S1_0
15030 16 -3 1.5172599295755 S1_0
15032 16 -3 43.7264523765059 S1_0
15033 16 -3 27.8630311055769 S1_0
15035 16 -3 0 S1_0
15036 16 -3 55.2613009132917 S1_0
15037 16 -3 0 S1_0
15039 16 -3 0 S1_0
15041 16 -3 77.3913339639502 S1_0
15023 17 -3 132.058522653496 S1_0
15024 17 -3 0 S1_0
15025 17 -3 0 S1_0
15026 17 -3 0 S1_0
15027 17 -3 0 S1_0
15028 17 -3 0 S1_0
15029 17 -3 10.2128305130291 S1_0
15030 17 -3 0 S1_0
15032 17 -3 0 S1_0
15033 17 -3 0 S1_0
15035 17 -3 0 S1_0
15036 17 -3 3.64449449058421 S1_0
15037 17 -3 0 S1_0
15039 17 -3 0 S1_0
15041 17 -3 0 S1_0
15023 18 -3 4.70801113179374 S1_0
15024 18 -3 0 S1_0
15025 18 -3 0 S1_0
15026 18 -3 0 S1_0
15027 18 -3 0 S1_0
15028 18 -3 0 S1_0
15029 18 -3 0 S1_0
15030 18 -3 0 S1_0
15032 18 -3 0 S1_0
15033 18 -3 0 S1_0
15035 18 -3 0 S1_0
15036 18 -3 0 S1_0
15037 18 -3 0 S1_0
15039 18 -3 0 S1_0
15041 18 -3 0 S1_0
15023 19 -3 136.139897760433 S1_0
15024 19 -3 0 S1_0
15025 19 -3 19.1054935905557 S1_0
15026 19 -3 0 S1_0
15027 19 -3 0 S1_0
15028 19 -3 0 S1_0
15029 19 -3 54.7994347837244 S1_0
15030 19 -3 0 S1_0
15032 19 -3 0 S1_0
15033 19 -3 0 S1_0
15035 19 -3 0 S1_0
15036 19 -3 7.91721544649906 S1_0
15037 19 -3 0 S1_0
15039 19 -3 0 S1_0
15041 19 -3 10.7669816151285 S1_0
15023 20 -3 332.480522217369 S1_0
15024 20 -3 51.6759481688389 S1_0
15025 20 -3 165.579573439888 S1_0
15026 20 -3 0 S1_0
15027 20 -3 17.5564308275804 S1_0
15028 20 -3 1.47882594266984 S1_0
15029 20 -3 220.736067416918 S1_0
15030 20 -3 7.36650208523794 S1_0
15032 20 -3 77.3676836216314 S1_0
15033 20 -3 62.3088433364283 S1_0
15035 20 -3 8.58724716347106 S1_0
15036 20 -3 115.177574266415 S1_0
15037 20 -3 2.18085299793535 S1_0
15039 20 -3 0 S1_0
15041 20 -3 121.764917561992 S1_0
15023 21 -3 98.8670753669236 S1_0
15024 21 -3 0 S1_0
15025 21 -3 3.936017906479 S1_0
15026 21 -3 0 S1_0
15027 21 -3 0 S1_0
15028 21 -3 0 S1_0
15029 21 -3 24.271570664265 S1_0
15030 21 -3 0 S1_0
15032 21 -3 0 S1_0
15033 21 -3 0 S1_0
15035 21 -3 0 S1_0
15036 21 -3 1.17657023252788 S1_0
15037 21 -3 0 S1_0
15039 21 -3 0 S1_0
15041 21 -3 1.80660914482468 S1_0
15023 22 -3 133.73711453568 S1_0
15024 22 -3 1.0264595677944 S1_0
15025 22 -3 64.1950024485017 S1_0
15026 22 -3 0 S1_0
15027 22 -3 0 S1_0
15028 22 -3 0 S1_0
15029 22 -3 90.0774378571685 S1_0
15030 22 -3 0 S1_0
15032 22 -3 8.78515264691207 S1_0
15033 22 -3 2.67539173606917 S1_0
15035 22 -3 0 S1_0
15036 22 -3 7.85639334877112 S1_0
15037 22 -3 0 S1_0
15039 22 -3 0 S1_0
15041 22 -3 34.3553471468655 S1_0
15023 23 -3 134.746423422432 S1_0
15024 23 -3 0 S1_0
15025 23 -3 2.59012664020218 S1_0
15026 23 -3 0 S1_0
15027 23 -3 0 S1_0
15028 23 -3 0 S1_0
15029 23 -3 32.4190056318965 S1_0
15030 23 -3 0 S1_0
15032 23 -3 0 S1_0
15033 23 -3 0 S1_0
15035 23 -3 0 S1_0
15036 23 -3 5.91049012198997 S1_0
15037 23 -3 0 S1_0
15039 23 -3 0 S1_0
15041 23 -3 2.08268767063051 S1_0
15023 24 -3 118.561259030532 S1_0
15024 24 -3 0 S1_0
15025 24 -3 18.1910155003002 S1_0
15026 24 -3 0 S1_0
15027 24 -3 0 S1_0
15028 24 -3 0 S1_0
15029 24 -3 49.0582753681095 S1_0
15030 24 -3 0 S1_0
15032 24 -3 0 S1_0
15033 24 -3 0 S1_0
15035 24 -3 0 S1_0
15036 24 -3 3.46427259445096 S1_0
15037 24 -3 0 S1_0
15039 24 -3 0 S1_0
15041 24 -3 7.85573476574537 S1_0
15023 25 -3 0 S1_0
15024 25 -3 0 S1_0
15025 25 -3 0 S1_0
15026 25 -3 0 S1_0
15027 25 -3 0 S1_0
15028 25 -3 0 S1_0
15029 25 -3 0 S1_0
15030 25 -3 0 S1_0
15032 25 -3 0 S1_0
15033 25 -3 0 S1_0
15035 25 -3 0 S1_0
15036 25 -3 0 S1_0
15037 25 -3 0 S1_0
15039 25 -3 0 S1_0
15041 25 -3 0 S1_0
15023 26 -3 191.399120390791 S1_0
15024 26 -3 9.39406329603628 S1_0
15025 26 -3 97.2896342629408 S1_0
15026 26 -3 0 S1_0
15027 26 -3 0 S1_0
15028 26 -3 0 S1_0
15029 26 -3 131.788698840229 S1_0
15030 26 -3 0 S1_0
15032 26 -3 31.4476306624666 S1_0
15033 26 -3 15.9676025947941 S1_0
15035 26 -3 0 S1_0
15036 26 -3 39.8383846393934 S1_0
15037 26 -3 0 S1_0
15039 26 -3 0 S1_0
15041 26 -3 63.0628793752213 S1_0
15023 27 -3 0 S1_0
15024 27 -3 0 S1_0
15025 27 -3 0 S1_0
15026 27 -3 0 S1_0
15027 27 -3 0 S1_0
15028 27 -3 0 S1_0
15029 27 -3 0 S1_0
15030 27 -3 0 S1_0
15032 27 -3 0 S1_0
15033 27 -3 0 S1_0
15035 27 -3 0 S1_0
15036 27 -3 0 S1_0
15037 27 -3 0 S1_0
15039 27 -3 0 S1_0
15041 27 -3 0 S1_0
15023 28 -3 231.458804351006 S1_0
15024 28 -3 23.4771611348884 S1_0
15025 28 -3 129.510562124693 S1_0
15026 28 -3 0 S1_0
15027 28 -3 1.78974976561274 S1_0
15028 28 -3 0 S1_0
15029 28 -3 168.132550624034 S1_0
15030 28 -3 7.99722157561707 S1_0
15032 28 -3 53.363340364712 S1_0
15033 28 -3 39.2658962729152 S1_0
15035 28 -3 0 S1_0
15036 28 -3 63.1762222965993 S1_0
15037 28 -3 0 S1_0
15039 28 -3 0 S1_0
15041 28 -3 85.787389413845 S1_0
15023 29 -3 2.35756303563394 S1_0
15024 29 -3 0 S1_0
15025 29 -3 0 S1_0
15026 29 -3 0 S1_0
15027 29 -3 0 S1_0
15028 29 -3 0 S1_0
15029 29 -3 0 S1_0
15030 29 -3 0 S1_0
15032 29 -3 0 S1_0
15033 29 -3 0 S1_0
15035 29 -3 0 S1_0
15036 29 -3 0 S1_0
15037 29 -3 0 S1_0
15039 29 -3 0 S1_0
15041 29 -3 0 S1_0
15023 30 -3 0 S1_0
15024 30 -3 0 S1_0
15025 30 -3 0 S1_0
15026 30 -3 0 S1_0
15027 30 -3 0 S1_0
15028 30 -3 0 S1_0
15029 30 -3 0 S1_0
15030 30 -3 0 S1_0
15032 30 -3 0 S1_0
15033 30 -3 0 S1_0
15035 30 -3 0 S1_0
15036 30 -3 0 S1_0
15037 30 -3 0 S1_0
15039 30 -3 0 S1_0
15041 30 -3 0 S1_0
15023 31 -3 1.33656084313775 S1_0
15024 31 -3 0 S1_0
15025 31 -3 0 S1_0
15026 31 -3 0 S1_0
15027 31 -3 0 S1_0
15028 31 -3 0 S1_0
15029 31 -3 0 S1_0
15030 31 -3 0 S1_0
15032 31 -3 0 S1_0
15033 31 -3 0 S1_0
15035 31 -3 0 S1_0
15036 31 -3 0 S1_0
15037 31 -3 0 S1_0
15039 31 -3 0 S1_0
15041 31 -3 0 S1_0
15023 1 -5 0 S1_0
15024 1 -5 0 S1_0
15025 1 -5 0 S1_0
15026 1 -5 0 S1_0
15027 1 -5 0 S1_0
15028 1 -5 0 S1_0
15029 1 -5 0 S1_0
15030 1 -5 0 S1_0
15032 1 -5 0 S1_0
15033 1 -5 0 S1_0
15035 1 -5 0 S1_0
15036 1 -5 0 S1_0
15037 1 -5 0 S1_0
15039 1 -5 0 S1_0
15041 1 -5 0 S1_0
15023 2 -5 0 S1_0
15024 2 -5 0 S1_0
15025 2 -5 0 S1_0
15026 2 -5 0 S1_0
15027 2 -5 0 S1_0
15028 2 -5 0 S1_0
15029 2 -5 0 S1_0
15030 2 -5 0 S1_0
15032 2 -5 0 S1_0
15033 2 -5 0 S1_0
15035 2 -5 0 S1_0
15036 2 -5 0 S1_0
15037 2 -5 0 S1_0
15039 2 -5 0 S1_0
15041 2 -5 0 S1_0
15023 3 -5 0 S1_0
15024 3 -5 0 S1_0
15025 3 -5 0 S1_0
15026 3 -5 0 S1_0
15027 3 -5 0 S1_0
15028 3 -5 0 S1_0
15029 3 -5 0 S1_0
15030 3 -5 0 S1_0
15032 3 -5 0 S1_0
15033 3 -5 0 S1_0
15035 3 -5 0 S1_0
15036 3 -5 0 S1_0
15037 3 -5 0 S1_0
15039 3 -5 0 S1_0
15041 3 -5 0 S1_0
15023 4 -5 0 S1_0
15024 4 -5 0 S1_0
15025 4 -5 0 S1_0
15026 4 -5 0 S1_0
15027 4 -5 0 S1_0
15028 4 -5 0 S1_0
15029 4 -5 0 S1_0
15030 4 -5 0 S1_0
15032 4 -5 0 S1_0
15033 4 -5 0 S1_0
15035 4 -5 0 S1_0
15036 4 -5 0 S1_0
15037 4 -5 0 S1_0
15039 4 -5 0 S1_0
15041 4 -5 0 S1_0
15023 5 -5 0 S1_0
15024 5 -5 0 S1_0
15025 5 -5 0 S1_0
15026 5 -5 0 S1_0
15027 5 -5 0 S1_0
15028 5 -5 0 S1_0
15029 5 -5 0 S1_0
15030 5 -5 0 S1_0
15032 5 -5 0 S1_0
15033 5 -5 0 S1_0
15035 5 -5 0 S1_0
15036 5 -5 0 S1_0
15037 5 -5 0 S1_0
15039 5 -5 0 S1_0
15041 5 -5 0 S1_0
15023 6 -5 77.123931932174 S1_0
15024 6 -5 0 S1_0
15025 6 -5 0 S1_0
15026 6 -5 0 S1_0
15027 6 -5 0 S1_0
15028 6 -5 0 S1_0
15029 6 -5 1.38732463471676 S1_0
15030 6 -5 0 S1_0
15032 6 -5 0 S1_0
15033 6 -5 0 S1_0
15035 6 -5 0 S1_0
15036 6 -5 0 S1_0
15037 6 -5 0 S1_0
15039 6 -5 0 S1_0
15041 6 -5 0 S1_0
15023 7 -5 0 S1_0
15024 7 -5 0 S1_0
15025 7 -5 0 S1_0
15026 7 -5 0 S1_0
15027 7 -5 0 S1_0
15028 7 -5 0 S1_0
15029 7 -5 0 S1_0
15030 7 -5 0 S1_0
15032 7 -5 0 S1_0
15033 7 -5 0 S1_0
15035 7 -5 0 S1_0
15036 7 -5 0 S1_0
15037 7 -5 0 S1_0
15039 7 -5 0 S1_0
15041 7 -5 0 S1_0
15023 8 -5 0 S1_0
15024 8 -5 0 S1_0
15025 8 -5 0 S1_0
15026 8 -5 0 S1_0
15027 8 -5 0 S1_0
15028 8 -5 0 S1_0
15029 8 -5 0 S1_0
15030 8 -5 0 S1_0
15032 8 -5 0 S1_0
15033 8 -5 0 S1_0
15035 8 -5 0 S1_0
15036 8 -5 0 S1_0
15037 8 -5 0 S1_0
15039 8 -5 0 S1_0
15041 8 -5 0 S1_0
15023 9 -5 0 S1_0
15024 9 -5 0 S1_0
15025 9 -5 0 S1_0
15026 9 -5 0 S1_0
15027 9 -5 0 S1_0
15028 9 -5 0 S1_0
15029 9 -5 0 S1_0
15030 9 -5 0 S1_0
15032 9 -5 0 S1_0
15033 9 -5 0 S1_0
15035 9 -5 0 S1_0
15036 9 -5 0 S1_0
15037 9 -5 0 S1_0
15039 9 -5 0 S1_0
15041 9 -5 0 S1_0
15023 10 -5 0 S1_0
15024 10 -5 0 S1_0
15025 10 -5 0 S1_0
15026 10 -5 0 S1_0
15027 10 -5 0 S1_0
15028 10 -5 0 S1_0
15029 10 -5 0 S1_0
15030 10 -5 0 S1_0
15032 10 -5 0 S1_0
15033 10 -5 0 S1_0
15035 10 -5 0 S1_0
15036 10 -5 0 S1_0
15037 10 -5 0 S1_0
15039 10 -5 0 S1_0
15041 10 -5 0 S1_0
15023 11 -5 0 S1_0
15024 11 -5 0 S1_0
15025 11 -5 0 S1_0
15026 11 -5 0 S1_0
15027 11 -5 0 S1_0
15028 11 -5 0 S1_0
15029 11 -5 0 S1_0
15030 11 -5 0 S1_0
15032 11 -5 0 S1_0
15033 11 -5 0 S1_0
15035 11 -5 0 S1_0
15036 11 -5 0 S1_0
15037 11 -5 0 S1_0
15039 11 -5 0 S1_0
15041 11 -5 0 S1_0
15023 12 -5 0 S1_0
15024 12 -5 0 S1_0
15025 12 -5 0 S1_0
15026 12 -5 0 S1_0
15027 12 -5 0 S1_0
15028 12 -5 0 S1_0
15029 12 -5 0 S1_0
15030 12 -5 0 S1_0
15032 12 -5 0 S1_0
15033 12 -5 0 S1_0
15035 12 -5 0 S1_0
15036 12 -5 0 S1_0
15037 12 -5 0 S1_0
15039 12 -5 0 S1_0
15041 12 -5 0 S1_0
15023 13 -5 0 S1_0
15024 13 -5 0 S1_0
15025 13 -5 0 S1_0
15026 13 -5 0 S1_0
15027 13 -5 0 S1_0
15028 13 -5 0 S1_0
15029 13 -5 0 S1_0
15030 13 -5 0 S1_0
15032 13 -5 0 S1_0
15033 13 -5 0 S1_0
15035 13 -5 0 S1_0
15036 13 -5 0 S1_0
15037 13 -5 0 S1_0
15039 13 -5 0 S1_0
15041 13 -5 0 S1_0
15023 14 -5 0 S1_0
15024 14 -5 0 S1_0
15025 14 -5 0 S1_0
15026 14 -5 0 S1_0
15027 14 -5 0 S1_0
15028 14 -5 0 S1_0
15029 14 -5 0 S1_0
15030 14 -5 0 S1_0
15032 14 -5 0 S1_0
15033 14 -5 0 S1_0
15035 14 -5 0 S1_0
15036 14 -5 0 S1_0
15037 14 -5 0 S1_0
15039 14 -5 0 S1_0
15041 14 -5 0 S1_0
15023 15 -5 220.347533577869 S1_0
15024 15 -5 12.1573553173139 S1_0
15025 15 -5 86.2185011369664 S1_0
15026 15 -5 0 S1_0
15027 15 -5 0 S1_0
15028 15 -5 0 S1_0
15029 15 -5 132.600553050724 S1_0
15030 15 -5 0 S1_0
15032 15 -5 6.66593242150037 S1_0
15033 15 -5 5.24735940334687 S1_0
15035 15 -5 0 S1_0
15036 15 -5 61.5252166755196 S1_0
15037 15 -5 9.15727581338704 S1_0
15039 15 -5 0 S1_0
15041 15 -5 60.236010326043 S1_0
15023 16 -5 21.7519527917327 S1_0
15024 16 -5 0 S1_0
15025 16 -5 1.02502380252747 S1_0
15026 16 -5 0 S1_0
15027 16 -5 0 S1_0
15028 16 -5 0 S1_0
15029 16 -5 2.63292126746765 S1_0
15030 16 -5 0 S1_0
15032 16 -5 0 S1_0
15033 16 -5 0 S1_0
15035 16 -5 0 S1_0
15036 16 -5 0 S1_0
15037 16 -5 0 S1_0
15039 16 -5 0 S1_0
15041 16 -5 0 S1_0
15023 17 -5 45.7763281297032 S1_0
15024 17 -5 0 S1_0
15025 17 -5 0 S1_0
15026 17 -5 0 S1_0
15027 17 -5 0 S1_0
15028 17 -5 0 S1_0
15029 17 -5 0 S1_0
15030 17 -5 0 S1_0
15032 17 -5 0 S1_0
15033 17 -5 0 S1_0
15035 17 -5 0 S1_0
15036 17 -5 0 S1_0
15037 17 -5 0 S1_0
15039 17 -5 0 S1_0
15041 17 -5 0 S1_0
15023 18 -5 0 S1_0
15024 18 -5 0 S1_0
15025 18 -5 0 S1_0
15026 18 -5 0 S1_0
15027 18 -5 0 S1_0
15028 18 -5 0 S1_0
15029 18 -5 0 S1_0
15030 18 -5 0 S1_0
15032 18 -5 0 S1_0
15033 18 -5 0 S1_0
15035 18 -5 0 S1_0
15036 18 -5 0 S1_0
15037 18 -5 0 S1_0
15039 18 -5 0 S1_0
15041 18 -5 0 S1_0
15023 19 -5 0 S1_0
15024 19 -5 0 S1_0
15025 19 -5 0 S1_0
15026 19 -5 0 S1_0
15027 19 -5 0 S1_0
15028 19 -5 0 S1_0
15029 19 -5 0 S1_0
15030 19 -5 0 S1_0
15032 19 -5 0 S1_0
15033 19 -5 0 S1_0
15035 19 -5 0 S1_0
15036 19 -5 0 S1_0
15037 19 -5 0 S1_0
15039 19 -5 0 S1_0
15041 19 -5 0 S1_0
15023 20 -5 130.431023392792 S1_0
15024 20 -5 0 S1_0
15025 20 -5 48.6548931574095 S1_0
15026 20 -5 0 S1_0
15027 20 -5 0 S1_0
15028 20 -5 0 S1_0
15029 20 -5 75.3089854502682 S1_0
15030 20 -5 0 S1_0
15032 20 -5 3.06509912000127 S1_0
15033 20 -5 0 S1_0
15035 20 -5 0 S1_0
15036 20 -5 7.22121691955213 S1_0
15037 20 -5 0 S1_0
15039 20 -5 0 S1_0
15041 20 -5 25.7655869990913 S1_0
15023 21 -5 0 S1_0
15024 21 -5 0 S1_0
15025 21 -5 0 S1_0
15026 21 -5 0 S1_0
15027 21 -5 0 S1_0
15028 21 -5 0 S1_0
15029 21 -5 0 S1_0
15030 21 -5 0 S1_0
15032 21 -5 0 S1_0
15033 21 -5 0 S1_0
15035 21 -5 0 S1_0
15036 21 -5 0 S1_0
15037 21 -5 0 S1_0
15039 21 -5 0 S1_0
15041 21 -5 0 S1_0
15023 22 -5 0 S1_0
15024 22 -5 0 S1_0
15025 22 -5 0 S1_0
15026 22 -5 0 S1_0
15027 22 -5 0 S1_0
15028 22 -5 0 S1_0
15029 22 -5 0 S1_0
15030 22 -5 0 S1_0
15032 22 -5 0 S1_0
15033 22 -5 0 S1_0
15035 22 -5 0 S1_0
15036 22 -5 0 S1_0
15037 22 -5 0 S1_0
15039 22 -5 0 S1_0
15041 22 -5 0 S1_0
15023 23 -5 0 S1_0
15024 23 -5 0 S1_0
15025 23 -5 0 S1_0
15026 23 -5 0 S1_0
15027 23 -5 0 S1_0
15028 23 -5 0 S1_0
15029 23 -5 0 S1_0
15030 23 -5 0 S1_0
15032 23 -5 0 S1_0
15033 23 -5 0 S1_0
15035 23 -5 0 S1_0
15036 23 -5 0 S1_0
15037 23 -5 0 S1_0
15039 23 -5 0 S1_0
15041 23 -5 0 S1_0
15023 24 -5 0 S1_0
15024 24 -5 0 S1_0
15025 24 -5 0 S1_0
15026 24 -5 0 S1_0
15027 24 -5 0 S1_0
15028 24 -5 0 S1_0
15029 24 -5 0 S1_0
15030 24 -5 0 S1_0
15032 24 -5 0 S1_0
15033 24 -5 0 S1_0
15035 24 -5 0 S1_0
15036 24 -5 0 S1_0
15037 24 -5 0 S1_0
15039 24 -5 0 S1_0
15041 24 -5 0 S1_0
15023 25 -5 0 S1_0
15024 25 -5 0 S1_0
15025 25 -5 0 S1_0
15026 25 -5 0 S1_0
15027 25 -5 0 S1_0
15028 25 -5 0 S1_0
15029 25 -5 0 S1_0
15030 25 -5 0 S1_0
15032 25 -5 0 S1_0
15033 25 -5 0 S1_0
15035 25 -5 0 S1_0
15036 25 -5 0 S1_0
15037 25 -5 0 S1_0
15039 25 -5 0 S1_0
15041 25 -5 0 S1_0
15023 26 -5 3.94022596855789 S1_0
15024 26 -5 0 S1_0
15025 26 -5 0 S1_0
15026 26 -5 0 S1_0
15027 26 -5 0 S1_0
15028 26 -5 0 S1_0
15029 26 -5 0 S1_0
15030 26 -5 0 S1_0
15032 26 -5 0 S1_0
15033 26 -5 0 S1_0
15035 26 -5 0 S1_0
15036 26 -5 0 S1_0
15037 26 -5 0 S1_0
15039 26 -5 0 S1_0
15041 26 -5 0 S1_0
15023 27 -5 0 S1_0
15024 27 -5 0 S1_0
15025 27 -5 0 S1_0
15026 27 -5 0 S1_0
15027 27 -5 0 S1_0
15028 27 -5 0 S1_0
15029 27 -5 0 S1_0
15030 27 -5 0 S1_0
15032 27 -5 0 S1_0
15033 27 -5 0 S1_0
15035 27 -5 0 S1_0
15036 27 -5 0 S1_0
15037 27 -5 0 S1_0
15039 27 -5 0 S1_0
15041 27 -5 0 S1_0
15023 28 -5 25.2785363570594 S1_0
15024 28 -5 0 S1_0
15025 28 -5 1.82158421730249 S1_0
15026 28 -5 0 S1_0
15027 28 -5 0 S1_0
15028 28 -5 0 S1_0
15029 28 -5 4.46605719276266 S1_0
15030 28 -5 0 S1_0
15032 28 -5 0 S1_0
15033 28 -5 0 S1_0
15035 28 -5 0 S1_0
15036 28 -5 0 S1_0
15037 28 -5 0 S1_0
15039 28 -5 0 S1_0
15041 28 -5 0 S1_0
15023 29 -5 0 S1_0
15024 29 -5 0 S1_0
15025 29 -5 0 S1_0
15026 29 -5 0 S1_0
15027 29 -5 0 S1_0
15028 29 -5 0 S1_0
15029 29 -5 0 S1_0
15030 29 -5 0 S1_0
15032 29 -5 0 S1_0
15033 29 -5 0 S1_0
15035 29 -5 0 S1_0
15036 29 -5 0 S1_0
15037 29 -5 0 S1_0
15039 29 -5 0 S1_0
15041 29 -5 0 S1_0
15023 30 -5 0 S1_0
15024 30 -5 0 S1_0
15025 30 -5 0 S1_0
15026 30 -5 0 S1_0
15027 30 -5 0 S1_0
15028 30 -5 0 S1_0
15029 30 -5 0 S1_0
15030 30 -5 0 S1_0
15032 30 -5 0 S1_0
15033 30 -5 0 S1_0
15035 30 -5 0 S1_0
15036 30 -5 0 S1_0
15037 30 -5 0 S1_0
15039 30 -5 0 S1_0
15041 30 -5 0 S1_0
15023 31 -5 0 S1_0
15024 31 -5 0 S1_0
15025 31 -5 0 S1_0
15026 31 -5 0 S1_0
15027 31 -5 0 S1_0
15028 31 -5 0 S1_0
15029 31 -5 0 S1_0
15030 31 -5 0 S1_0
15032 31 -5 0 S1_0
15033 31 -5 0 S1_0
15035 31 -5 0 S1_0
15036 31 -5 0 S1_0
15037 31 -5 0 S1_0
15039 31 -5 0 S1_0
15041 31 -5 0 S1_0
