speciesID lakeID variable value scenario
16046 1 -0.5 124.80734614846 S1_0
16047 1 -0.5 317.330074712059 S1_0
16049 1 -0.5 108.947796726239 S1_0
16050 1 -0.5 388.813254916041 S1_0
16052 1 -0.5 675.79345259743 S1_0
16053 1 -0.5 0 S1_0
16054 1 -0.5 193.454918347561 S1_0
16055 1 -0.5 1106.14825341242 S1_0
16056 1 -0.5 0 S1_0
16057 1 -0.5 468.679671501651 S1_0
16058 1 -0.5 0 S1_0
16059 1 -0.5 9.21527812536724 S1_0
16060 1 -0.5 49.3537823730368 S1_0
16062 1 -0.5 146.871923295303 S1_0
16063 1 -0.5 52.5907555909586 S1_0
16046 2 -0.5 0 S1_0
16047 2 -0.5 27.9576606309614 S1_0
16049 2 -0.5 0 S1_0
16050 2 -0.5 0 S1_0
16052 2 -0.5 0 S1_0
16053 2 -0.5 0 S1_0
16054 2 -0.5 0 S1_0
16055 2 -0.5 4.03317584298077 S1_0
16056 2 -0.5 0 S1_0
16057 2 -0.5 119.198211215396 S1_0
16058 2 -0.5 0 S1_0
16059 2 -0.5 0 S1_0
16060 2 -0.5 0 S1_0
16062 2 -0.5 0 S1_0
16063 2 -0.5 0 S1_0
16046 3 -0.5 1.78181593777713 S1_0
16047 3 -0.5 85.9045526154181 S1_0
16049 3 -0.5 9.56616969291505 S1_0
16050 3 -0.5 0 S1_0
16052 3 -0.5 79.4073992403956 S1_0
16053 3 -0.5 0 S1_0
16054 3 -0.5 8.72153961005854 S1_0
16055 3 -0.5 126.185893604474 S1_0
16056 3 -0.5 0 S1_0
16057 3 -0.5 170.339038804397 S1_0
16058 3 -0.5 0 S1_0
16059 3 -0.5 0 S1_0
16060 3 -0.5 0 S1_0
16062 3 -0.5 11.237374316299 S1_0
16063 3 -0.5 0 S1_0
16046 4 -0.5 16.6973177084102 S1_0
16047 4 -0.5 137.022956132094 S1_0
16049 4 -0.5 34.0489432093075 S1_0
16050 4 -0.5 55.4977329905563 S1_0
16052 4 -0.5 224.873729790886 S1_0
16053 4 -0.5 0 S1_0
16054 4 -0.5 53.9437910230252 S1_0
16055 4 -0.5 302.847810558732 S1_0
16056 4 -0.5 0 S1_0
16057 4 -0.5 232.98243025879 S1_0
16058 4 -0.5 0 S1_0
16059 4 -0.5 0 S1_0
16060 4 -0.5 0 S1_0
16062 4 -0.5 43.405084964309 S1_0
16063 4 -0.5 0 S1_0
16046 5 -0.5 0 S1_0
16047 5 -0.5 0 S1_0
16049 5 -0.5 0 S1_0
16050 5 -0.5 0 S1_0
16052 5 -0.5 0 S1_0
16053 5 -0.5 0 S1_0
16054 5 -0.5 0 S1_0
16055 5 -0.5 0 S1_0
16056 5 -0.5 0 S1_0
16057 5 -0.5 25.1907216297637 S1_0
16058 5 -0.5 0 S1_0
16059 5 -0.5 0 S1_0
16060 5 -0.5 0 S1_0
16062 5 -0.5 0 S1_0
16063 5 -0.5 0 S1_0
16046 6 -0.5 19.9350369506817 S1_0
16047 6 -0.5 137.282475107717 S1_0
16049 6 -0.5 39.4839901516686 S1_0
16050 6 -0.5 29.2533742207882 S1_0
16052 6 -0.5 194.704074707909 S1_0
16053 6 -0.5 0 S1_0
16054 6 -0.5 52.732497557704 S1_0
16055 6 -0.5 255.135410529916 S1_0
16056 6 -0.5 0 S1_0
16057 6 -0.5 228.79858469202 S1_0
16058 6 -0.5 0 S1_0
16059 6 -0.5 0 S1_0
16060 6 -0.5 0 S1_0
16062 6 -0.5 48.1634395018804 S1_0
16063 6 -0.5 0 S1_0
16046 7 -0.5 0 S1_0
16047 7 -0.5 30.9279921257536 S1_0
16049 7 -0.5 0 S1_0
16050 7 -0.5 0 S1_0
16052 7 -0.5 0 S1_0
16053 7 -0.5 0 S1_0
16054 7 -0.5 0 S1_0
16055 7 -0.5 4.63931075543868 S1_0
16056 7 -0.5 0 S1_0
16057 7 -0.5 121.233869117462 S1_0
16058 7 -0.5 0 S1_0
16059 7 -0.5 0 S1_0
16060 7 -0.5 0 S1_0
16062 7 -0.5 0 S1_0
16063 7 -0.5 0 S1_0
16046 8 -0.5 55.208641202889 S1_0
16047 8 -0.5 186.816006693489 S1_0
16049 8 -0.5 62.1789139597587 S1_0
16050 8 -0.5 162.231305182677 S1_0
16052 8 -0.5 365.9166613847 S1_0
16053 8 -0.5 0 S1_0
16054 8 -0.5 94.5262383349489 S1_0
16055 8 -0.5 513.83717597669 S1_0
16056 8 -0.5 0 S1_0
16057 8 -0.5 299.309031015718 S1_0
16058 8 -0.5 0 S1_0
16059 8 -0.5 0 S1_0
16060 8 -0.5 0 S1_0
16062 8 -0.5 79.5313282241081 S1_0
16063 8 -0.5 0 S1_0
16046 9 -0.5 12.1393900672995 S1_0
16047 9 -0.5 126.318831776476 S1_0
16049 9 -0.5 30.685465694073 S1_0
16050 9 -0.5 21.0086439818562 S1_0
16052 9 -0.5 184.070056092299 S1_0
16053 9 -0.5 0 S1_0
16054 9 -0.5 43.4204361490269 S1_0
16055 9 -0.5 246.073326702475 S1_0
16056 9 -0.5 0 S1_0
16057 9 -0.5 218.215703452554 S1_0
16058 9 -0.5 0 S1_0
16059 9 -0.5 0 S1_0
16060 9 -0.5 0 S1_0
16062 9 -0.5 38.367276010575 S1_0
16063 9 -0.5 0 S1_0
16046 10 -0.5 58.925506286034 S1_0
16047 10 -0.5 191.851585795551 S1_0
16049 10 -0.5 62.982269484289 S1_0
16050 10 -0.5 155.333533169749 S1_0
16052 10 -0.5 359.288893680319 S1_0
16053 10 -0.5 0 S1_0
16054 10 -0.5 100.268917593608 S1_0
16055 10 -0.5 492.67856329519 S1_0
16056 10 -0.5 0 S1_0
16057 10 -0.5 299.571961944689 S1_0
16058 10 -0.5 0 S1_0
16059 10 -0.5 0 S1_0
16060 10 -0.5 0 S1_0
16062 10 -0.5 79.0043441085728 S1_0
16063 10 -0.5 0 S1_0
16046 11 -0.5 77.7308082029096 S1_0
16047 11 -0.5 255.256875499573 S1_0
16049 11 -0.5 72.8045980044633 S1_0
16050 11 -0.5 309.471310912825 S1_0
16052 11 -0.5 579.521723685347 S1_0
16053 11 -0.5 0 S1_0
16054 11 -0.5 138.326286865323 S1_0
16055 11 -0.5 930.582975799137 S1_0
16056 11 -0.5 0 S1_0
16057 11 -0.5 397.565738474128 S1_0
16058 11 -0.5 0 S1_0
16059 11 -0.5 1.09803424961733 S1_0
16060 11 -0.5 10.2143129338495 S1_0
16062 11 -0.5 103.673661441173 S1_0
16063 11 -0.5 14.0551666946733 S1_0
16046 12 -0.5 109.736007818265 S1_0
16047 12 -0.5 322.848484448172 S1_0
16049 12 -0.5 100.267014080987 S1_0
16050 12 -0.5 398.166003374929 S1_0
16052 12 -0.5 674.365256991769 S1_0
16053 12 -0.5 0 S1_0
16054 12 -0.5 179.992481677903 S1_0
16055 12 -0.5 1214.98925347286 S1_0
16056 12 -0.5 0 S1_0
16057 12 -0.5 503.522601775817 S1_0
16058 12 -0.5 0 S1_0
16059 12 -0.5 3.89236405348058 S1_0
16060 12 -0.5 44.7605902943314 S1_0
16062 12 -0.5 149.600034373604 S1_0
16063 12 -0.5 28.5705252720198 S1_0
16046 13 -0.5 0 S1_0
16047 13 -0.5 42.9994569683854 S1_0
16049 13 -0.5 2.12476712304683 S1_0
16050 13 -0.5 0 S1_0
16052 13 -0.5 64.4073781511504 S1_0
16053 13 -0.5 0 S1_0
16054 13 -0.5 0 S1_0
16055 13 -0.5 123.850103675457 S1_0
16056 13 -0.5 0 S1_0
16057 13 -0.5 147.504885831941 S1_0
16058 13 -0.5 0 S1_0
16059 13 -0.5 0 S1_0
16060 13 -0.5 0 S1_0
16062 13 -0.5 3.62342560825306 S1_0
16063 13 -0.5 0 S1_0
16046 14 -0.5 0 S1_0
16047 14 -0.5 71.5289605154581 S1_0
16049 14 -0.5 5.84597979615908 S1_0
16050 14 -0.5 0 S1_0
16052 14 -0.5 20.2168798989992 S1_0
16053 14 -0.5 0 S1_0
16054 14 -0.5 1.58931273284871 S1_0
16055 14 -0.5 74.2954106677712 S1_0
16056 14 -0.5 0 S1_0
16057 14 -0.5 154.589802439265 S1_0
16058 14 -0.5 0 S1_0
16059 14 -0.5 0 S1_0
16060 14 -0.5 0 S1_0
16062 14 -0.5 6.27036896635182 S1_0
16063 14 -0.5 0 S1_0
16046 15 -0.5 84.9039656661584 S1_0
16047 15 -0.5 215.031543154336 S1_0
16049 15 -0.5 80.5011251591067 S1_0
16050 15 -0.5 177.72374021483 S1_0
16052 15 -0.5 384.273074883825 S1_0
16053 15 -0.5 0 S1_0
16054 15 -0.5 123.876159102262 S1_0
16055 15 -0.5 516.575123812819 S1_0
16056 15 -0.5 0 S1_0
16057 15 -0.5 322.088617925644 S1_0
16058 15 -0.5 0 S1_0
16059 15 -0.5 2.15375836330609 S1_0
16060 15 -0.5 0 S1_0
16062 15 -0.5 97.3070921863273 S1_0
16063 15 -0.5 8.14507332812559 S1_0
16046 16 -0.5 101.024183726826 S1_0
16047 16 -0.5 251.84625559595 S1_0
16049 16 -0.5 92.6736025151173 S1_0
16050 16 -0.5 273.510838425584 S1_0
16052 16 -0.5 519.446324470175 S1_0
16053 16 -0.5 0 S1_0
16054 16 -0.5 147.734642292852 S1_0
16055 16 -0.5 775.158388501537 S1_0
16056 16 -0.5 0 S1_0
16057 16 -0.5 380.929971985952 S1_0
16058 16 -0.5 0 S1_0
16059 16 -0.5 3.91751303200685 S1_0
16060 16 -0.5 12.3985012315661 S1_0
16062 16 -0.5 118.526638771404 S1_0
16063 16 -0.5 17.0966972678098 S1_0
16046 17 -0.5 3.43333076355261 S1_0
16047 17 -0.5 97.2562470521221 S1_0
16049 17 -0.5 17.3925034970453 S1_0
16050 17 -0.5 0 S1_0
16052 17 -0.5 123.002298505989 S1_0
16053 17 -0.5 0 S1_0
16054 17 -0.5 14.5085115300102 S1_0
16055 17 -0.5 173.233401792214 S1_0
16056 17 -0.5 0 S1_0
16057 17 -0.5 188.753861769306 S1_0
16058 17 -0.5 0 S1_0
16059 17 -0.5 0 S1_0
16060 17 -0.5 0 S1_0
16062 17 -0.5 22.7482078918377 S1_0
16063 17 -0.5 0 S1_0
16046 18 -0.5 104.435389796222 S1_0
16047 18 -0.5 285.561783304817 S1_0
16049 18 -0.5 95.3956671380838 S1_0
16050 18 -0.5 349.298436934116 S1_0
16052 18 -0.5 620.177595819047 S1_0
16053 18 -0.5 0 S1_0
16054 18 -0.5 163.284789077076 S1_0
16055 18 -0.5 1027.30834098612 S1_0
16056 18 -0.5 0 S1_0
16057 18 -0.5 438.571493851965 S1_0
16058 18 -0.5 0 S1_0
16059 18 -0.5 3.79940840271136 S1_0
16060 18 -0.5 34.0789530899131 S1_0
16062 18 -0.5 131.882947103901 S1_0
16063 18 -0.5 24.0823566344463 S1_0
16046 19 -0.5 46.869310697196 S1_0
16047 19 -0.5 175.615401532006 S1_0
16049 19 -0.5 55.9278841203804 S1_0
16050 19 -0.5 125.159669322043 S1_0
16052 19 -0.5 316.85263549805 S1_0
16053 19 -0.5 0 S1_0
16054 19 -0.5 86.3641546319926 S1_0
16055 19 -0.5 429.2696764474 S1_0
16056 19 -0.5 0 S1_0
16057 19 -0.5 279.555753177596 S1_0
16058 19 -0.5 0 S1_0
16059 19 -0.5 0 S1_0
16060 19 -0.5 0 S1_0
16062 19 -0.5 70.0056992735388 S1_0
16063 19 -0.5 0 S1_0
16046 20 -0.5 94.2575234045948 S1_0
16047 20 -0.5 233.826393044603 S1_0
16049 20 -0.5 87.673200735822 S1_0
16050 20 -0.5 230.077016890467 S1_0
16052 20 -0.5 458.786333280058 S1_0
16053 20 -0.5 0 S1_0
16054 20 -0.5 135.929014711578 S1_0
16055 20 -0.5 652.850237714702 S1_0
16056 20 -0.5 0 S1_0
16057 20 -0.5 352.809469989266 S1_0
16058 20 -0.5 0 S1_0
16059 20 -0.5 3.07744470368697 S1_0
16060 20 -0.5 3.46972729096335 S1_0
16062 20 -0.5 109.146085821489 S1_0
16063 20 -0.5 10.9976123589518 S1_0
16046 21 -0.5 47.5092582028602 S1_0
16047 21 -0.5 178.07416766256 S1_0
16049 21 -0.5 55.3304174722204 S1_0
16050 21 -0.5 128.226959235115 S1_0
16052 21 -0.5 322.106082286787 S1_0
16053 21 -0.5 0 S1_0
16054 21 -0.5 89.4874586251811 S1_0
16055 21 -0.5 435.837645422229 S1_0
16056 21 -0.5 0 S1_0
16057 21 -0.5 281.616945312974 S1_0
16058 21 -0.5 0 S1_0
16059 21 -0.5 0 S1_0
16060 21 -0.5 0 S1_0
16062 21 -0.5 69.3459196116763 S1_0
16063 21 -0.5 0 S1_0
16046 22 -0.5 124.459161350292 S1_0
16047 22 -0.5 302.014659642771 S1_0
16049 22 -0.5 108.455177831992 S1_0
16050 22 -0.5 356.420303000814 S1_0
16052 22 -0.5 633.449329770043 S1_0
16053 22 -0.5 0 S1_0
16054 22 -0.5 187.856070045425 S1_0
16055 22 -0.5 990.107134001413 S1_0
16056 22 -0.5 0 S1_0
16057 22 -0.5 442.860175238661 S1_0
16058 22 -0.5 0 S1_0
16059 22 -0.5 10.0108265168807 S1_0
16060 22 -0.5 41.6093798927016 S1_0
16062 22 -0.5 141.530852972281 S1_0
16063 22 -0.5 51.1995728604221 S1_0
16046 23 -0.5 34.1206638194049 S1_0
16047 23 -0.5 157.719291513846 S1_0
16049 23 -0.5 47.2631856171756 S1_0
16050 23 -0.5 74.4572970293673 S1_0
16052 23 -0.5 247.152464897037 S1_0
16053 23 -0.5 0 S1_0
16054 23 -0.5 74.26472203584 S1_0
16055 23 -0.5 323.357128618679 S1_0
16056 23 -0.5 0 S1_0
16057 23 -0.5 252.224658948488 S1_0
16058 23 -0.5 0 S1_0
16059 23 -0.5 0 S1_0
16060 23 -0.5 0 S1_0
16062 23 -0.5 57.9019888761806 S1_0
16063 23 -0.5 0 S1_0
16046 24 -0.5 62.3612470575688 S1_0
16047 24 -0.5 197.126849288418 S1_0
16049 24 -0.5 64.2668025737977 S1_0
16050 24 -0.5 161.507307202897 S1_0
16052 24 -0.5 367.957616806193 S1_0
16053 24 -0.5 0 S1_0
16054 24 -0.5 106.501194435055 S1_0
16055 24 -0.5 502.50166958739 S1_0
16056 24 -0.5 0 S1_0
16057 24 -0.5 304.393565566284 S1_0
16058 24 -0.5 0 S1_0
16059 24 -0.5 0 S1_0
16060 24 -0.5 0 S1_0
16062 24 -0.5 80.5361256592423 S1_0
16063 24 -0.5 2.06592679338883 S1_0
16046 25 -0.5 1.13569904330706 S1_0
16047 25 -0.5 77.4727420299481 S1_0
16049 25 -0.5 7.01465763364899 S1_0
16050 25 -0.5 0 S1_0
16052 25 -0.5 25.8059992165361 S1_0
16053 25 -0.5 0 S1_0
16054 25 -0.5 3.41661065854686 S1_0
16055 25 -0.5 78.1621999138902 S1_0
16056 25 -0.5 0 S1_0
16057 25 -0.5 157.866004563838 S1_0
16058 25 -0.5 0 S1_0
16059 25 -0.5 0 S1_0
16060 25 -0.5 0 S1_0
16062 25 -0.5 7.36509390201354 S1_0
16063 25 -0.5 0 S1_0
16046 26 -0.5 107.527974571348 S1_0
16047 26 -0.5 264.922591334526 S1_0
16049 26 -0.5 96.3968857312888 S1_0
16050 26 -0.5 289.704544913743 S1_0
16052 26 -0.5 544.652206088461 S1_0
16053 26 -0.5 0 S1_0
16054 26 -0.5 159.168800052191 S1_0
16055 26 -0.5 810.971111600936 S1_0
16056 26 -0.5 0 S1_0
16057 26 -0.5 393.890706512318 S1_0
16058 26 -0.5 0 S1_0
16059 26 -0.5 5.29121163954038 S1_0
16060 26 -0.5 16.1151100230861 S1_0
16062 26 -0.5 123.036026506914 S1_0
16063 26 -0.5 30.5042477233295 S1_0
16046 27 -0.5 0 S1_0
16047 27 -0.5 20.3654729085684 S1_0
16049 27 -0.5 0 S1_0
16050 27 -0.5 0 S1_0
16052 27 -0.5 0 S1_0
16053 27 -0.5 0 S1_0
16054 27 -0.5 0 S1_0
16055 27 -0.5 2.61939751131178 S1_0
16056 27 -0.5 0 S1_0
16057 27 -0.5 110.744496560691 S1_0
16058 27 -0.5 0 S1_0
16059 27 -0.5 0 S1_0
16060 27 -0.5 0 S1_0
16062 27 -0.5 0 S1_0
16063 27 -0.5 0 S1_0
16046 28 -0.5 132.423598868937 S1_0
16047 28 -0.5 307.541930149922 S1_0
16049 28 -0.5 114.886799045614 S1_0
16050 28 -0.5 359.59374318328 S1_0
16052 28 -0.5 637.180523604815 S1_0
16053 28 -0.5 0 S1_0
16054 28 -0.5 193.879320497772 S1_0
16055 28 -0.5 992.26043834776 S1_0
16056 28 -0.5 0 S1_0
16057 28 -0.5 448.522546184073 S1_0
16058 28 -0.5 0 S1_0
16059 28 -0.5 13.6278902773298 S1_0
16060 28 -0.5 48.3939571376646 S1_0
16062 28 -0.5 147.810466101363 S1_0
16063 28 -0.5 54.1644808442155 S1_0
16046 29 -0.5 2.73303236879984 S1_0
16047 29 -0.5 93.9643051267294 S1_0
16049 29 -0.5 13.3559645962405 S1_0
16050 29 -0.5 3.72801592519031 S1_0
16052 29 -0.5 148.856480258506 S1_0
16053 29 -0.5 0 S1_0
16054 29 -0.5 15.3530636774468 S1_0
16055 29 -0.5 212.419601992312 S1_0
16056 29 -0.5 0 S1_0
16057 29 -0.5 189.622738758963 S1_0
16058 29 -0.5 0 S1_0
16059 29 -0.5 0 S1_0
16060 29 -0.5 0 S1_0
16062 29 -0.5 18.8779909316621 S1_0
16063 29 -0.5 0 S1_0
16046 30 -0.5 0 S1_0
16047 30 -0.5 66.2776342073324 S1_0
16049 30 -0.5 4.63445594352575 S1_0
16050 30 -0.5 0 S1_0
16052 30 -0.5 16.6812252966342 S1_0
16053 30 -0.5 0 S1_0
16054 30 -0.5 1.02273672962341 S1_0
16055 30 -0.5 70.1168892076727 S1_0
16056 30 -0.5 0 S1_0
16057 30 -0.5 150.580161864663 S1_0
16058 30 -0.5 0 S1_0
16059 30 -0.5 0 S1_0
16060 30 -0.5 0 S1_0
16062 30 -0.5 4.98636246410214 S1_0
16063 30 -0.5 0 S1_0
16046 31 -0.5 4.11513558380278 S1_0
16047 31 -0.5 95.3604915414731 S1_0
16049 31 -0.5 5.99890292479404 S1_0
16050 31 -0.5 0 S1_0
16052 31 -0.5 90.434187351081 S1_0
16053 31 -0.5 0 S1_0
16054 31 -0.5 14.3924886595689 S1_0
16055 31 -0.5 130.271202942277 S1_0
16056 31 -0.5 0 S1_0
16057 31 -0.5 170.820760105942 S1_0
16058 31 -0.5 0 S1_0
16059 31 -0.5 0 S1_0
16060 31 -0.5 0 S1_0
16062 31 -0.5 8.79288031902472 S1_0
16063 31 -0.5 0 S1_0
16046 1 -1.5 7.16381364506283 S1_0
16047 1 -1.5 131.740025604 S1_0
16049 1 -1.5 17.0983272669405 S1_0
16050 1 -1.5 426.139952137401 S1_0
16052 1 -1.5 439.827940358382 S1_0
16053 1 -1.5 265.279501474582 S1_0
16054 1 -1.5 300.823630621455 S1_0
16055 1 -1.5 1010.73276192739 S1_0
16056 1 -1.5 172.541457693196 S1_0
16057 1 -1.5 248.974374795875 S1_0
16058 1 -1.5 73.714973247488 S1_0
16059 1 -1.5 0 S1_0
16060 1 -1.5 0 S1_0
16062 1 -1.5 30.8055544715802 S1_0
16063 1 -1.5 204.33037464618 S1_0
16046 2 -1.5 0 S1_0
16047 2 -1.5 17.0556763218258 S1_0
16049 2 -1.5 0 S1_0
16050 2 -1.5 0 S1_0
16052 2 -1.5 0 S1_0
16053 2 -1.5 0 S1_0
16054 2 -1.5 105.768324207034 S1_0
16055 2 -1.5 3.22275193509688 S1_0
16056 2 -1.5 46.8199748886955 S1_0
16057 2 -1.5 98.0693808174715 S1_0
16058 2 -1.5 0 S1_0
16059 2 -1.5 0 S1_0
16060 2 -1.5 0 S1_0
16062 2 -1.5 0 S1_0
16063 2 -1.5 113.955266714333 S1_0
16046 3 -1.5 0 S1_0
16047 3 -1.5 18.53201009344 S1_0
16049 3 -1.5 0 S1_0
16050 3 -1.5 0 S1_0
16052 3 -1.5 7.57632665347687 S1_0
16053 3 -1.5 2.06319289278723 S1_0
16054 3 -1.5 96.7618748141239 S1_0
16055 3 -1.5 64.3661154375474 S1_0
16056 3 -1.5 45.9778214638215 S1_0
16057 3 -1.5 86.7775949944341 S1_0
16058 3 -1.5 0 S1_0
16059 3 -1.5 0 S1_0
16060 3 -1.5 0 S1_0
16062 3 -1.5 0 S1_0
16063 3 -1.5 99.9190799672206 S1_0
16046 4 -1.5 0 S1_0
16047 4 -1.5 34.1840856284739 S1_0
16049 4 -1.5 0 S1_0
16050 4 -1.5 35.4349844552131 S1_0
16052 4 -1.5 85.4963934416388 S1_0
16053 4 -1.5 51.6735825384873 S1_0
16054 4 -1.5 112.85008816309 S1_0
16055 4 -1.5 180.711684210028 S1_0
16056 4 -1.5 63.5544178735807 S1_0
16057 4 -1.5 98.3430793855853 S1_0
16058 4 -1.5 0 S1_0
16059 4 -1.5 0 S1_0
16060 4 -1.5 0 S1_0
16062 4 -1.5 0 S1_0
16063 4 -1.5 105.436359329326 S1_0
16046 5 -1.5 0 S1_0
16047 5 -1.5 0 S1_0
16049 5 -1.5 0 S1_0
16050 5 -1.5 0 S1_0
16052 5 -1.5 0 S1_0
16053 5 -1.5 0 S1_0
16054 5 -1.5 1.20403774315645 S1_0
16055 5 -1.5 0 S1_0
16056 5 -1.5 0 S1_0
16057 5 -1.5 4.42633660921981 S1_0
16058 5 -1.5 0 S1_0
16059 5 -1.5 0 S1_0
16060 5 -1.5 0 S1_0
16062 5 -1.5 0 S1_0
16063 5 -1.5 2.32742835925609 S1_0
16046 6 -1.5 2.58195645214434 S1_0
16047 6 -1.5 98.7169974114356 S1_0
16049 6 -1.5 13.5299504961515 S1_0
16050 6 -1.5 77.4439092836024 S1_0
16052 6 -1.5 137.288673019393 S1_0
16053 6 -1.5 107.1718446739 S1_0
16054 6 -1.5 196.63873274315 S1_0
16055 6 -1.5 212.193645250863 S1_0
16056 6 -1.5 158.355405739006 S1_0
16057 6 -1.5 171.422893004631 S1_0
16058 6 -1.5 0 S1_0
16059 6 -1.5 0 S1_0
16060 6 -1.5 0 S1_0
16062 6 -1.5 15.1256618237672 S1_0
16063 6 -1.5 189.07925106765 S1_0
16046 7 -1.5 0 S1_0
16047 7 -1.5 20.6473457432525 S1_0
16049 7 -1.5 0 S1_0
16050 7 -1.5 0 S1_0
16052 7 -1.5 0 S1_0
16053 7 -1.5 0 S1_0
16054 7 -1.5 110.370116190219 S1_0
16055 7 -1.5 3.99925267740769 S1_0
16056 7 -1.5 54.4695364245816 S1_0
16057 7 -1.5 101.48334169118 S1_0
16058 7 -1.5 0 S1_0
16059 7 -1.5 0 S1_0
16060 7 -1.5 0 S1_0
16062 7 -1.5 0 S1_0
16063 7 -1.5 119.398712709399 S1_0
16046 8 -1.5 2.45600891913128 S1_0
16047 8 -1.5 97.9053555652636 S1_0
16049 8 -1.5 11.0568945521888 S1_0
16050 8 -1.5 170.65807918806 S1_0
16052 8 -1.5 232.567043791726 S1_0
16053 8 -1.5 159.87504302447 S1_0
16054 8 -1.5 207.595093991966 S1_0
16055 8 -1.5 421.013716090507 S1_0
16056 8 -1.5 143.722053835956 S1_0
16057 8 -1.5 181.714913293643 S1_0
16058 8 -1.5 7.90442486980569 S1_0
16059 8 -1.5 0 S1_0
16060 8 -1.5 0 S1_0
16062 8 -1.5 16.4768870140418 S1_0
16063 8 -1.5 172.63778875493 S1_0
16046 9 -1.5 0 S1_0
16047 9 -1.5 56.2828018766764 S1_0
16049 9 -1.5 1.75171816421879 S1_0
16050 9 -1.5 35.7204517050001 S1_0
16052 9 -1.5 92.4531427920773 S1_0
16053 9 -1.5 60.8582147423638 S1_0
16054 9 -1.5 142.868650347287 S1_0
16055 9 -1.5 169.821289220972 S1_0
16056 9 -1.5 98.4034422102128 S1_0
16057 9 -1.5 124.978651173021 S1_0
16058 9 -1.5 0 S1_0
16059 9 -1.5 0 S1_0
16060 9 -1.5 0 S1_0
16062 9 -1.5 1.87142052224119 S1_0
16063 9 -1.5 136.754686503864 S1_0
16046 10 -1.5 2.05001206862061 S1_0
16047 10 -1.5 94.2713805994359 S1_0
16049 10 -1.5 9.02768396504541 S1_0
16050 10 -1.5 152.309651081371 S1_0
16052 10 -1.5 217.735235862544 S1_0
16053 10 -1.5 150.247772619737 S1_0
16054 10 -1.5 201.578963070194 S1_0
16055 10 -1.5 391.138504102116 S1_0
16056 10 -1.5 144.253957175164 S1_0
16057 10 -1.5 172.759132407554 S1_0
16058 10 -1.5 3.06941715452226 S1_0
16059 10 -1.5 0 S1_0
16060 10 -1.5 0 S1_0
16062 10 -1.5 12.8404209349436 S1_0
16063 10 -1.5 174.383524035954 S1_0
16046 11 -1.5 0 S1_0
16047 11 -1.5 18.7253824678241 S1_0
16049 11 -1.5 0 S1_0
16050 11 -1.5 133.992861882875 S1_0
16052 11 -1.5 155.662148483678 S1_0
16053 11 -1.5 75.5362133558243 S1_0
16054 11 -1.5 83.5103963832298 S1_0
16055 11 -1.5 738.087784902828 S1_0
16056 11 -1.5 22.8184236330741 S1_0
16057 11 -1.5 70.4804448749433 S1_0
16058 11 -1.5 0 S1_0
16059 11 -1.5 0 S1_0
16060 11 -1.5 0 S1_0
16062 11 -1.5 0 S1_0
16063 11 -1.5 57.0829983008759 S1_0
16046 12 -1.5 0 S1_0
16047 12 -1.5 54.7840609461487 S1_0
16049 12 -1.5 0 S1_0
16050 12 -1.5 337.226238102558 S1_0
16052 12 -1.5 287.925046226189 S1_0
16053 12 -1.5 105.898819830143 S1_0
16054 12 -1.5 147.694155395858 S1_0
16055 12 -1.5 1083.91773359833 S1_0
16056 12 -1.5 58.288770143067 S1_0
16057 12 -1.5 123.632791832682 S1_0
16058 12 -1.5 22.5365246133783 S1_0
16059 12 -1.5 0 S1_0
16060 12 -1.5 0 S1_0
16062 12 -1.5 2.53504408067501 S1_0
16063 12 -1.5 81.9387610024484 S1_0
16046 13 -1.5 0 S1_0
16047 13 -1.5 4.42726798490478 S1_0
16049 13 -1.5 0 S1_0
16050 13 -1.5 0 S1_0
16052 13 -1.5 6.81211496187629 S1_0
16053 13 -1.5 1.53782370610835 S1_0
16054 13 -1.5 79.6158256846333 S1_0
16055 13 -1.5 72.2426416548916 S1_0
16056 13 -1.5 10.07138634234 S1_0
16057 13 -1.5 80.1271527781705 S1_0
16058 13 -1.5 0 S1_0
16059 13 -1.5 0 S1_0
16060 13 -1.5 0 S1_0
16062 13 -1.5 0 S1_0
16063 13 -1.5 60.2639486858688 S1_0
16046 14 -1.5 0 S1_0
16047 14 -1.5 52.5373245737105 S1_0
16049 14 -1.5 1.9088844857796 S1_0
16050 14 -1.5 0 S1_0
16052 14 -1.5 6.27691284510547 S1_0
16053 14 -1.5 2.30801085228626 S1_0
16054 14 -1.5 141.656186536789 S1_0
16055 14 -1.5 63.2788005501488 S1_0
16056 14 -1.5 103.087928572344 S1_0
16057 14 -1.5 125.734053512898 S1_0
16058 14 -1.5 0 S1_0
16059 14 -1.5 0 S1_0
16060 14 -1.5 0 S1_0
16062 14 -1.5 1.50482040354181 S1_0
16063 14 -1.5 148.26945262591 S1_0
16046 15 -1.5 42.7781610972862 S1_0
16047 15 -1.5 171.99409347078 S1_0
16049 15 -1.5 54.1999791217739 S1_0
16050 15 -1.5 233.30748802897 S1_0
16052 15 -1.5 304.603740476781 S1_0
16053 15 -1.5 244.705229614967 S1_0
16054 15 -1.5 300.841328950135 S1_0
16055 15 -1.5 469.96513203592 S1_0
16056 15 -1.5 252.440193903555 S1_0
16057 15 -1.5 259.412660375801 S1_0
16058 15 -1.5 50.4059635574695 S1_0
16059 15 -1.5 0 S1_0
16060 15 -1.5 0 S1_0
16062 15 -1.5 64.7055043156715 S1_0
16063 15 -1.5 274.90991253669 S1_0
16046 16 -1.5 26.8650693457136 S1_0
16047 16 -1.5 163.945146244819 S1_0
16049 16 -1.5 40.9710462600432 S1_0
16050 16 -1.5 325.200286358697 S1_0
16052 16 -1.5 381.801728315557 S1_0
16053 16 -1.5 273.083485216161 S1_0
16054 16 -1.5 306.973355435454 S1_0
16055 16 -1.5 706.254356131959 S1_0
16056 16 -1.5 222.831300122661 S1_0
16057 16 -1.5 266.629254293199 S1_0
16058 16 -1.5 81.4140045784072 S1_0
16059 16 -1.5 0 S1_0
16060 16 -1.5 0 S1_0
16062 16 -1.5 54.9734160850462 S1_0
16063 16 -1.5 249.534874356997 S1_0
16046 17 -1.5 0 S1_0
16047 17 -1.5 71.3756162511797 S1_0
16049 17 -1.5 4.99618512810606 S1_0
16050 17 -1.5 22.9056094478894 S1_0
16052 17 -1.5 84.4595495428243 S1_0
16053 17 -1.5 54.8056720462018 S1_0
16054 17 -1.5 164.671491672101 S1_0
16055 17 -1.5 147.807718592208 S1_0
16056 17 -1.5 120.141818884729 S1_0
16057 17 -1.5 147.72973377869 S1_0
16058 17 -1.5 0 S1_0
16059 17 -1.5 0 S1_0
16060 17 -1.5 0 S1_0
16062 17 -1.5 5.37875705466511 S1_0
16063 17 -1.5 156.690874549722 S1_0
16046 18 -1.5 1.59937940050609 S1_0
16047 18 -1.5 93.751432347622 S1_0
16049 18 -1.5 6.03546238799439 S1_0
16050 18 -1.5 350.342874640726 S1_0
16052 18 -1.5 363.485928032948 S1_0
16053 18 -1.5 189.992441318604 S1_0
16054 18 -1.5 231.594879300375 S1_0
16055 18 -1.5 916.458948055032 S1_0
16056 18 -1.5 120.843503515009 S1_0
16057 18 -1.5 197.909211668439 S1_0
16058 18 -1.5 49.7845228546087 S1_0
16059 18 -1.5 0 S1_0
16060 18 -1.5 0 S1_0
16062 18 -1.5 14.6943509045245 S1_0
16063 18 -1.5 141.007868566026 S1_0
16046 19 -1.5 1.42892609408149 S1_0
16047 19 -1.5 86.9442927464779 S1_0
16049 19 -1.5 7.00056650095685 S1_0
16050 19 -1.5 124.795372517445 S1_0
16052 19 -1.5 187.969945888806 S1_0
16053 19 -1.5 132.032475647339 S1_0
16054 19 -1.5 188.391032149006 S1_0
16055 19 -1.5 332.699677901282 S1_0
16056 19 -1.5 135.223510414255 S1_0
16057 19 -1.5 162.566615062942 S1_0
16058 19 -1.5 0 S1_0
16059 19 -1.5 0 S1_0
16060 19 -1.5 0 S1_0
16062 19 -1.5 9.55529178529261 S1_0
16063 19 -1.5 165.950063137884 S1_0
16046 20 -1.5 38.6889132087564 S1_0
16047 20 -1.5 173.186477690242 S1_0
16049 20 -1.5 50.9034512236204 S1_0
16050 20 -1.5 287.318207739656 S1_0
16052 20 -1.5 353.855416969371 S1_0
16053 20 -1.5 268.892808451443 S1_0
16054 20 -1.5 309.877679930116 S1_0
16055 20 -1.5 596.891663300162 S1_0
16056 20 -1.5 243.704710774787 S1_0
16057 20 -1.5 269.497002851399 S1_0
16058 20 -1.5 75.4366820728419 S1_0
16059 20 -1.5 0 S1_0
16060 20 -1.5 0 S1_0
16062 20 -1.5 63.8654331127167 S1_0
16063 20 -1.5 266.911468528999 S1_0
16046 21 -1.5 0 S1_0
16047 21 -1.5 74.9987153789683 S1_0
16049 21 -1.5 3.69997697180438 S1_0
16050 21 -1.5 111.257959274125 S1_0
16052 21 -1.5 173.547400925444 S1_0
16053 21 -1.5 119.066166817234 S1_0
16054 21 -1.5 171.303042771799 S1_0
16055 21 -1.5 322.992012425879 S1_0
16056 21 -1.5 120.633792634992 S1_0
16057 21 -1.5 146.248841278013 S1_0
16058 21 -1.5 0 S1_0
16059 21 -1.5 0 S1_0
16060 21 -1.5 0 S1_0
16062 21 -1.5 5.11430132285699 S1_0
16063 21 -1.5 151.169003094544 S1_0
16046 22 -1.5 25.2528555967192 S1_0
16047 22 -1.5 170.521205280686 S1_0
16049 22 -1.5 35.990832407747 S1_0
16050 22 -1.5 412.333167772671 S1_0
16052 22 -1.5 450.398380113869 S1_0
16053 22 -1.5 308.682549654375 S1_0
16054 22 -1.5 337.086239290958 S1_0
16055 22 -1.5 911.746710446257 S1_0
16056 22 -1.5 230.250481166347 S1_0
16057 22 -1.5 282.78715180728 S1_0
16058 22 -1.5 93.7042587807257 S1_0
16059 22 -1.5 0 S1_0
16060 22 -1.5 0 S1_0
16062 22 -1.5 51.2876862611612 S1_0
16063 22 -1.5 261.937636514866 S1_0
16046 23 -1.5 1.10055720865051 S1_0
16047 23 -1.5 82.0456192267116 S1_0
16049 23 -1.5 5.72254252095141 S1_0
16050 23 -1.5 83.2447422704209 S1_0
16052 23 -1.5 141.824335424518 S1_0
16053 23 -1.5 106.093929075835 S1_0
16054 23 -1.5 178.209230812452 S1_0
16055 23 -1.5 240.077001681671 S1_0
16056 23 -1.5 137.1963581419 S1_0
16057 23 -1.5 151.826153233954 S1_0
16058 23 -1.5 0 S1_0
16059 23 -1.5 0 S1_0
16060 23 -1.5 0 S1_0
16062 23 -1.5 6.78588708073383 S1_0
16063 23 -1.5 168.876361589023 S1_0
16046 24 -1.5 1.70609498437849 S1_0
16047 24 -1.5 90.7825395426251 S1_0
16049 24 -1.5 7.45815414090499 S1_0
16050 24 -1.5 149.407732511381 S1_0
16052 24 -1.5 215.685380451267 S1_0
16053 24 -1.5 147.557728982727 S1_0
16054 24 -1.5 197.669806878518 S1_0
16055 24 -1.5 392.946375032069 S1_0
16056 24 -1.5 142.313424346943 S1_0
16057 24 -1.5 167.272260616412 S1_0
16058 24 -1.5 2.58408147815621 S1_0
16059 24 -1.5 0 S1_0
16060 24 -1.5 0 S1_0
16062 24 -1.5 10.7643472225872 S1_0
16063 24 -1.5 171.873361561232 S1_0
16046 25 -1.5 0 S1_0
16047 25 -1.5 45.2584762137698 S1_0
16049 25 -1.5 1.16522436240066 S1_0
16050 25 -1.5 0 S1_0
16052 25 -1.5 4.63646012771916 S1_0
16053 25 -1.5 1.68907322301704 S1_0
16054 25 -1.5 131.963155099863 S1_0
16055 25 -1.5 55.1317052166139 S1_0
16056 25 -1.5 95.4573556778161 S1_0
16057 25 -1.5 115.71822363446 S1_0
16058 25 -1.5 0 S1_0
16059 25 -1.5 0 S1_0
16060 25 -1.5 0 S1_0
16062 25 -1.5 0 S1_0
16063 25 -1.5 141.358504454312 S1_0
16046 26 -1.5 25.5187927486889 S1_0
16047 26 -1.5 163.702620449742 S1_0
16049 26 -1.5 38.3776877207758 S1_0
16050 26 -1.5 335.776825526327 S1_0
16052 26 -1.5 393.264729757039 S1_0
16053 26 -1.5 279.813531686246 S1_0
16054 26 -1.5 311.137177585994 S1_0
16055 26 -1.5 735.031762508821 S1_0
16056 26 -1.5 225.531790448921 S1_0
16057 26 -1.5 265.892164665951 S1_0
16058 26 -1.5 79.7350287784155 S1_0
16059 26 -1.5 0 S1_0
16060 26 -1.5 0 S1_0
16062 26 -1.5 51.8335066107068 S1_0
16063 26 -1.5 254.925106945307 S1_0
16046 27 -1.5 0 S1_0
16047 27 -1.5 2.92645256146712 S1_0
16049 27 -1.5 0 S1_0
16050 27 -1.5 0 S1_0
16052 27 -1.5 0 S1_0
16053 27 -1.5 0 S1_0
16054 27 -1.5 66.7560883510899 S1_0
16055 27 -1.5 0 S1_0
16056 27 -1.5 10.4203309947 S1_0
16057 27 -1.5 67.1211337821609 S1_0
16058 27 -1.5 0 S1_0
16059 27 -1.5 0 S1_0
16060 27 -1.5 0 S1_0
16062 27 -1.5 0 S1_0
16063 27 -1.5 72.2449045207094 S1_0
16046 28 -1.5 53.7877698820264 S1_0
16047 28 -1.5 208.805761364687 S1_0
16049 28 -1.5 56.9755900792995 S1_0
16050 28 -1.5 444.291643643952 S1_0
16052 28 -1.5 486.445867281221 S1_0
16053 28 -1.5 352.231874511424 S1_0
16054 28 -1.5 381.883807223057 S1_0
16055 28 -1.5 937.811490411313 S1_0
16056 28 -1.5 283.086890972395 S1_0
16057 28 -1.5 324.39497724124 S1_0
16058 28 -1.5 124.975681431334 S1_0
16059 28 -1.5 1.04723425852698 S1_0
16060 28 -1.5 2.44632320841533 S1_0
16062 28 -1.5 74.9729284737961 S1_0
16063 28 -1.5 306.854109399506 S1_0
16046 29 -1.5 0 S1_0
16047 29 -1.5 9.09810362874866 S1_0
16049 29 -1.5 0 S1_0
16050 29 -1.5 3.13359432211987 S1_0
16052 29 -1.5 31.4005994655184 S1_0
16053 29 -1.5 8.69298361649813 S1_0
16054 29 -1.5 80.1628429008624 S1_0
16055 29 -1.5 105.384147999091 S1_0
16056 29 -1.5 18.3430173100713 S1_0
16057 29 -1.5 75.5238414774752 S1_0
16058 29 -1.5 0 S1_0
16059 29 -1.5 0 S1_0
16060 29 -1.5 0 S1_0
16062 29 -1.5 0 S1_0
16063 29 -1.5 70.1749110813501 S1_0
16046 30 -1.5 0 S1_0
16047 30 -1.5 40.1095382653716 S1_0
16049 30 -1.5 1.03197404496983 S1_0
16050 30 -1.5 0 S1_0
16052 30 -1.5 3.54898882054219 S1_0
16053 30 -1.5 1.20249263293069 S1_0
16054 30 -1.5 128.573180587847 S1_0
16055 30 -1.5 52.2951951702726 S1_0
16056 30 -1.5 83.8534740300992 S1_0
16057 30 -1.5 115.121923565421 S1_0
16058 30 -1.5 0 S1_0
16059 30 -1.5 0 S1_0
16060 30 -1.5 0 S1_0
16062 30 -1.5 0 S1_0
16063 30 -1.5 134.565596778288 S1_0
16046 31 -1.5 0 S1_0
16047 31 -1.5 30.46538721811 S1_0
16049 31 -1.5 0 S1_0
16050 31 -1.5 0 S1_0
16052 31 -1.5 16.7292625567782 S1_0
16053 31 -1.5 11.7283647242936 S1_0
16054 31 -1.5 126.391611611587 S1_0
16055 31 -1.5 75.5166043520917 S1_0
16056 31 -1.5 112.743992803808 S1_0
16057 31 -1.5 95.1953846278336 S1_0
16058 31 -1.5 0 S1_0
16059 31 -1.5 0 S1_0
16060 31 -1.5 0 S1_0
16062 31 -1.5 0 S1_0
16063 31 -1.5 141.386351940994 S1_0
16046 1 -3 0 S1_0
16047 1 -3 0 S1_0
16049 1 -3 0 S1_0
16050 1 -3 21.5068250645399 S1_0
16052 1 -3 22.6500742631072 S1_0
16053 1 -3 3.02383068646347 S1_0
16054 1 -3 6.04497429461151 S1_0
16055 1 -3 121.229619667499 S1_0
16056 1 -3 0 S1_0
16057 1 -3 7.36908784546127 S1_0
16058 1 -3 0 S1_0
16059 1 -3 0 S1_0
16060 1 -3 0 S1_0
16062 1 -3 0 S1_0
16063 1 -3 5.87755768031142 S1_0
16046 2 -3 0 S1_0
16047 2 -3 2.81680151762696 S1_0
16049 2 -3 0 S1_0
16050 2 -3 0 S1_0
16052 2 -3 0 S1_0
16053 2 -3 0 S1_0
16054 2 -3 69.5276480456925 S1_0
16055 2 -3 0 S1_0
16056 2 -3 10.4333337942361 S1_0
16057 2 -3 67.3303133690542 S1_0
16058 2 -3 0 S1_0
16059 2 -3 0 S1_0
16060 2 -3 0 S1_0
16062 2 -3 0 S1_0
16063 2 -3 120.484554879874 S1_0
16046 3 -3 0 S1_0
16047 3 -3 0 S1_0
16049 3 -3 0 S1_0
16050 3 -3 0 S1_0
16052 3 -3 0 S1_0
16053 3 -3 0 S1_0
16054 3 -3 1.89100428226423 S1_0
16055 3 -3 0 S1_0
16056 3 -3 0 S1_0
16057 3 -3 4.13465493379536 S1_0
16058 3 -3 0 S1_0
16059 3 -3 0 S1_0
16060 3 -3 0 S1_0
16062 3 -3 0 S1_0
16063 3 -3 12.7477685630055 S1_0
16046 4 -3 0 S1_0
16047 4 -3 0 S1_0
16049 4 -3 0 S1_0
16050 4 -3 0 S1_0
16052 4 -3 0 S1_0
16053 4 -3 0 S1_0
16054 4 -3 0 S1_0
16055 4 -3 6.27731204694191 S1_0
16056 4 -3 0 S1_0
16057 4 -3 0 S1_0
16058 4 -3 0 S1_0
16059 4 -3 0 S1_0
16060 4 -3 0 S1_0
16062 4 -3 0 S1_0
16063 4 -3 1.25090773642436 S1_0
16046 5 -3 0 S1_0
16047 5 -3 0 S1_0
16049 5 -3 0 S1_0
16050 5 -3 0 S1_0
16052 5 -3 0 S1_0
16053 5 -3 0 S1_0
16054 5 -3 0 S1_0
16055 5 -3 0 S1_0
16056 5 -3 0 S1_0
16057 5 -3 0 S1_0
16058 5 -3 0 S1_0
16059 5 -3 0 S1_0
16060 5 -3 0 S1_0
16062 5 -3 0 S1_0
16063 5 -3 0 S1_0
16046 6 -3 0 S1_0
16047 6 -3 29.3149640866162 S1_0
16049 6 -3 0 S1_0
16050 6 -3 14.7294112123423 S1_0
16052 6 -3 60.7897757936962 S1_0
16053 6 -3 34.9703774714428 S1_0
16054 6 -3 110.389498324953 S1_0
16055 6 -3 125.842216802939 S1_0
16056 6 -3 58.668514095977 S1_0
16057 6 -3 94.8210336071104 S1_0
16058 6 -3 0 S1_0
16059 6 -3 0 S1_0
16060 6 -3 0 S1_0
16062 6 -3 0 S1_0
16063 6 -3 151.235513684883 S1_0
16046 7 -3 0 S1_0
16047 7 -3 4.21617575801468 S1_0
16049 7 -3 0 S1_0
16050 7 -3 0 S1_0
16052 7 -3 0 S1_0
16053 7 -3 0 S1_0
16054 7 -3 76.9581957725005 S1_0
16055 7 -3 0 S1_0
16056 7 -3 15.3552705834378 S1_0
16057 7 -3 72.6579580151917 S1_0
16058 7 -3 0 S1_0
16059 7 -3 0 S1_0
16060 7 -3 0 S1_0
16062 7 -3 0 S1_0
16063 7 -3 128.949586406032 S1_0
16046 8 -3 0 S1_0
16047 8 -3 1.58891361223698 S1_0
16049 8 -3 0 S1_0
16050 8 -3 25.1052185776846 S1_0
16052 8 -3 52.3157370724873 S1_0
16053 8 -3 19.4389753946965 S1_0
16054 8 -3 45.5043879326244 S1_0
16055 8 -3 145.500582143189 S1_0
16056 8 -3 2.49347309912003 S1_0
16057 8 -3 43.6513506372352 S1_0
16058 8 -3 0 S1_0
16059 8 -3 0 S1_0
16060 8 -3 0 S1_0
16062 8 -3 0 S1_0
16063 8 -3 62.7908027161675 S1_0
16046 9 -3 0 S1_0
16047 9 -3 0 S1_0
16049 9 -3 0 S1_0
16050 9 -3 0 S1_0
16052 9 -3 1.67512986303502 S1_0
16053 9 -3 0 S1_0
16054 9 -3 20.6647175636028 S1_0
16055 9 -3 41.8703399702696 S1_0
16056 9 -3 0 S1_0
16057 9 -3 25.0916284765176 S1_0
16058 9 -3 0 S1_0
16059 9 -3 0 S1_0
16060 9 -3 0 S1_0
16062 9 -3 0 S1_0
16063 9 -3 47.2757526751417 S1_0
16046 10 -3 0 S1_0
16047 10 -3 0 S1_0
16049 10 -3 0 S1_0
16050 10 -3 9.60522738002736 S1_0
16052 10 -3 32.4034723079411 S1_0
16053 10 -3 8.80205185001473 S1_0
16054 10 -3 32.2176490889503 S1_0
16055 10 -3 108.709979659421 S1_0
16056 10 -3 1.4196775334925 S1_0
16057 10 -3 32.1349851070378 S1_0
16058 10 -3 0 S1_0
16059 10 -3 0 S1_0
16060 10 -3 0 S1_0
16062 10 -3 0 S1_0
16063 10 -3 51.9627500189335 S1_0
16046 11 -3 0 S1_0
16047 11 -3 0 S1_0
16049 11 -3 0 S1_0
16050 11 -3 0 S1_0
16052 11 -3 0 S1_0
16053 11 -3 0 S1_0
16054 11 -3 0 S1_0
16055 11 -3 0 S1_0
16056 11 -3 0 S1_0
16057 11 -3 0 S1_0
16058 11 -3 0 S1_0
16059 11 -3 0 S1_0
16060 11 -3 0 S1_0
16062 11 -3 0 S1_0
16063 11 -3 0 S1_0
16046 12 -3 0 S1_0
16047 12 -3 0 S1_0
16049 12 -3 0 S1_0
16050 12 -3 0 S1_0
16052 12 -3 0 S1_0
16053 12 -3 0 S1_0
16054 12 -3 0 S1_0
16055 12 -3 1.48565568233236 S1_0
16056 12 -3 0 S1_0
16057 12 -3 0 S1_0
16058 12 -3 0 S1_0
16059 12 -3 0 S1_0
16060 12 -3 0 S1_0
16062 12 -3 0 S1_0
16063 12 -3 0 S1_0
16046 13 -3 0 S1_0
16047 13 -3 0 S1_0
16049 13 -3 0 S1_0
16050 13 -3 0 S1_0
16052 13 -3 0 S1_0
16053 13 -3 0 S1_0
16054 13 -3 2.06272159650086 S1_0
16055 13 -3 2.19223923950108 S1_0
16056 13 -3 0 S1_0
16057 13 -3 6.33841566207537 S1_0
16058 13 -3 0 S1_0
16059 13 -3 0 S1_0
16060 13 -3 0 S1_0
16062 13 -3 0 S1_0
16063 13 -3 5.11147612346216 S1_0
16046 14 -3 0 S1_0
16047 14 -3 14.1788593106891 S1_0
16049 14 -3 0 S1_0
16050 14 -3 0 S1_0
16052 14 -3 0 S1_0
16053 14 -3 0 S1_0
16054 14 -3 97.0757397280958 S1_0
16055 14 -3 25.2307091616764 S1_0
16056 14 -3 39.7223991147665 S1_0
16057 14 -3 86.4881006409788 S1_0
16058 14 -3 0 S1_0
16059 14 -3 0 S1_0
16060 14 -3 0 S1_0
16062 14 -3 0 S1_0
16063 14 -3 147.431929287223 S1_0
16046 15 -3 3.57894808997476 S1_0
16047 15 -3 102.164826438666 S1_0
16049 15 -3 13.5056981637696 S1_0
16050 15 -3 152.773906276799 S1_0
16052 15 -3 204.09918773941 S1_0
16053 15 -3 160.799316068949 S1_0
16054 15 -3 199.556500278207 S1_0
16055 15 -3 346.434263814344 S1_0
16056 15 -3 158.227523174175 S1_0
16057 15 -3 165.873439799351 S1_0
16058 15 -3 57.2792887171398 S1_0
16059 15 -3 0 S1_0
16060 15 -3 0 S1_0
16062 15 -3 18.1789271036226 S1_0
16063 15 -3 245.025040748304 S1_0
16046 16 -3 0 S1_0
16047 16 -3 36.0115561416184 S1_0
16049 16 -3 0 S1_0
16050 16 -3 122.841082326804 S1_0
16052 16 -3 148.7521273145 S1_0
16053 16 -3 99.7938915198626 S1_0
16054 16 -3 111.624964926793 S1_0
16055 16 -3 436.314341123456 S1_0
16056 16 -3 50.813943251824 S1_0
16057 16 -3 92.9466921129596 S1_0
16058 16 -3 35.9207930740853 S1_0
16059 16 -3 0 S1_0
16060 16 -3 0 S1_0
16062 16 -3 0 S1_0
16063 16 -3 128.636741131832 S1_0
16046 17 -3 0 S1_0
16047 17 -3 18.9296203014079 S1_0
16049 17 -3 0 S1_0
16050 17 -3 2.12202569904159 S1_0
16052 17 -3 25.3975051831835 S1_0
16053 17 -3 9.65224540992155 S1_0
16054 17 -3 103.804163612038 S1_0
16055 17 -3 94.6484640723938 S1_0
16056 17 -3 40.1174254285716 S1_0
16057 17 -3 93.0871958787066 S1_0
16058 17 -3 0 S1_0
16059 17 -3 0 S1_0
16060 17 -3 0 S1_0
16062 17 -3 0 S1_0
16063 17 -3 141.98097402478 S1_0
16046 18 -3 0 S1_0
16047 18 -3 0 S1_0
16049 18 -3 0 S1_0
16050 18 -3 2.39791355195615 S1_0
16052 18 -3 2.55876783863859 S1_0
16053 18 -3 0 S1_0
16054 18 -3 0 S1_0
16055 18 -3 70.9058594141321 S1_0
16056 18 -3 0 S1_0
16057 18 -3 0 S1_0
16058 18 -3 0 S1_0
16059 18 -3 0 S1_0
16060 18 -3 0 S1_0
16062 18 -3 0 S1_0
16063 18 -3 0 S1_0
16046 19 -3 0 S1_0
16047 19 -3 0 S1_0
16049 19 -3 0 S1_0
16050 19 -3 5.13283589629865 S1_0
16052 19 -3 25.1200779370818 S1_0
16053 19 -3 6.06504871789589 S1_0
16054 19 -3 32.711314085299 S1_0
16055 19 -3 97.8568121891813 S1_0
16056 19 -3 1.46082004918178 S1_0
16057 19 -3 33.1878546981759 S1_0
16058 19 -3 0 S1_0
16059 19 -3 0 S1_0
16060 19 -3 0 S1_0
16062 19 -3 0 S1_0
16063 19 -3 54.3791099572203 S1_0
16046 20 -3 0 S1_0
16047 20 -3 77.9098952255626 S1_0
16049 20 -3 4.26134104743676 S1_0
16050 20 -3 158.726391641173 S1_0
16052 20 -3 202.074858029608 S1_0
16053 20 -3 144.600878025651 S1_0
16054 20 -3 166.505218107889 S1_0
16055 20 -3 415.953060010759 S1_0
16056 20 -3 116.445912753765 S1_0
16057 20 -3 138.408151266096 S1_0
16058 20 -3 60.3124594151351 S1_0
16059 20 -3 0 S1_0
16060 20 -3 0 S1_0
16062 20 -3 7.21188101312624 S1_0
16063 20 -3 195.34139521456 S1_0
16046 21 -3 0 S1_0
16047 21 -3 0 S1_0
16049 21 -3 0 S1_0
16050 21 -3 0 S1_0
16052 21 -3 6.1264486256787 S1_0
16053 21 -3 0 S1_0
16054 21 -3 9.51009492293473 S1_0
16055 21 -3 66.7642714317175 S1_0
16056 21 -3 0 S1_0
16057 21 -3 12.9821210446697 S1_0
16058 21 -3 0 S1_0
16059 21 -3 0 S1_0
16060 21 -3 0 S1_0
16062 21 -3 0 S1_0
16063 21 -3 23.2271748239195 S1_0
16046 22 -3 0 S1_0
16047 22 -3 6.96814042280602 S1_0
16049 22 -3 0 S1_0
16050 22 -3 86.652175340601 S1_0
16052 22 -3 98.698207078519 S1_0
16053 22 -3 58.976908204291 S1_0
16054 22 -3 65.5511170010596 S1_0
16055 22 -3 490.908133894871 S1_0
16056 22 -3 10.3268360019113 S1_0
16057 22 -3 53.9412276642559 S1_0
16058 22 -3 12.5625063332071 S1_0
16059 22 -3 0 S1_0
16060 22 -3 0 S1_0
16062 22 -3 0 S1_0
16063 22 -3 76.4107564380177 S1_0
16046 23 -3 0 S1_0
16047 23 -3 1.08059083903616 S1_0
16049 23 -3 0 S1_0
16050 23 -3 1.31447205560464 S1_0
16052 23 -3 14.0742404462969 S1_0
16053 23 -3 3.52878801445871 S1_0
16054 23 -3 41.0536988248865 S1_0
16055 23 -3 77.6188127937844 S1_0
16056 23 -3 3.39412634663871 S1_0
16057 23 -3 38.8484790202031 S1_0
16058 23 -3 0 S1_0
16059 23 -3 0 S1_0
16060 23 -3 0 S1_0
16062 23 -3 0 S1_0
16063 23 -3 71.3560682104082 S1_0
16046 24 -3 0 S1_0
16047 24 -3 0 S1_0
16049 24 -3 0 S1_0
16050 24 -3 4.68371627692827 S1_0
16052 24 -3 20.7075619487778 S1_0
16053 24 -3 4.41680318340961 S1_0
16054 24 -3 20.9887664612039 S1_0
16055 24 -3 92.5868372648329 S1_0
16056 24 -3 0 S1_0
16057 24 -3 22.6074628623382 S1_0
16058 24 -3 0 S1_0
16059 24 -3 0 S1_0
16060 24 -3 0 S1_0
16062 24 -3 0 S1_0
16063 24 -3 38.9707988205896 S1_0
16046 25 -3 0 S1_0
16047 25 -3 3.51711007707008 S1_0
16049 25 -3 0 S1_0
16050 25 -3 0 S1_0
16052 25 -3 0 S1_0
16053 25 -3 0 S1_0
16054 25 -3 66.5949478971954 S1_0
16055 25 -3 8.23173778396002 S1_0
16056 25 -3 14.056933710706 S1_0
16057 25 -3 61.314216143154 S1_0
16058 25 -3 0 S1_0
16059 25 -3 0 S1_0
16060 25 -3 0 S1_0
16062 25 -3 0 S1_0
16063 25 -3 115.782376370988 S1_0
16046 26 -3 0 S1_0
16047 26 -3 23.0878438981528 S1_0
16049 26 -3 0 S1_0
16050 26 -3 104.729514135031 S1_0
16052 26 -3 127.53073233923 S1_0
16053 26 -3 84.5014584353183 S1_0
16054 26 -3 93.8825128143463 S1_0
16055 26 -3 421.630907809764 S1_0
16056 26 -3 34.7238596096037 S1_0
16057 26 -3 77.3186011188801 S1_0
16058 26 -3 22.7664106737574 S1_0
16059 26 -3 0 S1_0
16060 26 -3 0 S1_0
16062 26 -3 0 S1_0
16063 26 -3 111.351223087175 S1_0
16046 27 -3 0 S1_0
16047 27 -3 0 S1_0
16049 27 -3 0 S1_0
16050 27 -3 0 S1_0
16052 27 -3 0 S1_0
16053 27 -3 0 S1_0
16054 27 -3 4.73061974899369 S1_0
16055 27 -3 0 S1_0
16056 27 -3 0 S1_0
16057 27 -3 10.8521320094032 S1_0
16058 27 -3 0 S1_0
16059 27 -3 0 S1_0
16060 27 -3 0 S1_0
16062 27 -3 0 S1_0
16063 27 -3 30.2039226925507 S1_0
16046 28 -3 0 S1_0
16047 28 -3 58.0453233400128 S1_0
16049 28 -3 0 S1_0
16050 28 -3 186.320146738928 S1_0
16052 28 -3 207.235919267471 S1_0
16053 28 -3 129.794136838334 S1_0
16054 28 -3 137.456759107953 S1_0
16055 28 -3 657.583922683296 S1_0
16056 28 -3 85.2125632975235 S1_0
16057 28 -3 110.042184718656 S1_0
16058 28 -3 65.8889760635285 S1_0
16059 28 -3 0 S1_0
16060 28 -3 0 S1_0
16062 28 -3 2.33933471346001 S1_0
16063 28 -3 153.695609385291 S1_0
16046 29 -3 0 S1_0
16047 29 -3 0 S1_0
16049 29 -3 0 S1_0
16050 29 -3 0 S1_0
16052 29 -3 0 S1_0
16053 29 -3 0 S1_0
16054 29 -3 0 S1_0
16055 29 -3 0 S1_0
16056 29 -3 0 S1_0
16057 29 -3 0 S1_0
16058 29 -3 0 S1_0
16059 29 -3 0 S1_0
16060 29 -3 0 S1_0
16062 29 -3 0 S1_0
16063 29 -3 0 S1_0
16046 30 -3 0 S1_0
16047 30 -3 4.44195171742456 S1_0
16049 30 -3 0 S1_0
16050 30 -3 0 S1_0
16052 30 -3 0 S1_0
16053 30 -3 0 S1_0
16054 30 -3 72.9333453252256 S1_0
16055 30 -3 10.7086340791994 S1_0
16056 30 -3 14.7839011028663 S1_0
16057 30 -3 67.9620000451155 S1_0
16058 30 -3 0 S1_0
16059 30 -3 0 S1_0
16060 30 -3 0 S1_0
16062 30 -3 0 S1_0
16063 30 -3 120.335097681356 S1_0
16046 31 -3 0 S1_0
16047 31 -3 0 S1_0
16049 31 -3 0 S1_0
16050 31 -3 0 S1_0
16052 31 -3 0 S1_0
16053 31 -3 0 S1_0
16054 31 -3 13.1553593795581 S1_0
16055 31 -3 2.01414919005358 S1_0
16056 31 -3 1.96080380509598 S1_0
16057 31 -3 10.853114694193 S1_0
16058 31 -3 0 S1_0
16059 31 -3 0 S1_0
16060 31 -3 0 S1_0
16062 31 -3 0 S1_0
16063 31 -3 60.2824193527382 S1_0
16046 1 -5 0 S1_0
16047 1 -5 0 S1_0
16049 1 -5 0 S1_0
16050 1 -5 0 S1_0
16052 1 -5 0 S1_0
16053 1 -5 0 S1_0
16054 1 -5 0 S1_0
16055 1 -5 0 S1_0
16056 1 -5 0 S1_0
16057 1 -5 0 S1_0
16058 1 -5 0 S1_0
16059 1 -5 0 S1_0
16060 1 -5 0 S1_0
16062 1 -5 0 S1_0
16063 1 -5 0 S1_0
16046 2 -5 0 S1_0
16047 2 -5 0 S1_0
16049 2 -5 0 S1_0
16050 2 -5 0 S1_0
16052 2 -5 0 S1_0
16053 2 -5 0 S1_0
16054 2 -5 20.0567794946849 S1_0
16055 2 -5 0 S1_0
16056 2 -5 0 S1_0
16057 2 -5 28.9014042446532 S1_0
16058 2 -5 0 S1_0
16059 2 -5 0 S1_0
16060 2 -5 0 S1_0
16062 2 -5 0 S1_0
16063 2 -5 73.3602755232206 S1_0
16046 3 -5 0 S1_0
16047 3 -5 0 S1_0
16049 3 -5 0 S1_0
16050 3 -5 0 S1_0
16052 3 -5 0 S1_0
16053 3 -5 0 S1_0
16054 3 -5 0 S1_0
16055 3 -5 0 S1_0
16056 3 -5 0 S1_0
16057 3 -5 0 S1_0
16058 3 -5 0 S1_0
16059 3 -5 0 S1_0
16060 3 -5 0 S1_0
16062 3 -5 0 S1_0
16063 3 -5 0 S1_0
16046 4 -5 0 S1_0
16047 4 -5 0 S1_0
16049 4 -5 0 S1_0
16050 4 -5 0 S1_0
16052 4 -5 0 S1_0
16053 4 -5 0 S1_0
16054 4 -5 0 S1_0
16055 4 -5 0 S1_0
16056 4 -5 0 S1_0
16057 4 -5 0 S1_0
16058 4 -5 0 S1_0
16059 4 -5 0 S1_0
16060 4 -5 0 S1_0
16062 4 -5 0 S1_0
16063 4 -5 0 S1_0
16046 5 -5 0 S1_0
16047 5 -5 0 S1_0
16049 5 -5 0 S1_0
16050 5 -5 0 S1_0
16052 5 -5 0 S1_0
16053 5 -5 0 S1_0
16054 5 -5 0 S1_0
16055 5 -5 0 S1_0
16056 5 -5 0 S1_0
16057 5 -5 0 S1_0
16058 5 -5 0 S1_0
16059 5 -5 0 S1_0
16060 5 -5 0 S1_0
16062 5 -5 0 S1_0
16063 5 -5 0 S1_0
16046 6 -5 0 S1_0
16047 6 -5 0 S1_0
16049 6 -5 0 S1_0
16050 6 -5 0 S1_0
16052 6 -5 1.18752807759105 S1_0
16053 6 -5 0 S1_0
16054 6 -5 16.4858079472463 S1_0
16055 6 -5 36.2170253536735 S1_0
16056 6 -5 0 S1_0
16057 6 -5 21.5853252512551 S1_0
16058 6 -5 0 S1_0
16059 6 -5 0 S1_0
16060 6 -5 0 S1_0
16062 6 -5 0 S1_0
16063 6 -5 50.8815717346914 S1_0
16046 7 -5 0 S1_0
16047 7 -5 0 S1_0
16049 7 -5 0 S1_0
16050 7 -5 0 S1_0
16052 7 -5 0 S1_0
16053 7 -5 0 S1_0
16054 7 -5 29.4203135657943 S1_0
16055 7 -5 0 S1_0
16056 7 -5 1.28362920678777 S1_0
16057 7 -5 36.5206435083464 S1_0
16058 7 -5 0 S1_0
16059 7 -5 0 S1_0
16060 7 -5 0 S1_0
16062 7 -5 0 S1_0
16063 7 -5 86.5607612507646 S1_0
16046 8 -5 0 S1_0
16047 8 -5 0 S1_0
16049 8 -5 0 S1_0
16050 8 -5 0 S1_0
16052 8 -5 0 S1_0
16053 8 -5 0 S1_0
16054 8 -5 0 S1_0
16055 8 -5 0 S1_0
16056 8 -5 0 S1_0
16057 8 -5 0 S1_0
16058 8 -5 0 S1_0
16059 8 -5 0 S1_0
16060 8 -5 0 S1_0
16062 8 -5 0 S1_0
16063 8 -5 0 S1_0
16046 9 -5 0 S1_0
16047 9 -5 0 S1_0
16049 9 -5 0 S1_0
16050 9 -5 0 S1_0
16052 9 -5 0 S1_0
16053 9 -5 0 S1_0
16054 9 -5 0 S1_0
16055 9 -5 0 S1_0
16056 9 -5 0 S1_0
16057 9 -5 0 S1_0
16058 9 -5 0 S1_0
16059 9 -5 0 S1_0
16060 9 -5 0 S1_0
16062 9 -5 0 S1_0
16063 9 -5 0 S1_0
16046 10 -5 0 S1_0
16047 10 -5 0 S1_0
16049 10 -5 0 S1_0
16050 10 -5 0 S1_0
16052 10 -5 0 S1_0
16053 10 -5 0 S1_0
16054 10 -5 0 S1_0
16055 10 -5 0 S1_0
16056 10 -5 0 S1_0
16057 10 -5 0 S1_0
16058 10 -5 0 S1_0
16059 10 -5 0 S1_0
16060 10 -5 0 S1_0
16062 10 -5 0 S1_0
16063 10 -5 0 S1_0
16046 11 -5 0 S1_0
16047 11 -5 0 S1_0
16049 11 -5 0 S1_0
16050 11 -5 0 S1_0
16052 11 -5 0 S1_0
16053 11 -5 0 S1_0
16054 11 -5 0 S1_0
16055 11 -5 0 S1_0
16056 11 -5 0 S1_0
16057 11 -5 0 S1_0
16058 11 -5 0 S1_0
16059 11 -5 0 S1_0
16060 11 -5 0 S1_0
16062 11 -5 0 S1_0
16063 11 -5 0 S1_0
16046 12 -5 0 S1_0
16047 12 -5 0 S1_0
16049 12 -5 0 S1_0
16050 12 -5 0 S1_0
16052 12 -5 0 S1_0
16053 12 -5 0 S1_0
16054 12 -5 0 S1_0
16055 12 -5 0 S1_0
16056 12 -5 0 S1_0
16057 12 -5 0 S1_0
16058 12 -5 0 S1_0
16059 12 -5 0 S1_0
16060 12 -5 0 S1_0
16062 12 -5 0 S1_0
16063 12 -5 0 S1_0
16046 13 -5 0 S1_0
16047 13 -5 0 S1_0
16049 13 -5 0 S1_0
16050 13 -5 0 S1_0
16052 13 -5 0 S1_0
16053 13 -5 0 S1_0
16054 13 -5 0 S1_0
16055 13 -5 0 S1_0
16056 13 -5 0 S1_0
16057 13 -5 0 S1_0
16058 13 -5 0 S1_0
16059 13 -5 0 S1_0
16060 13 -5 0 S1_0
16062 13 -5 0 S1_0
16063 13 -5 0 S1_0
16046 14 -5 0 S1_0
16047 14 -5 0 S1_0
16049 14 -5 0 S1_0
16050 14 -5 0 S1_0
16052 14 -5 0 S1_0
16053 14 -5 0 S1_0
16054 14 -5 36.8819106500285 S1_0
16055 14 -5 1.82522047496511 S1_0
16056 14 -5 2.20860017807868 S1_0
16057 14 -5 40.4210755962041 S1_0
16058 14 -5 0 S1_0
16059 14 -5 0 S1_0
16060 14 -5 0 S1_0
16062 14 -5 0 S1_0
16063 14 -5 90.6809984681803 S1_0
16046 15 -5 0 S1_0
16047 15 -5 20.4854225359753 S1_0
16049 15 -5 0 S1_0
16050 15 -5 61.2855231967331 S1_0
16052 15 -5 97.1191916477767 S1_0
16053 15 -5 65.6466372052354 S1_0
16054 15 -5 93.4915552926642 S1_0
16055 15 -5 177.970615897258 S1_0
16056 15 -5 39.4667482344398 S1_0
16057 15 -5 78.1347395886919 S1_0
16058 15 -5 3.97753418766985 S1_0
16059 15 -5 0 S1_0
16060 15 -5 0 S1_0
16062 15 -5 0 S1_0
16063 15 -5 132.562286477141 S1_0
16046 16 -5 0 S1_0
16047 16 -5 0 S1_0
16049 16 -5 0 S1_0
16050 16 -5 0 S1_0
16052 16 -5 2.04664792057792 S1_0
16053 16 -5 0 S1_0
16054 16 -5 0 S1_0
16055 16 -5 60.1288994031477 S1_0
16056 16 -5 0 S1_0
16057 16 -5 0 S1_0
16058 16 -5 0 S1_0
16059 16 -5 0 S1_0
16060 16 -5 0 S1_0
16062 16 -5 0 S1_0
16063 16 -5 1.23755585079218 S1_0
16046 17 -5 0 S1_0
16047 17 -5 0 S1_0
16049 17 -5 0 S1_0
16050 17 -5 0 S1_0
16052 17 -5 0 S1_0
16053 17 -5 0 S1_0
16054 17 -5 28.0625757482151 S1_0
16055 17 -5 27.7282945677992 S1_0
16056 17 -5 0 S1_0
16057 17 -5 34.1871865343328 S1_0
16058 17 -5 0 S1_0
16059 17 -5 0 S1_0
16060 17 -5 0 S1_0
16062 17 -5 0 S1_0
16063 17 -5 66.6364009050803 S1_0
16046 18 -5 0 S1_0
16047 18 -5 0 S1_0
16049 18 -5 0 S1_0
16050 18 -5 0 S1_0
16052 18 -5 0 S1_0
16053 18 -5 0 S1_0
16054 18 -5 0 S1_0
16055 18 -5 0 S1_0
16056 18 -5 0 S1_0
16057 18 -5 0 S1_0
16058 18 -5 0 S1_0
16059 18 -5 0 S1_0
16060 18 -5 0 S1_0
16062 18 -5 0 S1_0
16063 18 -5 0 S1_0
16046 19 -5 0 S1_0
16047 19 -5 0 S1_0
16049 19 -5 0 S1_0
16050 19 -5 0 S1_0
16052 19 -5 0 S1_0
16053 19 -5 0 S1_0
16054 19 -5 0 S1_0
16055 19 -5 0 S1_0
16056 19 -5 0 S1_0
16057 19 -5 0 S1_0
16058 19 -5 0 S1_0
16059 19 -5 0 S1_0
16060 19 -5 0 S1_0
16062 19 -5 0 S1_0
16063 19 -5 0 S1_0
16046 20 -5 0 S1_0
16047 20 -5 1.19193921030956 S1_0
16049 20 -5 0 S1_0
16050 20 -5 32.3962959268199 S1_0
16052 20 -5 54.8090731918263 S1_0
16053 20 -5 21.6119074802795 S1_0
16054 20 -5 39.6378061298439 S1_0
16055 20 -5 138.050481252816 S1_0
16056 20 -5 1.85982335683384 S1_0
16057 20 -5 37.7566701253073 S1_0
16058 20 -5 0 S1_0
16059 20 -5 0 S1_0
16060 20 -5 0 S1_0
16062 20 -5 0 S1_0
16063 20 -5 63.6257103198087 S1_0
16046 21 -5 0 S1_0
16047 21 -5 0 S1_0
16049 21 -5 0 S1_0
16050 21 -5 0 S1_0
16052 21 -5 0 S1_0
16053 21 -5 0 S1_0
16054 21 -5 0 S1_0
16055 21 -5 0 S1_0
16056 21 -5 0 S1_0
16057 21 -5 0 S1_0
16058 21 -5 0 S1_0
16059 21 -5 0 S1_0
16060 21 -5 0 S1_0
16062 21 -5 0 S1_0
16063 21 -5 0 S1_0
16046 22 -5 0 S1_0
16047 22 -5 0 S1_0
16049 22 -5 0 S1_0
16050 22 -5 0 S1_0
16052 22 -5 0 S1_0
16053 22 -5 0 S1_0
16054 22 -5 0 S1_0
16055 22 -5 2.19961364844923 S1_0
16056 22 -5 0 S1_0
16057 22 -5 0 S1_0
16058 22 -5 0 S1_0
16059 22 -5 0 S1_0
16060 22 -5 0 S1_0
16062 22 -5 0 S1_0
16063 22 -5 0 S1_0
16046 23 -5 0 S1_0
16047 23 -5 0 S1_0
16049 23 -5 0 S1_0
16050 23 -5 0 S1_0
16052 23 -5 0 S1_0
16053 23 -5 0 S1_0
16054 23 -5 0 S1_0
16055 23 -5 0 S1_0
16056 23 -5 0 S1_0
16057 23 -5 0 S1_0
16058 23 -5 0 S1_0
16059 23 -5 0 S1_0
16060 23 -5 0 S1_0
16062 23 -5 0 S1_0
16063 23 -5 0 S1_0
16046 24 -5 0 S1_0
16047 24 -5 0 S1_0
16049 24 -5 0 S1_0
16050 24 -5 0 S1_0
16052 24 -5 0 S1_0
16053 24 -5 0 S1_0
16054 24 -5 0 S1_0
16055 24 -5 0 S1_0
16056 24 -5 0 S1_0
16057 24 -5 0 S1_0
16058 24 -5 0 S1_0
16059 24 -5 0 S1_0
16060 24 -5 0 S1_0
16062 24 -5 0 S1_0
16063 24 -5 0 S1_0
16046 25 -5 0 S1_0
16047 25 -5 0 S1_0
16049 25 -5 0 S1_0
16050 25 -5 0 S1_0
16052 25 -5 0 S1_0
16053 25 -5 0 S1_0
16054 25 -5 2.59541375691636 S1_0
16055 25 -5 0 S1_0
16056 25 -5 0 S1_0
16057 25 -5 5.57223229822495 S1_0
16058 25 -5 0 S1_0
16059 25 -5 0 S1_0
16060 25 -5 0 S1_0
16062 25 -5 0 S1_0
16063 25 -5 28.4996775434897 S1_0
16046 26 -5 0 S1_0
16047 26 -5 0 S1_0
16049 26 -5 0 S1_0
16050 26 -5 0 S1_0
16052 26 -5 0 S1_0
16053 26 -5 0 S1_0
16054 26 -5 0 S1_0
16055 26 -5 30.779232358834 S1_0
16056 26 -5 0 S1_0
16057 26 -5 0 S1_0
16058 26 -5 0 S1_0
16059 26 -5 0 S1_0
16060 26 -5 0 S1_0
16062 26 -5 0 S1_0
16063 26 -5 0 S1_0
16046 27 -5 0 S1_0
16047 27 -5 0 S1_0
16049 27 -5 0 S1_0
16050 27 -5 0 S1_0
16052 27 -5 0 S1_0
16053 27 -5 0 S1_0
16054 27 -5 0 S1_0
16055 27 -5 0 S1_0
16056 27 -5 0 S1_0
16057 27 -5 0 S1_0
16058 27 -5 0 S1_0
16059 27 -5 0 S1_0
16060 27 -5 0 S1_0
16062 27 -5 0 S1_0
16063 27 -5 0 S1_0
16046 28 -5 0 S1_0
16047 28 -5 0 S1_0
16049 28 -5 0 S1_0
16050 28 -5 4.37327325491851 S1_0
16052 28 -5 6.49188769289895 S1_0
16053 28 -5 0 S1_0
16054 28 -5 1.28427234849262 S1_0
16055 28 -5 79.4941258675054 S1_0
16056 28 -5 0 S1_0
16057 28 -5 1.93174139567316 S1_0
16058 28 -5 0 S1_0
16059 28 -5 0 S1_0
16060 28 -5 0 S1_0
16062 28 -5 0 S1_0
16063 28 -5 2.8654534999179 S1_0
16046 29 -5 0 S1_0
16047 29 -5 0 S1_0
16049 29 -5 0 S1_0
16050 29 -5 0 S1_0
16052 29 -5 0 S1_0
16053 29 -5 0 S1_0
16054 29 -5 0 S1_0
16055 29 -5 0 S1_0
16056 29 -5 0 S1_0
16057 29 -5 0 S1_0
16058 29 -5 0 S1_0
16059 29 -5 0 S1_0
16060 29 -5 0 S1_0
16062 29 -5 0 S1_0
16063 29 -5 0 S1_0
16046 30 -5 0 S1_0
16047 30 -5 0 S1_0
16049 30 -5 0 S1_0
16050 30 -5 0 S1_0
16052 30 -5 0 S1_0
16053 30 -5 0 S1_0
16054 30 -5 7.82648363118572 S1_0
16055 30 -5 0 S1_0
16056 30 -5 0 S1_0
16057 30 -5 14.4394220796575 S1_0
16058 30 -5 0 S1_0
16059 30 -5 0 S1_0
16060 30 -5 0 S1_0
16062 30 -5 0 S1_0
16063 30 -5 45.7958187776181 S1_0
16046 31 -5 0 S1_0
16047 31 -5 0 S1_0
16049 31 -5 0 S1_0
16050 31 -5 0 S1_0
16052 31 -5 0 S1_0
16053 31 -5 0 S1_0
16054 31 -5 0 S1_0
16055 31 -5 0 S1_0
16056 31 -5 0 S1_0
16057 31 -5 0 S1_0
16058 31 -5 0 S1_0
16059 31 -5 0 S1_0
16060 31 -5 0 S1_0
16062 31 -5 0 S1_0
16063 31 -5 0 S1_0
