speciesID lakeID variable value scenario
15042 1 -0.5 89.0419546683631 S1_0
15045 1 -0.5 0 S1_0
15048 1 -0.5 26.6357040024529 S1_0
15049 1 -0.5 25.4523847865117 S1_0
15051 1 -0.5 476.808616033016 S1_0
15053 1 -0.5 594.525551843476 S1_0
15054 1 -0.5 0 S1_0
15055 1 -0.5 0 S1_0
15056 1 -0.5 0 S1_0
15057 1 -0.5 0 S1_0
15059 1 -0.5 294.261521620312 S1_0
15060 1 -0.5 0 S1_0
15063 1 -0.5 42.4039169033305 S1_0
15066 1 -0.5 0 S1_0
15069 1 -0.5 326.170910739234 S1_0
15042 2 -0.5 0 S1_0
15045 2 -0.5 0 S1_0
15048 2 -0.5 0 S1_0
15049 2 -0.5 0 S1_0
15051 2 -0.5 0 S1_0
15053 2 -0.5 0 S1_0
15054 2 -0.5 0 S1_0
15055 2 -0.5 0 S1_0
15056 2 -0.5 0 S1_0
15057 2 -0.5 0 S1_0
15059 2 -0.5 0 S1_0
15060 2 -0.5 0 S1_0
15063 2 -0.5 0 S1_0
15066 2 -0.5 0 S1_0
15069 2 -0.5 0 S1_0
15042 3 -0.5 0 S1_0
15045 3 -0.5 0 S1_0
15048 3 -0.5 0 S1_0
15049 3 -0.5 0 S1_0
15051 3 -0.5 0 S1_0
15053 3 -0.5 0 S1_0
15054 3 -0.5 0 S1_0
15055 3 -0.5 0 S1_0
15056 3 -0.5 0 S1_0
15057 3 -0.5 0 S1_0
15059 3 -0.5 0 S1_0
15060 3 -0.5 0 S1_0
15063 3 -0.5 0 S1_0
15066 3 -0.5 0 S1_0
15069 3 -0.5 0 S1_0
15042 4 -0.5 11.5088477844392 S1_0
15045 4 -0.5 0 S1_0
15048 4 -0.5 9.75538473850973 S1_0
15049 4 -0.5 0 S1_0
15051 4 -0.5 78.3251765265333 S1_0
15053 4 -0.5 70.7993622831399 S1_0
15054 4 -0.5 0 S1_0
15055 4 -0.5 0 S1_0
15056 4 -0.5 0 S1_0
15057 4 -0.5 0 S1_0
15059 4 -0.5 93.5742092632658 S1_0
15060 4 -0.5 0 S1_0
15063 4 -0.5 0 S1_0
15066 4 -0.5 0 S1_0
15069 4 -0.5 18.3820832787763 S1_0
15042 5 -0.5 0 S1_0
15045 5 -0.5 0 S1_0
15048 5 -0.5 0 S1_0
15049 5 -0.5 0 S1_0
15051 5 -0.5 0 S1_0
15053 5 -0.5 0 S1_0
15054 5 -0.5 0 S1_0
15055 5 -0.5 0 S1_0
15056 5 -0.5 0 S1_0
15057 5 -0.5 0 S1_0
15059 5 -0.5 0 S1_0
15060 5 -0.5 0 S1_0
15063 5 -0.5 0 S1_0
15066 5 -0.5 0 S1_0
15069 5 -0.5 0 S1_0
15042 6 -0.5 3.65687859353647 S1_0
15045 6 -0.5 0 S1_0
15048 6 -0.5 15.5773427807806 S1_0
15049 6 -0.5 0 S1_0
15051 6 -0.5 42.2188622932655 S1_0
15053 6 -0.5 11.6277928193421 S1_0
15054 6 -0.5 0 S1_0
15055 6 -0.5 0 S1_0
15056 6 -0.5 0 S1_0
15057 6 -0.5 0 S1_0
15059 6 -0.5 40.6972130248573 S1_0
15060 6 -0.5 0 S1_0
15063 6 -0.5 0 S1_0
15066 6 -0.5 0 S1_0
15069 6 -0.5 0 S1_0
15042 7 -0.5 0 S1_0
15045 7 -0.5 0 S1_0
15048 7 -0.5 0 S1_0
15049 7 -0.5 0 S1_0
15051 7 -0.5 0 S1_0
15053 7 -0.5 0 S1_0
15054 7 -0.5 0 S1_0
15055 7 -0.5 0 S1_0
15056 7 -0.5 0 S1_0
15057 7 -0.5 0 S1_0
15059 7 -0.5 0 S1_0
15060 7 -0.5 0 S1_0
15063 7 -0.5 0 S1_0
15066 7 -0.5 0 S1_0
15069 7 -0.5 0 S1_0
15042 8 -0.5 71.3050884552365 S1_0
15045 8 -0.5 0 S1_0
15048 8 -0.5 6.56629953226198 S1_0
15049 8 -0.5 0 S1_0
15051 8 -0.5 235.051198092407 S1_0
15053 8 -0.5 302.787223323809 S1_0
15054 8 -0.5 0 S1_0
15055 8 -0.5 0 S1_0
15056 8 -0.5 0 S1_0
15057 8 -0.5 0 S1_0
15059 8 -0.5 222.915863596933 S1_0
15060 8 -0.5 0 S1_0
15063 8 -0.5 15.9551802404764 S1_0
15066 8 -0.5 0 S1_0
15069 8 -0.5 210.582137218903 S1_0
15042 9 -0.5 1.89001448026249 S1_0
15045 9 -0.5 0 S1_0
15048 9 -0.5 7.97588651222374 S1_0
15049 9 -0.5 0 S1_0
15051 9 -0.5 29.8744690389934 S1_0
15053 9 -0.5 6.51937521382141 S1_0
15054 9 -0.5 0 S1_0
15055 9 -0.5 0 S1_0
15056 9 -0.5 0 S1_0
15057 9 -0.5 0 S1_0
15059 9 -0.5 30.1056199917482 S1_0
15060 9 -0.5 0 S1_0
15063 9 -0.5 0 S1_0
15066 9 -0.5 0 S1_0
15069 9 -0.5 0 S1_0
15042 10 -0.5 74.6507555693673 S1_0
15045 10 -0.5 0 S1_0
15048 10 -0.5 22.9107693670971 S1_0
15049 10 -0.5 0 S1_0
15051 10 -0.5 219.918317211994 S1_0
15053 10 -0.5 272.764545230323 S1_0
15054 10 -0.5 0 S1_0
15055 10 -0.5 0 S1_0
15056 10 -0.5 0 S1_0
15057 10 -0.5 0 S1_0
15059 10 -0.5 220.414621949783 S1_0
15060 10 -0.5 0 S1_0
15063 10 -0.5 19.848670846333 S1_0
15066 10 -0.5 0 S1_0
15069 10 -0.5 193.537453648938 S1_0
15042 11 -0.5 53.0230548172437 S1_0
15045 11 -0.5 0 S1_0
15048 11 -0.5 2.49574555933552 S1_0
15049 11 -0.5 3.72299232195834 S1_0
15051 11 -0.5 395.565361406001 S1_0
15053 11 -0.5 520.483223229233 S1_0
15054 11 -0.5 0 S1_0
15055 11 -0.5 0 S1_0
15056 11 -0.5 0 S1_0
15057 11 -0.5 0 S1_0
15059 11 -0.5 256.030497164116 S1_0
15060 11 -0.5 0 S1_0
15063 11 -0.5 13.007017733684 S1_0
15066 11 -0.5 0 S1_0
15069 11 -0.5 281.737475210707 S1_0
15042 12 -0.5 42.24512879991 S1_0
15045 12 -0.5 0 S1_0
15048 12 -0.5 0 S1_0
15049 12 -0.5 2.00771662238327 S1_0
15051 12 -0.5 427.998293790334 S1_0
15053 12 -0.5 525.30322600668 S1_0
15054 12 -0.5 0 S1_0
15055 12 -0.5 0 S1_0
15056 12 -0.5 0 S1_0
15057 12 -0.5 0 S1_0
15059 12 -0.5 236.179477806304 S1_0
15060 12 -0.5 0 S1_0
15063 12 -0.5 7.5069917693674 S1_0
15066 12 -0.5 0 S1_0
15069 12 -0.5 266.646274322662 S1_0
15042 13 -0.5 0 S1_0
15045 13 -0.5 0 S1_0
15048 13 -0.5 0 S1_0
15049 13 -0.5 0 S1_0
15051 13 -0.5 0 S1_0
15053 13 -0.5 0 S1_0
15054 13 -0.5 0 S1_0
15055 13 -0.5 0 S1_0
15056 13 -0.5 0 S1_0
15057 13 -0.5 0 S1_0
15059 13 -0.5 0 S1_0
15060 13 -0.5 0 S1_0
15063 13 -0.5 0 S1_0
15066 13 -0.5 0 S1_0
15069 13 -0.5 0 S1_0
15042 14 -0.5 0 S1_0
15045 14 -0.5 0 S1_0
15048 14 -0.5 0 S1_0
15049 14 -0.5 0 S1_0
15051 14 -0.5 0 S1_0
15053 14 -0.5 0 S1_0
15054 14 -0.5 0 S1_0
15055 14 -0.5 0 S1_0
15056 14 -0.5 0 S1_0
15057 14 -0.5 0 S1_0
15059 14 -0.5 0 S1_0
15060 14 -0.5 0 S1_0
15063 14 -0.5 0 S1_0
15066 14 -0.5 0 S1_0
15069 14 -0.5 0 S1_0
15042 15 -0.5 101.731231454965 S1_0
15045 15 -0.5 0 S1_0
15048 15 -0.5 43.4912557021561 S1_0
15049 15 -0.5 0 S1_0
15051 15 -0.5 248.717882698579 S1_0
15053 15 -0.5 299.863738178501 S1_0
15054 15 -0.5 0 S1_0
15055 15 -0.5 0 S1_0
15056 15 -0.5 0 S1_0
15057 15 -0.5 0 S1_0
15059 15 -0.5 243.661448138386 S1_0
15060 15 -0.5 0 S1_0
15063 15 -0.5 43.5894039331992 S1_0
15066 15 -0.5 0 S1_0
15069 15 -0.5 218.208397765503 S1_0
15042 16 -0.5 96.3962584846119 S1_0
15045 16 -0.5 0 S1_0
15048 16 -0.5 18.5504504627487 S1_0
15049 16 -0.5 12.7541790026918 S1_0
15051 16 -0.5 374.187034996694 S1_0
15053 16 -0.5 485.555060842205 S1_0
15054 16 -0.5 0 S1_0
15055 16 -0.5 0 S1_0
15056 16 -0.5 0 S1_0
15057 16 -0.5 0 S1_0
15059 16 -0.5 277.754841242019 S1_0
15060 16 -0.5 0 S1_0
15063 16 -0.5 42.2474547721439 S1_0
15066 16 -0.5 0 S1_0
15069 16 -0.5 299.657450231026 S1_0
15042 17 -0.5 0 S1_0
15045 17 -0.5 0 S1_0
15048 17 -0.5 0 S1_0
15049 17 -0.5 0 S1_0
15051 17 -0.5 0 S1_0
15053 17 -0.5 0 S1_0
15054 17 -0.5 0 S1_0
15055 17 -0.5 0 S1_0
15056 17 -0.5 0 S1_0
15057 17 -0.5 0 S1_0
15059 17 -0.5 0 S1_0
15060 17 -0.5 0 S1_0
15063 17 -0.5 0 S1_0
15066 17 -0.5 0 S1_0
15069 17 -0.5 0 S1_0
15042 18 -0.5 67.4354597941338 S1_0
15045 18 -0.5 0 S1_0
15048 18 -0.5 2.17773213013909 S1_0
15049 18 -0.5 7.75009750231363 S1_0
15051 18 -0.5 426.965354644381 S1_0
15053 18 -0.5 538.722582624808 S1_0
15054 18 -0.5 0 S1_0
15055 18 -0.5 0 S1_0
15056 18 -0.5 0 S1_0
15057 18 -0.5 0 S1_0
15059 18 -0.5 261.051073346122 S1_0
15060 18 -0.5 0 S1_0
15063 18 -0.5 20.5595145638413 S1_0
15066 18 -0.5 0 S1_0
15069 18 -0.5 291.883564990417 S1_0
15042 19 -0.5 61.8682875365936 S1_0
15045 19 -0.5 0 S1_0
15048 19 -0.5 18.840656013941 S1_0
15049 19 -0.5 0 S1_0
15051 19 -0.5 177.809242713067 S1_0
15053 19 -0.5 211.36470019426 S1_0
15054 19 -0.5 0 S1_0
15055 19 -0.5 0 S1_0
15056 19 -0.5 0 S1_0
15057 19 -0.5 0 S1_0
15059 19 -0.5 189.649596733238 S1_0
15060 19 -0.5 0 S1_0
15063 19 -0.5 11.2245664822861 S1_0
15066 19 -0.5 0 S1_0
15069 19 -0.5 149.014588124699 S1_0
15042 20 -0.5 102.694479527694 S1_0
15045 20 -0.5 0 S1_0
15048 20 -0.5 27.4891916352671 S1_0
15049 20 -0.5 3.08367506722975 S1_0
15051 20 -0.5 323.844561836695 S1_0
15053 20 -0.5 417.044293694585 S1_0
15054 20 -0.5 0 S1_0
15055 20 -0.5 0 S1_0
15056 20 -0.5 0 S1_0
15057 20 -0.5 0 S1_0
15059 20 -0.5 271.822161354841 S1_0
15060 20 -0.5 0 S1_0
15063 20 -0.5 46.1100121080276 S1_0
15066 20 -0.5 0 S1_0
15069 20 -0.5 279.052214587117 S1_0
15042 21 -0.5 61.5476701837721 S1_0
15045 21 -0.5 0 S1_0
15048 21 -0.5 23.6461483653267 S1_0
15049 21 -0.5 0 S1_0
15051 21 -0.5 179.531421547893 S1_0
15053 21 -0.5 213.159303807679 S1_0
15054 21 -0.5 0 S1_0
15055 21 -0.5 0 S1_0
15056 21 -0.5 0 S1_0
15057 21 -0.5 0 S1_0
15059 21 -0.5 191.92615142319 S1_0
15060 21 -0.5 0 S1_0
15063 21 -0.5 11.8106361499915 S1_0
15066 21 -0.5 0 S1_0
15069 21 -0.5 149.919527465175 S1_0
15042 22 -0.5 102.561427829629 S1_0
15045 22 -0.5 0 S1_0
15048 22 -0.5 36.7697143586981 S1_0
15049 22 -0.5 33.889614965997 S1_0
15051 22 -0.5 458.432272046602 S1_0
15053 22 -0.5 579.650357792385 S1_0
15054 22 -0.5 0 S1_0
15055 22 -0.5 0 S1_0
15056 22 -0.5 0 S1_0
15057 22 -0.5 0 S1_0
15059 22 -0.5 303.463801978571 S1_0
15060 22 -0.5 0 S1_0
15063 22 -0.5 54.273043085656 S1_0
15066 22 -0.5 0 S1_0
15069 22 -0.5 333.364890049598 S1_0
15042 23 -0.5 26.8931813505622 S1_0
15045 23 -0.5 0 S1_0
15048 23 -0.5 31.1865234283157 S1_0
15049 23 -0.5 0 S1_0
15051 23 -0.5 100.256146006103 S1_0
15053 23 -0.5 92.0635882716554 S1_0
15054 23 -0.5 0 S1_0
15055 23 -0.5 0 S1_0
15056 23 -0.5 0 S1_0
15057 23 -0.5 0 S1_0
15059 23 -0.5 112.777165964096 S1_0
15060 23 -0.5 0 S1_0
15063 23 -0.5 2.55704951961531 S1_0
15066 23 -0.5 0 S1_0
15069 23 -0.5 36.215477784447 S1_0
15042 24 -0.5 77.512113871117 S1_0
15045 24 -0.5 0 S1_0
15048 24 -0.5 30.600533582837 S1_0
15049 24 -0.5 0 S1_0
15051 24 -0.5 225.836329687351 S1_0
15053 24 -0.5 278.930627733804 S1_0
15054 24 -0.5 0 S1_0
15055 24 -0.5 0 S1_0
15056 24 -0.5 0 S1_0
15057 24 -0.5 0 S1_0
15059 24 -0.5 226.065467719517 S1_0
15060 24 -0.5 0 S1_0
15063 24 -0.5 23.1315224028159 S1_0
15066 24 -0.5 0 S1_0
15069 24 -0.5 198.065060279806 S1_0
15042 25 -0.5 0 S1_0
15045 25 -0.5 0 S1_0
15048 25 -0.5 0 S1_0
15049 25 -0.5 0 S1_0
15051 25 -0.5 0 S1_0
15053 25 -0.5 0 S1_0
15054 25 -0.5 0 S1_0
15055 25 -0.5 0 S1_0
15056 25 -0.5 0 S1_0
15057 25 -0.5 0 S1_0
15059 25 -0.5 0 S1_0
15060 25 -0.5 0 S1_0
15063 25 -0.5 0 S1_0
15066 25 -0.5 0 S1_0
15069 25 -0.5 0 S1_0
15042 26 -0.5 101.799550988889 S1_0
15045 26 -0.5 0 S1_0
15048 26 -0.5 30.6612938770885 S1_0
15049 26 -0.5 19.3091863029929 S1_0
15051 26 -0.5 393.305972650914 S1_0
15053 26 -0.5 508.542900468402 S1_0
15054 26 -0.5 0 S1_0
15055 26 -0.5 0 S1_0
15056 26 -0.5 0 S1_0
15057 26 -0.5 0 S1_0
15059 26 -0.5 290.661308554813 S1_0
15060 26 -0.5 0 S1_0
15063 26 -0.5 50.1018756123906 S1_0
15066 26 -0.5 0 S1_0
15069 26 -0.5 312.442531723148 S1_0
15042 27 -0.5 0 S1_0
15045 27 -0.5 0 S1_0
15048 27 -0.5 0 S1_0
15049 27 -0.5 0 S1_0
15051 27 -0.5 0 S1_0
15053 27 -0.5 0 S1_0
15054 27 -0.5 0 S1_0
15055 27 -0.5 0 S1_0
15056 27 -0.5 0 S1_0
15057 27 -0.5 0 S1_0
15059 27 -0.5 0 S1_0
15060 27 -0.5 0 S1_0
15063 27 -0.5 0 S1_0
15066 27 -0.5 0 S1_0
15069 27 -0.5 0 S1_0
15042 28 -0.5 111.409573712934 S1_0
15045 28 -0.5 0 S1_0
15048 28 -0.5 40.2377108830542 S1_0
15049 28 -0.5 41.2306578159083 S1_0
15051 28 -0.5 464.347152742619 S1_0
15053 28 -0.5 584.437960522705 S1_0
15054 28 -0.5 0 S1_0
15055 28 -0.5 0 S1_0
15056 28 -0.5 0 S1_0
15057 28 -0.5 0 S1_0
15059 28 -0.5 308.944999484701 S1_0
15060 28 -0.5 0 S1_0
15063 28 -0.5 62.2454506297844 S1_0
15066 28 -0.5 0 S1_0
15069 28 -0.5 339.806424646124 S1_0
15042 29 -0.5 0 S1_0
15045 29 -0.5 0 S1_0
15048 29 -0.5 0 S1_0
15049 29 -0.5 0 S1_0
15051 29 -0.5 7.45292629736412 S1_0
15053 29 -0.5 1.36354040449095 S1_0
15054 29 -0.5 0 S1_0
15055 29 -0.5 0 S1_0
15056 29 -0.5 0 S1_0
15057 29 -0.5 0 S1_0
15059 29 -0.5 8.47188402498907 S1_0
15060 29 -0.5 0 S1_0
15063 29 -0.5 0 S1_0
15066 29 -0.5 0 S1_0
15069 29 -0.5 0 S1_0
15042 30 -0.5 0 S1_0
15045 30 -0.5 0 S1_0
15048 30 -0.5 0 S1_0
15049 30 -0.5 0 S1_0
15051 30 -0.5 0 S1_0
15053 30 -0.5 0 S1_0
15054 30 -0.5 0 S1_0
15055 30 -0.5 0 S1_0
15056 30 -0.5 0 S1_0
15057 30 -0.5 0 S1_0
15059 30 -0.5 0 S1_0
15060 30 -0.5 0 S1_0
15063 30 -0.5 0 S1_0
15066 30 -0.5 0 S1_0
15069 30 -0.5 0 S1_0
15042 31 -0.5 0 S1_0
15045 31 -0.5 0 S1_0
15048 31 -0.5 1.12950339907739 S1_0
15049 31 -0.5 0 S1_0
15051 31 -0.5 0 S1_0
15053 31 -0.5 0 S1_0
15054 31 -0.5 0 S1_0
15055 31 -0.5 0 S1_0
15056 31 -0.5 0 S1_0
15057 31 -0.5 0 S1_0
15059 31 -0.5 0 S1_0
15060 31 -0.5 0 S1_0
15063 31 -0.5 0 S1_0
15066 31 -0.5 0 S1_0
15069 31 -0.5 0 S1_0
15042 1 -1.5 0 S1_0
15045 1 -1.5 11.9232208644884 S1_0
15048 1 -1.5 412.490477165196 S1_0
15049 1 -1.5 0 S1_0
15051 1 -1.5 236.359903418005 S1_0
15053 1 -1.5 334.541820947206 S1_0
15054 1 -1.5 0 S1_0
15055 1 -1.5 0 S1_0
15056 1 -1.5 0 S1_0
15057 1 -1.5 41.9099753126859 S1_0
15059 1 -1.5 188.506109344465 S1_0
15060 1 -1.5 115.639490634447 S1_0
15063 1 -1.5 0 S1_0
15066 1 -1.5 133.281247884411 S1_0
15069 1 -1.5 170.311868809507 S1_0
15042 2 -1.5 0 S1_0
15045 2 -1.5 0 S1_0
15048 2 -1.5 162.873758111146 S1_0
15049 2 -1.5 0 S1_0
15051 2 -1.5 0 S1_0
15053 2 -1.5 0 S1_0
15054 2 -1.5 0 S1_0
15055 2 -1.5 0 S1_0
15056 2 -1.5 0 S1_0
15057 2 -1.5 0 S1_0
15059 2 -1.5 0 S1_0
15060 2 -1.5 0 S1_0
15063 2 -1.5 0 S1_0
15066 2 -1.5 0 S1_0
15069 2 -1.5 0 S1_0
15042 3 -1.5 0 S1_0
15045 3 -1.5 0 S1_0
15048 3 -1.5 382.677869361187 S1_0
15049 3 -1.5 0 S1_0
15051 3 -1.5 0 S1_0
15053 3 -1.5 0 S1_0
15054 3 -1.5 0 S1_0
15055 3 -1.5 0 S1_0
15056 3 -1.5 0 S1_0
15057 3 -1.5 0 S1_0
15059 3 -1.5 0 S1_0
15060 3 -1.5 0 S1_0
15063 3 -1.5 0 S1_0
15066 3 -1.5 0 S1_0
15069 3 -1.5 0 S1_0
15042 4 -1.5 0 S1_0
15045 4 -1.5 0 S1_0
15048 4 -1.5 424.278248675594 S1_0
15049 4 -1.5 0 S1_0
15051 4 -1.5 4.32360170709181 S1_0
15053 4 -1.5 1.82813696357034 S1_0
15054 4 -1.5 0 S1_0
15055 4 -1.5 0 S1_0
15056 4 -1.5 0 S1_0
15057 4 -1.5 7.02730433366701 S1_0
15059 4 -1.5 45.7020903099218 S1_0
15060 4 -1.5 0 S1_0
15063 4 -1.5 0 S1_0
15066 4 -1.5 2.55076241561099 S1_0
15069 4 -1.5 0 S1_0
15042 5 -1.5 0 S1_0
15045 5 -1.5 0 S1_0
15048 5 -1.5 0 S1_0
15049 5 -1.5 0 S1_0
15051 5 -1.5 0 S1_0
15053 5 -1.5 0 S1_0
15054 5 -1.5 0 S1_0
15055 5 -1.5 0 S1_0
15056 5 -1.5 0 S1_0
15057 5 -1.5 0 S1_0
15059 5 -1.5 0 S1_0
15060 5 -1.5 0 S1_0
15063 5 -1.5 0 S1_0
15066 5 -1.5 0 S1_0
15069 5 -1.5 0 S1_0
15042 6 -1.5 0 S1_0
15045 6 -1.5 3.48310207950856 S1_0
15048 6 -1.5 566.315715841798 S1_0
15049 6 -1.5 0 S1_0
15051 6 -1.5 14.8967515979417 S1_0
15053 6 -1.5 1.82126016471622 S1_0
15054 6 -1.5 3.40938840814989 S1_0
15055 6 -1.5 0 S1_0
15056 6 -1.5 0 S1_0
15057 6 -1.5 22.8024953400821 S1_0
15059 6 -1.5 53.7128652779922 S1_0
15060 6 -1.5 0 S1_0
15063 6 -1.5 0 S1_0
15066 6 -1.5 2.5914029361137 S1_0
15069 6 -1.5 0 S1_0
15042 7 -1.5 0 S1_0
15045 7 -1.5 0 S1_0
15048 7 -1.5 168.505419982807 S1_0
15049 7 -1.5 0 S1_0
15051 7 -1.5 0 S1_0
15053 7 -1.5 0 S1_0
15054 7 -1.5 0 S1_0
15055 7 -1.5 0 S1_0
15056 7 -1.5 0 S1_0
15057 7 -1.5 0 S1_0
15059 7 -1.5 0 S1_0
15060 7 -1.5 0 S1_0
15063 7 -1.5 0 S1_0
15066 7 -1.5 0 S1_0
15069 7 -1.5 0 S1_0
15042 8 -1.5 4.32598066131984 S1_0
15045 8 -1.5 24.4042175765126 S1_0
15048 8 -1.5 477.725387042716 S1_0
15049 8 -1.5 0 S1_0
15051 8 -1.5 138.072099479656 S1_0
15053 8 -1.5 179.690037332154 S1_0
15054 8 -1.5 0 S1_0
15055 8 -1.5 0 S1_0
15056 8 -1.5 1.26529277366509 S1_0
15057 8 -1.5 70.6165396777405 S1_0
15059 8 -1.5 188.954611732895 S1_0
15060 8 -1.5 78.7207858187475 S1_0
15063 8 -1.5 0 S1_0
15066 8 -1.5 161.939574714545 S1_0
15069 8 -1.5 144.186103554854 S1_0
15042 9 -1.5 0 S1_0
15045 9 -1.5 0 S1_0
15048 9 -1.5 488.249705181201 S1_0
15049 9 -1.5 0 S1_0
15051 9 -1.5 1.66870677282044 S1_0
15053 9 -1.5 0 S1_0
15054 9 -1.5 0 S1_0
15055 9 -1.5 0 S1_0
15056 9 -1.5 0 S1_0
15057 9 -1.5 3.6868712996252 S1_0
15059 9 -1.5 17.8269453433412 S1_0
15060 9 -1.5 0 S1_0
15063 9 -1.5 0 S1_0
15066 9 -1.5 0 S1_0
15069 9 -1.5 0 S1_0
15042 10 -1.5 3.64322967333778 S1_0
15045 10 -1.5 21.6370035454748 S1_0
15048 10 -1.5 506.31473425421 S1_0
15049 10 -1.5 0 S1_0
15051 10 -1.5 119.16268639422 S1_0
15053 10 -1.5 148.411743291638 S1_0
15054 10 -1.5 0 S1_0
15055 10 -1.5 0 S1_0
15056 10 -1.5 1.24599790271727 S1_0
15057 10 -1.5 69.7469218860097 S1_0
15059 10 -1.5 176.243399220816 S1_0
15060 10 -1.5 58.5120703470345 S1_0
15063 10 -1.5 0 S1_0
15066 10 -1.5 152.356100244394 S1_0
15069 10 -1.5 122.816073706825 S1_0
15042 11 -1.5 0 S1_0
15045 11 -1.5 0 S1_0
15048 11 -1.5 147.651647621929 S1_0
15049 11 -1.5 0 S1_0
15051 11 -1.5 80.1001381383036 S1_0
15053 11 -1.5 112.352366011833 S1_0
15054 11 -1.5 0 S1_0
15055 11 -1.5 0 S1_0
15056 11 -1.5 0 S1_0
15057 11 -1.5 0 S1_0
15059 11 -1.5 70.2588520110249 S1_0
15060 11 -1.5 8.00545414145357 S1_0
15063 11 -1.5 0 S1_0
15066 11 -1.5 6.89562777930688 S1_0
15069 11 -1.5 62.216974169976 S1_0
15042 12 -1.5 0 S1_0
15045 12 -1.5 0 S1_0
15048 12 -1.5 146.126483234836 S1_0
15049 12 -1.5 0 S1_0
15051 12 -1.5 103.448414331113 S1_0
15053 12 -1.5 128.559383239067 S1_0
15054 12 -1.5 0 S1_0
15055 12 -1.5 0 S1_0
15056 12 -1.5 0 S1_0
15057 12 -1.5 0 S1_0
15059 12 -1.5 70.9618907073681 S1_0
15060 12 -1.5 11.584326111515 S1_0
15063 12 -1.5 0 S1_0
15066 12 -1.5 5.58991663693001 S1_0
15069 12 -1.5 65.1486007118897 S1_0
15042 13 -1.5 0 S1_0
15045 13 -1.5 0 S1_0
15048 13 -1.5 332.704377320007 S1_0
15049 13 -1.5 0 S1_0
15051 13 -1.5 0 S1_0
15053 13 -1.5 0 S1_0
15054 13 -1.5 0 S1_0
15055 13 -1.5 0 S1_0
15056 13 -1.5 0 S1_0
15057 13 -1.5 0 S1_0
15059 13 -1.5 0 S1_0
15060 13 -1.5 0 S1_0
15063 13 -1.5 0 S1_0
15066 13 -1.5 0 S1_0
15069 13 -1.5 0 S1_0
15042 14 -1.5 0 S1_0
15045 14 -1.5 0 S1_0
15048 14 -1.5 361.471750010997 S1_0
15049 14 -1.5 0 S1_0
15051 14 -1.5 0 S1_0
15053 14 -1.5 0 S1_0
15054 14 -1.5 0 S1_0
15055 14 -1.5 0 S1_0
15056 14 -1.5 0 S1_0
15057 14 -1.5 0 S1_0
15059 14 -1.5 0 S1_0
15060 14 -1.5 0 S1_0
15063 14 -1.5 0 S1_0
15066 14 -1.5 0 S1_0
15069 14 -1.5 0 S1_0
15042 15 -1.5 58.4003651168416 S1_0
15045 15 -1.5 106.192284303093 S1_0
15048 15 -1.5 648.456556008824 S1_0
15049 15 -1.5 0 S1_0
15051 15 -1.5 207.518239714442 S1_0
15053 15 -1.5 243.096599781251 S1_0
15054 15 -1.5 17.2404875073704 S1_0
15055 15 -1.5 3.24631545209589 S1_0
15056 15 -1.5 38.466195300138 S1_0
15057 15 -1.5 138.93298860294 S1_0
15059 15 -1.5 263.256317946677 S1_0
15060 15 -1.5 148.457522286268 S1_0
15063 15 -1.5 12.2229833941166 S1_0
15066 15 -1.5 274.124307192649 S1_0
15069 15 -1.5 202.600786814229 S1_0
15042 16 -1.5 20.5099111625422 S1_0
15045 16 -1.5 67.9165035648668 S1_0
15048 16 -1.5 531.673975441941 S1_0
15049 16 -1.5 2.61794277337485 S1_0
15051 16 -1.5 266.558312528118 S1_0
15053 16 -1.5 356.397972796123 S1_0
15054 16 -1.5 1.18408254072052 S1_0
15055 16 -1.5 0 S1_0
15056 16 -1.5 9.32924543462595 S1_0
15057 16 -1.5 97.8849585566425 S1_0
15059 16 -1.5 261.042146341004 S1_0
15060 16 -1.5 171.329958455824 S1_0
15063 16 -1.5 2.35513782171507 S1_0
15066 16 -1.5 229.257969312165 S1_0
15069 16 -1.5 236.599747147339 S1_0
15042 17 -1.5 0 S1_0
15045 17 -1.5 0 S1_0
15048 17 -1.5 493.96592069501 S1_0
15049 17 -1.5 0 S1_0
15051 17 -1.5 0 S1_0
15053 17 -1.5 0 S1_0
15054 17 -1.5 0 S1_0
15055 17 -1.5 0 S1_0
15056 17 -1.5 0 S1_0
15057 17 -1.5 0 S1_0
15059 17 -1.5 0 S1_0
15060 17 -1.5 0 S1_0
15063 17 -1.5 0 S1_0
15066 17 -1.5 0 S1_0
15069 17 -1.5 0 S1_0
15042 18 -1.5 0 S1_0
15045 18 -1.5 2.19501024948895 S1_0
15048 18 -1.5 310.027671531088 S1_0
15049 18 -1.5 0 S1_0
15051 18 -1.5 177.079583875456 S1_0
15053 18 -1.5 253.67024201507 S1_0
15054 18 -1.5 0 S1_0
15055 18 -1.5 0 S1_0
15056 18 -1.5 0 S1_0
15057 18 -1.5 17.7792543627607 S1_0
15059 18 -1.5 142.17641599075 S1_0
15060 18 -1.5 78.4720071850052 S1_0
15063 18 -1.5 0 S1_0
15066 18 -1.5 82.4385425432378 S1_0
15069 18 -1.5 132.685937439091 S1_0
15042 19 -1.5 2.43517166801337 S1_0
15045 19 -1.5 14.6873333425683 S1_0
15048 19 -1.5 505.268392018279 S1_0
15049 19 -1.5 0 S1_0
15051 19 -1.5 92.9826195727714 S1_0
15053 19 -1.5 110.742817576341 S1_0
15054 19 -1.5 0 S1_0
15055 19 -1.5 0 S1_0
15056 19 -1.5 0 S1_0
15057 19 -1.5 64.1156471031775 S1_0
15059 19 -1.5 152.091139140888 S1_0
15060 19 -1.5 26.509571587041 S1_0
15063 19 -1.5 0 S1_0
15066 19 -1.5 128.078448477958 S1_0
15069 19 -1.5 91.4632435286881 S1_0
15042 20 -1.5 44.7767738616308 S1_0
15045 20 -1.5 95.1795174693573 S1_0
15048 20 -1.5 589.456841764429 S1_0
15049 20 -1.5 1.95605638231222 S1_0
15051 20 -1.5 255.136378612639 S1_0
15053 20 -1.5 328.100714090584 S1_0
15054 20 -1.5 5.79024194083406 S1_0
15055 20 -1.5 2.2452142478339 S1_0
15056 20 -1.5 25.9381517238511 S1_0
15057 20 -1.5 123.739167311856 S1_0
15059 20 -1.5 279.934021102553 S1_0
15060 20 -1.5 180.280335168623 S1_0
15063 20 -1.5 7.5874403102461 S1_0
15066 20 -1.5 270.814180125638 S1_0
15069 20 -1.5 244.456490228857 S1_0
15042 21 -1.5 1.23307586085442 S1_0
15045 21 -1.5 8.18550447891741 S1_0
15048 21 -1.5 487.483362702069 S1_0
15049 21 -1.5 0 S1_0
15051 21 -1.5 81.0227308414321 S1_0
15053 21 -1.5 97.5631449518588 S1_0
15054 21 -1.5 0 S1_0
15055 21 -1.5 0 S1_0
15056 21 -1.5 0 S1_0
15057 21 -1.5 52.7323863185741 S1_0
15059 21 -1.5 138.355715347492 S1_0
15060 21 -1.5 16.4842512097261 S1_0
15063 21 -1.5 0 S1_0
15066 21 -1.5 110.203706062517 S1_0
15069 21 -1.5 79.9761066020699 S1_0
15042 22 -1.5 9.29697916542771 S1_0
15045 22 -1.5 50.2247509971255 S1_0
15048 22 -1.5 518.230270705498 S1_0
15049 22 -1.5 2.23913440929916 S1_0
15051 22 -1.5 290.518702603243 S1_0
15053 22 -1.5 393.918903268541 S1_0
15054 22 -1.5 0 S1_0
15055 22 -1.5 0 S1_0
15056 22 -1.5 3.83161084945034 S1_0
15057 22 -1.5 79.3074571830043 S1_0
15059 22 -1.5 249.649817993802 S1_0
15060 22 -1.5 163.52348900684 S1_0
15063 22 -1.5 1.08128455246761 S1_0
15066 22 -1.5 201.758271343592 S1_0
15069 22 -1.5 227.429305433097 S1_0
15042 23 -1.5 0 S1_0
15045 23 -1.5 4.77057480546035 S1_0
15048 23 -1.5 546.08447942865 S1_0
15049 23 -1.5 0 S1_0
15051 23 -1.5 36.143455264052 S1_0
15053 23 -1.5 20.8251953455025 S1_0
15054 23 -1.5 0 S1_0
15055 23 -1.5 0 S1_0
15056 23 -1.5 0 S1_0
15057 23 -1.5 40.7136933010348 S1_0
15059 23 -1.5 90.5171272330738 S1_0
15060 23 -1.5 0 S1_0
15063 23 -1.5 0 S1_0
15066 23 -1.5 35.7673533636534 S1_0
15069 23 -1.5 7.02168465164606 S1_0
15042 24 -1.5 3.00295057209597 S1_0
15045 24 -1.5 19.2345485349111 S1_0
15048 24 -1.5 508.818871151098 S1_0
15049 24 -1.5 0 S1_0
15051 24 -1.5 115.775036676309 S1_0
15053 24 -1.5 143.93931174209 S1_0
15054 24 -1.5 0 S1_0
15055 24 -1.5 0 S1_0
15056 24 -1.5 1.01578256893128 S1_0
15057 24 -1.5 66.2582242730591 S1_0
15059 24 -1.5 172.037498012067 S1_0
15060 24 -1.5 55.2172468325872 S1_0
15063 24 -1.5 0 S1_0
15066 24 -1.5 148.343118671654 S1_0
15069 24 -1.5 119.122149810159 S1_0
15042 25 -1.5 0 S1_0
15045 25 -1.5 0 S1_0
15048 25 -1.5 352.902692221882 S1_0
15049 25 -1.5 0 S1_0
15051 25 -1.5 0 S1_0
15053 25 -1.5 0 S1_0
15054 25 -1.5 0 S1_0
15055 25 -1.5 0 S1_0
15056 25 -1.5 0 S1_0
15057 25 -1.5 0 S1_0
15059 25 -1.5 0 S1_0
15060 25 -1.5 0 S1_0
15063 25 -1.5 0 S1_0
15066 25 -1.5 0 S1_0
15069 25 -1.5 0 S1_0
15042 26 -1.5 18.4790527278578 S1_0
15045 26 -1.5 65.3996747403048 S1_0
15048 26 -1.5 543.64184561572 S1_0
15049 26 -1.5 2.55030557005025 S1_0
15051 26 -1.5 267.680781069545 S1_0
15053 26 -1.5 362.012841934222 S1_0
15054 26 -1.5 0 S1_0
15055 26 -1.5 0 S1_0
15056 26 -1.5 8.64116948108603 S1_0
15057 26 -1.5 95.2219969980136 S1_0
15059 26 -1.5 262.358262405698 S1_0
15060 26 -1.5 168.902983214672 S1_0
15063 26 -1.5 2.21270266325134 S1_0
15066 26 -1.5 227.012141370408 S1_0
15069 26 -1.5 235.569240375513 S1_0
15042 27 -1.5 0 S1_0
15045 27 -1.5 0 S1_0
15048 27 -1.5 114.979728396101 S1_0
15049 27 -1.5 0 S1_0
15051 27 -1.5 0 S1_0
15053 27 -1.5 0 S1_0
15054 27 -1.5 0 S1_0
15055 27 -1.5 0 S1_0
15056 27 -1.5 0 S1_0
15057 27 -1.5 0 S1_0
15059 27 -1.5 0 S1_0
15060 27 -1.5 0 S1_0
15063 27 -1.5 0 S1_0
15066 27 -1.5 0 S1_0
15069 27 -1.5 0 S1_0
15042 28 -1.5 31.5994960981294 S1_0
15045 28 -1.5 85.3593897496366 S1_0
15048 28 -1.5 578.029280782111 S1_0
15049 28 -1.5 11.1956394721019 S1_0
15051 28 -1.5 342.731923619492 S1_0
15053 28 -1.5 444.474293541542 S1_0
15054 28 -1.5 1.80388443419086 S1_0
15055 28 -1.5 1.87198915458218 S1_0
15056 28 -1.5 17.9969329531314 S1_0
15057 28 -1.5 107.851691510716 S1_0
15059 28 -1.5 290.417381702545 S1_0
15060 28 -1.5 207.779011756718 S1_0
15063 28 -1.5 5.56327322841347 S1_0
15066 28 -1.5 257.480901473626 S1_0
15069 28 -1.5 270.157622767777 S1_0
15042 29 -1.5 0 S1_0
15045 29 -1.5 0 S1_0
15048 29 -1.5 348.369983492221 S1_0
15049 29 -1.5 0 S1_0
15051 29 -1.5 0 S1_0
15053 29 -1.5 0 S1_0
15054 29 -1.5 0 S1_0
15055 29 -1.5 0 S1_0
15056 29 -1.5 0 S1_0
15057 29 -1.5 0 S1_0
15059 29 -1.5 1.2649612148416 S1_0
15060 29 -1.5 0 S1_0
15063 29 -1.5 0 S1_0
15066 29 -1.5 0 S1_0
15069 29 -1.5 0 S1_0
15042 30 -1.5 0 S1_0
15045 30 -1.5 0 S1_0
15048 30 -1.5 342.181049483872 S1_0
15049 30 -1.5 0 S1_0
15051 30 -1.5 0 S1_0
15053 30 -1.5 0 S1_0
15054 30 -1.5 0 S1_0
15055 30 -1.5 0 S1_0
15056 30 -1.5 0 S1_0
15057 30 -1.5 0 S1_0
15059 30 -1.5 0 S1_0
15060 30 -1.5 0 S1_0
15063 30 -1.5 0 S1_0
15066 30 -1.5 0 S1_0
15069 30 -1.5 0 S1_0
15042 31 -1.5 0 S1_0
15045 31 -1.5 0 S1_0
15048 31 -1.5 466.812687509353 S1_0
15049 31 -1.5 0 S1_0
15051 31 -1.5 0 S1_0
15053 31 -1.5 0 S1_0
15054 31 -1.5 0 S1_0
15055 31 -1.5 0 S1_0
15056 31 -1.5 0 S1_0
15057 31 -1.5 0 S1_0
15059 31 -1.5 0 S1_0
15060 31 -1.5 0 S1_0
15063 31 -1.5 0 S1_0
15066 31 -1.5 0 S1_0
15069 31 -1.5 0 S1_0
15042 1 -3 0 S1_0
15045 1 -3 0 S1_0
15048 1 -3 28.9501346893792 S1_0
15049 1 -3 0 S1_0
15051 1 -3 4.77886120356841 S1_0
15053 1 -3 14.6455068059604 S1_0
15054 1 -3 0 S1_0
15055 1 -3 0 S1_0
15056 1 -3 0 S1_0
15057 1 -3 0 S1_0
15059 1 -3 1.9233225933255 S1_0
15060 1 -3 0 S1_0
15063 1 -3 0 S1_0
15066 1 -3 0 S1_0
15069 1 -3 1.30680042856051 S1_0
15042 2 -3 0 S1_0
15045 2 -3 0 S1_0
15048 2 -3 124.773629291072 S1_0
15049 2 -3 0 S1_0
15051 2 -3 0 S1_0
15053 2 -3 0 S1_0
15054 2 -3 0 S1_0
15055 2 -3 0 S1_0
15056 2 -3 0 S1_0
15057 2 -3 0 S1_0
15059 2 -3 0 S1_0
15060 2 -3 0 S1_0
15063 2 -3 0 S1_0
15066 2 -3 0 S1_0
15069 2 -3 0 S1_0
15042 3 -3 0 S1_0
15045 3 -3 0 S1_0
15048 3 -3 132.632952408247 S1_0
15049 3 -3 0 S1_0
15051 3 -3 0 S1_0
15053 3 -3 0 S1_0
15054 3 -3 0 S1_0
15055 3 -3 0 S1_0
15056 3 -3 0 S1_0
15057 3 -3 0 S1_0
15059 3 -3 0 S1_0
15060 3 -3 0 S1_0
15063 3 -3 0 S1_0
15066 3 -3 0 S1_0
15069 3 -3 0 S1_0
15042 4 -3 0 S1_0
15045 4 -3 0 S1_0
15048 4 -3 76.1041021178981 S1_0
15049 4 -3 0 S1_0
15051 4 -3 0 S1_0
15053 4 -3 0 S1_0
15054 4 -3 0 S1_0
15055 4 -3 0 S1_0
15056 4 -3 0 S1_0
15057 4 -3 0 S1_0
15059 4 -3 0 S1_0
15060 4 -3 0 S1_0
15063 4 -3 0 S1_0
15066 4 -3 0 S1_0
15069 4 -3 0 S1_0
15042 5 -3 0 S1_0
15045 5 -3 0 S1_0
15048 5 -3 0 S1_0
15049 5 -3 0 S1_0
15051 5 -3 0 S1_0
15053 5 -3 0 S1_0
15054 5 -3 0 S1_0
15055 5 -3 0 S1_0
15056 5 -3 0 S1_0
15057 5 -3 0 S1_0
15059 5 -3 0 S1_0
15060 5 -3 0 S1_0
15063 5 -3 0 S1_0
15066 5 -3 0 S1_0
15069 5 -3 0 S1_0
15042 6 -3 0 S1_0
15045 6 -3 0 S1_0
15048 6 -3 382.758082702973 S1_0
15049 6 -3 0 S1_0
15051 6 -3 0 S1_0
15053 6 -3 0 S1_0
15054 6 -3 0 S1_0
15055 6 -3 0 S1_0
15056 6 -3 0 S1_0
15057 6 -3 1.33389089571499 S1_0
15059 6 -3 5.52390517476279 S1_0
15060 6 -3 0 S1_0
15063 6 -3 0 S1_0
15066 6 -3 0 S1_0
15069 6 -3 0 S1_0
15042 7 -3 0 S1_0
15045 7 -3 0 S1_0
15048 7 -3 133.613395397793 S1_0
15049 7 -3 0 S1_0
15051 7 -3 0 S1_0
15053 7 -3 0 S1_0
15054 7 -3 0 S1_0
15055 7 -3 0 S1_0
15056 7 -3 0 S1_0
15057 7 -3 0 S1_0
15059 7 -3 0 S1_0
15060 7 -3 0 S1_0
15063 7 -3 0 S1_0
15066 7 -3 0 S1_0
15069 7 -3 0 S1_0
15042 8 -3 0 S1_0
15045 8 -3 0 S1_0
15048 8 -3 161.928551749068 S1_0
15049 8 -3 0 S1_0
15051 8 -3 11.9776770780883 S1_0
15053 8 -3 32.8913079299397 S1_0
15054 8 -3 0 S1_0
15055 8 -3 0 S1_0
15056 8 -3 0 S1_0
15057 8 -3 0 S1_0
15059 8 -3 48.2863837908477 S1_0
15060 8 -3 0 S1_0
15063 8 -3 0 S1_0
15066 8 -3 2.61525422147943 S1_0
15069 8 -3 21.0596970269517 S1_0
15042 9 -3 0 S1_0
15045 9 -3 0 S1_0
15048 9 -3 186.579336339576 S1_0
15049 9 -3 0 S1_0
15051 9 -3 0 S1_0
15053 9 -3 0 S1_0
15054 9 -3 0 S1_0
15055 9 -3 0 S1_0
15056 9 -3 0 S1_0
15057 9 -3 0 S1_0
15059 9 -3 0 S1_0
15060 9 -3 0 S1_0
15063 9 -3 0 S1_0
15066 9 -3 0 S1_0
15069 9 -3 0 S1_0
15042 10 -3 0 S1_0
15045 10 -3 0 S1_0
15048 10 -3 150.803040089313 S1_0
15049 10 -3 0 S1_0
15051 10 -3 2.8426328140911 S1_0
15053 10 -3 9.18506564240752 S1_0
15054 10 -3 0 S1_0
15055 10 -3 0 S1_0
15056 10 -3 0 S1_0
15057 10 -3 0 S1_0
15059 10 -3 31.8870250904369 S1_0
15060 10 -3 0 S1_0
15063 10 -3 0 S1_0
15066 10 -3 1.05968472630486 S1_0
15069 10 -3 5.8653087686 S1_0
15042 11 -3 0 S1_0
15045 11 -3 0 S1_0
15048 11 -3 0 S1_0
15049 11 -3 0 S1_0
15051 11 -3 0 S1_0
15053 11 -3 0 S1_0
15054 11 -3 0 S1_0
15055 11 -3 0 S1_0
15056 11 -3 0 S1_0
15057 11 -3 0 S1_0
15059 11 -3 0 S1_0
15060 11 -3 0 S1_0
15063 11 -3 0 S1_0
15066 11 -3 0 S1_0
15069 11 -3 0 S1_0
15042 12 -3 0 S1_0
15045 12 -3 0 S1_0
15048 12 -3 0 S1_0
15049 12 -3 0 S1_0
15051 12 -3 0 S1_0
15053 12 -3 0 S1_0
15054 12 -3 0 S1_0
15055 12 -3 0 S1_0
15056 12 -3 0 S1_0
15057 12 -3 0 S1_0
15059 12 -3 0 S1_0
15060 12 -3 0 S1_0
15063 12 -3 0 S1_0
15066 12 -3 0 S1_0
15069 12 -3 0 S1_0
15042 13 -3 0 S1_0
15045 13 -3 0 S1_0
15048 13 -3 138.538513640412 S1_0
15049 13 -3 0 S1_0
15051 13 -3 0 S1_0
15053 13 -3 0 S1_0
15054 13 -3 0 S1_0
15055 13 -3 0 S1_0
15056 13 -3 0 S1_0
15057 13 -3 0 S1_0
15059 13 -3 0 S1_0
15060 13 -3 0 S1_0
15063 13 -3 0 S1_0
15066 13 -3 0 S1_0
15069 13 -3 0 S1_0
15042 14 -3 0 S1_0
15045 14 -3 0 S1_0
15048 14 -3 288.252132830795 S1_0
15049 14 -3 0 S1_0
15051 14 -3 0 S1_0
15053 14 -3 0 S1_0
15054 14 -3 0 S1_0
15055 14 -3 0 S1_0
15056 14 -3 0 S1_0
15057 14 -3 0 S1_0
15059 14 -3 0 S1_0
15060 14 -3 0 S1_0
15063 14 -3 0 S1_0
15066 14 -3 0 S1_0
15069 14 -3 0 S1_0
15042 15 -3 6.64284984192967 S1_0
15045 15 -3 33.1025911269086 S1_0
15048 15 -3 476.199436040276 S1_0
15049 15 -3 0 S1_0
15051 15 -3 130.466937775323 S1_0
15053 15 -3 156.858264634867 S1_0
15054 15 -3 0 S1_0
15055 15 -3 12.7783708784671 S1_0
15056 15 -3 34.1080237957357 S1_0
15057 15 -3 84.3377643305865 S1_0
15059 15 -3 177.889337613556 S1_0
15060 15 -3 79.6189851994077 S1_0
15063 15 -3 0 S1_0
15066 15 -3 168.174727181171 S1_0
15069 15 -3 132.491166545796 S1_0
15042 16 -3 0 S1_0
15045 16 -3 0 S1_0
15048 16 -3 220.501201606946 S1_0
15049 16 -3 0 S1_0
15051 16 -3 101.28250668294 S1_0
15053 16 -3 137.903193903959 S1_0
15054 16 -3 0 S1_0
15055 16 -3 0 S1_0
15056 16 -3 0 S1_0
15057 16 -3 7.74204523521632 S1_0
15059 16 -3 103.993158507096 S1_0
15060 16 -3 35.1670066516245 S1_0
15063 16 -3 0 S1_0
15066 16 -3 41.9986160758342 S1_0
15069 16 -3 93.8428283242879 S1_0
15042 17 -3 0 S1_0
15045 17 -3 0 S1_0
15048 17 -3 370.524823038433 S1_0
15049 17 -3 0 S1_0
15051 17 -3 0 S1_0
15053 17 -3 0 S1_0
15054 17 -3 0 S1_0
15055 17 -3 0 S1_0
15056 17 -3 0 S1_0
15057 17 -3 0 S1_0
15059 17 -3 0 S1_0
15060 17 -3 0 S1_0
15063 17 -3 0 S1_0
15066 17 -3 0 S1_0
15069 17 -3 0 S1_0
15042 18 -3 0 S1_0
15045 18 -3 0 S1_0
15048 18 -3 3.0248458264646 S1_0
15049 18 -3 0 S1_0
15051 18 -3 0 S1_0
15053 18 -3 1.24265441324598 S1_0
15054 18 -3 0 S1_0
15055 18 -3 0 S1_0
15056 18 -3 0 S1_0
15057 18 -3 0 S1_0
15059 18 -3 0 S1_0
15060 18 -3 0 S1_0
15063 18 -3 0 S1_0
15066 18 -3 0 S1_0
15069 18 -3 0 S1_0
15042 19 -3 0 S1_0
15045 19 -3 0 S1_0
15048 19 -3 164.091920922194 S1_0
15049 19 -3 0 S1_0
15051 19 -3 1.00085558880745 S1_0
15053 19 -3 2.27541590193981 S1_0
15054 19 -3 0 S1_0
15055 19 -3 0 S1_0
15056 19 -3 0 S1_0
15057 19 -3 0 S1_0
15059 19 -3 23.7460988494672 S1_0
15060 19 -3 0 S1_0
15063 19 -3 0 S1_0
15066 19 -3 0 S1_0
15069 19 -3 1.58501152685692 S1_0
15042 20 -3 1.08660440504325 S1_0
15045 20 -3 9.04574102339447 S1_0
15048 20 -3 359.128827362538 S1_0
15049 20 -3 0 S1_0
15051 20 -3 136.531340714271 S1_0
15053 20 -3 177.979971802205 S1_0
15054 20 -3 0 S1_0
15055 20 -3 3.20424326881959 S1_0
15056 20 -3 9.34352573701522 S1_0
15057 20 -3 50.109875584689 S1_0
15059 20 -3 158.079690940557 S1_0
15060 20 -3 81.897038529942 S1_0
15063 20 -3 0 S1_0
15066 20 -3 127.791768189244 S1_0
15069 20 -3 137.173103222852 S1_0
15042 21 -3 0 S1_0
15045 21 -3 0 S1_0
15048 21 -3 120.204285594036 S1_0
15049 21 -3 0 S1_0
15051 21 -3 0 S1_0
15053 21 -3 0 S1_0
15054 21 -3 0 S1_0
15055 21 -3 0 S1_0
15056 21 -3 0 S1_0
15057 21 -3 0 S1_0
15059 21 -3 6.12032288955968 S1_0
15060 21 -3 0 S1_0
15063 21 -3 0 S1_0
15066 21 -3 0 S1_0
15069 21 -3 0 S1_0
15042 22 -3 0 S1_0
15045 22 -3 0 S1_0
15048 22 -3 128.040732790943 S1_0
15049 22 -3 0 S1_0
15051 22 -3 63.2479188148253 S1_0
15053 22 -3 89.5569466464624 S1_0
15054 22 -3 0 S1_0
15055 22 -3 0 S1_0
15056 22 -3 0 S1_0
15057 22 -3 0 S1_0
15059 22 -3 52.6936440859538 S1_0
15060 22 -3 4.15887605321283 S1_0
15063 22 -3 0 S1_0
15066 22 -3 2.66690522802552 S1_0
15069 22 -3 46.7516257224065 S1_0
15042 23 -3 0 S1_0
15045 23 -3 0 S1_0
15048 23 -3 208.768098700876 S1_0
15049 23 -3 0 S1_0
15051 23 -3 0 S1_0
15053 23 -3 0 S1_0
15054 23 -3 0 S1_0
15055 23 -3 0 S1_0
15056 23 -3 0 S1_0
15057 23 -3 0 S1_0
15059 23 -3 3.08569941997576 S1_0
15060 23 -3 0 S1_0
15063 23 -3 0 S1_0
15066 23 -3 0 S1_0
15069 23 -3 0 S1_0
15042 24 -3 0 S1_0
15045 24 -3 0 S1_0
15048 24 -3 132.011697630692 S1_0
15049 24 -3 0 S1_0
15051 24 -3 1.26235416958532 S1_0
15053 24 -3 4.3899781052629 S1_0
15054 24 -3 0 S1_0
15055 24 -3 0 S1_0
15056 24 -3 0 S1_0
15057 24 -3 0 S1_0
15059 24 -3 21.2971077796171 S1_0
15060 24 -3 0 S1_0
15063 24 -3 0 S1_0
15066 24 -3 0 S1_0
15069 24 -3 2.7770263529204 S1_0
15042 25 -3 0 S1_0
15045 25 -3 0 S1_0
15048 25 -3 237.63238717749 S1_0
15049 25 -3 0 S1_0
15051 25 -3 0 S1_0
15053 25 -3 0 S1_0
15054 25 -3 0 S1_0
15055 25 -3 0 S1_0
15056 25 -3 0 S1_0
15057 25 -3 0 S1_0
15059 25 -3 0 S1_0
15060 25 -3 0 S1_0
15063 25 -3 0 S1_0
15066 25 -3 0 S1_0
15069 25 -3 0 S1_0
15042 26 -3 0 S1_0
15045 26 -3 0 S1_0
15048 26 -3 191.896396235986 S1_0
15049 26 -3 0 S1_0
15051 26 -3 85.7856400147657 S1_0
15053 26 -3 119.234901433446 S1_0
15054 26 -3 0 S1_0
15055 26 -3 0 S1_0
15056 26 -3 0 S1_0
15057 26 -3 3.41401627152588 S1_0
15059 26 -3 88.5309534316929 S1_0
15060 26 -3 20.5093920299366 S1_0
15063 26 -3 0 S1_0
15066 26 -3 24.2198405611587 S1_0
15069 26 -3 78.7491190873145 S1_0
15042 27 -3 0 S1_0
15045 27 -3 0 S1_0
15048 27 -3 28.3883868459611 S1_0
15049 27 -3 0 S1_0
15051 27 -3 0 S1_0
15053 27 -3 0 S1_0
15054 27 -3 0 S1_0
15055 27 -3 0 S1_0
15056 27 -3 0 S1_0
15057 27 -3 0 S1_0
15059 27 -3 0 S1_0
15060 27 -3 0 S1_0
15063 27 -3 0 S1_0
15066 27 -3 0 S1_0
15069 27 -3 0 S1_0
15042 28 -3 0 S1_0
15045 28 -3 0 S1_0
15048 28 -3 230.477006905413 S1_0
15049 28 -3 0 S1_0
15051 28 -3 131.984373661186 S1_0
15053 28 -3 167.256317909823 S1_0
15054 28 -3 0 S1_0
15055 28 -3 0 S1_0
15056 28 -3 0 S1_0
15057 28 -3 10.6552683407664 S1_0
15059 28 -3 113.859783841354 S1_0
15060 28 -3 59.0252807397027 S1_0
15063 28 -3 0 S1_0
15066 28 -3 59.2390424927206 S1_0
15069 28 -3 107.904683587632 S1_0
15042 29 -3 0 S1_0
15045 29 -3 0 S1_0
15048 29 -3 59.6263622779306 S1_0
15049 29 -3 0 S1_0
15051 29 -3 0 S1_0
15053 29 -3 0 S1_0
15054 29 -3 0 S1_0
15055 29 -3 0 S1_0
15056 29 -3 0 S1_0
15057 29 -3 0 S1_0
15059 29 -3 0 S1_0
15060 29 -3 0 S1_0
15063 29 -3 0 S1_0
15066 29 -3 0 S1_0
15069 29 -3 0 S1_0
15042 30 -3 0 S1_0
15045 30 -3 0 S1_0
15048 30 -3 248.242629932969 S1_0
15049 30 -3 0 S1_0
15051 30 -3 0 S1_0
15053 30 -3 0 S1_0
15054 30 -3 0 S1_0
15055 30 -3 0 S1_0
15056 30 -3 0 S1_0
15057 30 -3 0 S1_0
15059 30 -3 0 S1_0
15060 30 -3 0 S1_0
15063 30 -3 0 S1_0
15066 30 -3 0 S1_0
15069 30 -3 0 S1_0
15042 31 -3 0 S1_0
15045 31 -3 0 S1_0
15048 31 -3 198.945634944834 S1_0
15049 31 -3 0 S1_0
15051 31 -3 0 S1_0
15053 31 -3 0 S1_0
15054 31 -3 0 S1_0
15055 31 -3 0 S1_0
15056 31 -3 0 S1_0
15057 31 -3 0 S1_0
15059 31 -3 0 S1_0
15060 31 -3 0 S1_0
15063 31 -3 0 S1_0
15066 31 -3 0 S1_0
15069 31 -3 0 S1_0
15042 1 -5 0 S1_0
15045 1 -5 0 S1_0
15048 1 -5 0 S1_0
15049 1 -5 0 S1_0
15051 1 -5 0 S1_0
15053 1 -5 0 S1_0
15054 1 -5 0 S1_0
15055 1 -5 0 S1_0
15056 1 -5 0 S1_0
15057 1 -5 0 S1_0
15059 1 -5 0 S1_0
15060 1 -5 0 S1_0
15063 1 -5 0 S1_0
15066 1 -5 0 S1_0
15069 1 -5 0 S1_0
15042 2 -5 0 S1_0
15045 2 -5 0 S1_0
15048 2 -5 62.5020575449557 S1_0
15049 2 -5 0 S1_0
15051 2 -5 0 S1_0
15053 2 -5 0 S1_0
15054 2 -5 0 S1_0
15055 2 -5 0 S1_0
15056 2 -5 0 S1_0
15057 2 -5 0 S1_0
15059 2 -5 0 S1_0
15060 2 -5 0 S1_0
15063 2 -5 0 S1_0
15066 2 -5 0 S1_0
15069 2 -5 0 S1_0
15042 3 -5 0 S1_0
15045 3 -5 0 S1_0
15048 3 -5 0 S1_0
15049 3 -5 0 S1_0
15051 3 -5 0 S1_0
15053 3 -5 0 S1_0
15054 3 -5 0 S1_0
15055 3 -5 0 S1_0
15056 3 -5 0 S1_0
15057 3 -5 0 S1_0
15059 3 -5 0 S1_0
15060 3 -5 0 S1_0
15063 3 -5 0 S1_0
15066 3 -5 0 S1_0
15069 3 -5 0 S1_0
15042 4 -5 0 S1_0
15045 4 -5 0 S1_0
15048 4 -5 0 S1_0
15049 4 -5 0 S1_0
15051 4 -5 0 S1_0
15053 4 -5 0 S1_0
15054 4 -5 0 S1_0
15055 4 -5 0 S1_0
15056 4 -5 0 S1_0
15057 4 -5 0 S1_0
15059 4 -5 0 S1_0
15060 4 -5 0 S1_0
15063 4 -5 0 S1_0
15066 4 -5 0 S1_0
15069 4 -5 0 S1_0
15042 5 -5 0 S1_0
15045 5 -5 0 S1_0
15048 5 -5 0 S1_0
15049 5 -5 0 S1_0
15051 5 -5 0 S1_0
15053 5 -5 0 S1_0
15054 5 -5 0 S1_0
15055 5 -5 0 S1_0
15056 5 -5 0 S1_0
15057 5 -5 0 S1_0
15059 5 -5 0 S1_0
15060 5 -5 0 S1_0
15063 5 -5 0 S1_0
15066 5 -5 0 S1_0
15069 5 -5 0 S1_0
15042 6 -5 0 S1_0
15045 6 -5 0 S1_0
15048 6 -5 175.360780433579 S1_0
15049 6 -5 0 S1_0
15051 6 -5 0 S1_0
15053 6 -5 0 S1_0
15054 6 -5 0 S1_0
15055 6 -5 0 S1_0
15056 6 -5 0 S1_0
15057 6 -5 0 S1_0
15059 6 -5 0 S1_0
15060 6 -5 0 S1_0
15063 6 -5 0 S1_0
15066 6 -5 0 S1_0
15069 6 -5 0 S1_0
15042 7 -5 0 S1_0
15045 7 -5 0 S1_0
15048 7 -5 75.7361117320137 S1_0
15049 7 -5 0 S1_0
15051 7 -5 0 S1_0
15053 7 -5 0 S1_0
15054 7 -5 0 S1_0
15055 7 -5 0 S1_0
15056 7 -5 0 S1_0
15057 7 -5 0 S1_0
15059 7 -5 0 S1_0
15060 7 -5 0 S1_0
15063 7 -5 0 S1_0
15066 7 -5 0 S1_0
15069 7 -5 0 S1_0
15042 8 -5 0 S1_0
15045 8 -5 0 S1_0
15048 8 -5 0 S1_0
15049 8 -5 0 S1_0
15051 8 -5 0 S1_0
15053 8 -5 0 S1_0
15054 8 -5 0 S1_0
15055 8 -5 0 S1_0
15056 8 -5 0 S1_0
15057 8 -5 0 S1_0
15059 8 -5 0 S1_0
15060 8 -5 0 S1_0
15063 8 -5 0 S1_0
15066 8 -5 0 S1_0
15069 8 -5 0 S1_0
15042 9 -5 0 S1_0
15045 9 -5 0 S1_0
15048 9 -5 3.88792006268861 S1_0
15049 9 -5 0 S1_0
15051 9 -5 0 S1_0
15053 9 -5 0 S1_0
15054 9 -5 0 S1_0
15055 9 -5 0 S1_0
15056 9 -5 0 S1_0
15057 9 -5 0 S1_0
15059 9 -5 0 S1_0
15060 9 -5 0 S1_0
15063 9 -5 0 S1_0
15066 9 -5 0 S1_0
15069 9 -5 0 S1_0
15042 10 -5 0 S1_0
15045 10 -5 0 S1_0
15048 10 -5 0 S1_0
15049 10 -5 0 S1_0
15051 10 -5 0 S1_0
15053 10 -5 0 S1_0
15054 10 -5 0 S1_0
15055 10 -5 0 S1_0
15056 10 -5 0 S1_0
15057 10 -5 0 S1_0
15059 10 -5 0 S1_0
15060 10 -5 0 S1_0
15063 10 -5 0 S1_0
15066 10 -5 0 S1_0
15069 10 -5 0 S1_0
15042 11 -5 0 S1_0
15045 11 -5 0 S1_0
15048 11 -5 0 S1_0
15049 11 -5 0 S1_0
15051 11 -5 0 S1_0
15053 11 -5 0 S1_0
15054 11 -5 0 S1_0
15055 11 -5 0 S1_0
15056 11 -5 0 S1_0
15057 11 -5 0 S1_0
15059 11 -5 0 S1_0
15060 11 -5 0 S1_0
15063 11 -5 0 S1_0
15066 11 -5 0 S1_0
15069 11 -5 0 S1_0
15042 12 -5 0 S1_0
15045 12 -5 0 S1_0
15048 12 -5 0 S1_0
15049 12 -5 0 S1_0
15051 12 -5 0 S1_0
15053 12 -5 0 S1_0
15054 12 -5 0 S1_0
15055 12 -5 0 S1_0
15056 12 -5 0 S1_0
15057 12 -5 0 S1_0
15059 12 -5 0 S1_0
15060 12 -5 0 S1_0
15063 12 -5 0 S1_0
15066 12 -5 0 S1_0
15069 12 -5 0 S1_0
15042 13 -5 0 S1_0
15045 13 -5 0 S1_0
15048 13 -5 1.30567967888689 S1_0
15049 13 -5 0 S1_0
15051 13 -5 0 S1_0
15053 13 -5 0 S1_0
15054 13 -5 0 S1_0
15055 13 -5 0 S1_0
15056 13 -5 0 S1_0
15057 13 -5 0 S1_0
15059 13 -5 0 S1_0
15060 13 -5 0 S1_0
15063 13 -5 0 S1_0
15066 13 -5 0 S1_0
15069 13 -5 0 S1_0
15042 14 -5 0 S1_0
15045 14 -5 0 S1_0
15048 14 -5 188.937788204163 S1_0
15049 14 -5 0 S1_0
15051 14 -5 0 S1_0
15053 14 -5 0 S1_0
15054 14 -5 0 S1_0
15055 14 -5 0 S1_0
15056 14 -5 0 S1_0
15057 14 -5 0 S1_0
15059 14 -5 0 S1_0
15060 14 -5 0 S1_0
15063 14 -5 0 S1_0
15066 14 -5 0 S1_0
15069 14 -5 0 S1_0
15042 15 -5 0 S1_0
15045 15 -5 0 S1_0
15048 15 -5 248.14357619932 S1_0
15049 15 -5 0 S1_0
15051 15 -5 43.5319391147933 S1_0
15053 15 -5 64.0764160215441 S1_0
15054 15 -5 0 S1_0
15055 15 -5 0 S1_0
15056 15 -5 0 S1_0
15057 15 -5 11.7343881758419 S1_0
15059 15 -5 88.4333082922455 S1_0
15060 15 -5 3.40987006533384 S1_0
15063 15 -5 0 S1_0
15066 15 -5 35.9516664923693 S1_0
15069 15 -5 51.3040041883475 S1_0
15042 16 -5 0 S1_0
15045 16 -5 0 S1_0
15048 16 -5 18.0186758835971 S1_0
15049 16 -5 0 S1_0
15051 16 -5 0 S1_0
15053 16 -5 1.90170513093731 S1_0
15054 16 -5 0 S1_0
15055 16 -5 0 S1_0
15056 16 -5 0 S1_0
15057 16 -5 0 S1_0
15059 16 -5 0 S1_0
15060 16 -5 0 S1_0
15063 16 -5 0 S1_0
15066 16 -5 0 S1_0
15069 16 -5 0 S1_0
15042 17 -5 0 S1_0
15045 17 -5 0 S1_0
15048 17 -5 211.379564554027 S1_0
15049 17 -5 0 S1_0
15051 17 -5 0 S1_0
15053 17 -5 0 S1_0
15054 17 -5 0 S1_0
15055 17 -5 0 S1_0
15056 17 -5 0 S1_0
15057 17 -5 0 S1_0
15059 17 -5 0 S1_0
15060 17 -5 0 S1_0
15063 17 -5 0 S1_0
15066 17 -5 0 S1_0
15069 17 -5 0 S1_0
15042 18 -5 0 S1_0
15045 18 -5 0 S1_0
15048 18 -5 0 S1_0
15049 18 -5 0 S1_0
15051 18 -5 0 S1_0
15053 18 -5 0 S1_0
15054 18 -5 0 S1_0
15055 18 -5 0 S1_0
15056 18 -5 0 S1_0
15057 18 -5 0 S1_0
15059 18 -5 0 S1_0
15060 18 -5 0 S1_0
15063 18 -5 0 S1_0
15066 18 -5 0 S1_0
15069 18 -5 0 S1_0
15042 19 -5 0 S1_0
15045 19 -5 0 S1_0
15048 19 -5 0 S1_0
15049 19 -5 0 S1_0
15051 19 -5 0 S1_0
15053 19 -5 0 S1_0
15054 19 -5 0 S1_0
15055 19 -5 0 S1_0
15056 19 -5 0 S1_0
15057 19 -5 0 S1_0
15059 19 -5 0 S1_0
15060 19 -5 0 S1_0
15063 19 -5 0 S1_0
15066 19 -5 0 S1_0
15069 19 -5 0 S1_0
15042 20 -5 0 S1_0
15045 20 -5 0 S1_0
15048 20 -5 133.966831861534 S1_0
15049 20 -5 0 S1_0
15051 20 -5 21.5174208248408 S1_0
15053 20 -5 48.6294518598892 S1_0
15054 20 -5 0 S1_0
15055 20 -5 0 S1_0
15056 20 -5 0 S1_0
15057 20 -5 0 S1_0
15059 20 -5 44.2566184456769 S1_0
15060 20 -5 0 S1_0
15063 20 -5 0 S1_0
15066 20 -5 1.75456433172809 S1_0
15069 20 -5 28.0772243711728 S1_0
15042 21 -5 0 S1_0
15045 21 -5 0 S1_0
15048 21 -5 0 S1_0
15049 21 -5 0 S1_0
15051 21 -5 0 S1_0
15053 21 -5 0 S1_0
15054 21 -5 0 S1_0
15055 21 -5 0 S1_0
15056 21 -5 0 S1_0
15057 21 -5 0 S1_0
15059 21 -5 0 S1_0
15060 21 -5 0 S1_0
15063 21 -5 0 S1_0
15066 21 -5 0 S1_0
15069 21 -5 0 S1_0
15042 22 -5 0 S1_0
15045 22 -5 0 S1_0
15048 22 -5 0 S1_0
15049 22 -5 0 S1_0
15051 22 -5 0 S1_0
15053 22 -5 0 S1_0
15054 22 -5 0 S1_0
15055 22 -5 0 S1_0
15056 22 -5 0 S1_0
15057 22 -5 0 S1_0
15059 22 -5 0 S1_0
15060 22 -5 0 S1_0
15063 22 -5 0 S1_0
15066 22 -5 0 S1_0
15069 22 -5 0 S1_0
15042 23 -5 0 S1_0
15045 23 -5 0 S1_0
15048 23 -5 8.27428632722502 S1_0
15049 23 -5 0 S1_0
15051 23 -5 0 S1_0
15053 23 -5 0 S1_0
15054 23 -5 0 S1_0
15055 23 -5 0 S1_0
15056 23 -5 0 S1_0
15057 23 -5 0 S1_0
15059 23 -5 0 S1_0
15060 23 -5 0 S1_0
15063 23 -5 0 S1_0
15066 23 -5 0 S1_0
15069 23 -5 0 S1_0
15042 24 -5 0 S1_0
15045 24 -5 0 S1_0
15048 24 -5 0 S1_0
15049 24 -5 0 S1_0
15051 24 -5 0 S1_0
15053 24 -5 0 S1_0
15054 24 -5 0 S1_0
15055 24 -5 0 S1_0
15056 24 -5 0 S1_0
15057 24 -5 0 S1_0
15059 24 -5 0 S1_0
15060 24 -5 0 S1_0
15063 24 -5 0 S1_0
15066 24 -5 0 S1_0
15069 24 -5 0 S1_0
15042 25 -5 0 S1_0
15045 25 -5 0 S1_0
15048 25 -5 111.026179573567 S1_0
15049 25 -5 0 S1_0
15051 25 -5 0 S1_0
15053 25 -5 0 S1_0
15054 25 -5 0 S1_0
15055 25 -5 0 S1_0
15056 25 -5 0 S1_0
15057 25 -5 0 S1_0
15059 25 -5 0 S1_0
15060 25 -5 0 S1_0
15063 25 -5 0 S1_0
15066 25 -5 0 S1_0
15069 25 -5 0 S1_0
15042 26 -5 0 S1_0
15045 26 -5 0 S1_0
15048 26 -5 2.60826731729076 S1_0
15049 26 -5 0 S1_0
15051 26 -5 0 S1_0
15053 26 -5 0 S1_0
15054 26 -5 0 S1_0
15055 26 -5 0 S1_0
15056 26 -5 0 S1_0
15057 26 -5 0 S1_0
15059 26 -5 0 S1_0
15060 26 -5 0 S1_0
15063 26 -5 0 S1_0
15066 26 -5 0 S1_0
15069 26 -5 0 S1_0
15042 27 -5 0 S1_0
15045 27 -5 0 S1_0
15048 27 -5 0 S1_0
15049 27 -5 0 S1_0
15051 27 -5 0 S1_0
15053 27 -5 0 S1_0
15054 27 -5 0 S1_0
15055 27 -5 0 S1_0
15056 27 -5 0 S1_0
15057 27 -5 0 S1_0
15059 27 -5 0 S1_0
15060 27 -5 0 S1_0
15063 27 -5 0 S1_0
15066 27 -5 0 S1_0
15069 27 -5 0 S1_0
15042 28 -5 0 S1_0
15045 28 -5 0 S1_0
15048 28 -5 18.3958389028843 S1_0
15049 28 -5 0 S1_0
15051 28 -5 1.16812483336102 S1_0
15053 28 -5 5.21874792799113 S1_0
15054 28 -5 0 S1_0
15055 28 -5 0 S1_0
15056 28 -5 0 S1_0
15057 28 -5 0 S1_0
15059 28 -5 0 S1_0
15060 28 -5 0 S1_0
15063 28 -5 0 S1_0
15066 28 -5 0 S1_0
15069 28 -5 0 S1_0
15042 29 -5 0 S1_0
15045 29 -5 0 S1_0
15048 29 -5 0 S1_0
15049 29 -5 0 S1_0
15051 29 -5 0 S1_0
15053 29 -5 0 S1_0
15054 29 -5 0 S1_0
15055 29 -5 0 S1_0
15056 29 -5 0 S1_0
15057 29 -5 0 S1_0
15059 29 -5 0 S1_0
15060 29 -5 0 S1_0
15063 29 -5 0 S1_0
15066 29 -5 0 S1_0
15069 29 -5 0 S1_0
15042 30 -5 0 S1_0
15045 30 -5 0 S1_0
15048 30 -5 135.411520926419 S1_0
15049 30 -5 0 S1_0
15051 30 -5 0 S1_0
15053 30 -5 0 S1_0
15054 30 -5 0 S1_0
15055 30 -5 0 S1_0
15056 30 -5 0 S1_0
15057 30 -5 0 S1_0
15059 30 -5 0 S1_0
15060 30 -5 0 S1_0
15063 30 -5 0 S1_0
15066 30 -5 0 S1_0
15069 30 -5 0 S1_0
15042 31 -5 0 S1_0
15045 31 -5 0 S1_0
15048 31 -5 9.97750578519399 S1_0
15049 31 -5 0 S1_0
15051 31 -5 0 S1_0
15053 31 -5 0 S1_0
15054 31 -5 0 S1_0
15055 31 -5 0 S1_0
15056 31 -5 0 S1_0
15057 31 -5 0 S1_0
15059 31 -5 0 S1_0
15060 31 -5 0 S1_0
15063 31 -5 0 S1_0
15066 31 -5 0 S1_0
15069 31 -5 0 S1_0
