speciesID lakeID variable value scenario
14011 1 -0.5 31.8248846762761 S1_0
14012 1 -0.5 36.4869097786601 S1_0
14013 1 -0.5 129.540712468045 S1_0
14015 1 -0.5 0 S1_0
14017 1 -0.5 240.317514061361 S1_0
14018 1 -0.5 0 S1_0
14022 1 -0.5 251.359353038719 S1_0
14023 1 -0.5 0 S1_0
14025 1 -0.5 0 S1_0
14027 1 -0.5 61.0435536552009 S1_0
14029 1 -0.5 125.314870726646 S1_0
14030 1 -0.5 1.1390211496565 S1_0
14031 1 -0.5 0 S1_0
14032 1 -0.5 303.068423816318 S1_0
14033 1 -0.5 0 S1_0
14011 2 -0.5 0 S1_0
14012 2 -0.5 0 S1_0
14013 2 -0.5 0 S1_0
14015 2 -0.5 0 S1_0
14017 2 -0.5 0 S1_0
14018 2 -0.5 0 S1_0
14022 2 -0.5 0 S1_0
14023 2 -0.5 0 S1_0
14025 2 -0.5 0 S1_0
14027 2 -0.5 0 S1_0
14029 2 -0.5 0 S1_0
14030 2 -0.5 0 S1_0
14031 2 -0.5 0 S1_0
14032 2 -0.5 0 S1_0
14033 2 -0.5 0 S1_0
14011 3 -0.5 0 S1_0
14012 3 -0.5 0 S1_0
14013 3 -0.5 11.1499483674383 S1_0
14015 3 -0.5 0 S1_0
14017 3 -0.5 1.01597357005008 S1_0
14018 3 -0.5 0 S1_0
14022 3 -0.5 114.688855901635 S1_0
14023 3 -0.5 0 S1_0
14025 3 -0.5 0 S1_0
14027 3 -0.5 0 S1_0
14029 3 -0.5 3.19085406431089 S1_0
14030 3 -0.5 0 S1_0
14031 3 -0.5 0 S1_0
14032 3 -0.5 61.2079624940742 S1_0
14033 3 -0.5 0 S1_0
14011 4 -0.5 6.48824312682899 S1_0
14012 4 -0.5 8.45569166664643 S1_0
14013 4 -0.5 98.97348816227 S1_0
14015 4 -0.5 0 S1_0
14017 4 -0.5 144.769482592918 S1_0
14018 4 -0.5 0 S1_0
14022 4 -0.5 225.748164978448 S1_0
14023 4 -0.5 0 S1_0
14025 4 -0.5 0 S1_0
14027 4 -0.5 23.3567688874886 S1_0
14029 4 -0.5 92.8202668807538 S1_0
14030 4 -0.5 0 S1_0
14031 4 -0.5 0 S1_0
14032 4 -0.5 248.539485834477 S1_0
14033 4 -0.5 0 S1_0
14011 5 -0.5 0 S1_0
14012 5 -0.5 0 S1_0
14013 5 -0.5 0 S1_0
14015 5 -0.5 0 S1_0
14017 5 -0.5 0 S1_0
14018 5 -0.5 0 S1_0
14022 5 -0.5 0 S1_0
14023 5 -0.5 0 S1_0
14025 5 -0.5 0 S1_0
14027 5 -0.5 0 S1_0
14029 5 -0.5 0 S1_0
14030 5 -0.5 0 S1_0
14031 5 -0.5 0 S1_0
14032 5 -0.5 0 S1_0
14033 5 -0.5 0 S1_0
14011 6 -0.5 7.18843376778058 S1_0
14012 6 -0.5 6.17678893914168 S1_0
14013 6 -0.5 98.9966323142351 S1_0
14015 6 -0.5 0 S1_0
14017 6 -0.5 128.817407430606 S1_0
14018 6 -0.5 0 S1_0
14022 6 -0.5 219.165850007887 S1_0
14023 6 -0.5 0 S1_0
14025 6 -0.5 0 S1_0
14027 6 -0.5 16.2507060819421 S1_0
14029 6 -0.5 101.984796439827 S1_0
14030 6 -0.5 0 S1_0
14031 6 -0.5 0 S1_0
14032 6 -0.5 236.052806620397 S1_0
14033 6 -0.5 0 S1_0
14011 7 -0.5 0 S1_0
14012 7 -0.5 0 S1_0
14013 7 -0.5 0 S1_0
14015 7 -0.5 0 S1_0
14017 7 -0.5 0 S1_0
14018 7 -0.5 0 S1_0
14022 7 -0.5 0 S1_0
14023 7 -0.5 0 S1_0
14025 7 -0.5 0 S1_0
14027 7 -0.5 0 S1_0
14029 7 -0.5 0 S1_0
14030 7 -0.5 0 S1_0
14031 7 -0.5 0 S1_0
14032 7 -0.5 0 S1_0
14033 7 -0.5 0 S1_0
14011 8 -0.5 23.2536531010865 S1_0
14012 8 -0.5 28.7249988479672 S1_0
14013 8 -0.5 114.284711718971 S1_0
14015 8 -0.5 0 S1_0
14017 8 -0.5 187.996936108295 S1_0
14018 8 -0.5 0 S1_0
14022 8 -0.5 226.518177052942 S1_0
14023 8 -0.5 0 S1_0
14025 8 -0.5 0 S1_0
14027 8 -0.5 49.4081031482058 S1_0
14029 8 -0.5 104.334568776579 S1_0
14030 8 -0.5 0 S1_0
14031 8 -0.5 0 S1_0
14032 8 -0.5 278.625240837448 S1_0
14033 8 -0.5 0 S1_0
14011 9 -0.5 3.77775959503748 S1_0
14012 9 -0.5 3.28640726421134 S1_0
14013 9 -0.5 89.4616016350284 S1_0
14015 9 -0.5 0 S1_0
14017 9 -0.5 102.970733625684 S1_0
14018 9 -0.5 0 S1_0
14022 9 -0.5 212.491528962941 S1_0
14023 9 -0.5 0 S1_0
14025 9 -0.5 0 S1_0
14027 9 -0.5 8.65162617969865 S1_0
14029 9 -0.5 85.4773948783947 S1_0
14030 9 -0.5 0 S1_0
14031 9 -0.5 0 S1_0
14032 9 -0.5 221.965000287176 S1_0
14033 9 -0.5 0 S1_0
14011 10 -0.5 28.0298927697435 S1_0
14012 10 -0.5 34.1407225777388 S1_0
14013 10 -0.5 125.925343526781 S1_0
14015 10 -0.5 0 S1_0
14017 10 -0.5 221.615355624183 S1_0
14018 10 -0.5 0 S1_0
14022 10 -0.5 246.055820685523 S1_0
14023 10 -0.5 0 S1_0
14025 10 -0.5 0 S1_0
14027 10 -0.5 55.8627727782094 S1_0
14029 10 -0.5 124.133588090226 S1_0
14030 10 -0.5 0 S1_0
14031 10 -0.5 0 S1_0
14032 10 -0.5 298.433107815927 S1_0
14033 10 -0.5 0 S1_0
14011 11 -0.5 10.0704883361126 S1_0
14012 11 -0.5 14.5724572445885 S1_0
14013 11 -0.5 99.7613197561082 S1_0
14015 11 -0.5 0 S1_0
14017 11 -0.5 168.032677710618 S1_0
14018 11 -0.5 0 S1_0
14022 11 -0.5 226.540489242264 S1_0
14023 11 -0.5 0 S1_0
14025 11 -0.5 0 S1_0
14027 11 -0.5 36.1824184354722 S1_0
14029 11 -0.5 68.6849167333788 S1_0
14030 11 -0.5 0 S1_0
14031 11 -0.5 0 S1_0
14032 11 -0.5 258.646563876787 S1_0
14033 11 -0.5 0 S1_0
14011 12 -0.5 6.54644094925909 S1_0
14012 12 -0.5 8.9191823553907 S1_0
14013 12 -0.5 83.3967988831535 S1_0
14015 12 -0.5 0 S1_0
14017 12 -0.5 114.66069930728 S1_0
14018 12 -0.5 0 S1_0
14022 12 -0.5 202.643806891209 S1_0
14023 12 -0.5 0 S1_0
14025 12 -0.5 0 S1_0
14027 12 -0.5 25.600152945503 S1_0
14029 12 -0.5 39.8961752464324 S1_0
14030 12 -0.5 0 S1_0
14031 12 -0.5 0 S1_0
14032 12 -0.5 234.09582256578 S1_0
14033 12 -0.5 0 S1_0
14011 13 -0.5 0 S1_0
14012 13 -0.5 0 S1_0
14013 13 -0.5 6.61542897390848 S1_0
14015 13 -0.5 0 S1_0
14017 13 -0.5 0 S1_0
14018 13 -0.5 0 S1_0
14022 13 -0.5 109.538637454705 S1_0
14023 13 -0.5 0 S1_0
14025 13 -0.5 0 S1_0
14027 13 -0.5 0 S1_0
14029 13 -0.5 1.87902868107393 S1_0
14030 13 -0.5 0 S1_0
14031 13 -0.5 0 S1_0
14032 13 -0.5 83.8570027689771 S1_0
14033 13 -0.5 0 S1_0
14011 14 -0.5 0 S1_0
14012 14 -0.5 0 S1_0
14013 14 -0.5 0 S1_0
14015 14 -0.5 0 S1_0
14017 14 -0.5 0 S1_0
14018 14 -0.5 0 S1_0
14022 14 -0.5 1.69526230804639 S1_0
14023 14 -0.5 0 S1_0
14025 14 -0.5 0 S1_0
14027 14 -0.5 0 S1_0
14029 14 -0.5 0 S1_0
14030 14 -0.5 0 S1_0
14031 14 -0.5 0 S1_0
14032 14 -0.5 0 S1_0
14033 14 -0.5 0 S1_0
14011 15 -0.5 47.8619238740516 S1_0
14012 15 -0.5 50.8344361397266 S1_0
14013 15 -0.5 145.537206517058 S1_0
14015 15 -0.5 0 S1_0
14017 15 -0.5 270.083589490652 S1_0
14018 15 -0.5 0 S1_0
14022 15 -0.5 263.91630113979 S1_0
14023 15 -0.5 0 S1_0
14025 15 -0.5 0 S1_0
14027 15 -0.5 72.8845220388796 S1_0
14029 15 -0.5 153.942477965093 S1_0
14030 15 -0.5 2.82642702228418 S1_0
14031 15 -0.5 0 S1_0
14032 15 -0.5 334.211011127569 S1_0
14033 15 -0.5 0 S1_0
14011 16 -0.5 38.5063017103084 S1_0
14012 16 -0.5 41.6615151519945 S1_0
14013 16 -0.5 129.361666858497 S1_0
14015 16 -0.5 0 S1_0
14017 16 -0.5 228.932094169653 S1_0
14018 16 -0.5 0 S1_0
14022 16 -0.5 241.17830923977 S1_0
14023 16 -0.5 0 S1_0
14025 16 -0.5 0 S1_0
14027 16 -0.5 63.032820096936 S1_0
14029 16 -0.5 123.978052332127 S1_0
14030 16 -0.5 0 S1_0
14031 16 -0.5 0 S1_0
14032 16 -0.5 303.286870549673 S1_0
14033 16 -0.5 0 S1_0
14011 17 -0.5 0 S1_0
14012 17 -0.5 0 S1_0
14013 17 -0.5 52.6869502863783 S1_0
14015 17 -0.5 0 S1_0
14017 17 -0.5 10.913785334736 S1_0
14018 17 -0.5 0 S1_0
14022 17 -0.5 160.046830398728 S1_0
14023 17 -0.5 0 S1_0
14025 17 -0.5 0 S1_0
14027 17 -0.5 0 S1_0
14029 17 -0.5 32.6350617616203 S1_0
14030 17 -0.5 0 S1_0
14031 17 -0.5 0 S1_0
14032 17 -0.5 143.747340141236 S1_0
14033 17 -0.5 0 S1_0
14011 18 -0.5 17.8737753332336 S1_0
14012 18 -0.5 22.1055585755415 S1_0
14013 18 -0.5 106.397904855244 S1_0
14015 18 -0.5 0 S1_0
14017 18 -0.5 173.036210380055 S1_0
14018 18 -0.5 0 S1_0
14022 18 -0.5 222.137581298156 S1_0
14023 18 -0.5 0 S1_0
14025 18 -0.5 0 S1_0
14027 18 -0.5 43.7809263197691 S1_0
14029 18 -0.5 82.1214279082509 S1_0
14030 18 -0.5 0 S1_0
14031 18 -0.5 0 S1_0
14032 18 -0.5 265.618855910027 S1_0
14033 18 -0.5 0 S1_0
14011 19 -0.5 23.0509318213129 S1_0
14012 19 -0.5 29.102267520605 S1_0
14013 19 -0.5 120.542032811889 S1_0
14015 19 -0.5 0 S1_0
14017 19 -0.5 205.366401053078 S1_0
14018 19 -0.5 0 S1_0
14022 19 -0.5 240.777621256251 S1_0
14023 19 -0.5 0 S1_0
14025 19 -0.5 0 S1_0
14027 19 -0.5 50.1594884945729 S1_0
14029 19 -0.5 118.090694154042 S1_0
14030 19 -0.5 0 S1_0
14031 19 -0.5 0 S1_0
14032 19 -0.5 288.809374672117 S1_0
14033 19 -0.5 0 S1_0
14011 20 -0.5 44.3200752133482 S1_0
14012 20 -0.5 47.0905302822825 S1_0
14013 20 -0.5 136.59893809671 S1_0
14015 20 -0.5 0 S1_0
14017 20 -0.5 246.423420370947 S1_0
14018 20 -0.5 0 S1_0
14022 20 -0.5 249.096422893551 S1_0
14023 20 -0.5 0 S1_0
14025 20 -0.5 0 S1_0
14027 20 -0.5 68.4044998415329 S1_0
14029 20 -0.5 136.409434573379 S1_0
14030 20 -0.5 1.12142297560467 S1_0
14031 20 -0.5 0 S1_0
14032 20 -0.5 316.925002847584 S1_0
14033 20 -0.5 0 S1_0
14011 21 -0.5 22.4783716260991 S1_0
14012 21 -0.5 28.9714754572965 S1_0
14013 21 -0.5 122.384280899548 S1_0
14015 21 -0.5 0 S1_0
14017 21 -0.5 214.181965768998 S1_0
14018 21 -0.5 0 S1_0
14022 21 -0.5 245.891653548171 S1_0
14023 21 -0.5 0 S1_0
14025 21 -0.5 0 S1_0
14027 21 -0.5 50.8396218445264 S1_0
14029 21 -0.5 121.940676949186 S1_0
14030 21 -0.5 0 S1_0
14031 21 -0.5 0 S1_0
14032 21 -0.5 292.252163805293 S1_0
14033 21 -0.5 0 S1_0
14011 22 -0.5 41.8712653689727 S1_0
14012 22 -0.5 45.306264857415 S1_0
14013 22 -0.5 139.707460604251 S1_0
14015 22 -0.5 0 S1_0
14017 22 -0.5 263.557070356992 S1_0
14018 22 -0.5 0 S1_0
14022 22 -0.5 259.720687337346 S1_0
14023 22 -0.5 0 S1_0
14025 22 -0.5 0 S1_0
14027 22 -0.5 69.9849831500051 S1_0
14029 22 -0.5 142.057050739845 S1_0
14030 22 -0.5 2.09784027056146 S1_0
14031 22 -0.5 0 S1_0
14032 22 -0.5 320.771354284411 S1_0
14033 22 -0.5 0 S1_0
14011 23 -0.5 15.5288939609934 S1_0
14012 23 -0.5 19.1075238881697 S1_0
14013 23 -0.5 117.251846942249 S1_0
14015 23 -0.5 0 S1_0
14017 23 -0.5 199.723025220526 S1_0
14018 23 -0.5 0 S1_0
14022 23 -0.5 244.967261663578 S1_0
14023 23 -0.5 0 S1_0
14025 23 -0.5 0 S1_0
14027 23 -0.5 39.6794136866844 S1_0
14029 23 -0.5 124.861657808719 S1_0
14030 23 -0.5 0 S1_0
14031 23 -0.5 0 S1_0
14032 23 -0.5 278.202673095092 S1_0
14033 23 -0.5 0 S1_0
14011 24 -0.5 29.5171726534469 S1_0
14012 24 -0.5 35.9222324520292 S1_0
14013 24 -0.5 130.079854948623 S1_0
14015 24 -0.5 0 S1_0
14017 24 -0.5 236.484634615532 S1_0
14018 24 -0.5 0 S1_0
14022 24 -0.5 253.158807576322 S1_0
14023 24 -0.5 0 S1_0
14025 24 -0.5 0 S1_0
14027 24 -0.5 58.634649270973 S1_0
14029 24 -0.5 132.319186310261 S1_0
14030 24 -0.5 1.31721447533614 S1_0
14031 24 -0.5 0 S1_0
14032 24 -0.5 305.821583377656 S1_0
14033 24 -0.5 0 S1_0
14011 25 -0.5 0 S1_0
14012 25 -0.5 0 S1_0
14013 25 -0.5 0 S1_0
14015 25 -0.5 0 S1_0
14017 25 -0.5 0 S1_0
14018 25 -0.5 0 S1_0
14022 25 -0.5 3.02552936674103 S1_0
14023 25 -0.5 0 S1_0
14025 25 -0.5 0 S1_0
14027 25 -0.5 0 S1_0
14029 25 -0.5 0 S1_0
14030 25 -0.5 0 S1_0
14031 25 -0.5 0 S1_0
14032 25 -0.5 0 S1_0
14033 25 -0.5 0 S1_0
14011 26 -0.5 42.416132262806 S1_0
14012 26 -0.5 45.6112632555506 S1_0
14013 26 -0.5 137.593401567572 S1_0
14015 26 -0.5 0 S1_0
14017 26 -0.5 252.66895799936 S1_0
14018 26 -0.5 0 S1_0
14022 26 -0.5 254.194761694642 S1_0
14023 26 -0.5 0 S1_0
14025 26 -0.5 0 S1_0
14027 26 -0.5 68.5782283656976 S1_0
14029 26 -0.5 137.150830509341 S1_0
14030 26 -0.5 1.42214754049045 S1_0
14031 26 -0.5 0 S1_0
14032 26 -0.5 317.53843438319 S1_0
14033 26 -0.5 0 S1_0
14011 27 -0.5 0 S1_0
14012 27 -0.5 0 S1_0
14013 27 -0.5 0 S1_0
14015 27 -0.5 0 S1_0
14017 27 -0.5 0 S1_0
14018 27 -0.5 0 S1_0
14022 27 -0.5 0 S1_0
14023 27 -0.5 0 S1_0
14025 27 -0.5 0 S1_0
14027 27 -0.5 0 S1_0
14029 27 -0.5 0 S1_0
14030 27 -0.5 0 S1_0
14031 27 -0.5 0 S1_0
14032 27 -0.5 0 S1_0
14033 27 -0.5 0 S1_0
14011 28 -0.5 48.8146080693635 S1_0
14012 28 -0.5 50.8243415261773 S1_0
14013 28 -0.5 145.198946829008 S1_0
14015 28 -0.5 0 S1_0
14017 28 -0.5 273.783263948675 S1_0
14018 28 -0.5 0 S1_0
14022 28 -0.5 262.924869995469 S1_0
14023 28 -0.5 0 S1_0
14025 28 -0.5 0 S1_0
14027 28 -0.5 75.1707259739879 S1_0
14029 28 -0.5 149.085389320008 S1_0
14030 28 -0.5 2.59532912201032 S1_0
14031 28 -0.5 0 S1_0
14032 28 -0.5 330.767655887383 S1_0
14033 28 -0.5 0 S1_0
14011 29 -0.5 0 S1_0
14012 29 -0.5 0 S1_0
14013 29 -0.5 59.8427151762033 S1_0
14015 29 -0.5 0 S1_0
14017 29 -0.5 28.732652999205 S1_0
14018 29 -0.5 0 S1_0
14022 29 -0.5 179.23100125079 S1_0
14023 29 -0.5 0 S1_0
14025 29 -0.5 0 S1_0
14027 29 -0.5 0 S1_0
14029 29 -0.5 32.5189592712218 S1_0
14030 29 -0.5 0 S1_0
14031 29 -0.5 0 S1_0
14032 29 -0.5 179.533813079622 S1_0
14033 29 -0.5 0 S1_0
14011 30 -0.5 0 S1_0
14012 30 -0.5 0 S1_0
14013 30 -0.5 0 S1_0
14015 30 -0.5 0 S1_0
14017 30 -0.5 0 S1_0
14018 30 -0.5 0 S1_0
14022 30 -0.5 1.28763573311042 S1_0
14023 30 -0.5 0 S1_0
14025 30 -0.5 0 S1_0
14027 30 -0.5 0 S1_0
14029 30 -0.5 0 S1_0
14030 30 -0.5 0 S1_0
14031 30 -0.5 0 S1_0
14032 30 -0.5 0 S1_0
14033 30 -0.5 0 S1_0
14011 31 -0.5 0 S1_0
14012 31 -0.5 0 S1_0
14013 31 -0.5 20.4168976222168 S1_0
14015 31 -0.5 0 S1_0
14017 31 -0.5 13.125337721883 S1_0
14018 31 -0.5 0 S1_0
14022 31 -0.5 122.209116375663 S1_0
14023 31 -0.5 0 S1_0
14025 31 -0.5 0 S1_0
14027 31 -0.5 0 S1_0
14029 31 -0.5 28.7467372405303 S1_0
14030 31 -0.5 0 S1_0
14031 31 -0.5 0 S1_0
14032 31 -0.5 77.9177729705112 S1_0
14033 31 -0.5 0 S1_0
14011 1 -1.5 0 S1_0
14012 1 -1.5 0 S1_0
14013 1 -1.5 51.7784688819815 S1_0
14015 1 -1.5 0 S1_0
14017 1 -1.5 19.2072471089546 S1_0
14018 1 -1.5 0 S1_0
14022 1 -1.5 217.604978363753 S1_0
14023 1 -1.5 90.291596491285 S1_0
14025 1 -1.5 0 S1_0
14027 1 -1.5 66.8404679547478 S1_0
14029 1 -1.5 2.66052914960607 S1_0
14030 1 -1.5 0 S1_0
14031 1 -1.5 197.049370980172 S1_0
14032 1 -1.5 239.252601287576 S1_0
14033 1 -1.5 1.26522671097459 S1_0
14011 2 -1.5 0 S1_0
14012 2 -1.5 0 S1_0
14013 2 -1.5 0 S1_0
14015 2 -1.5 0 S1_0
14017 2 -1.5 0 S1_0
14018 2 -1.5 0 S1_0
14022 2 -1.5 0 S1_0
14023 2 -1.5 0 S1_0
14025 2 -1.5 0 S1_0
14027 2 -1.5 0 S1_0
14029 2 -1.5 0 S1_0
14030 2 -1.5 0 S1_0
14031 2 -1.5 0 S1_0
14032 2 -1.5 0 S1_0
14033 2 -1.5 0 S1_0
14011 3 -1.5 0 S1_0
14012 3 -1.5 0 S1_0
14013 3 -1.5 4.38320616873895 S1_0
14015 3 -1.5 0 S1_0
14017 3 -1.5 0 S1_0
14018 3 -1.5 0 S1_0
14022 3 -1.5 134.450006125363 S1_0
14023 3 -1.5 19.046635690668 S1_0
14025 3 -1.5 0 S1_0
14027 3 -1.5 0 S1_0
14029 3 -1.5 0 S1_0
14030 3 -1.5 0 S1_0
14031 3 -1.5 102.776642892579 S1_0
14032 3 -1.5 77.7921044471967 S1_0
14033 3 -1.5 0 S1_0
14011 4 -1.5 0 S1_0
14012 4 -1.5 0 S1_0
14013 4 -1.5 46.3092057039199 S1_0
14015 4 -1.5 0 S1_0
14017 4 -1.5 5.63906664674213 S1_0
14018 4 -1.5 0 S1_0
14022 4 -1.5 218.080704961295 S1_0
14023 4 -1.5 93.6665779575287 S1_0
14025 4 -1.5 0 S1_0
14027 4 -1.5 48.277548614076 S1_0
14029 4 -1.5 2.72839886161297 S1_0
14030 4 -1.5 0 S1_0
14031 4 -1.5 170.668078882157 S1_0
14032 4 -1.5 221.10727887523 S1_0
14033 4 -1.5 0 S1_0
14011 5 -1.5 0 S1_0
14012 5 -1.5 0 S1_0
14013 5 -1.5 0 S1_0
14015 5 -1.5 0 S1_0
14017 5 -1.5 0 S1_0
14018 5 -1.5 0 S1_0
14022 5 -1.5 0 S1_0
14023 5 -1.5 0 S1_0
14025 5 -1.5 0 S1_0
14027 5 -1.5 0 S1_0
14029 5 -1.5 0 S1_0
14030 5 -1.5 0 S1_0
14031 5 -1.5 0 S1_0
14032 5 -1.5 0 S1_0
14033 5 -1.5 0 S1_0
14011 6 -1.5 0 S1_0
14012 6 -1.5 4.58804111297978 S1_0
14013 6 -1.5 108.108866890025 S1_0
14015 6 -1.5 0 S1_0
14017 6 -1.5 53.9697112417549 S1_0
14018 6 -1.5 1.2752272454336 S1_0
14022 6 -1.5 283.469082948752 S1_0
14023 6 -1.5 150.232675185012 S1_0
14025 6 -1.5 2.59301379355106 S1_0
14027 6 -1.5 91.1732028513976 S1_0
14029 6 -1.5 67.8668493181585 S1_0
14030 6 -1.5 0 S1_0
14031 6 -1.5 243.888124398211 S1_0
14032 6 -1.5 300.247676893163 S1_0
14033 6 -1.5 3.13242483714254 S1_0
14011 7 -1.5 0 S1_0
14012 7 -1.5 0 S1_0
14013 7 -1.5 0 S1_0
14015 7 -1.5 0 S1_0
14017 7 -1.5 0 S1_0
14018 7 -1.5 0 S1_0
14022 7 -1.5 0 S1_0
14023 7 -1.5 0 S1_0
14025 7 -1.5 0 S1_0
14027 7 -1.5 0 S1_0
14029 7 -1.5 0 S1_0
14030 7 -1.5 0 S1_0
14031 7 -1.5 0 S1_0
14032 7 -1.5 0 S1_0
14033 7 -1.5 0 S1_0
14011 8 -1.5 0 S1_0
14012 8 -1.5 5.21600082407848 S1_0
14013 8 -1.5 86.4425013592682 S1_0
14015 8 -1.5 0 S1_0
14017 8 -1.5 38.0761562798116 S1_0
14018 8 -1.5 0 S1_0
14022 8 -1.5 249.037699797348 S1_0
14023 8 -1.5 125.591853785184 S1_0
14025 8 -1.5 0 S1_0
14027 8 -1.5 95.6074233856154 S1_0
14029 8 -1.5 17.1429250113327 S1_0
14030 8 -1.5 0 S1_0
14031 8 -1.5 234.222228915332 S1_0
14032 8 -1.5 287.689334915289 S1_0
14033 8 -1.5 4.45618755082626 S1_0
14011 9 -1.5 0 S1_0
14012 9 -1.5 0 S1_0
14013 9 -1.5 68.9049276814496 S1_0
14015 9 -1.5 0 S1_0
14017 9 -1.5 10.2905643234476 S1_0
14018 9 -1.5 0 S1_0
14022 9 -1.5 239.864729260583 S1_0
14023 9 -1.5 114.259450387114 S1_0
14025 9 -1.5 0 S1_0
14027 9 -1.5 57.8465105081729 S1_0
14029 9 -1.5 12.5250364772883 S1_0
14030 9 -1.5 0 S1_0
14031 9 -1.5 191.37566246069 S1_0
14032 9 -1.5 238.83214439252 S1_0
14033 9 -1.5 0 S1_0
14011 10 -1.5 0 S1_0
14012 10 -1.5 5.22268696849377 S1_0
14013 10 -1.5 89.7799484733139 S1_0
14015 10 -1.5 0 S1_0
14017 10 -1.5 55.9067807460868 S1_0
14018 10 -1.5 0 S1_0
14022 10 -1.5 259.871749932259 S1_0
14023 10 -1.5 130.299633160502 S1_0
14025 10 -1.5 0 S1_0
14027 10 -1.5 95.4316902260755 S1_0
14029 10 -1.5 23.8674087489214 S1_0
14030 10 -1.5 0 S1_0
14031 10 -1.5 236.068949123423 S1_0
14032 10 -1.5 294.761221799467 S1_0
14033 10 -1.5 5.11179268049006 S1_0
14011 11 -1.5 0 S1_0
14012 11 -1.5 0 S1_0
14013 11 -1.5 0 S1_0
14015 11 -1.5 0 S1_0
14017 11 -1.5 0 S1_0
14018 11 -1.5 0 S1_0
14022 11 -1.5 120.101740282582 S1_0
14023 11 -1.5 9.84294987554519 S1_0
14025 11 -1.5 0 S1_0
14027 11 -1.5 4.34853373056749 S1_0
14029 11 -1.5 0 S1_0
14030 11 -1.5 0 S1_0
14031 11 -1.5 96.7490992000923 S1_0
14032 11 -1.5 123.575819461646 S1_0
14033 11 -1.5 0 S1_0
14011 12 -1.5 0 S1_0
14012 12 -1.5 0 S1_0
14013 12 -1.5 0 S1_0
14015 12 -1.5 0 S1_0
14017 12 -1.5 0 S1_0
14018 12 -1.5 0 S1_0
14022 12 -1.5 114.035009559788 S1_0
14023 12 -1.5 9.09031533040196 S1_0
14025 12 -1.5 0 S1_0
14027 12 -1.5 4.40331035178716 S1_0
14029 12 -1.5 0 S1_0
14030 12 -1.5 0 S1_0
14031 12 -1.5 95.7843910306685 S1_0
14032 12 -1.5 118.988863059783 S1_0
14033 12 -1.5 0 S1_0
14011 13 -1.5 0 S1_0
14012 13 -1.5 0 S1_0
14013 13 -1.5 5.06903182747069 S1_0
14015 13 -1.5 0 S1_0
14017 13 -1.5 0 S1_0
14018 13 -1.5 0 S1_0
14022 13 -1.5 141.400343256241 S1_0
14023 13 -1.5 45.9437524978745 S1_0
14025 13 -1.5 0 S1_0
14027 13 -1.5 2.92655011396975 S1_0
14029 13 -1.5 0 S1_0
14030 13 -1.5 0 S1_0
14031 13 -1.5 102.598656267945 S1_0
14032 13 -1.5 112.900030919552 S1_0
14033 13 -1.5 0 S1_0
14011 14 -1.5 0 S1_0
14012 14 -1.5 0 S1_0
14013 14 -1.5 0 S1_0
14015 14 -1.5 0 S1_0
14017 14 -1.5 0 S1_0
14018 14 -1.5 0 S1_0
14022 14 -1.5 49.9329316367995 S1_0
14023 14 -1.5 0 S1_0
14025 14 -1.5 0 S1_0
14027 14 -1.5 0 S1_0
14029 14 -1.5 0 S1_0
14030 14 -1.5 0 S1_0
14031 14 -1.5 80.8586349261123 S1_0
14032 14 -1.5 1.36569367560415 S1_0
14033 14 -1.5 0 S1_0
14011 15 -1.5 17.4955432381668 S1_0
14012 15 -1.5 46.8539721367894 S1_0
14013 15 -1.5 160.730832049489 S1_0
14015 15 -1.5 2.31947012351567 S1_0
14017 15 -1.5 207.287461582359 S1_0
14018 15 -1.5 7.22843640838026 S1_0
14022 15 -1.5 341.698780872252 S1_0
14023 15 -1.5 195.277080985079 S1_0
14025 15 -1.5 35.2124734894342 S1_0
14027 15 -1.5 161.308470242847 S1_0
14029 15 -1.5 126.303647689028 S1_0
14030 15 -1.5 5.91310937011664 S1_0
14031 15 -1.5 342.292936681861 S1_0
14032 15 -1.5 419.863669357986 S1_0
14033 15 -1.5 37.8662927290134 S1_0
14011 16 -1.5 2.15279600329171 S1_0
14012 16 -1.5 16.1289831957588 S1_0
14013 16 -1.5 110.232924866127 S1_0
14015 16 -1.5 0 S1_0
14017 16 -1.5 94.146158222218 S1_0
14018 16 -1.5 0 S1_0
14022 16 -1.5 275.68025148221 S1_0
14023 16 -1.5 145.896203771232 S1_0
14025 16 -1.5 4.47496904533733 S1_0
14027 16 -1.5 119.366965409661 S1_0
14029 16 -1.5 46.7211715215248 S1_0
14030 16 -1.5 0 S1_0
14031 16 -1.5 274.586371935045 S1_0
14032 16 -1.5 327.908741899169 S1_0
14033 16 -1.5 12.954597750008 S1_0
14011 17 -1.5 0 S1_0
14012 17 -1.5 0 S1_0
14013 17 -1.5 71.7586970189789 S1_0
14015 17 -1.5 0 S1_0
14017 17 -1.5 3.90383371908441 S1_0
14018 17 -1.5 0 S1_0
14022 17 -1.5 226.941328250463 S1_0
14023 17 -1.5 111.287012764012 S1_0
14025 17 -1.5 0 S1_0
14027 17 -1.5 48.4402457935874 S1_0
14029 17 -1.5 18.7160458028104 S1_0
14030 17 -1.5 0 S1_0
14031 17 -1.5 190.224951692945 S1_0
14032 17 -1.5 212.953428388526 S1_0
14033 17 -1.5 0 S1_0
14011 18 -1.5 0 S1_0
14012 18 -1.5 0 S1_0
14013 18 -1.5 23.2456253205175 S1_0
14015 18 -1.5 0 S1_0
14017 18 -1.5 2.36224132010229 S1_0
14018 18 -1.5 0 S1_0
14022 18 -1.5 182.177617789911 S1_0
14023 18 -1.5 61.9813897871003 S1_0
14025 18 -1.5 0 S1_0
14027 18 -1.5 44.4932422695294 S1_0
14029 18 -1.5 0 S1_0
14030 18 -1.5 0 S1_0
14031 18 -1.5 163.598797549073 S1_0
14032 18 -1.5 197.312243604271 S1_0
14033 18 -1.5 0 S1_0
14011 19 -1.5 0 S1_0
14012 19 -1.5 4.65784953345458 S1_0
14013 19 -1.5 89.3873712007902 S1_0
14015 19 -1.5 0 S1_0
14017 19 -1.5 48.6688662546242 S1_0
14018 19 -1.5 0 S1_0
14022 19 -1.5 259.871593213794 S1_0
14023 19 -1.5 130.991319522903 S1_0
14025 19 -1.5 0 S1_0
14027 19 -1.5 93.0928959747857 S1_0
14029 19 -1.5 24.1913717010409 S1_0
14030 19 -1.5 0 S1_0
14031 19 -1.5 232.452866320361 S1_0
14032 19 -1.5 292.524398449768 S1_0
14033 19 -1.5 4.43596305936371 S1_0
14011 20 -1.5 8.29291819392884 S1_0
14012 20 -1.5 34.0933283768645 S1_0
14013 20 -1.5 137.812841717695 S1_0
14015 20 -1.5 0 S1_0
14017 20 -1.5 155.21478570419 S1_0
14018 20 -1.5 1.52966867742987 S1_0
14022 20 -1.5 308.653103078384 S1_0
14023 20 -1.5 171.931597041879 S1_0
14025 20 -1.5 20.8266081807246 S1_0
14027 20 -1.5 144.18109478685 S1_0
14029 20 -1.5 91.7854567154943 S1_0
14030 20 -1.5 1.55479173791384 S1_0
14031 20 -1.5 313.785053280892 S1_0
14032 20 -1.5 376.99839535587 S1_0
14033 20 -1.5 26.3092204875039 S1_0
14011 21 -1.5 0 S1_0
14012 21 -1.5 2.4377698246397 S1_0
14013 21 -1.5 77.9250643767189 S1_0
14015 21 -1.5 0 S1_0
14017 21 -1.5 37.4139756828748 S1_0
14018 21 -1.5 0 S1_0
14022 21 -1.5 249.214709188371 S1_0
14023 21 -1.5 120.419477305948 S1_0
14025 21 -1.5 0 S1_0
14027 21 -1.5 82.4765598326426 S1_0
14029 21 -1.5 14.4455497280536 S1_0
14030 21 -1.5 0 S1_0
14031 21 -1.5 216.904519050036 S1_0
14032 21 -1.5 275.305745578095 S1_0
14033 21 -1.5 2.75481917734214 S1_0
14011 22 -1.5 0 S1_0
14012 22 -1.5 6.87259837297212 S1_0
14013 22 -1.5 92.1565111633191 S1_0
14015 22 -1.5 0 S1_0
14017 22 -1.5 84.893675954399 S1_0
14018 22 -1.5 0 S1_0
14022 22 -1.5 260.988064878549 S1_0
14023 22 -1.5 129.720037320174 S1_0
14025 22 -1.5 0 S1_0
14027 22 -1.5 101.151256488342 S1_0
14029 22 -1.5 27.5288245640544 S1_0
14030 22 -1.5 0 S1_0
14031 22 -1.5 248.568020495984 S1_0
14032 22 -1.5 299.745609624065 S1_0
14033 22 -1.5 7.09095798342262 S1_0
14011 23 -1.5 0 S1_0
14012 23 -1.5 3.32396066984727 S1_0
14013 23 -1.5 93.9200456327514 S1_0
14015 23 -1.5 0 S1_0
14017 23 -1.5 59.9951050092027 S1_0
14018 23 -1.5 0 S1_0
14022 23 -1.5 271.767711957463 S1_0
14023 23 -1.5 138.644242212842 S1_0
14025 23 -1.5 0 S1_0
14027 23 -1.5 86.4891796967996 S1_0
14029 23 -1.5 42.2102061491343 S1_0
14030 23 -1.5 0 S1_0
14031 23 -1.5 228.598608220771 S1_0
14032 23 -1.5 292.207211512949 S1_0
14033 23 -1.5 3.21797918098495 S1_0
14011 24 -1.5 0 S1_0
14012 24 -1.5 4.20082702280236 S1_0
14013 24 -1.5 86.476436286021 S1_0
14015 24 -1.5 0 S1_0
14017 24 -1.5 60.0540384311717 S1_0
14018 24 -1.5 0 S1_0
14022 24 -1.5 258.08821508481 S1_0
14023 24 -1.5 127.573257343962 S1_0
14025 24 -1.5 0 S1_0
14027 24 -1.5 91.7806797860571 S1_0
14029 24 -1.5 22.7606795455625 S1_0
14030 24 -1.5 0 S1_0
14031 24 -1.5 231.00246430727 S1_0
14032 24 -1.5 290.272988904997 S1_0
14033 24 -1.5 4.461075059826 S1_0
14011 25 -1.5 0 S1_0
14012 25 -1.5 0 S1_0
14013 25 -1.5 0 S1_0
14015 25 -1.5 0 S1_0
14017 25 -1.5 0 S1_0
14018 25 -1.5 0 S1_0
14022 25 -1.5 47.4819710923246 S1_0
14023 25 -1.5 0 S1_0
14025 25 -1.5 0 S1_0
14027 25 -1.5 0 S1_0
14029 25 -1.5 0 S1_0
14030 25 -1.5 0 S1_0
14031 25 -1.5 75.2842067785836 S1_0
14032 25 -1.5 1.17460517675105 S1_0
14033 25 -1.5 0 S1_0
14011 26 -1.5 1.73399602296723 S1_0
14012 26 -1.5 14.4098075462845 S1_0
14013 26 -1.5 108.534389451838 S1_0
14015 26 -1.5 0 S1_0
14017 26 -1.5 105.116378752692 S1_0
14018 26 -1.5 0 S1_0
14022 26 -1.5 277.744073794 S1_0
14023 26 -1.5 145.05735243554 S1_0
14025 26 -1.5 3.62143706729916 S1_0
14027 26 -1.5 116.482598413318 S1_0
14029 26 -1.5 47.3861243395813 S1_0
14030 26 -1.5 0 S1_0
14031 26 -1.5 271.364093084059 S1_0
14032 26 -1.5 326.321162030168 S1_0
14033 26 -1.5 12.708551269999 S1_0
14011 27 -1.5 0 S1_0
14012 27 -1.5 0 S1_0
14013 27 -1.5 0 S1_0
14015 27 -1.5 0 S1_0
14017 27 -1.5 0 S1_0
14018 27 -1.5 0 S1_0
14022 27 -1.5 0 S1_0
14023 27 -1.5 0 S1_0
14025 27 -1.5 0 S1_0
14027 27 -1.5 0 S1_0
14029 27 -1.5 0 S1_0
14030 27 -1.5 0 S1_0
14031 27 -1.5 0 S1_0
14032 27 -1.5 0 S1_0
14033 27 -1.5 0 S1_0
14011 28 -1.5 3.58895675362963 S1_0
14012 28 -1.5 22.2536982473275 S1_0
14013 28 -1.5 121.341948941327 S1_0
14015 28 -1.5 0 S1_0
14017 28 -1.5 142.229459267722 S1_0
14018 28 -1.5 0 S1_0
14022 28 -1.5 293.147571683855 S1_0
14023 28 -1.5 156.972810640389 S1_0
14025 28 -1.5 8.8188824866571 S1_0
14027 28 -1.5 128.273336219439 S1_0
14029 28 -1.5 70.2213791519595 S1_0
14030 28 -1.5 1.2973163526069 S1_0
14031 28 -1.5 291.64649904015 S1_0
14032 28 -1.5 348.454561043015 S1_0
14033 28 -1.5 19.2763022529145 S1_0
14011 29 -1.5 0 S1_0
14012 29 -1.5 0 S1_0
14013 29 -1.5 15.6629848958474 S1_0
14015 29 -1.5 0 S1_0
14017 29 -1.5 0 S1_0
14018 29 -1.5 0 S1_0
14022 29 -1.5 177.599857707487 S1_0
14023 29 -1.5 64.7127885279098 S1_0
14025 29 -1.5 0 S1_0
14027 29 -1.5 16.3553522553695 S1_0
14029 29 -1.5 0 S1_0
14030 29 -1.5 0 S1_0
14031 29 -1.5 129.952013206315 S1_0
14032 29 -1.5 164.342365353421 S1_0
14033 29 -1.5 0 S1_0
14011 30 -1.5 0 S1_0
14012 30 -1.5 0 S1_0
14013 30 -1.5 0 S1_0
14015 30 -1.5 0 S1_0
14017 30 -1.5 0 S1_0
14018 30 -1.5 0 S1_0
14022 30 -1.5 40.35700345521 S1_0
14023 30 -1.5 0 S1_0
14025 30 -1.5 0 S1_0
14027 30 -1.5 0 S1_0
14029 30 -1.5 0 S1_0
14030 30 -1.5 0 S1_0
14031 30 -1.5 71.0455274918016 S1_0
14032 30 -1.5 0 S1_0
14033 30 -1.5 0 S1_0
14011 31 -1.5 0 S1_0
14012 31 -1.5 0 S1_0
14013 31 -1.5 12.328822491696 S1_0
14015 31 -1.5 0 S1_0
14017 31 -1.5 0 S1_0
14018 31 -1.5 0 S1_0
14022 31 -1.5 152.826156732511 S1_0
14023 31 -1.5 36.6016474602345 S1_0
14025 31 -1.5 0 S1_0
14027 31 -1.5 0 S1_0
14029 31 -1.5 2.13819376487203 S1_0
14030 31 -1.5 0 S1_0
14031 31 -1.5 121.056830753638 S1_0
14032 31 -1.5 105.647911132498 S1_0
14033 31 -1.5 0 S1_0
14011 1 -3 0 S1_0
14012 1 -3 0 S1_0
14013 1 -3 0 S1_0
14015 1 -3 0 S1_0
14017 1 -3 0 S1_0
14018 1 -3 0 S1_0
14022 1 -3 23.837209992942 S1_0
14023 1 -3 0 S1_0
14025 1 -3 0 S1_0
14027 1 -3 0 S1_0
14029 1 -3 0 S1_0
14030 1 -3 0 S1_0
14031 1 -3 10.8404465476332 S1_0
14032 1 -3 21.434319084728 S1_0
14033 1 -3 0 S1_0
14011 2 -3 0 S1_0
14012 2 -3 0 S1_0
14013 2 -3 0 S1_0
14015 2 -3 0 S1_0
14017 2 -3 0 S1_0
14018 2 -3 0 S1_0
14022 2 -3 0 S1_0
14023 2 -3 0 S1_0
14025 2 -3 0 S1_0
14027 2 -3 0 S1_0
14029 2 -3 0 S1_0
14030 2 -3 0 S1_0
14031 2 -3 0 S1_0
14032 2 -3 0 S1_0
14033 2 -3 0 S1_0
14011 3 -3 0 S1_0
14012 3 -3 0 S1_0
14013 3 -3 0 S1_0
14015 3 -3 0 S1_0
14017 3 -3 0 S1_0
14018 3 -3 0 S1_0
14022 3 -3 41.127634366794 S1_0
14023 3 -3 0 S1_0
14025 3 -3 0 S1_0
14027 3 -3 0 S1_0
14029 3 -3 0 S1_0
14030 3 -3 0 S1_0
14031 3 -3 9.40577650714775 S1_0
14032 3 -3 1.50997492921818 S1_0
14033 3 -3 0 S1_0
14011 4 -3 0 S1_0
14012 4 -3 0 S1_0
14013 4 -3 0 S1_0
14015 4 -3 0 S1_0
14017 4 -3 0 S1_0
14018 4 -3 0 S1_0
14022 4 -3 54.7469774794985 S1_0
14023 4 -3 0 S1_0
14025 4 -3 0 S1_0
14027 4 -3 0 S1_0
14029 4 -3 0 S1_0
14030 4 -3 0 S1_0
14031 4 -3 18.7809890842112 S1_0
14032 4 -3 38.5300976727644 S1_0
14033 4 -3 0 S1_0
14011 5 -3 0 S1_0
14012 5 -3 0 S1_0
14013 5 -3 0 S1_0
14015 5 -3 0 S1_0
14017 5 -3 0 S1_0
14018 5 -3 0 S1_0
14022 5 -3 0 S1_0
14023 5 -3 0 S1_0
14025 5 -3 0 S1_0
14027 5 -3 0 S1_0
14029 5 -3 0 S1_0
14030 5 -3 0 S1_0
14031 5 -3 0 S1_0
14032 5 -3 0 S1_0
14033 5 -3 0 S1_0
14011 6 -3 0 S1_0
14012 6 -3 0 S1_0
14013 6 -3 43.177258648597 S1_0
14015 6 -3 0 S1_0
14017 6 -3 3.00699724777504 S1_0
14018 6 -3 0 S1_0
14022 6 -3 208.335527503441 S1_0
14023 6 -3 87.8368691028278 S1_0
14025 6 -3 0 S1_0
14027 6 -3 37.9542025720492 S1_0
14029 6 -3 2.70145393578526 S1_0
14030 6 -3 0 S1_0
14031 6 -3 160.335925216856 S1_0
14032 6 -3 199.474041975253 S1_0
14033 6 -3 0 S1_0
14011 7 -3 0 S1_0
14012 7 -3 0 S1_0
14013 7 -3 0 S1_0
14015 7 -3 0 S1_0
14017 7 -3 0 S1_0
14018 7 -3 0 S1_0
14022 7 -3 0 S1_0
14023 7 -3 0 S1_0
14025 7 -3 0 S1_0
14027 7 -3 0 S1_0
14029 7 -3 0 S1_0
14030 7 -3 0 S1_0
14031 7 -3 0 S1_0
14032 7 -3 0 S1_0
14033 7 -3 0 S1_0
14011 8 -3 0 S1_0
14012 8 -3 0 S1_0
14013 8 -3 1.10794284746595 S1_0
14015 8 -3 0 S1_0
14017 8 -3 0 S1_0
14018 8 -3 0 S1_0
14022 8 -3 115.103198466124 S1_0
14023 8 -3 13.529442702696 S1_0
14025 8 -3 0 S1_0
14027 8 -3 4.7872514895797 S1_0
14029 8 -3 0 S1_0
14030 8 -3 0 S1_0
14031 8 -3 90.9238728420786 S1_0
14032 8 -3 118.340190849461 S1_0
14033 8 -3 0 S1_0
14011 9 -3 0 S1_0
14012 9 -3 0 S1_0
14013 9 -3 0 S1_0
14015 9 -3 0 S1_0
14017 9 -3 0 S1_0
14018 9 -3 0 S1_0
14022 9 -3 119.510132370442 S1_0
14023 9 -3 13.6216340443322 S1_0
14025 9 -3 0 S1_0
14027 9 -3 0 S1_0
14029 9 -3 0 S1_0
14030 9 -3 0 S1_0
14031 9 -3 72.8824127091367 S1_0
14032 9 -3 97.3886420544543 S1_0
14033 9 -3 0 S1_0
14011 10 -3 0 S1_0
14012 10 -3 0 S1_0
14013 10 -3 0 S1_0
14015 10 -3 0 S1_0
14017 10 -3 0 S1_0
14018 10 -3 0 S1_0
14022 10 -3 110.640784991602 S1_0
14023 10 -3 9.81301151675216 S1_0
14025 10 -3 0 S1_0
14027 10 -3 2.64719194080321 S1_0
14029 10 -3 0 S1_0
14030 10 -3 0 S1_0
14031 10 -3 82.4054825217764 S1_0
14032 10 -3 111.662881840407 S1_0
14033 10 -3 0 S1_0
14011 11 -3 0 S1_0
14012 11 -3 0 S1_0
14013 11 -3 0 S1_0
14015 11 -3 0 S1_0
14017 11 -3 0 S1_0
14018 11 -3 0 S1_0
14022 11 -3 0 S1_0
14023 11 -3 0 S1_0
14025 11 -3 0 S1_0
14027 11 -3 0 S1_0
14029 11 -3 0 S1_0
14030 11 -3 0 S1_0
14031 11 -3 0 S1_0
14032 11 -3 0 S1_0
14033 11 -3 0 S1_0
14011 12 -3 0 S1_0
14012 12 -3 0 S1_0
14013 12 -3 0 S1_0
14015 12 -3 0 S1_0
14017 12 -3 0 S1_0
14018 12 -3 0 S1_0
14022 12 -3 0 S1_0
14023 12 -3 0 S1_0
14025 12 -3 0 S1_0
14027 12 -3 0 S1_0
14029 12 -3 0 S1_0
14030 12 -3 0 S1_0
14031 12 -3 0 S1_0
14032 12 -3 0 S1_0
14033 12 -3 0 S1_0
14011 13 -3 0 S1_0
14012 13 -3 0 S1_0
14013 13 -3 0 S1_0
14015 13 -3 0 S1_0
14017 13 -3 0 S1_0
14018 13 -3 0 S1_0
14022 13 -3 61.0727260157886 S1_0
14023 13 -3 0 S1_0
14025 13 -3 0 S1_0
14027 13 -3 0 S1_0
14029 13 -3 0 S1_0
14030 13 -3 0 S1_0
14031 13 -3 18.7436293194781 S1_0
14032 13 -3 17.8679822534998 S1_0
14033 13 -3 0 S1_0
14011 14 -3 0 S1_0
14012 14 -3 0 S1_0
14013 14 -3 0 S1_0
14015 14 -3 0 S1_0
14017 14 -3 0 S1_0
14018 14 -3 0 S1_0
14022 14 -3 28.0685230331029 S1_0
14023 14 -3 0 S1_0
14025 14 -3 0 S1_0
14027 14 -3 0 S1_0
14029 14 -3 0 S1_0
14030 14 -3 0 S1_0
14031 14 -3 50.3669418695586 S1_0
14032 14 -3 0 S1_0
14033 14 -3 0 S1_0
14011 15 -3 0 S1_0
14012 15 -3 8.73751019901738 S1_0
14013 15 -3 97.00688928225 S1_0
14015 15 -3 0 S1_0
14017 15 -3 83.5871258163358 S1_0
14018 15 -3 0 S1_0
14022 15 -3 266.663036138617 S1_0
14023 15 -3 131.303588652696 S1_0
14025 15 -3 27.9513360964423 S1_0
14027 15 -3 101.604410381455 S1_0
14029 15 -3 40.5146286491466 S1_0
14030 15 -3 0 S1_0
14031 15 -3 247.965300708844 S1_0
14032 15 -3 306.804048207264 S1_0
14033 15 -3 8.90483747631787 S1_0
14011 16 -3 0 S1_0
14012 16 -3 0 S1_0
14013 16 -3 8.94428512023614 S1_0
14015 16 -3 0 S1_0
14017 16 -3 0 S1_0
14018 16 -3 0 S1_0
14022 16 -3 150.418469206162 S1_0
14023 16 -3 42.1602206175619 S1_0
14025 16 -3 0 S1_0
14027 16 -3 26.493154524294 S1_0
14029 16 -3 0 S1_0
14030 16 -3 0 S1_0
14031 16 -3 132.463655029977 S1_0
14032 16 -3 162.91123882396 S1_0
14033 16 -3 0 S1_0
14011 17 -3 0 S1_0
14012 17 -3 0 S1_0
14013 17 -3 21.4195568159384 S1_0
14015 17 -3 0 S1_0
14017 17 -3 0 S1_0
14018 17 -3 0 S1_0
14022 17 -3 179.67526969105 S1_0
14023 17 -3 68.6652171065153 S1_0
14025 17 -3 0 S1_0
14027 17 -3 11.2990446339655 S1_0
14029 17 -3 0 S1_0
14030 17 -3 0 S1_0
14031 17 -3 134.312886707067 S1_0
14032 17 -3 147.741454483661 S1_0
14033 17 -3 0 S1_0
14011 18 -3 0 S1_0
14012 18 -3 0 S1_0
14013 18 -3 0 S1_0
14015 18 -3 0 S1_0
14017 18 -3 0 S1_0
14018 18 -3 0 S1_0
14022 18 -3 3.25972161753717 S1_0
14023 18 -3 0 S1_0
14025 18 -3 0 S1_0
14027 18 -3 0 S1_0
14029 18 -3 0 S1_0
14030 18 -3 0 S1_0
14031 18 -3 0 S1_0
14032 18 -3 2.23132364217783 S1_0
14033 18 -3 0 S1_0
14011 19 -3 0 S1_0
14012 19 -3 0 S1_0
14013 19 -3 1.02889939214737 S1_0
14015 19 -3 0 S1_0
14017 19 -3 0 S1_0
14018 19 -3 0 S1_0
14022 19 -3 117.965927354993 S1_0
14023 19 -3 14.1548182308896 S1_0
14025 19 -3 0 S1_0
14027 19 -3 3.39064634793451 S1_0
14029 19 -3 0 S1_0
14030 19 -3 0 S1_0
14031 19 -3 86.5171908354895 S1_0
14032 19 -3 117.546392207951 S1_0
14033 19 -3 0 S1_0
14011 20 -3 0 S1_0
14012 20 -3 1.258225479067 S1_0
14013 20 -3 57.7003701766169 S1_0
14015 20 -3 0 S1_0
14017 20 -3 14.6481585881496 S1_0
14018 20 -3 0 S1_0
14022 20 -3 212.25419075127 S1_0
14023 20 -3 92.3329011741835 S1_0
14025 20 -3 4.04908709959977 S1_0
14027 20 -3 70.1263734320386 S1_0
14029 20 -3 3.30266145313954 S1_0
14030 20 -3 0 S1_0
14031 20 -3 196.796329986209 S1_0
14032 20 -3 240.060674280753 S1_0
14033 20 -3 1.7935527918288 S1_0
14011 21 -3 0 S1_0
14012 21 -3 0 S1_0
14013 21 -3 0 S1_0
14015 21 -3 0 S1_0
14017 21 -3 0 S1_0
14018 21 -3 0 S1_0
14022 21 -3 89.8757681870573 S1_0
14023 21 -3 2.78204453314974 S1_0
14025 21 -3 0 S1_0
14027 21 -3 0 S1_0
14029 21 -3 0 S1_0
14030 21 -3 0 S1_0
14031 21 -3 59.2017796917122 S1_0
14032 21 -3 86.2180902102059 S1_0
14033 21 -3 0 S1_0
14011 22 -3 0 S1_0
14012 22 -3 0 S1_0
14013 22 -3 0 S1_0
14015 22 -3 0 S1_0
14017 22 -3 0 S1_0
14018 22 -3 0 S1_0
14022 22 -3 96.4197050070863 S1_0
14023 22 -3 4.28448152299179 S1_0
14025 22 -3 0 S1_0
14027 22 -3 1.61682211173242 S1_0
14029 22 -3 0 S1_0
14030 22 -3 0 S1_0
14031 22 -3 76.9016841748734 S1_0
14032 22 -3 100.221830837335 S1_0
14033 22 -3 0 S1_0
14011 23 -3 0 S1_0
14012 23 -3 0 S1_0
14013 23 -3 2.6854702343466 S1_0
14015 23 -3 0 S1_0
14017 23 -3 0 S1_0
14018 23 -3 0 S1_0
14022 23 -3 140.029462969619 S1_0
14023 23 -3 30.522715811338 S1_0
14025 23 -3 0 S1_0
14027 23 -3 4.69282672936081 S1_0
14029 23 -3 0 S1_0
14030 23 -3 0 S1_0
14031 23 -3 96.5947399977196 S1_0
14032 23 -3 132.066668995012 S1_0
14033 23 -3 0 S1_0
14011 24 -3 0 S1_0
14012 24 -3 0 S1_0
14013 24 -3 0 S1_0
14015 24 -3 0 S1_0
14017 24 -3 0 S1_0
14018 24 -3 0 S1_0
14022 24 -3 98.5541877636754 S1_0
14023 24 -3 4.82410934978248 S1_0
14025 24 -3 0 S1_0
14027 24 -3 1.13994360386391 S1_0
14029 24 -3 0 S1_0
14030 24 -3 0 S1_0
14031 24 -3 70.2132236912186 S1_0
14032 24 -3 98.3507232318491 S1_0
14033 24 -3 0 S1_0
14011 25 -3 0 S1_0
14012 25 -3 0 S1_0
14013 25 -3 0 S1_0
14015 25 -3 0 S1_0
14017 25 -3 0 S1_0
14018 25 -3 0 S1_0
14022 25 -3 13.3694104176648 S1_0
14023 25 -3 0 S1_0
14025 25 -3 0 S1_0
14027 25 -3 0 S1_0
14029 25 -3 0 S1_0
14030 25 -3 0 S1_0
14031 25 -3 30.0675485046109 S1_0
14032 25 -3 0 S1_0
14033 25 -3 0 S1_0
14011 26 -3 0 S1_0
14012 26 -3 0 S1_0
14013 26 -3 3.98206753648327 S1_0
14015 26 -3 0 S1_0
14017 26 -3 0 S1_0
14018 26 -3 0 S1_0
14022 26 -3 136.47578368553 S1_0
14023 26 -3 28.7325920079594 S1_0
14025 26 -3 0 S1_0
14027 26 -3 15.3789440795404 S1_0
14029 26 -3 0 S1_0
14030 26 -3 0 S1_0
14031 26 -3 116.386348390483 S1_0
14032 26 -3 145.982685533389 S1_0
14033 26 -3 0 S1_0
14011 27 -3 0 S1_0
14012 27 -3 0 S1_0
14013 27 -3 0 S1_0
14015 27 -3 0 S1_0
14017 27 -3 0 S1_0
14018 27 -3 0 S1_0
14022 27 -3 0 S1_0
14023 27 -3 0 S1_0
14025 27 -3 0 S1_0
14027 27 -3 0 S1_0
14029 27 -3 0 S1_0
14030 27 -3 0 S1_0
14031 27 -3 0 S1_0
14032 27 -3 0 S1_0
14033 27 -3 0 S1_0
14011 28 -3 0 S1_0
14012 28 -3 0 S1_0
14013 28 -3 12.3183962508317 S1_0
14015 28 -3 0 S1_0
14017 28 -3 1.87949706477353 S1_0
14018 28 -3 0 S1_0
14022 28 -3 157.620100095133 S1_0
14023 28 -3 47.209506171535 S1_0
14025 28 -3 0 S1_0
14027 28 -3 30.6147176069387 S1_0
14029 28 -3 0 S1_0
14030 28 -3 0 S1_0
14031 28 -3 139.290033911366 S1_0
14032 28 -3 172.093827651996 S1_0
14033 28 -3 0 S1_0
14011 29 -3 0 S1_0
14012 29 -3 0 S1_0
14013 29 -3 0 S1_0
14015 29 -3 0 S1_0
14017 29 -3 0 S1_0
14018 29 -3 0 S1_0
14022 29 -3 34.3155023511029 S1_0
14023 29 -3 0 S1_0
14025 29 -3 0 S1_0
14027 29 -3 0 S1_0
14029 29 -3 0 S1_0
14030 29 -3 0 S1_0
14031 29 -3 4.6160742368428 S1_0
14032 29 -3 10.8275204761953 S1_0
14033 29 -3 0 S1_0
14011 30 -3 0 S1_0
14012 30 -3 0 S1_0
14013 30 -3 0 S1_0
14015 30 -3 0 S1_0
14017 30 -3 0 S1_0
14018 30 -3 0 S1_0
14022 30 -3 13.7018866377987 S1_0
14023 30 -3 0 S1_0
14025 30 -3 0 S1_0
14027 30 -3 0 S1_0
14029 30 -3 0 S1_0
14030 30 -3 0 S1_0
14031 30 -3 32.8867340844089 S1_0
14032 30 -3 0 S1_0
14033 30 -3 0 S1_0
14011 31 -3 0 S1_0
14012 31 -3 0 S1_0
14013 31 -3 0 S1_0
14015 31 -3 0 S1_0
14017 31 -3 0 S1_0
14018 31 -3 0 S1_0
14022 31 -3 66.3994755914999 S1_0
14023 31 -3 0 S1_0
14025 31 -3 0 S1_0
14027 31 -3 0 S1_0
14029 31 -3 0 S1_0
14030 31 -3 0 S1_0
14031 31 -3 27.0741193119718 S1_0
14032 31 -3 9.04307523654044 S1_0
14033 31 -3 0 S1_0
14011 1 -5 0 S1_0
14012 1 -5 0 S1_0
14013 1 -5 0 S1_0
14015 1 -5 0 S1_0
14017 1 -5 0 S1_0
14018 1 -5 0 S1_0
14022 1 -5 0 S1_0
14023 1 -5 0 S1_0
14025 1 -5 0 S1_0
14027 1 -5 0 S1_0
14029 1 -5 0 S1_0
14030 1 -5 0 S1_0
14031 1 -5 0 S1_0
14032 1 -5 0 S1_0
14033 1 -5 0 S1_0
14011 2 -5 0 S1_0
14012 2 -5 0 S1_0
14013 2 -5 0 S1_0
14015 2 -5 0 S1_0
14017 2 -5 0 S1_0
14018 2 -5 0 S1_0
14022 2 -5 0 S1_0
14023 2 -5 0 S1_0
14025 2 -5 0 S1_0
14027 2 -5 0 S1_0
14029 2 -5 0 S1_0
14030 2 -5 0 S1_0
14031 2 -5 0 S1_0
14032 2 -5 0 S1_0
14033 2 -5 0 S1_0
14011 3 -5 0 S1_0
14012 3 -5 0 S1_0
14013 3 -5 0 S1_0
14015 3 -5 0 S1_0
14017 3 -5 0 S1_0
14018 3 -5 0 S1_0
14022 3 -5 0 S1_0
14023 3 -5 0 S1_0
14025 3 -5 0 S1_0
14027 3 -5 0 S1_0
14029 3 -5 0 S1_0
14030 3 -5 0 S1_0
14031 3 -5 0 S1_0
14032 3 -5 0 S1_0
14033 3 -5 0 S1_0
14011 4 -5 0 S1_0
14012 4 -5 0 S1_0
14013 4 -5 0 S1_0
14015 4 -5 0 S1_0
14017 4 -5 0 S1_0
14018 4 -5 0 S1_0
14022 4 -5 0 S1_0
14023 4 -5 0 S1_0
14025 4 -5 0 S1_0
14027 4 -5 0 S1_0
14029 4 -5 0 S1_0
14030 4 -5 0 S1_0
14031 4 -5 0 S1_0
14032 4 -5 0 S1_0
14033 4 -5 0 S1_0
14011 5 -5 0 S1_0
14012 5 -5 0 S1_0
14013 5 -5 0 S1_0
14015 5 -5 0 S1_0
14017 5 -5 0 S1_0
14018 5 -5 0 S1_0
14022 5 -5 0 S1_0
14023 5 -5 0 S1_0
14025 5 -5 0 S1_0
14027 5 -5 0 S1_0
14029 5 -5 0 S1_0
14030 5 -5 0 S1_0
14031 5 -5 0 S1_0
14032 5 -5 0 S1_0
14033 5 -5 0 S1_0
14011 6 -5 0 S1_0
14012 6 -5 0 S1_0
14013 6 -5 0 S1_0
14015 6 -5 0 S1_0
14017 6 -5 0 S1_0
14018 6 -5 0 S1_0
14022 6 -5 111.710591449004 S1_0
14023 6 -5 11.0318083878033 S1_0
14025 6 -5 0 S1_0
14027 6 -5 0 S1_0
14029 6 -5 0 S1_0
14030 6 -5 0 S1_0
14031 6 -5 67.4399357025972 S1_0
14032 6 -5 91.0135055381256 S1_0
14033 6 -5 0 S1_0
14011 7 -5 0 S1_0
14012 7 -5 0 S1_0
14013 7 -5 0 S1_0
14015 7 -5 0 S1_0
14017 7 -5 0 S1_0
14018 7 -5 0 S1_0
14022 7 -5 0 S1_0
14023 7 -5 0 S1_0
14025 7 -5 0 S1_0
14027 7 -5 0 S1_0
14029 7 -5 0 S1_0
14030 7 -5 0 S1_0
14031 7 -5 0 S1_0
14032 7 -5 0 S1_0
14033 7 -5 0 S1_0
14011 8 -5 0 S1_0
14012 8 -5 0 S1_0
14013 8 -5 0 S1_0
14015 8 -5 0 S1_0
14017 8 -5 0 S1_0
14018 8 -5 0 S1_0
14022 8 -5 0 S1_0
14023 8 -5 0 S1_0
14025 8 -5 0 S1_0
14027 8 -5 0 S1_0
14029 8 -5 0 S1_0
14030 8 -5 0 S1_0
14031 8 -5 0 S1_0
14032 8 -5 0 S1_0
14033 8 -5 0 S1_0
14011 9 -5 0 S1_0
14012 9 -5 0 S1_0
14013 9 -5 0 S1_0
14015 9 -5 0 S1_0
14017 9 -5 0 S1_0
14018 9 -5 0 S1_0
14022 9 -5 2.60220228727831 S1_0
14023 9 -5 0 S1_0
14025 9 -5 0 S1_0
14027 9 -5 0 S1_0
14029 9 -5 0 S1_0
14030 9 -5 0 S1_0
14031 9 -5 0 S1_0
14032 9 -5 0 S1_0
14033 9 -5 0 S1_0
14011 10 -5 0 S1_0
14012 10 -5 0 S1_0
14013 10 -5 0 S1_0
14015 10 -5 0 S1_0
14017 10 -5 0 S1_0
14018 10 -5 0 S1_0
14022 10 -5 0 S1_0
14023 10 -5 0 S1_0
14025 10 -5 0 S1_0
14027 10 -5 0 S1_0
14029 10 -5 0 S1_0
14030 10 -5 0 S1_0
14031 10 -5 0 S1_0
14032 10 -5 0 S1_0
14033 10 -5 0 S1_0
14011 11 -5 0 S1_0
14012 11 -5 0 S1_0
14013 11 -5 0 S1_0
14015 11 -5 0 S1_0
14017 11 -5 0 S1_0
14018 11 -5 0 S1_0
14022 11 -5 0 S1_0
14023 11 -5 0 S1_0
14025 11 -5 0 S1_0
14027 11 -5 0 S1_0
14029 11 -5 0 S1_0
14030 11 -5 0 S1_0
14031 11 -5 0 S1_0
14032 11 -5 0 S1_0
14033 11 -5 0 S1_0
14011 12 -5 0 S1_0
14012 12 -5 0 S1_0
14013 12 -5 0 S1_0
14015 12 -5 0 S1_0
14017 12 -5 0 S1_0
14018 12 -5 0 S1_0
14022 12 -5 0 S1_0
14023 12 -5 0 S1_0
14025 12 -5 0 S1_0
14027 12 -5 0 S1_0
14029 12 -5 0 S1_0
14030 12 -5 0 S1_0
14031 12 -5 0 S1_0
14032 12 -5 0 S1_0
14033 12 -5 0 S1_0
14011 13 -5 0 S1_0
14012 13 -5 0 S1_0
14013 13 -5 0 S1_0
14015 13 -5 0 S1_0
14017 13 -5 0 S1_0
14018 13 -5 0 S1_0
14022 13 -5 0 S1_0
14023 13 -5 0 S1_0
14025 13 -5 0 S1_0
14027 13 -5 0 S1_0
14029 13 -5 0 S1_0
14030 13 -5 0 S1_0
14031 13 -5 0 S1_0
14032 13 -5 0 S1_0
14033 13 -5 0 S1_0
14011 14 -5 0 S1_0
14012 14 -5 0 S1_0
14013 14 -5 0 S1_0
14015 14 -5 0 S1_0
14017 14 -5 0 S1_0
14018 14 -5 0 S1_0
14022 14 -5 4.09180898888416 S1_0
14023 14 -5 0 S1_0
14025 14 -5 0 S1_0
14027 14 -5 0 S1_0
14029 14 -5 0 S1_0
14030 14 -5 0 S1_0
14031 14 -5 10.5180183224505 S1_0
14032 14 -5 0 S1_0
14033 14 -5 0 S1_0
14011 15 -5 0 S1_0
14012 15 -5 0 S1_0
14013 15 -5 19.6040070174087 S1_0
14015 15 -5 0 S1_0
14017 15 -5 2.38194371141812 S1_0
14018 15 -5 0 S1_0
14022 15 -5 166.228117724168 S1_0
14023 15 -5 59.143089588501 S1_0
14025 15 -5 1.12897710173671 S1_0
14027 15 -5 35.2583652569952 S1_0
14029 15 -5 0 S1_0
14030 15 -5 0 S1_0
14031 15 -5 140.870001536267 S1_0
14032 15 -5 182.392965712832 S1_0
14033 15 -5 0 S1_0
14011 16 -5 0 S1_0
14012 16 -5 0 S1_0
14013 16 -5 0 S1_0
14015 16 -5 0 S1_0
14017 16 -5 0 S1_0
14018 16 -5 0 S1_0
14022 16 -5 16.814305921022 S1_0
14023 16 -5 0 S1_0
14025 16 -5 0 S1_0
14027 16 -5 0 S1_0
14029 16 -5 0 S1_0
14030 16 -5 0 S1_0
14031 16 -5 5.77246892985889 S1_0
14032 16 -5 12.5002024454018 S1_0
14033 16 -5 0 S1_0
14011 17 -5 0 S1_0
14012 17 -5 0 S1_0
14013 17 -5 0 S1_0
14015 17 -5 0 S1_0
14017 17 -5 0 S1_0
14018 17 -5 0 S1_0
14022 17 -5 111.323202248711 S1_0
14023 17 -5 10.3020896192323 S1_0
14025 17 -5 0 S1_0
14027 17 -5 0 S1_0
14029 17 -5 0 S1_0
14030 17 -5 0 S1_0
14031 17 -5 66.2228460901649 S1_0
14032 17 -5 72.6116549602603 S1_0
14033 17 -5 0 S1_0
14011 18 -5 0 S1_0
14012 18 -5 0 S1_0
14013 18 -5 0 S1_0
14015 18 -5 0 S1_0
14017 18 -5 0 S1_0
14018 18 -5 0 S1_0
14022 18 -5 0 S1_0
14023 18 -5 0 S1_0
14025 18 -5 0 S1_0
14027 18 -5 0 S1_0
14029 18 -5 0 S1_0
14030 18 -5 0 S1_0
14031 18 -5 0 S1_0
14032 18 -5 0 S1_0
14033 18 -5 0 S1_0
14011 19 -5 0 S1_0
14012 19 -5 0 S1_0
14013 19 -5 0 S1_0
14015 19 -5 0 S1_0
14017 19 -5 0 S1_0
14018 19 -5 0 S1_0
14022 19 -5 0 S1_0
14023 19 -5 0 S1_0
14025 19 -5 0 S1_0
14027 19 -5 0 S1_0
14029 19 -5 0 S1_0
14030 19 -5 0 S1_0
14031 19 -5 0 S1_0
14032 19 -5 0 S1_0
14033 19 -5 0 S1_0
14011 20 -5 0 S1_0
14012 20 -5 0 S1_0
14013 20 -5 0 S1_0
14015 20 -5 0 S1_0
14017 20 -5 0 S1_0
14018 20 -5 0 S1_0
14022 20 -5 97.1351093496979 S1_0
14023 20 -5 5.77049440695079 S1_0
14025 20 -5 0 S1_0
14027 20 -5 2.0840904554995 S1_0
14029 20 -5 0 S1_0
14030 20 -5 0 S1_0
14031 20 -5 76.4289927994682 S1_0
14032 20 -5 100.734852253837 S1_0
14033 20 -5 0 S1_0
14011 21 -5 0 S1_0
14012 21 -5 0 S1_0
14013 21 -5 0 S1_0
14015 21 -5 0 S1_0
14017 21 -5 0 S1_0
14018 21 -5 0 S1_0
14022 21 -5 0 S1_0
14023 21 -5 0 S1_0
14025 21 -5 0 S1_0
14027 21 -5 0 S1_0
14029 21 -5 0 S1_0
14030 21 -5 0 S1_0
14031 21 -5 0 S1_0
14032 21 -5 0 S1_0
14033 21 -5 0 S1_0
14011 22 -5 0 S1_0
14012 22 -5 0 S1_0
14013 22 -5 0 S1_0
14015 22 -5 0 S1_0
14017 22 -5 0 S1_0
14018 22 -5 0 S1_0
14022 22 -5 0 S1_0
14023 22 -5 0 S1_0
14025 22 -5 0 S1_0
14027 22 -5 0 S1_0
14029 22 -5 0 S1_0
14030 22 -5 0 S1_0
14031 22 -5 0 S1_0
14032 22 -5 0 S1_0
14033 22 -5 0 S1_0
14011 23 -5 0 S1_0
14012 23 -5 0 S1_0
14013 23 -5 0 S1_0
14015 23 -5 0 S1_0
14017 23 -5 0 S1_0
14018 23 -5 0 S1_0
14022 23 -5 6.97428847679161 S1_0
14023 23 -5 0 S1_0
14025 23 -5 0 S1_0
14027 23 -5 0 S1_0
14029 23 -5 0 S1_0
14030 23 -5 0 S1_0
14031 23 -5 0 S1_0
14032 23 -5 1.79227005932071 S1_0
14033 23 -5 0 S1_0
14011 24 -5 0 S1_0
14012 24 -5 0 S1_0
14013 24 -5 0 S1_0
14015 24 -5 0 S1_0
14017 24 -5 0 S1_0
14018 24 -5 0 S1_0
14022 24 -5 0 S1_0
14023 24 -5 0 S1_0
14025 24 -5 0 S1_0
14027 24 -5 0 S1_0
14029 24 -5 0 S1_0
14030 24 -5 0 S1_0
14031 24 -5 0 S1_0
14032 24 -5 0 S1_0
14033 24 -5 0 S1_0
14011 25 -5 0 S1_0
14012 25 -5 0 S1_0
14013 25 -5 0 S1_0
14015 25 -5 0 S1_0
14017 25 -5 0 S1_0
14018 25 -5 0 S1_0
14022 25 -5 0 S1_0
14023 25 -5 0 S1_0
14025 25 -5 0 S1_0
14027 25 -5 0 S1_0
14029 25 -5 0 S1_0
14030 25 -5 0 S1_0
14031 25 -5 0 S1_0
14032 25 -5 0 S1_0
14033 25 -5 0 S1_0
14011 26 -5 0 S1_0
14012 26 -5 0 S1_0
14013 26 -5 0 S1_0
14015 26 -5 0 S1_0
14017 26 -5 0 S1_0
14018 26 -5 0 S1_0
14022 26 -5 3.3582158500484 S1_0
14023 26 -5 0 S1_0
14025 26 -5 0 S1_0
14027 26 -5 0 S1_0
14029 26 -5 0 S1_0
14030 26 -5 0 S1_0
14031 26 -5 0 S1_0
14032 26 -5 2.05355592897052 S1_0
14033 26 -5 0 S1_0
14011 27 -5 0 S1_0
14012 27 -5 0 S1_0
14013 27 -5 0 S1_0
14015 27 -5 0 S1_0
14017 27 -5 0 S1_0
14018 27 -5 0 S1_0
14022 27 -5 0 S1_0
14023 27 -5 0 S1_0
14025 27 -5 0 S1_0
14027 27 -5 0 S1_0
14029 27 -5 0 S1_0
14030 27 -5 0 S1_0
14031 27 -5 0 S1_0
14032 27 -5 0 S1_0
14033 27 -5 0 S1_0
14011 28 -5 0 S1_0
14012 28 -5 0 S1_0
14013 28 -5 0 S1_0
14015 28 -5 0 S1_0
14017 28 -5 0 S1_0
14018 28 -5 0 S1_0
14022 28 -5 17.3588504505558 S1_0
14023 28 -5 0 S1_0
14025 28 -5 0 S1_0
14027 28 -5 0 S1_0
14029 28 -5 0 S1_0
14030 28 -5 0 S1_0
14031 28 -5 6.03600806071814 S1_0
14032 28 -5 13.6601520690026 S1_0
14033 28 -5 0 S1_0
14011 29 -5 0 S1_0
14012 29 -5 0 S1_0
14013 29 -5 0 S1_0
14015 29 -5 0 S1_0
14017 29 -5 0 S1_0
14018 29 -5 0 S1_0
14022 29 -5 0 S1_0
14023 29 -5 0 S1_0
14025 29 -5 0 S1_0
14027 29 -5 0 S1_0
14029 29 -5 0 S1_0
14030 29 -5 0 S1_0
14031 29 -5 0 S1_0
14032 29 -5 0 S1_0
14033 29 -5 0 S1_0
14011 30 -5 0 S1_0
14012 30 -5 0 S1_0
14013 30 -5 0 S1_0
14015 30 -5 0 S1_0
14017 30 -5 0 S1_0
14018 30 -5 0 S1_0
14022 30 -5 0 S1_0
14023 30 -5 0 S1_0
14025 30 -5 0 S1_0
14027 30 -5 0 S1_0
14029 30 -5 0 S1_0
14030 30 -5 0 S1_0
14031 30 -5 1.58358095747283 S1_0
14032 30 -5 0 S1_0
14033 30 -5 0 S1_0
14011 31 -5 0 S1_0
14012 31 -5 0 S1_0
14013 31 -5 0 S1_0
14015 31 -5 0 S1_0
14017 31 -5 0 S1_0
14018 31 -5 0 S1_0
14022 31 -5 0 S1_0
14023 31 -5 0 S1_0
14025 31 -5 0 S1_0
14027 31 -5 0 S1_0
14029 31 -5 0 S1_0
14030 31 -5 0 S1_0
14031 31 -5 0 S1_0
14032 31 -5 0 S1_0
14033 31 -5 0 S1_0
