speciesID lakeID variable value scenario
15070 1 -0.5 0 S1_1
15072 1 -0.5 0 S1_1
15073 1 -0.5 52.1747163577739 S1_1
15074 1 -0.5 22.3707391462995 S1_1
15077 1 -0.5 0 S1_1
15079 1 -0.5 152.666360369979 S1_1
15081 1 -0.5 86.6544290434094 S1_1
15082 1 -0.5 414.661172756528 S1_1
15084 1 -0.5 630.282729096971 S1_1
15086 1 -0.5 0 S1_1
14001 1 -0.5 0 S1_1
14002 1 -0.5 0 S1_1
14003 1 -0.5 0 S1_1
14005 1 -0.5 0 S1_1
14008 1 -0.5 0 S1_1
15070 2 -0.5 0 S1_1
15072 2 -0.5 0 S1_1
15073 2 -0.5 0 S1_1
15074 2 -0.5 0 S1_1
15077 2 -0.5 0 S1_1
15079 2 -0.5 6.68481510356514 S1_1
15081 2 -0.5 0 S1_1
15082 2 -0.5 0 S1_1
15084 2 -0.5 0 S1_1
15086 2 -0.5 0 S1_1
14001 2 -0.5 0 S1_1
14002 2 -0.5 0 S1_1
14003 2 -0.5 0 S1_1
14005 2 -0.5 0 S1_1
14008 2 -0.5 0 S1_1
15070 3 -0.5 0 S1_1
15072 3 -0.5 0 S1_1
15073 3 -0.5 0 S1_1
15074 3 -0.5 0 S1_1
15077 3 -0.5 0 S1_1
15079 3 -0.5 100.460447186387 S1_1
15081 3 -0.5 0 S1_1
15082 3 -0.5 112.285950764104 S1_1
15084 3 -0.5 272.556425328329 S1_1
15086 3 -0.5 0 S1_1
14001 3 -0.5 0 S1_1
14002 3 -0.5 0 S1_1
14003 3 -0.5 0 S1_1
14005 3 -0.5 0 S1_1
14008 3 -0.5 0 S1_1
15070 4 -0.5 0 S1_1
15072 4 -0.5 0 S1_1
15073 4 -0.5 0 S1_1
15074 4 -0.5 0 S1_1
15077 4 -0.5 0 S1_1
15079 4 -0.5 134.748234059514 S1_1
15081 4 -0.5 34.2950328294181 S1_1
15082 4 -0.5 309.021585782687 S1_1
15084 4 -0.5 530.838383276325 S1_1
15086 4 -0.5 0 S1_1
14001 4 -0.5 0 S1_1
14002 4 -0.5 0 S1_1
14003 4 -0.5 0 S1_1
14005 4 -0.5 0 S1_1
14008 4 -0.5 0 S1_1
15070 5 -0.5 0 S1_1
15072 5 -0.5 0 S1_1
15073 5 -0.5 0 S1_1
15074 5 -0.5 0 S1_1
15077 5 -0.5 0 S1_1
15079 5 -0.5 0 S1_1
15081 5 -0.5 0 S1_1
15082 5 -0.5 0 S1_1
15084 5 -0.5 0 S1_1
15086 5 -0.5 0 S1_1
14001 5 -0.5 0 S1_1
14002 5 -0.5 0 S1_1
14003 5 -0.5 0 S1_1
14005 5 -0.5 0 S1_1
14008 5 -0.5 0 S1_1
15070 6 -0.5 0 S1_1
15072 6 -0.5 0 S1_1
15073 6 -0.5 0 S1_1
15074 6 -0.5 0 S1_1
15077 6 -0.5 0 S1_1
15079 6 -0.5 149.945030540221 S1_1
15081 6 -0.5 32.2847633027761 S1_1
15082 6 -0.5 287.108103402617 S1_1
15084 6 -0.5 498.515007499147 S1_1
15086 6 -0.5 0 S1_1
14001 6 -0.5 0 S1_1
14002 6 -0.5 0 S1_1
14003 6 -0.5 0 S1_1
14005 6 -0.5 0 S1_1
14008 6 -0.5 0 S1_1
15070 7 -0.5 0 S1_1
15072 7 -0.5 0 S1_1
15073 7 -0.5 0 S1_1
15074 7 -0.5 0 S1_1
15077 7 -0.5 0 S1_1
15079 7 -0.5 7.67198527122374 S1_1
15081 7 -0.5 0 S1_1
15082 7 -0.5 0 S1_1
15084 7 -0.5 0 S1_1
15086 7 -0.5 0 S1_1
14001 7 -0.5 0 S1_1
14002 7 -0.5 0 S1_1
14003 7 -0.5 0 S1_1
14005 7 -0.5 0 S1_1
14008 7 -0.5 0 S1_1
15070 8 -0.5 0 S1_1
15072 8 -0.5 0 S1_1
15073 8 -0.5 22.0767977216391 S1_1
15074 8 -0.5 1.13065752870129 S1_1
15077 8 -0.5 0 S1_1
15079 8 -0.5 147.645457065001 S1_1
15081 8 -0.5 74.492745729863 S1_1
15082 8 -0.5 362.67855538836 S1_1
15084 8 -0.5 556.525558393618 S1_1
15086 8 -0.5 0 S1_1
14001 8 -0.5 0 S1_1
14002 8 -0.5 0 S1_1
14003 8 -0.5 0 S1_1
14005 8 -0.5 0 S1_1
14008 8 -0.5 0 S1_1
15070 9 -0.5 0 S1_1
15072 9 -0.5 0 S1_1
15073 9 -0.5 0 S1_1
15074 9 -0.5 0 S1_1
15077 9 -0.5 0 S1_1
15079 9 -0.5 136.614324775463 S1_1
15081 9 -0.5 19.9007258826905 S1_1
15082 9 -0.5 272.179188821934 S1_1
15084 9 -0.5 484.314404296975 S1_1
15086 9 -0.5 0 S1_1
14001 9 -0.5 0 S1_1
14002 9 -0.5 0 S1_1
14003 9 -0.5 0 S1_1
14005 9 -0.5 0 S1_1
14008 9 -0.5 0 S1_1
15070 10 -0.5 0 S1_1
15072 10 -0.5 0 S1_1
15073 10 -0.5 18.1573903544627 S1_1
15074 10 -0.5 2.8006831112163 S1_1
15077 10 -0.5 0 S1_1
15079 10 -0.5 156.71041373286 S1_1
15081 10 -0.5 77.7018076040507 S1_1
15082 10 -0.5 384.608659704496 S1_1
15084 10 -0.5 601.830276152772 S1_1
15086 10 -0.5 0 S1_1
14001 10 -0.5 0 S1_1
14002 10 -0.5 0 S1_1
14003 10 -0.5 0 S1_1
14005 10 -0.5 0 S1_1
14008 10 -0.5 0 S1_1
15070 11 -0.5 0 S1_1
15072 11 -0.5 0 S1_1
15073 11 -0.5 21.5114505269386 S1_1
15074 11 -0.5 0 S1_1
15077 11 -0.5 0 S1_1
15079 11 -0.5 114.71658942894 S1_1
15081 11 -0.5 52.9263452772352 S1_1
15082 11 -0.5 359.678781543368 S1_1
15084 11 -0.5 570.267282064983 S1_1
15086 11 -0.5 0 S1_1
14001 11 -0.5 0 S1_1
14002 11 -0.5 0 S1_1
14003 11 -0.5 0 S1_1
14005 11 -0.5 0 S1_1
14008 11 -0.5 0 S1_1
15070 12 -0.5 0 S1_1
15072 12 -0.5 0 S1_1
15073 12 -0.5 15.8414380614251 S1_1
15074 12 -0.5 0 S1_1
15077 12 -0.5 0 S1_1
15079 12 -0.5 103.978286928691 S1_1
15081 12 -0.5 46.1448692345709 S1_1
15082 12 -0.5 323.189626240839 S1_1
15084 12 -0.5 508.292314643618 S1_1
15086 12 -0.5 0 S1_1
14001 12 -0.5 0 S1_1
14002 12 -0.5 0 S1_1
14003 12 -0.5 0 S1_1
14005 12 -0.5 0 S1_1
14008 12 -0.5 0 S1_1
15070 13 -0.5 0 S1_1
15072 13 -0.5 0 S1_1
15073 13 -0.5 0 S1_1
15074 13 -0.5 0 S1_1
15077 13 -0.5 0 S1_1
15079 13 -0.5 79.0039055801512 S1_1
15081 13 -0.5 0 S1_1
15082 13 -0.5 135.183281768899 S1_1
15084 13 -0.5 276.673207942162 S1_1
15086 13 -0.5 0 S1_1
14001 13 -0.5 0 S1_1
14002 13 -0.5 0 S1_1
14003 13 -0.5 0 S1_1
14005 13 -0.5 0 S1_1
14008 13 -0.5 0 S1_1
15070 14 -0.5 0 S1_1
15072 14 -0.5 0 S1_1
15073 14 -0.5 0 S1_1
15074 14 -0.5 0 S1_1
15077 14 -0.5 0 S1_1
15079 14 -0.5 78.3396600034817 S1_1
15081 14 -0.5 0 S1_1
15082 14 -0.5 3.03545490616724 S1_1
15084 14 -0.5 127.824505886191 S1_1
15086 14 -0.5 0 S1_1
14001 14 -0.5 0 S1_1
14002 14 -0.5 0 S1_1
14003 14 -0.5 0 S1_1
14005 14 -0.5 0 S1_1
14008 14 -0.5 0 S1_1
15070 15 -0.5 0 S1_1
15072 15 -0.5 0 S1_1
15073 15 -0.5 40.6153410417236 S1_1
15074 15 -0.5 20.7633358617425 S1_1
15077 15 -0.5 0 S1_1
15079 15 -0.5 182.323932497132 S1_1
15081 15 -0.5 102.818665449602 S1_1
15082 15 -0.5 417.906754468754 S1_1
15084 15 -0.5 641.229465875167 S1_1
15086 15 -0.5 0 S1_1
14001 15 -0.5 1.59157851426336 S1_1
14002 15 -0.5 0 S1_1
14003 15 -0.5 0 S1_1
14005 15 -0.5 0 S1_1
14008 15 -0.5 0 S1_1
15070 16 -0.5 0 S1_1
15072 16 -0.5 0 S1_1
15073 16 -0.5 56.9891025908318 S1_1
15074 16 -0.5 18.240874100422 S1_1
15077 16 -0.5 0 S1_1
15079 16 -0.5 162.366844343756 S1_1
15081 16 -0.5 95.4235585859185 S1_1
15082 16 -0.5 397.831977107994 S1_1
15084 16 -0.5 596.250964186114 S1_1
15086 16 -0.5 0 S1_1
14001 16 -0.5 0 S1_1
14002 16 -0.5 0 S1_1
14003 16 -0.5 0 S1_1
14005 16 -0.5 0 S1_1
14008 16 -0.5 0 S1_1
15070 17 -0.5 0 S1_1
15072 17 -0.5 0 S1_1
15073 17 -0.5 0 S1_1
15074 17 -0.5 0 S1_1
15077 17 -0.5 0 S1_1
15079 17 -0.5 121.501002245323 S1_1
15081 17 -0.5 1.66837926038601 S1_1
15082 17 -0.5 195.526023244462 S1_1
15084 17 -0.5 367.188332400916 S1_1
15086 17 -0.5 0 S1_1
14001 17 -0.5 0 S1_1
14002 17 -0.5 0 S1_1
14003 17 -0.5 0 S1_1
14005 17 -0.5 0 S1_1
14008 17 -0.5 0 S1_1
15070 18 -0.5 0 S1_1
15072 18 -0.5 0 S1_1
15073 18 -0.5 35.1560907617101 S1_1
15074 18 -0.5 2.14355043520991 S1_1
15077 18 -0.5 0 S1_1
15079 18 -0.5 131.402045061175 S1_1
15081 18 -0.5 68.6098849132797 S1_1
15082 18 -0.5 361.922263296544 S1_1
15084 18 -0.5 554.492581563421 S1_1
15086 18 -0.5 0 S1_1
14001 18 -0.5 0 S1_1
14002 18 -0.5 0 S1_1
14003 18 -0.5 0 S1_1
14005 18 -0.5 0 S1_1
14008 18 -0.5 0 S1_1
15070 19 -0.5 0 S1_1
15072 19 -0.5 0 S1_1
15073 19 -0.5 5.44120195859574 S1_1
15074 19 -0.5 0 S1_1
15077 19 -0.5 0 S1_1
15079 19 -0.5 153.420519237086 S1_1
15081 19 -0.5 70.0124644555493 S1_1
15082 19 -0.5 367.289994142622 S1_1
15084 19 -0.5 583.308993678005 S1_1
15086 19 -0.5 0 S1_1
14001 19 -0.5 0 S1_1
14002 19 -0.5 0 S1_1
14003 19 -0.5 0 S1_1
14005 19 -0.5 0 S1_1
14008 19 -0.5 0 S1_1
15070 20 -0.5 0 S1_1
15072 20 -0.5 0 S1_1
15073 20 -0.5 57.2705557238494 S1_1
15074 20 -0.5 22.6056470530327 S1_1
15077 20 -0.5 0 S1_1
15079 20 -0.5 171.931584999245 S1_1
15081 20 -0.5 101.519241838489 S1_1
15082 20 -0.5 407.289639710037 S1_1
15084 20 -0.5 611.965677369252 S1_1
15086 20 -0.5 0 S1_1
14001 20 -0.5 0 S1_1
14002 20 -0.5 0 S1_1
14003 20 -0.5 0 S1_1
14005 20 -0.5 0 S1_1
14008 20 -0.5 0 S1_1
15070 21 -0.5 0 S1_1
15072 21 -0.5 0 S1_1
15073 21 -0.5 5.18996614962663 S1_1
15074 21 -0.5 0 S1_1
15077 21 -0.5 0 S1_1
15079 21 -0.5 152.769233116717 S1_1
15081 21 -0.5 68.7845533055238 S1_1
15082 21 -0.5 374.322561768381 S1_1
15084 21 -0.5 598.001023115593 S1_1
15086 21 -0.5 0 S1_1
14001 21 -0.5 0 S1_1
14002 21 -0.5 0 S1_1
14003 21 -0.5 0 S1_1
14005 21 -0.5 0 S1_1
14008 21 -0.5 0 S1_1
15070 22 -0.5 0 S1_1
15072 22 -0.5 0 S1_1
15073 22 -0.5 63.3082096608091 S1_1
15074 22 -0.5 33.8513011501706 S1_1
15077 22 -0.5 0 S1_1
15079 22 -0.5 166.782132191004 S1_1
15081 22 -0.5 99.6875328272797 S1_1
15082 22 -0.5 431.120406695999 S1_1
15084 22 -0.5 648.453764523274 S1_1
15086 22 -0.5 0 S1_1
14001 22 -0.5 0 S1_1
14002 22 -0.5 0 S1_1
14003 22 -0.5 0 S1_1
14005 22 -0.5 0 S1_1
14008 22 -0.5 0 S1_1
15070 23 -0.5 0 S1_1
15072 23 -0.5 0 S1_1
15073 23 -0.5 0 S1_1
15074 23 -0.5 0 S1_1
15077 23 -0.5 0 S1_1
15079 23 -0.5 155.726504972234 S1_1
15081 23 -0.5 53.9305269717164 S1_1
15082 23 -0.5 342.674039997944 S1_1
15084 23 -0.5 574.905823653386 S1_1
15086 23 -0.5 0 S1_1
14001 23 -0.5 0 S1_1
14002 23 -0.5 0 S1_1
14003 23 -0.5 0 S1_1
14005 23 -0.5 0 S1_1
14008 23 -0.5 0 S1_1
15070 24 -0.5 0 S1_1
15072 24 -0.5 0 S1_1
15073 24 -0.5 19.8855647923824 S1_1
15074 24 -0.5 5.31027123749407 S1_1
15077 24 -0.5 0 S1_1
15079 24 -0.5 159.0719440859 S1_1
15081 24 -0.5 79.4153269014225 S1_1
15082 24 -0.5 396.688174372753 S1_1
15084 24 -0.5 621.491685643508 S1_1
15086 24 -0.5 0 S1_1
14001 24 -0.5 0 S1_1
14002 24 -0.5 0 S1_1
14003 24 -0.5 0 S1_1
14005 24 -0.5 0 S1_1
14008 24 -0.5 0 S1_1
15070 25 -0.5 0 S1_1
15072 25 -0.5 0 S1_1
15073 25 -0.5 0 S1_1
15074 25 -0.5 0 S1_1
15077 25 -0.5 0 S1_1
15079 25 -0.5 80.6756591701989 S1_1
15081 25 -0.5 0 S1_1
15082 25 -0.5 5.14695433749151 S1_1
15084 25 -0.5 132.629461113144 S1_1
15086 25 -0.5 0 S1_1
14001 25 -0.5 0 S1_1
14002 25 -0.5 0 S1_1
14003 25 -0.5 0 S1_1
14005 25 -0.5 0 S1_1
14008 25 -0.5 0 S1_1
15070 26 -0.5 0 S1_1
15072 26 -0.5 0 S1_1
15073 26 -0.5 61.1095800376048 S1_1
15074 26 -0.5 28.2449589733923 S1_1
15077 26 -0.5 0 S1_1
15079 26 -0.5 167.968783050964 S1_1
15081 26 -0.5 99.5599998078528 S1_1
15082 26 -0.5 418.465049198703 S1_1
15084 26 -0.5 630.519135634148 S1_1
15086 26 -0.5 0 S1_1
14001 26 -0.5 0 S1_1
14002 26 -0.5 0 S1_1
14003 26 -0.5 0 S1_1
14005 26 -0.5 0 S1_1
14008 26 -0.5 0 S1_1
15070 27 -0.5 0 S1_1
15072 27 -0.5 0 S1_1
15073 27 -0.5 0 S1_1
15074 27 -0.5 0 S1_1
15077 27 -0.5 0 S1_1
15079 27 -0.5 3.7455281607066 S1_1
15081 27 -0.5 0 S1_1
15082 27 -0.5 0 S1_1
15084 27 -0.5 0 S1_1
15086 27 -0.5 0 S1_1
14001 27 -0.5 0 S1_1
14002 27 -0.5 0 S1_1
14003 27 -0.5 0 S1_1
14005 27 -0.5 0 S1_1
14008 27 -0.5 0 S1_1
15070 28 -0.5 0 S1_1
15072 28 -0.5 0 S1_1
15073 28 -0.5 71.8432147088301 S1_1
15074 28 -0.5 39.867997473147 S1_1
15077 28 -0.5 0 S1_1
15079 28 -0.5 175.71175684078 S1_1
15081 28 -0.5 108.770372456694 S1_1
15082 28 -0.5 437.008463882568 S1_1
15084 28 -0.5 653.281266399662 S1_1
15086 28 -0.5 0 S1_1
14001 28 -0.5 0 S1_1
14002 28 -0.5 0 S1_1
14003 28 -0.5 0 S1_1
14005 28 -0.5 0 S1_1
14008 28 -0.5 0 S1_1
15070 29 -0.5 0 S1_1
15072 29 -0.5 0 S1_1
15073 29 -0.5 0 S1_1
15074 29 -0.5 0 S1_1
15077 29 -0.5 0 S1_1
15079 29 -0.5 107.504922885869 S1_1
15081 29 -0.5 4.31674701316105 S1_1
15082 29 -0.5 225.693528748143 S1_1
15084 29 -0.5 414.187049838166 S1_1
15086 29 -0.5 0 S1_1
14001 29 -0.5 0 S1_1
14002 29 -0.5 0 S1_1
14003 29 -0.5 0 S1_1
14005 29 -0.5 0 S1_1
14008 29 -0.5 0 S1_1
15070 30 -0.5 0 S1_1
15072 30 -0.5 0 S1_1
15073 30 -0.5 0 S1_1
15074 30 -0.5 0 S1_1
15077 30 -0.5 0 S1_1
15079 30 -0.5 73.643057254726 S1_1
15081 30 -0.5 0 S1_1
15082 30 -0.5 1.9351517066297 S1_1
15084 30 -0.5 121.757230241975 S1_1
15086 30 -0.5 0 S1_1
14001 30 -0.5 0 S1_1
14002 30 -0.5 0 S1_1
14003 30 -0.5 0 S1_1
14005 30 -0.5 0 S1_1
14008 30 -0.5 0 S1_1
15070 31 -0.5 0 S1_1
15072 31 -0.5 0 S1_1
15073 31 -0.5 0 S1_1
15074 31 -0.5 0 S1_1
15077 31 -0.5 0 S1_1
15079 31 -0.5 107.827583623269 S1_1
15081 31 -0.5 0 S1_1
15082 31 -0.5 142.395269164761 S1_1
15084 31 -0.5 302.636539329909 S1_1
15086 31 -0.5 0 S1_1
14001 31 -0.5 0 S1_1
14002 31 -0.5 0 S1_1
14003 31 -0.5 0 S1_1
14005 31 -0.5 0 S1_1
14008 31 -0.5 0 S1_1
15070 1 -1.5 0 S1_1
15072 1 -1.5 40.5363720369207 S1_1
15073 1 -1.5 0 S1_1
15074 1 -1.5 124.937339861754 S1_1
15077 1 -1.5 0 S1_1
15079 1 -1.5 14.4506106334961 S1_1
15081 1 -1.5 6.897312161151 S1_1
15082 1 -1.5 310.947974854467 S1_1
15084 1 -1.5 376.061581974111 S1_1
15086 1 -1.5 43.4328270475324 S1_1
14001 1 -1.5 0 S1_1
14002 1 -1.5 0 S1_1
14003 1 -1.5 66.7988291164751 S1_1
14005 1 -1.5 7.8430088185566 S1_1
14008 1 -1.5 0 S1_1
15070 2 -1.5 0 S1_1
15072 2 -1.5 0 S1_1
15073 2 -1.5 0 S1_1
15074 2 -1.5 0 S1_1
15077 2 -1.5 0 S1_1
15079 2 -1.5 1.8784613313617 S1_1
15081 2 -1.5 0 S1_1
15082 2 -1.5 0 S1_1
15084 2 -1.5 0 S1_1
15086 2 -1.5 0 S1_1
14001 2 -1.5 0 S1_1
14002 2 -1.5 0 S1_1
14003 2 -1.5 16.3595875970902 S1_1
14005 2 -1.5 0 S1_1
14008 2 -1.5 0 S1_1
15070 3 -1.5 0 S1_1
15072 3 -1.5 0 S1_1
15073 3 -1.5 0 S1_1
15074 3 -1.5 0 S1_1
15077 3 -1.5 0 S1_1
15079 3 -1.5 20.6492495139928 S1_1
15081 3 -1.5 0 S1_1
15082 3 -1.5 96.1285077859426 S1_1
15084 3 -1.5 170.27939671262 S1_1
15086 3 -1.5 0 S1_1
14001 3 -1.5 0 S1_1
14002 3 -1.5 2.65026075739586 S1_1
14003 3 -1.5 77.6059694535236 S1_1
14005 3 -1.5 14.8823074445615 S1_1
14008 3 -1.5 0 S1_1
15070 4 -1.5 0 S1_1
15072 4 -1.5 4.45517244190729 S1_1
15073 4 -1.5 0 S1_1
15074 4 -1.5 60.3696987216592 S1_1
15077 4 -1.5 0 S1_1
15079 4 -1.5 20.5940493340845 S1_1
15081 4 -1.5 1.13674062823473 S1_1
15082 4 -1.5 236.057591153963 S1_1
15084 4 -1.5 343.395863374516 S1_1
15086 4 -1.5 2.62854903358737 S1_1
14001 4 -1.5 0 S1_1
14002 4 -1.5 2.13426129090356 S1_1
14003 4 -1.5 77.170137456854 S1_1
14005 4 -1.5 18.5504039048521 S1_1
14008 4 -1.5 0 S1_1
15070 5 -1.5 0 S1_1
15072 5 -1.5 0 S1_1
15073 5 -1.5 0 S1_1
15074 5 -1.5 0 S1_1
15077 5 -1.5 0 S1_1
15079 5 -1.5 0 S1_1
15081 5 -1.5 0 S1_1
15082 5 -1.5 0 S1_1
15084 5 -1.5 0 S1_1
15086 5 -1.5 0 S1_1
14001 5 -1.5 0 S1_1
14002 5 -1.5 0 S1_1
14003 5 -1.5 0 S1_1
14005 5 -1.5 0 S1_1
14008 5 -1.5 0 S1_1
15070 6 -1.5 0 S1_1
15072 6 -1.5 59.8572470446427 S1_1
15073 6 -1.5 0 S1_1
15074 6 -1.5 124.472624872763 S1_1
15077 6 -1.5 0 S1_1
15079 6 -1.5 98.1395110926852 S1_1
15081 6 -1.5 30.9840159755817 S1_1
15082 6 -1.5 352.417309033749 S1_1
15084 6 -1.5 485.470017481435 S1_1
15086 6 -1.5 32.5268350538351 S1_1
14001 6 -1.5 0 S1_1
14002 6 -1.5 47.7848987786222 S1_1
14003 6 -1.5 150.546251257325 S1_1
14005 6 -1.5 101.609226417041 S1_1
14008 6 -1.5 0 S1_1
15070 7 -1.5 0 S1_1
15072 7 -1.5 0 S1_1
15073 7 -1.5 0 S1_1
15074 7 -1.5 0 S1_1
15077 7 -1.5 0 S1_1
15079 7 -1.5 2.39732440731136 S1_1
15081 7 -1.5 0 S1_1
15082 7 -1.5 0 S1_1
15084 7 -1.5 0 S1_1
15086 7 -1.5 0 S1_1
14001 7 -1.5 0 S1_1
14002 7 -1.5 0 S1_1
14003 7 -1.5 19.3262488991851 S1_1
14005 7 -1.5 0 S1_1
14008 7 -1.5 0 S1_1
15070 8 -1.5 0 S1_1
15072 8 -1.5 65.2488437981838 S1_1
15073 8 -1.5 0 S1_1
15074 8 -1.5 181.652163796701 S1_1
15077 8 -1.5 0 S1_1
15079 8 -1.5 54.6728583185757 S1_1
15081 8 -1.5 32.6601496329924 S1_1
15082 8 -1.5 379.226715062399 S1_1
15084 8 -1.5 458.921592738307 S1_1
15086 8 -1.5 84.1974959043217 S1_1
14001 8 -1.5 0 S1_1
14002 8 -1.5 12.0131567426511 S1_1
14003 8 -1.5 105.637393855392 S1_1
14005 8 -1.5 50.8128092922558 S1_1
14008 8 -1.5 0 S1_1
15070 9 -1.5 0 S1_1
15072 9 -1.5 14.198116949659 S1_1
15073 9 -1.5 0 S1_1
15074 9 -1.5 65.5280357941965 S1_1
15077 9 -1.5 0 S1_1
15079 9 -1.5 53.0983378735642 S1_1
15081 9 -1.5 3.62186345256964 S1_1
15082 9 -1.5 269.885179515734 S1_1
15084 9 -1.5 391.458989823728 S1_1
15086 9 -1.5 1.59325393096648 S1_1
14001 9 -1.5 0 S1_1
14002 9 -1.5 14.4784048330124 S1_1
14003 9 -1.5 108.044730878282 S1_1
14005 9 -1.5 54.9051669770016 S1_1
14008 9 -1.5 0 S1_1
15070 10 -1.5 0 S1_1
15072 10 -1.5 67.0279341088384 S1_1
15073 10 -1.5 0 S1_1
15074 10 -1.5 174.063183042998 S1_1
15077 10 -1.5 0 S1_1
15079 10 -1.5 54.4361580872397 S1_1
15081 10 -1.5 29.0290342964095 S1_1
15082 10 -1.5 392.074109762789 S1_1
15084 10 -1.5 492.387255925362 S1_1
15086 10 -1.5 82.4456125774579 S1_1
14001 10 -1.5 0 S1_1
14002 10 -1.5 13.1355234906848 S1_1
14003 10 -1.5 107.160947693491 S1_1
14005 10 -1.5 52.4299446039513 S1_1
14008 10 -1.5 0 S1_1
15070 11 -1.5 0 S1_1
15072 11 -1.5 0 S1_1
15073 11 -1.5 0 S1_1
15074 11 -1.5 7.41156529727133 S1_1
15077 11 -1.5 0 S1_1
15079 11 -1.5 0 S1_1
15081 11 -1.5 0 S1_1
15082 11 -1.5 74.7241853896454 S1_1
15084 11 -1.5 89.3220055929808 S1_1
15086 11 -1.5 0 S1_1
14001 11 -1.5 0 S1_1
14002 11 -1.5 0 S1_1
14003 11 -1.5 2.26065533475175 S1_1
14005 11 -1.5 0 S1_1
14008 11 -1.5 0 S1_1
15070 12 -1.5 0 S1_1
15072 12 -1.5 0 S1_1
15073 12 -1.5 0 S1_1
15074 12 -1.5 8.16730058787875 S1_1
15077 12 -1.5 0 S1_1
15079 12 -1.5 0 S1_1
15081 12 -1.5 0 S1_1
15082 12 -1.5 75.8912722876661 S1_1
15084 12 -1.5 90.0780722557216 S1_1
15086 12 -1.5 0 S1_1
14001 12 -1.5 0 S1_1
14002 12 -1.5 0 S1_1
14003 12 -1.5 2.56834721902564 S1_1
14005 12 -1.5 0 S1_1
14008 12 -1.5 0 S1_1
15070 13 -1.5 0 S1_1
15072 13 -1.5 0 S1_1
15073 13 -1.5 0 S1_1
15074 13 -1.5 0 S1_1
15077 13 -1.5 0 S1_1
15079 13 -1.5 13.2674188548312 S1_1
15081 13 -1.5 0 S1_1
15082 13 -1.5 134.428014938883 S1_1
15084 13 -1.5 197.302010545952 S1_1
15086 13 -1.5 0 S1_1
14001 13 -1.5 0 S1_1
14002 13 -1.5 1.03668357004799 S1_1
14003 13 -1.5 68.2139923170022 S1_1
14005 13 -1.5 8.6509877938152 S1_1
14008 13 -1.5 0 S1_1
15070 14 -1.5 0 S1_1
15072 14 -1.5 0 S1_1
15073 14 -1.5 0 S1_1
15074 14 -1.5 0 S1_1
15077 14 -1.5 0 S1_1
15079 14 -1.5 50.7633153240566 S1_1
15081 14 -1.5 0 S1_1
15082 14 -1.5 57.2590448928132 S1_1
15084 14 -1.5 128.111548998049 S1_1
15086 14 -1.5 0 S1_1
14001 14 -1.5 0 S1_1
14002 14 -1.5 8.4966325449997 S1_1
14003 14 -1.5 94.3453767600366 S1_1
14005 14 -1.5 22.3848354202551 S1_1
14008 14 -1.5 0 S1_1
15070 15 -1.5 37.5404541108758 S1_1
15072 15 -1.5 160.373818461902 S1_1
15073 15 -1.5 26.9946075247734 S1_1
15074 15 -1.5 319.447471743744 S1_1
15077 15 -1.5 2.3028585798936 S1_1
15079 15 -1.5 131.489052965287 S1_1
15081 15 -1.5 104.007855553466 S1_1
15082 15 -1.5 545.108544753983 S1_1
15084 15 -1.5 665.373632047555 S1_1
15086 15 -1.5 189.521883584242 S1_1
14001 15 -1.5 0 S1_1
14002 15 -1.5 70.6922387429654 S1_1
14003 15 -1.5 181.864382311274 S1_1
14005 15 -1.5 134.09456828444 S1_1
14008 15 -1.5 0 S1_1
15070 16 -1.5 29.1244495511247 S1_1
15072 16 -1.5 104.079366234174 S1_1
15073 16 -1.5 13.576867071087 S1_1
15074 16 -1.5 256.344650666292 S1_1
15077 16 -1.5 0 S1_1
15079 16 -1.5 76.3818064242371 S1_1
15081 16 -1.5 61.8236468128206 S1_1
15082 16 -1.5 453.238384551136 S1_1
15084 16 -1.5 534.937583349012 S1_1
15086 16 -1.5 123.393261820409 S1_1
14001 16 -1.5 0 S1_1
14002 16 -1.5 26.4964529691943 S1_1
14003 16 -1.5 125.463957424281 S1_1
14005 16 -1.5 72.7231219041701 S1_1
14008 16 -1.5 0 S1_1
15070 17 -1.5 0 S1_1
15072 17 -1.5 7.95980804437944 S1_1
15073 17 -1.5 0 S1_1
15074 17 -1.5 38.8031119830375 S1_1
15077 17 -1.5 0 S1_1
15079 17 -1.5 84.2955131665556 S1_1
15081 17 -1.5 4.57193696104736 S1_1
15082 17 -1.5 255.108776847375 S1_1
15084 17 -1.5 360.064073098158 S1_1
15086 17 -1.5 0 S1_1
14001 17 -1.5 0 S1_1
14002 17 -1.5 34.6649782229902 S1_1
14003 17 -1.5 134.435433225965 S1_1
14005 17 -1.5 82.3886595239886 S1_1
14008 17 -1.5 0 S1_1
15070 18 -1.5 0 S1_1
15072 18 -1.5 6.65468122922943 S1_1
15073 18 -1.5 0 S1_1
15074 18 -1.5 84.3615531096489 S1_1
15077 18 -1.5 0 S1_1
15079 18 -1.5 3.08523255285087 S1_1
15081 18 -1.5 1.28957825334981 S1_1
15082 18 -1.5 202.59869286105 S1_1
15084 18 -1.5 243.339533810598 S1_1
15086 18 -1.5 10.1108414678704 S1_1
14001 18 -1.5 0 S1_1
14002 18 -1.5 0 S1_1
14003 18 -1.5 43.7792022665113 S1_1
14005 18 -1.5 1.11465298616673 S1_1
14008 18 -1.5 0 S1_1
15070 19 -1.5 0 S1_1
15072 19 -1.5 61.3554462728911 S1_1
15073 19 -1.5 0 S1_1
15074 19 -1.5 161.248387311703 S1_1
15077 19 -1.5 0 S1_1
15079 19 -1.5 56.5799024359319 S1_1
15081 19 -1.5 26.3198947015356 S1_1
15082 19 -1.5 378.389629987379 S1_1
15084 19 -1.5 483.074802931315 S1_1
15086 19 -1.5 75.3043765106768 S1_1
14001 19 -1.5 0 S1_1
14002 19 -1.5 14.7335241264079 S1_1
14003 19 -1.5 109.440651448946 S1_1
14005 19 -1.5 55.4645157015194 S1_1
14008 19 -1.5 0 S1_1
15070 20 -1.5 50.6911383790656 S1_1
15072 20 -1.5 137.195092243661 S1_1
15073 20 -1.5 29.9507814852333 S1_1
15074 20 -1.5 304.494308243482 S1_1
15077 20 -1.5 0 S1_1
15079 20 -1.5 106.639956240515 S1_1
15081 20 -1.5 88.5245053047295 S1_1
15082 20 -1.5 507.808449597672 S1_1
15084 20 -1.5 602.954232104448 S1_1
15086 20 -1.5 164.431472113788 S1_1
14001 20 -1.5 0 S1_1
14002 20 -1.5 49.9600200867018 S1_1
14003 20 -1.5 155.018861403052 S1_1
14005 20 -1.5 105.080409880114 S1_1
14008 20 -1.5 0 S1_1
15070 21 -1.5 0 S1_1
15072 21 -1.5 49.3486352162606 S1_1
15073 21 -1.5 0 S1_1
15074 21 -1.5 138.419114436703 S1_1
15077 21 -1.5 0 S1_1
15079 21 -1.5 42.9442484114796 S1_1
15081 21 -1.5 14.9013523808883 S1_1
15082 21 -1.5 353.693920670509 S1_1
15084 21 -1.5 459.59943273981 S1_1
15086 21 -1.5 59.6662524108665 S1_1
14001 21 -1.5 0 S1_1
14002 21 -1.5 7.66656921811456 S1_1
14003 21 -1.5 97.1946401425468 S1_1
14005 21 -1.5 40.8167826066744 S1_1
14008 21 -1.5 0 S1_1
15070 22 -1.5 15.360173737198 S1_1
15072 22 -1.5 87.6178217261124 S1_1
15073 22 -1.5 4.35430710651849 S1_1
15074 22 -1.5 215.80747863608 S1_1
15077 22 -1.5 0 S1_1
15079 22 -1.5 52.2453217562527 S1_1
15081 22 -1.5 39.1447746263366 S1_1
15082 22 -1.5 435.411611359513 S1_1
15084 22 -1.5 520.735637761089 S1_1
15086 22 -1.5 96.3575846926067 S1_1
14001 22 -1.5 0 S1_1
14002 22 -1.5 10.9190515046149 S1_1
14003 22 -1.5 104.205189330006 S1_1
14005 22 -1.5 47.2863495344043 S1_1
14008 22 -1.5 0 S1_1
15070 23 -1.5 0 S1_1
15072 23 -1.5 55.7580833412263 S1_1
15073 23 -1.5 0 S1_1
15074 23 -1.5 127.444579224629 S1_1
15077 23 -1.5 0 S1_1
15079 23 -1.5 67.2475045333829 S1_1
15081 23 -1.5 19.6414039981966 S1_1
15082 23 -1.5 360.629814733902 S1_1
15084 23 -1.5 494.694130071114 S1_1
15086 23 -1.5 48.9936423364921 S1_1
14001 23 -1.5 0 S1_1
14002 23 -1.5 24.2846439651252 S1_1
14003 23 -1.5 121.816640053551 S1_1
14005 23 -1.5 69.8739329136363 S1_1
14008 23 -1.5 0 S1_1
15070 24 -1.5 0 S1_1
15072 24 -1.5 65.2012854561652 S1_1
15073 24 -1.5 0 S1_1
15074 24 -1.5 165.517481057154 S1_1
15077 24 -1.5 0 S1_1
15079 24 -1.5 49.4411457094607 S1_1
15081 24 -1.5 24.4291951027144 S1_1
15082 24 -1.5 390.844678939843 S1_1
15084 24 -1.5 494.909005969807 S1_1
15086 24 -1.5 78.0395788550145 S1_1
14001 24 -1.5 0 S1_1
14002 24 -1.5 10.4900546128266 S1_1
14003 24 -1.5 103.001909087589 S1_1
14005 24 -1.5 47.1700999162699 S1_1
14008 24 -1.5 0 S1_1
15070 25 -1.5 0 S1_1
15072 25 -1.5 0 S1_1
15073 25 -1.5 0 S1_1
15074 25 -1.5 0 S1_1
15077 25 -1.5 0 S1_1
15079 25 -1.5 39.9617955016752 S1_1
15081 25 -1.5 0 S1_1
15082 25 -1.5 45.4408566153551 S1_1
15084 25 -1.5 115.17503839701 S1_1
15086 25 -1.5 0 S1_1
14001 25 -1.5 0 S1_1
14002 25 -1.5 5.52176127956277 S1_1
14003 25 -1.5 86.7296346846428 S1_1
14005 25 -1.5 13.6401210449285 S1_1
14008 25 -1.5 0 S1_1
15070 26 -1.5 25.5407533195162 S1_1
15072 26 -1.5 103.475017546286 S1_1
15073 26 -1.5 10.7821220090965 S1_1
15074 26 -1.5 252.748390513819 S1_1
15077 26 -1.5 0 S1_1
15079 26 -1.5 71.1885299668716 S1_1
15081 26 -1.5 56.4591672987712 S1_1
15082 26 -1.5 462.688513814997 S1_1
15084 26 -1.5 552.572813726518 S1_1
15086 26 -1.5 119.308863569188 S1_1
14001 26 -1.5 0 S1_1
14002 26 -1.5 23.5258265529292 S1_1
14003 26 -1.5 121.692604203651 S1_1
14005 26 -1.5 68.2278636969995 S1_1
14008 26 -1.5 0 S1_1
15070 27 -1.5 0 S1_1
15072 27 -1.5 0 S1_1
15073 27 -1.5 0 S1_1
15074 27 -1.5 0 S1_1
15077 27 -1.5 0 S1_1
15079 27 -1.5 0 S1_1
15081 27 -1.5 0 S1_1
15082 27 -1.5 0 S1_1
15084 27 -1.5 0 S1_1
15086 27 -1.5 0 S1_1
14001 27 -1.5 0 S1_1
14002 27 -1.5 0 S1_1
14003 27 -1.5 2.63977421706346 S1_1
14005 27 -1.5 0 S1_1
14008 27 -1.5 0 S1_1
15070 28 -1.5 55.7033545521699 S1_1
15072 28 -1.5 124.691378750989 S1_1
15073 28 -1.5 22.6525446932456 S1_1
15074 28 -1.5 288.348876139411 S1_1
15077 28 -1.5 0 S1_1
15079 28 -1.5 83.4907031010747 S1_1
15081 28 -1.5 70.3909690466541 S1_1
15082 28 -1.5 503.664442476463 S1_1
15084 28 -1.5 596.843095398434 S1_1
15086 28 -1.5 139.779518294792 S1_1
14001 28 -1.5 0 S1_1
14002 28 -1.5 32.8179817142719 S1_1
14003 28 -1.5 133.733841440905 S1_1
14005 28 -1.5 81.0652549614261 S1_1
14008 28 -1.5 0 S1_1
15070 29 -1.5 0 S1_1
15072 29 -1.5 0 S1_1
15073 29 -1.5 0 S1_1
15074 29 -1.5 6.85679032463057 S1_1
15077 29 -1.5 0 S1_1
15079 29 -1.5 8.10788000637989 S1_1
15081 29 -1.5 0 S1_1
15082 29 -1.5 154.319160436972 S1_1
15084 29 -1.5 233.448733980861 S1_1
15086 29 -1.5 0 S1_1
14001 29 -1.5 0 S1_1
14002 29 -1.5 0 S1_1
14003 29 -1.5 61.279061158656 S1_1
14005 29 -1.5 6.00654095945434 S1_1
14008 29 -1.5 0 S1_1
15070 30 -1.5 0 S1_1
15072 30 -1.5 0 S1_1
15073 30 -1.5 0 S1_1
15074 30 -1.5 0 S1_1
15077 30 -1.5 0 S1_1
15079 30 -1.5 38.447529676433 S1_1
15081 30 -1.5 0 S1_1
15082 30 -1.5 42.0416852089007 S1_1
15084 30 -1.5 112.826098858729 S1_1
15086 30 -1.5 0 S1_1
14001 30 -1.5 0 S1_1
14002 30 -1.5 4.68121646122713 S1_1
14003 30 -1.5 84.7783701799211 S1_1
14005 30 -1.5 12.2312149351641 S1_1
14008 30 -1.5 0 S1_1
15070 31 -1.5 0 S1_1
15072 31 -1.5 0 S1_1
15073 31 -1.5 0 S1_1
15074 31 -1.5 0 S1_1
15077 31 -1.5 0 S1_1
15079 31 -1.5 31.4990161921274 S1_1
15081 31 -1.5 0 S1_1
15082 31 -1.5 137.978868892171 S1_1
15084 31 -1.5 213.046454092185 S1_1
15086 31 -1.5 0 S1_1
14001 31 -1.5 0 S1_1
14002 31 -1.5 2.80969740111526 S1_1
14003 31 -1.5 83.7586741976597 S1_1
14005 31 -1.5 31.5322947436095 S1_1
14008 31 -1.5 0 S1_1
15070 1 -3 0 S1_1
15072 1 -3 0 S1_1
15073 1 -3 0 S1_1
15074 1 -3 0 S1_1
15077 1 -3 0 S1_1
15079 1 -3 0 S1_1
15081 1 -3 0 S1_1
15082 1 -3 0 S1_1
15084 1 -3 1.61424094700897 S1_1
15086 1 -3 0 S1_1
14001 1 -3 0 S1_1
14002 1 -3 0 S1_1
14003 1 -3 0 S1_1
14005 1 -3 0 S1_1
14008 1 -3 0 S1_1
15070 2 -3 0 S1_1
15072 2 -3 0 S1_1
15073 2 -3 0 S1_1
15074 2 -3 0 S1_1
15077 2 -3 0 S1_1
15079 2 -3 0 S1_1
15081 2 -3 0 S1_1
15082 2 -3 0 S1_1
15084 2 -3 0 S1_1
15086 2 -3 0 S1_1
14001 2 -3 0 S1_1
14002 2 -3 0 S1_1
14003 2 -3 14.3027957349629 S1_1
14005 2 -3 0 S1_1
14008 2 -3 0 S1_1
15070 3 -3 0 S1_1
15072 3 -3 0 S1_1
15073 3 -3 0 S1_1
15074 3 -3 0 S1_1
15077 3 -3 0 S1_1
15079 3 -3 0 S1_1
15081 3 -3 0 S1_1
15082 3 -3 0 S1_1
15084 3 -3 19.5997597552425 S1_1
15086 3 -3 0 S1_1
14001 3 -3 0 S1_1
14002 3 -3 0 S1_1
14003 3 -3 4.92467698864874 S1_1
14005 3 -3 0 S1_1
14008 3 -3 0 S1_1
15070 4 -3 0 S1_1
15072 4 -3 0 S1_1
15073 4 -3 0 S1_1
15074 4 -3 0 S1_1
15077 4 -3 0 S1_1
15079 4 -3 0 S1_1
15081 4 -3 0 S1_1
15082 4 -3 6.00015174269705 S1_1
15084 4 -3 20.3990761253313 S1_1
15086 4 -3 0 S1_1
14001 4 -3 0 S1_1
14002 4 -3 0 S1_1
14003 4 -3 0 S1_1
14005 4 -3 0 S1_1
14008 4 -3 0 S1_1
15070 5 -3 0 S1_1
15072 5 -3 0 S1_1
15073 5 -3 0 S1_1
15074 5 -3 0 S1_1
15077 5 -3 0 S1_1
15079 5 -3 0 S1_1
15081 5 -3 0 S1_1
15082 5 -3 0 S1_1
15084 5 -3 0 S1_1
15086 5 -3 0 S1_1
14001 5 -3 0 S1_1
14002 5 -3 0 S1_1
14003 5 -3 0 S1_1
14005 5 -3 0 S1_1
14008 5 -3 0 S1_1
15070 6 -3 0 S1_1
15072 6 -3 117.863531175753 S1_1
15073 6 -3 0 S1_1
15074 6 -3 35.7913779083669 S1_1
15077 6 -3 0 S1_1
15079 6 -3 26.9291967039242 S1_1
15081 6 -3 0 S1_1
15082 6 -3 232.609378076452 S1_1
15084 6 -3 286.41464021817 S1_1
15086 6 -3 17.2055578998985 S1_1
14001 6 -3 0 S1_1
14002 6 -3 5.14687455238992 S1_1
14003 6 -3 104.430642754893 S1_1
14005 6 -3 35.5374253778984 S1_1
14008 6 -3 0 S1_1
15070 7 -3 0 S1_1
15072 7 -3 0 S1_1
15073 7 -3 0 S1_1
15074 7 -3 0 S1_1
15077 7 -3 0 S1_1
15079 7 -3 0 S1_1
15081 7 -3 0 S1_1
15082 7 -3 0 S1_1
15084 7 -3 0 S1_1
15086 7 -3 0 S1_1
14001 7 -3 0 S1_1
14002 7 -3 0 S1_1
14003 7 -3 18.6836582304883 S1_1
14005 7 -3 0 S1_1
14008 7 -3 0 S1_1
15070 8 -3 0 S1_1
15072 8 -3 31.8913446222147 S1_1
15073 8 -3 0 S1_1
15074 8 -3 7.49283315222626 S1_1
15077 8 -3 0 S1_1
15079 8 -3 0 S1_1
15081 8 -3 0 S1_1
15082 8 -3 104.24173125893 S1_1
15084 8 -3 105.641142530885 S1_1
15086 8 -3 3.22515954066137 S1_1
14001 8 -3 0 S1_1
14002 8 -3 0 S1_1
14003 8 -3 16.6243325624375 S1_1
14005 8 -3 0 S1_1
14008 8 -3 0 S1_1
15070 9 -3 0 S1_1
15072 9 -3 8.87036682218464 S1_1
15073 9 -3 0 S1_1
15074 9 -3 0 S1_1
15077 9 -3 0 S1_1
15079 9 -3 0 S1_1
15081 9 -3 0 S1_1
15082 9 -3 81.6363916549274 S1_1
15084 9 -3 106.821156746638 S1_1
15086 9 -3 0 S1_1
14001 9 -3 0 S1_1
14002 9 -3 0 S1_1
14003 9 -3 26.1349115135013 S1_1
14005 9 -3 0 S1_1
14008 9 -3 0 S1_1
15070 10 -3 0 S1_1
15072 10 -3 19.2314069809491 S1_1
15073 10 -3 0 S1_1
15074 10 -3 2.66170688203466 S1_1
15077 10 -3 0 S1_1
15079 10 -3 0 S1_1
15081 10 -3 0 S1_1
15082 10 -3 88.771508546231 S1_1
15084 10 -3 93.3788971940116 S1_1
15086 10 -3 1.16808531802471 S1_1
14001 10 -3 0 S1_1
14002 10 -3 0 S1_1
14003 10 -3 10.4743244033369 S1_1
14005 10 -3 0 S1_1
14008 10 -3 0 S1_1
15070 11 -3 0 S1_1
15072 11 -3 0 S1_1
15073 11 -3 0 S1_1
15074 11 -3 0 S1_1
15077 11 -3 0 S1_1
15079 11 -3 0 S1_1
15081 11 -3 0 S1_1
15082 11 -3 0 S1_1
15084 11 -3 0 S1_1
15086 11 -3 0 S1_1
14001 11 -3 0 S1_1
14002 11 -3 0 S1_1
14003 11 -3 0 S1_1
14005 11 -3 0 S1_1
14008 11 -3 0 S1_1
15070 12 -3 0 S1_1
15072 12 -3 0 S1_1
15073 12 -3 0 S1_1
15074 12 -3 0 S1_1
15077 12 -3 0 S1_1
15079 12 -3 0 S1_1
15081 12 -3 0 S1_1
15082 12 -3 0 S1_1
15084 12 -3 0 S1_1
15086 12 -3 0 S1_1
14001 12 -3 0 S1_1
14002 12 -3 0 S1_1
14003 12 -3 0 S1_1
14005 12 -3 0 S1_1
14008 12 -3 0 S1_1
15070 13 -3 0 S1_1
15072 13 -3 0 S1_1
15073 13 -3 0 S1_1
15074 13 -3 0 S1_1
15077 13 -3 0 S1_1
15079 13 -3 0 S1_1
15081 13 -3 0 S1_1
15082 13 -3 21.7326872584977 S1_1
15084 13 -3 51.4726152181393 S1_1
15086 13 -3 0 S1_1
14001 13 -3 0 S1_1
14002 13 -3 0 S1_1
14003 13 -3 8.09235638254193 S1_1
14005 13 -3 0 S1_1
14008 13 -3 0 S1_1
15070 14 -3 0 S1_1
15072 14 -3 5.27885965442116 S1_1
15073 14 -3 0 S1_1
15074 14 -3 0 S1_1
15077 14 -3 0 S1_1
15079 14 -3 11.627912684518 S1_1
15081 14 -3 0 S1_1
15082 14 -3 33.3875113818026 S1_1
15084 14 -3 83.7230672514275 S1_1
15086 14 -3 0 S1_1
14001 14 -3 0 S1_1
14002 14 -3 1.35336384457159 S1_1
14003 14 -3 82.498216645641 S1_1
14005 14 -3 3.21743150451439 S1_1
14008 14 -3 0 S1_1
15070 15 -3 15.2941282887852 S1_1
15072 15 -3 241.362897245796 S1_1
15073 15 -3 0 S1_1
15074 15 -3 187.823638330712 S1_1
15077 15 -3 0 S1_1
15079 15 -3 64.6777400281207 S1_1
15081 15 -3 39.5407660941406 S1_1
15082 15 -3 439.063934665749 S1_1
15084 15 -3 473.819718653267 S1_1
15086 15 -3 174.778907395864 S1_1
14001 15 -3 0 S1_1
14002 15 -3 24.5498187097925 S1_1
14003 15 -3 139.634470239545 S1_1
14005 15 -3 69.2663342282484 S1_1
14008 15 -3 1.41985159207021 S1_1
15070 16 -3 0 S1_1
15072 16 -3 82.2084235331074 S1_1
15073 16 -3 0 S1_1
15074 16 -3 55.4140343460347 S1_1
15077 16 -3 0 S1_1
15079 16 -3 0 S1_1
15081 16 -3 0 S1_1
15082 16 -3 166.018888525745 S1_1
15084 16 -3 160.238994912383 S1_1
15086 16 -3 38.4392632334694 S1_1
14001 16 -3 0 S1_1
14002 16 -3 0 S1_1
14003 16 -3 43.6807770834078 S1_1
14005 16 -3 0 S1_1
14008 16 -3 0 S1_1
15070 17 -3 0 S1_1
15072 17 -3 96.0916256226258 S1_1
15073 17 -3 0 S1_1
15074 17 -3 2.41427248618108 S1_1
15077 17 -3 0 S1_1
15079 17 -3 28.6642129853565 S1_1
15081 17 -3 0 S1_1
15082 17 -3 192.431978209374 S1_1
15084 17 -3 242.232669684017 S1_1
15086 17 -3 0 S1_1
14001 17 -3 0 S1_1
14002 17 -3 5.46324263010107 S1_1
14003 17 -3 107.374121721212 S1_1
14005 17 -3 36.3203611489179 S1_1
14008 17 -3 0 S1_1
15070 18 -3 0 S1_1
15072 18 -3 0 S1_1
15073 18 -3 0 S1_1
15074 18 -3 0 S1_1
15077 18 -3 0 S1_1
15079 18 -3 0 S1_1
15081 18 -3 0 S1_1
15082 18 -3 0 S1_1
15084 18 -3 0 S1_1
15086 18 -3 0 S1_1
14001 18 -3 0 S1_1
14002 18 -3 0 S1_1
14003 18 -3 0 S1_1
14005 18 -3 0 S1_1
14008 18 -3 0 S1_1
15070 19 -3 0 S1_1
15072 19 -3 23.7963339190822 S1_1
15073 19 -3 0 S1_1
15074 19 -3 2.92494799838673 S1_1
15077 19 -3 0 S1_1
15079 19 -3 0 S1_1
15081 19 -3 0 S1_1
15082 19 -3 97.2203006275154 S1_1
15084 19 -3 104.104342421661 S1_1
15086 19 -3 1.37242263862327 S1_1
14001 19 -3 0 S1_1
14002 19 -3 0 S1_1
14003 19 -3 16.2375876204193 S1_1
14005 19 -3 0 S1_1
14008 19 -3 0 S1_1
15070 20 -3 6.42566178185467 S1_1
15072 20 -3 166.499315939122 S1_1
15073 20 -3 0 S1_1
15074 20 -3 132.959610172619 S1_1
15077 20 -3 0 S1_1
15079 20 -3 22.5313679669412 S1_1
15081 20 -3 9.48250645090503 S1_1
15082 20 -3 320.639910481721 S1_1
15084 20 -3 319.533718057148 S1_1
15086 20 -3 117.007173732903 S1_1
14001 20 -3 0 S1_1
14002 20 -3 2.76007572282293 S1_1
14003 20 -3 94.8670976591651 S1_1
14005 20 -3 24.4993451783056 S1_1
14008 20 -3 0 S1_1
15070 21 -3 0 S1_1
15072 21 -3 2.03954494868018 S1_1
15073 21 -3 0 S1_1
15074 21 -3 0 S1_1
15077 21 -3 0 S1_1
15079 21 -3 0 S1_1
15081 21 -3 0 S1_1
15082 21 -3 55.6977373801097 S1_1
15084 21 -3 64.5714119238767 S1_1
15086 21 -3 0 S1_1
14001 21 -3 0 S1_1
14002 21 -3 0 S1_1
14003 21 -3 2.43273825652722 S1_1
14005 21 -3 0 S1_1
14008 21 -3 0 S1_1
15070 22 -3 0 S1_1
15072 22 -3 15.2071744339896 S1_1
15073 22 -3 0 S1_1
15074 22 -3 2.49397977230198 S1_1
15077 22 -3 0 S1_1
15079 22 -3 0 S1_1
15081 22 -3 0 S1_1
15082 22 -3 74.5607765314898 S1_1
15084 22 -3 73.9015035552727 S1_1
15086 22 -3 0 S1_1
14001 22 -3 0 S1_1
14002 22 -3 0 S1_1
14003 22 -3 3.56312461417616 S1_1
14005 22 -3 0 S1_1
14008 22 -3 0 S1_1
15070 23 -3 0 S1_1
15072 23 -3 35.2750649182387 S1_1
15073 23 -3 0 S1_1
15074 23 -3 1.85791309835138 S1_1
15077 23 -3 0 S1_1
15079 23 -3 0 S1_1
15081 23 -3 0 S1_1
15082 23 -3 116.247693290811 S1_1
15084 23 -3 133.4706392154 S1_1
15086 23 -3 0 S1_1
14001 23 -3 0 S1_1
14002 23 -3 0 S1_1
14003 23 -3 35.2084027498235 S1_1
14005 23 -3 0 S1_1
14008 23 -3 0 S1_1
15070 24 -3 0 S1_1
15072 24 -3 7.61526027926608 S1_1
15073 24 -3 0 S1_1
15074 24 -3 0 S1_1
15077 24 -3 0 S1_1
15079 24 -3 0 S1_1
15081 24 -3 0 S1_1
15082 24 -3 70.4168897789465 S1_1
15084 24 -3 75.8352096305758 S1_1
15086 24 -3 0 S1_1
14001 24 -3 0 S1_1
14002 24 -3 0 S1_1
14003 24 -3 4.33960405347317 S1_1
14005 24 -3 0 S1_1
14008 24 -3 0 S1_1
15070 25 -3 0 S1_1
15072 25 -3 0 S1_1
15073 25 -3 0 S1_1
15074 25 -3 0 S1_1
15077 25 -3 0 S1_1
15079 25 -3 1.75014897558824 S1_1
15081 25 -3 0 S1_1
15082 25 -3 6.52227838752838 S1_1
15084 25 -3 48.2545327130287 S1_1
15086 25 -3 0 S1_1
14001 25 -3 0 S1_1
14002 25 -3 0 S1_1
14003 25 -3 57.8022995548573 S1_1
14005 25 -3 0 S1_1
14008 25 -3 0 S1_1
15070 26 -3 0 S1_1
15072 26 -3 61.2591468138546 S1_1
15073 26 -3 0 S1_1
15074 26 -3 33.7166195783218 S1_1
15077 26 -3 0 S1_1
15079 26 -3 0 S1_1
15081 26 -3 0 S1_1
15082 26 -3 136.132768958505 S1_1
15084 26 -3 132.311510800536 S1_1
15086 26 -3 19.1430384891452 S1_1
14001 26 -3 0 S1_1
14002 26 -3 0 S1_1
14003 26 -3 29.4124400016113 S1_1
14005 26 -3 0 S1_1
14008 26 -3 0 S1_1
15070 27 -3 0 S1_1
15072 27 -3 0 S1_1
15073 27 -3 0 S1_1
15074 27 -3 0 S1_1
15077 27 -3 0 S1_1
15079 27 -3 0 S1_1
15081 27 -3 0 S1_1
15082 27 -3 0 S1_1
15084 27 -3 0 S1_1
15086 27 -3 0 S1_1
14001 27 -3 0 S1_1
14002 27 -3 0 S1_1
14003 27 -3 0 S1_1
14005 27 -3 0 S1_1
14008 27 -3 0 S1_1
15070 28 -3 0 S1_1
15072 28 -3 89.9737831251021 S1_1
15073 28 -3 0 S1_1
15074 28 -3 62.714742739629 S1_1
15077 28 -3 0 S1_1
15079 28 -3 0 S1_1
15081 28 -3 0 S1_1
15082 28 -3 174.123320416135 S1_1
15084 28 -3 166.655185349883 S1_1
15086 28 -3 45.7866558155531 S1_1
14001 28 -3 0 S1_1
14002 28 -3 0 S1_1
14003 28 -3 45.7652301950203 S1_1
14005 28 -3 0 S1_1
14008 28 -3 0 S1_1
15070 29 -3 0 S1_1
15072 29 -3 0 S1_1
15073 29 -3 0 S1_1
15074 29 -3 0 S1_1
15077 29 -3 0 S1_1
15079 29 -3 0 S1_1
15081 29 -3 0 S1_1
15082 29 -3 0 S1_1
15084 29 -3 6.08281664138465 S1_1
15086 29 -3 0 S1_1
14001 29 -3 0 S1_1
14002 29 -3 0 S1_1
14003 29 -3 0 S1_1
14005 29 -3 0 S1_1
14008 29 -3 0 S1_1
15070 30 -3 0 S1_1
15072 30 -3 0 S1_1
15073 30 -3 0 S1_1
15074 30 -3 0 S1_1
15077 30 -3 0 S1_1
15079 30 -3 2.97862835779176 S1_1
15081 30 -3 0 S1_1
15082 30 -3 10.550357137968 S1_1
15084 30 -3 56.4741409344501 S1_1
15086 30 -3 0 S1_1
14001 30 -3 0 S1_1
14002 30 -3 0 S1_1
14003 30 -3 63.9023128734166 S1_1
14005 30 -3 0 S1_1
14008 30 -3 0 S1_1
15070 31 -3 0 S1_1
15072 31 -3 0 S1_1
15073 31 -3 0 S1_1
15074 31 -3 0 S1_1
15077 31 -3 0 S1_1
15079 31 -3 0 S1_1
15081 31 -3 0 S1_1
15082 31 -3 17.9281794450654 S1_1
15084 31 -3 55.6152777276629 S1_1
15086 31 -3 0 S1_1
14001 31 -3 0 S1_1
14002 31 -3 0 S1_1
14003 31 -3 14.5094308623948 S1_1
14005 31 -3 0 S1_1
14008 31 -3 0 S1_1
15070 1 -5 0 S1_1
15072 1 -5 0 S1_1
15073 1 -5 0 S1_1
15074 1 -5 0 S1_1
15077 1 -5 0 S1_1
15079 1 -5 0 S1_1
15081 1 -5 0 S1_1
15082 1 -5 0 S1_1
15084 1 -5 0 S1_1
15086 1 -5 0 S1_1
14001 1 -5 0 S1_1
14002 1 -5 0 S1_1
14003 1 -5 0 S1_1
14005 1 -5 0 S1_1
14008 1 -5 0 S1_1
15070 2 -5 0 S1_1
15072 2 -5 0 S1_1
15073 2 -5 0 S1_1
15074 2 -5 0 S1_1
15077 2 -5 0 S1_1
15079 2 -5 0 S1_1
15081 2 -5 0 S1_1
15082 2 -5 0 S1_1
15084 2 -5 0 S1_1
15086 2 -5 0 S1_1
14001 2 -5 0 S1_1
14002 2 -5 0 S1_1
14003 2 -5 1.23887191083755 S1_1
14005 2 -5 0 S1_1
14008 2 -5 0 S1_1
15070 3 -5 0 S1_1
15072 3 -5 0 S1_1
15073 3 -5 0 S1_1
15074 3 -5 0 S1_1
15077 3 -5 0 S1_1
15079 3 -5 0 S1_1
15081 3 -5 0 S1_1
15082 3 -5 0 S1_1
15084 3 -5 0 S1_1
15086 3 -5 0 S1_1
14001 3 -5 0 S1_1
14002 3 -5 0 S1_1
14003 3 -5 0 S1_1
14005 3 -5 0 S1_1
14008 3 -5 0 S1_1
15070 4 -5 0 S1_1
15072 4 -5 0 S1_1
15073 4 -5 0 S1_1
15074 4 -5 0 S1_1
15077 4 -5 0 S1_1
15079 4 -5 0 S1_1
15081 4 -5 0 S1_1
15082 4 -5 0 S1_1
15084 4 -5 0 S1_1
15086 4 -5 0 S1_1
14001 4 -5 0 S1_1
14002 4 -5 0 S1_1
14003 4 -5 0 S1_1
14005 4 -5 0 S1_1
14008 4 -5 0 S1_1
15070 5 -5 0 S1_1
15072 5 -5 0 S1_1
15073 5 -5 0 S1_1
15074 5 -5 0 S1_1
15077 5 -5 0 S1_1
15079 5 -5 0 S1_1
15081 5 -5 0 S1_1
15082 5 -5 0 S1_1
15084 5 -5 0 S1_1
15086 5 -5 0 S1_1
14001 5 -5 0 S1_1
14002 5 -5 0 S1_1
14003 5 -5 0 S1_1
14005 5 -5 0 S1_1
14008 5 -5 0 S1_1
15070 6 -5 0 S1_1
15072 6 -5 34.3578077133633 S1_1
15073 6 -5 0 S1_1
15074 6 -5 0 S1_1
15077 6 -5 0 S1_1
15079 6 -5 0 S1_1
15081 6 -5 0 S1_1
15082 6 -5 86.1925313703017 S1_1
15084 6 -5 103.218852540444 S1_1
15086 6 -5 0 S1_1
14001 6 -5 0 S1_1
14002 6 -5 0 S1_1
14003 6 -5 23.6550239997416 S1_1
14005 6 -5 0 S1_1
14008 6 -5 0 S1_1
15070 7 -5 0 S1_1
15072 7 -5 0 S1_1
15073 7 -5 0 S1_1
15074 7 -5 0 S1_1
15077 7 -5 0 S1_1
15079 7 -5 0 S1_1
15081 7 -5 0 S1_1
15082 7 -5 0 S1_1
15084 7 -5 0 S1_1
15086 7 -5 0 S1_1
14001 7 -5 0 S1_1
14002 7 -5 0 S1_1
14003 7 -5 2.23100054395314 S1_1
14005 7 -5 0 S1_1
14008 7 -5 0 S1_1
15070 8 -5 0 S1_1
15072 8 -5 0 S1_1
15073 8 -5 0 S1_1
15074 8 -5 0 S1_1
15077 8 -5 0 S1_1
15079 8 -5 0 S1_1
15081 8 -5 0 S1_1
15082 8 -5 0 S1_1
15084 8 -5 0 S1_1
15086 8 -5 0 S1_1
14001 8 -5 0 S1_1
14002 8 -5 0 S1_1
14003 8 -5 0 S1_1
14005 8 -5 0 S1_1
14008 8 -5 0 S1_1
15070 9 -5 0 S1_1
15072 9 -5 0 S1_1
15073 9 -5 0 S1_1
15074 9 -5 0 S1_1
15077 9 -5 0 S1_1
15079 9 -5 0 S1_1
15081 9 -5 0 S1_1
15082 9 -5 0 S1_1
15084 9 -5 0 S1_1
15086 9 -5 0 S1_1
14001 9 -5 0 S1_1
14002 9 -5 0 S1_1
14003 9 -5 0 S1_1
14005 9 -5 0 S1_1
14008 9 -5 0 S1_1
15070 10 -5 0 S1_1
15072 10 -5 0 S1_1
15073 10 -5 0 S1_1
15074 10 -5 0 S1_1
15077 10 -5 0 S1_1
15079 10 -5 0 S1_1
15081 10 -5 0 S1_1
15082 10 -5 0 S1_1
15084 10 -5 0 S1_1
15086 10 -5 0 S1_1
14001 10 -5 0 S1_1
14002 10 -5 0 S1_1
14003 10 -5 0 S1_1
14005 10 -5 0 S1_1
14008 10 -5 0 S1_1
15070 11 -5 0 S1_1
15072 11 -5 0 S1_1
15073 11 -5 0 S1_1
15074 11 -5 0 S1_1
15077 11 -5 0 S1_1
15079 11 -5 0 S1_1
15081 11 -5 0 S1_1
15082 11 -5 0 S1_1
15084 11 -5 0 S1_1
15086 11 -5 0 S1_1
14001 11 -5 0 S1_1
14002 11 -5 0 S1_1
14003 11 -5 0 S1_1
14005 11 -5 0 S1_1
14008 11 -5 0 S1_1
15070 12 -5 0 S1_1
15072 12 -5 0 S1_1
15073 12 -5 0 S1_1
15074 12 -5 0 S1_1
15077 12 -5 0 S1_1
15079 12 -5 0 S1_1
15081 12 -5 0 S1_1
15082 12 -5 0 S1_1
15084 12 -5 0 S1_1
15086 12 -5 0 S1_1
14001 12 -5 0 S1_1
14002 12 -5 0 S1_1
14003 12 -5 0 S1_1
14005 12 -5 0 S1_1
14008 12 -5 0 S1_1
15070 13 -5 0 S1_1
15072 13 -5 0 S1_1
15073 13 -5 0 S1_1
15074 13 -5 0 S1_1
15077 13 -5 0 S1_1
15079 13 -5 0 S1_1
15081 13 -5 0 S1_1
15082 13 -5 0 S1_1
15084 13 -5 0 S1_1
15086 13 -5 0 S1_1
14001 13 -5 0 S1_1
14002 13 -5 0 S1_1
14003 13 -5 0 S1_1
14005 13 -5 0 S1_1
14008 13 -5 0 S1_1
15070 14 -5 0 S1_1
15072 14 -5 0 S1_1
15073 14 -5 0 S1_1
15074 14 -5 0 S1_1
15077 14 -5 0 S1_1
15079 14 -5 0 S1_1
15081 14 -5 0 S1_1
15082 14 -5 1.69247716475766 S1_1
15084 14 -5 20.7264670852382 S1_1
15086 14 -5 0 S1_1
14001 14 -5 0 S1_1
14002 14 -5 0 S1_1
14003 14 -5 37.5513616273458 S1_1
14005 14 -5 0 S1_1
14008 14 -5 0 S1_1
15070 15 -5 0 S1_1
15072 15 -5 134.996147766841 S1_1
15073 15 -5 0 S1_1
15074 15 -5 61.6745828551901 S1_1
15077 15 -5 0 S1_1
15079 15 -5 1.88106709678607 S1_1
15081 15 -5 0 S1_1
15082 15 -5 199.810988142823 S1_1
15084 15 -5 190.9960430968 S1_1
15086 15 -5 58.3373849793183 S1_1
14001 15 -5 0 S1_1
14002 15 -5 0 S1_1
14003 15 -5 58.429884842531 S1_1
14005 15 -5 1.9675602499151 S1_1
14008 15 -5 0 S1_1
15070 16 -5 0 S1_1
15072 16 -5 0 S1_1
15073 16 -5 0 S1_1
15074 16 -5 0 S1_1
15077 16 -5 0 S1_1
15079 16 -5 0 S1_1
15081 16 -5 0 S1_1
15082 16 -5 0 S1_1
15084 16 -5 0 S1_1
15086 16 -5 0 S1_1
14001 16 -5 0 S1_1
14002 16 -5 0 S1_1
14003 16 -5 0 S1_1
14005 16 -5 0 S1_1
14008 16 -5 0 S1_1
15070 17 -5 0 S1_1
15072 17 -5 42.0978394930884 S1_1
15073 17 -5 0 S1_1
15074 17 -5 0 S1_1
15077 17 -5 0 S1_1
15079 17 -5 0 S1_1
15081 17 -5 0 S1_1
15082 17 -5 92.2739080781603 S1_1
15084 17 -5 117.786284698469 S1_1
15086 17 -5 0 S1_1
14001 17 -5 0 S1_1
14002 17 -5 0 S1_1
14003 17 -5 43.4294518831967 S1_1
14005 17 -5 0 S1_1
14008 17 -5 0 S1_1
15070 18 -5 0 S1_1
15072 18 -5 0 S1_1
15073 18 -5 0 S1_1
15074 18 -5 0 S1_1
15077 18 -5 0 S1_1
15079 18 -5 0 S1_1
15081 18 -5 0 S1_1
15082 18 -5 0 S1_1
15084 18 -5 0 S1_1
15086 18 -5 0 S1_1
14001 18 -5 0 S1_1
14002 18 -5 0 S1_1
14003 18 -5 0 S1_1
14005 18 -5 0 S1_1
14008 18 -5 0 S1_1
15070 19 -5 0 S1_1
15072 19 -5 0 S1_1
15073 19 -5 0 S1_1
15074 19 -5 0 S1_1
15077 19 -5 0 S1_1
15079 19 -5 0 S1_1
15081 19 -5 0 S1_1
15082 19 -5 0 S1_1
15084 19 -5 0 S1_1
15086 19 -5 0 S1_1
14001 19 -5 0 S1_1
14002 19 -5 0 S1_1
14003 19 -5 0 S1_1
14005 19 -5 0 S1_1
14008 19 -5 0 S1_1
15070 20 -5 0 S1_1
15072 20 -5 48.1344649237877 S1_1
15073 20 -5 0 S1_1
15074 20 -5 2.80504676351822 S1_1
15077 20 -5 0 S1_1
15079 20 -5 0 S1_1
15081 20 -5 0 S1_1
15082 20 -5 90.8129549320959 S1_1
15084 20 -5 84.3807356062449 S1_1
15086 20 -5 1.70240893906276 S1_1
14001 20 -5 0 S1_1
14002 20 -5 0 S1_1
14003 20 -5 6.56564614737024 S1_1
14005 20 -5 0 S1_1
14008 20 -5 0 S1_1
15070 21 -5 0 S1_1
15072 21 -5 0 S1_1
15073 21 -5 0 S1_1
15074 21 -5 0 S1_1
15077 21 -5 0 S1_1
15079 21 -5 0 S1_1
15081 21 -5 0 S1_1
15082 21 -5 0 S1_1
15084 21 -5 0 S1_1
15086 21 -5 0 S1_1
14001 21 -5 0 S1_1
14002 21 -5 0 S1_1
14003 21 -5 0 S1_1
14005 21 -5 0 S1_1
14008 21 -5 0 S1_1
15070 22 -5 0 S1_1
15072 22 -5 0 S1_1
15073 22 -5 0 S1_1
15074 22 -5 0 S1_1
15077 22 -5 0 S1_1
15079 22 -5 0 S1_1
15081 22 -5 0 S1_1
15082 22 -5 0 S1_1
15084 22 -5 0 S1_1
15086 22 -5 0 S1_1
14001 22 -5 0 S1_1
14002 22 -5 0 S1_1
14003 22 -5 0 S1_1
14005 22 -5 0 S1_1
14008 22 -5 0 S1_1
15070 23 -5 0 S1_1
15072 23 -5 0 S1_1
15073 23 -5 0 S1_1
15074 23 -5 0 S1_1
15077 23 -5 0 S1_1
15079 23 -5 0 S1_1
15081 23 -5 0 S1_1
15082 23 -5 0 S1_1
15084 23 -5 0 S1_1
15086 23 -5 0 S1_1
14001 23 -5 0 S1_1
14002 23 -5 0 S1_1
14003 23 -5 0 S1_1
14005 23 -5 0 S1_1
14008 23 -5 0 S1_1
15070 24 -5 0 S1_1
15072 24 -5 0 S1_1
15073 24 -5 0 S1_1
15074 24 -5 0 S1_1
15077 24 -5 0 S1_1
15079 24 -5 0 S1_1
15081 24 -5 0 S1_1
15082 24 -5 0 S1_1
15084 24 -5 0 S1_1
15086 24 -5 0 S1_1
14001 24 -5 0 S1_1
14002 24 -5 0 S1_1
14003 24 -5 0 S1_1
14005 24 -5 0 S1_1
14008 24 -5 0 S1_1
15070 25 -5 0 S1_1
15072 25 -5 0 S1_1
15073 25 -5 0 S1_1
15074 25 -5 0 S1_1
15077 25 -5 0 S1_1
15079 25 -5 0 S1_1
15081 25 -5 0 S1_1
15082 25 -5 0 S1_1
15084 25 -5 0 S1_1
15086 25 -5 0 S1_1
14001 25 -5 0 S1_1
14002 25 -5 0 S1_1
14003 25 -5 3.11876273219345 S1_1
14005 25 -5 0 S1_1
14008 25 -5 0 S1_1
15070 26 -5 0 S1_1
15072 26 -5 0 S1_1
15073 26 -5 0 S1_1
15074 26 -5 0 S1_1
15077 26 -5 0 S1_1
15079 26 -5 0 S1_1
15081 26 -5 0 S1_1
15082 26 -5 0 S1_1
15084 26 -5 0 S1_1
15086 26 -5 0 S1_1
14001 26 -5 0 S1_1
14002 26 -5 0 S1_1
14003 26 -5 0 S1_1
14005 26 -5 0 S1_1
14008 26 -5 0 S1_1
15070 27 -5 0 S1_1
15072 27 -5 0 S1_1
15073 27 -5 0 S1_1
15074 27 -5 0 S1_1
15077 27 -5 0 S1_1
15079 27 -5 0 S1_1
15081 27 -5 0 S1_1
15082 27 -5 0 S1_1
15084 27 -5 0 S1_1
15086 27 -5 0 S1_1
14001 27 -5 0 S1_1
14002 27 -5 0 S1_1
14003 27 -5 0 S1_1
14005 27 -5 0 S1_1
14008 27 -5 0 S1_1
15070 28 -5 0 S1_1
15072 28 -5 0 S1_1
15073 28 -5 0 S1_1
15074 28 -5 0 S1_1
15077 28 -5 0 S1_1
15079 28 -5 0 S1_1
15081 28 -5 0 S1_1
15082 28 -5 0 S1_1
15084 28 -5 0 S1_1
15086 28 -5 0 S1_1
14001 28 -5 0 S1_1
14002 28 -5 0 S1_1
14003 28 -5 0 S1_1
14005 28 -5 0 S1_1
14008 28 -5 0 S1_1
15070 29 -5 0 S1_1
15072 29 -5 0 S1_1
15073 29 -5 0 S1_1
15074 29 -5 0 S1_1
15077 29 -5 0 S1_1
15079 29 -5 0 S1_1
15081 29 -5 0 S1_1
15082 29 -5 0 S1_1
15084 29 -5 0 S1_1
15086 29 -5 0 S1_1
14001 29 -5 0 S1_1
14002 29 -5 0 S1_1
14003 29 -5 0 S1_1
14005 29 -5 0 S1_1
14008 29 -5 0 S1_1
15070 30 -5 0 S1_1
15072 30 -5 0 S1_1
15073 30 -5 0 S1_1
15074 30 -5 0 S1_1
15077 30 -5 0 S1_1
15079 30 -5 0 S1_1
15081 30 -5 0 S1_1
15082 30 -5 0 S1_1
15084 30 -5 1.57723736548834 S1_1
15086 30 -5 0 S1_1
14001 30 -5 0 S1_1
14002 30 -5 0 S1_1
14003 30 -5 10.2279644023276 S1_1
14005 30 -5 0 S1_1
14008 30 -5 0 S1_1
15070 31 -5 0 S1_1
15072 31 -5 0 S1_1
15073 31 -5 0 S1_1
15074 31 -5 0 S1_1
15077 31 -5 0 S1_1
15079 31 -5 0 S1_1
15081 31 -5 0 S1_1
15082 31 -5 0 S1_1
15084 31 -5 0 S1_1
15086 31 -5 0 S1_1
14001 31 -5 0 S1_1
14002 31 -5 0 S1_1
14003 31 -5 0 S1_1
14005 31 -5 0 S1_1
14008 31 -5 0 S1_1
