speciesID lakeID variable value scenario
16001 1 -0.5 2.75398912492659 S1_1
16002 1 -0.5 645.39014768508 S1_1
16003 1 -0.5 0 S1_1
16004 1 -0.5 0 S1_1
16005 1 -0.5 342.754623889343 S1_1
16007 1 -0.5 61.8425102011853 S1_1
16008 1 -0.5 453.267044809448 S1_1
16011 1 -0.5 2.4037111017785 S1_1
16013 1 -0.5 646.237327043109 S1_1
16014 1 -0.5 0 S1_1
16015 1 -0.5 265.620218118585 S1_1
16017 1 -0.5 278.081391448969 S1_1
16018 1 -0.5 10.214811978688 S1_1
16020 1 -0.5 0 S1_1
16021 1 -0.5 38.5366857476748 S1_1
16001 2 -0.5 0 S1_1
16002 2 -0.5 1.57403410291967 S1_1
16003 2 -0.5 0 S1_1
16004 2 -0.5 0 S1_1
16005 2 -0.5 0 S1_1
16007 2 -0.5 0 S1_1
16008 2 -0.5 92.9452751916504 S1_1
16011 2 -0.5 0 S1_1
16013 2 -0.5 61.4732859917202 S1_1
16014 2 -0.5 0 S1_1
16015 2 -0.5 91.6577184773513 S1_1
16017 2 -0.5 37.9783345505294 S1_1
16018 2 -0.5 0 S1_1
16020 2 -0.5 0 S1_1
16021 2 -0.5 0 S1_1
16001 3 -0.5 0 S1_1
16002 3 -0.5 96.1113344544976 S1_1
16003 3 -0.5 0 S1_1
16004 3 -0.5 0 S1_1
16005 3 -0.5 0 S1_1
16007 3 -0.5 0 S1_1
16008 3 -0.5 188.815227162354 S1_1
16011 3 -0.5 0 S1_1
16013 3 -0.5 200.825102658346 S1_1
16014 3 -0.5 0 S1_1
16015 3 -0.5 124.298050657336 S1_1
16017 3 -0.5 80.316984054259 S1_1
16018 3 -0.5 0 S1_1
16020 3 -0.5 0 S1_1
16021 3 -0.5 0 S1_1
16001 4 -0.5 0 S1_1
16002 4 -0.5 229.228465651973 S1_1
16003 4 -0.5 0 S1_1
16004 4 -0.5 0 S1_1
16005 4 -0.5 71.2806172437877 S1_1
16007 4 -0.5 9.59833332755559 S1_1
16008 4 -0.5 281.518655633678 S1_1
16011 4 -0.5 0 S1_1
16013 4 -0.5 340.20249437208 S1_1
16014 4 -0.5 0 S1_1
16015 4 -0.5 156.409523895854 S1_1
16017 4 -0.5 123.49710235193 S1_1
16018 4 -0.5 0 S1_1
16020 4 -0.5 0 S1_1
16021 4 -0.5 0 S1_1
16001 5 -0.5 0 S1_1
16002 5 -0.5 0 S1_1
16003 5 -0.5 0 S1_1
16004 5 -0.5 0 S1_1
16005 5 -0.5 0 S1_1
16007 5 -0.5 0 S1_1
16008 5 -0.5 0 S1_1
16011 5 -0.5 0 S1_1
16013 5 -0.5 0 S1_1
16014 5 -0.5 0 S1_1
16015 5 -0.5 9.52893670695829 S1_1
16017 5 -0.5 0 S1_1
16018 5 -0.5 0 S1_1
16020 5 -0.5 0 S1_1
16021 5 -0.5 0 S1_1
16001 6 -0.5 0 S1_1
16002 6 -0.5 206.164655292845 S1_1
16003 6 -0.5 0 S1_1
16004 6 -0.5 0 S1_1
16005 6 -0.5 56.7581798060336 S1_1
16007 6 -0.5 13.5384303465787 S1_1
16008 6 -0.5 275.771531246112 S1_1
16011 6 -0.5 0 S1_1
16013 6 -0.5 318.923817203395 S1_1
16014 6 -0.5 0 S1_1
16015 6 -0.5 168.600412634049 S1_1
16017 6 -0.5 131.679686320141 S1_1
16018 6 -0.5 0 S1_1
16020 6 -0.5 0 S1_1
16021 6 -0.5 0 S1_1
16001 7 -0.5 0 S1_1
16002 7 -0.5 1.85491868977034 S1_1
16003 7 -0.5 0 S1_1
16004 7 -0.5 0 S1_1
16005 7 -0.5 0 S1_1
16007 7 -0.5 0 S1_1
16008 7 -0.5 95.9034995355764 S1_1
16011 7 -0.5 0 S1_1
16013 7 -0.5 66.2511213506943 S1_1
16014 7 -0.5 0 S1_1
16015 7 -0.5 94.4307957433702 S1_1
16017 7 -0.5 40.4188064126855 S1_1
16018 7 -0.5 0 S1_1
16020 7 -0.5 0 S1_1
16021 7 -0.5 0 S1_1
16001 8 -0.5 0 S1_1
16002 8 -0.5 363.139972993703 S1_1
16003 8 -0.5 0 S1_1
16004 8 -0.5 0 S1_1
16005 8 -0.5 170.315831370316 S1_1
16007 8 -0.5 37.2363911262612 S1_1
16008 8 -0.5 346.612967731838 S1_1
16011 8 -0.5 0 S1_1
16013 8 -0.5 443.008744982393 S1_1
16014 8 -0.5 0 S1_1
16015 8 -0.5 191.413783855301 S1_1
16017 8 -0.5 175.069278803986 S1_1
16018 8 -0.5 0 S1_1
16020 8 -0.5 0 S1_1
16021 8 -0.5 1.00664551833665 S1_1
16001 9 -0.5 0 S1_1
16002 9 -0.5 192.98668486775 S1_1
16003 9 -0.5 0 S1_1
16004 9 -0.5 0 S1_1
16005 9 -0.5 42.8520564677331 S1_1
16007 9 -0.5 7.15725881757297 S1_1
16008 9 -0.5 261.721861714669 S1_1
16011 9 -0.5 0 S1_1
16013 9 -0.5 304.029967288045 S1_1
16014 9 -0.5 0 S1_1
16015 9 -0.5 154.272075693977 S1_1
16017 9 -0.5 118.193746324274 S1_1
16018 9 -0.5 0 S1_1
16020 9 -0.5 0 S1_1
16021 9 -0.5 0 S1_1
16001 10 -0.5 0 S1_1
16002 10 -0.5 359.044388472548 S1_1
16003 10 -0.5 0 S1_1
16004 10 -0.5 0 S1_1
16005 10 -0.5 165.374289817976 S1_1
16007 10 -0.5 38.4392644175424 S1_1
16008 10 -0.5 356.464884712306 S1_1
16011 10 -0.5 0 S1_1
16013 10 -0.5 456.918615148551 S1_1
16014 10 -0.5 0 S1_1
16015 10 -0.5 198.945628683696 S1_1
16017 10 -0.5 174.810211824897 S1_1
16018 10 -0.5 0 S1_1
16020 10 -0.5 0 S1_1
16021 10 -0.5 1.93525105214763 S1_1
16001 11 -0.5 0 S1_1
16002 11 -0.5 552.454548458603 S1_1
16003 11 -0.5 0 S1_1
16004 11 -0.5 0 S1_1
16005 11 -0.5 270.056561681557 S1_1
16007 11 -0.5 31.2023619403413 S1_1
16008 11 -0.5 394.270535724209 S1_1
16011 11 -0.5 0 S1_1
16013 11 -0.5 563.715075894707 S1_1
16014 11 -0.5 0 S1_1
16015 11 -0.5 206.032493285741 S1_1
16017 11 -0.5 215.885566813463 S1_1
16018 11 -0.5 0 S1_1
16020 11 -0.5 0 S1_1
16021 11 -0.5 8.26235647092614 S1_1
16001 12 -0.5 0 S1_1
16002 12 -0.5 629.781129949117 S1_1
16003 12 -0.5 0 S1_1
16004 12 -0.5 0 S1_1
16005 12 -0.5 325.118388317745 S1_1
16007 12 -0.5 34.6994431849071 S1_1
16008 12 -0.5 393.810790366692 S1_1
16011 12 -0.5 0 S1_1
16013 12 -0.5 571.149352531824 S1_1
16014 12 -0.5 0 S1_1
16015 12 -0.5 230.465697779423 S1_1
16017 12 -0.5 282.832173071039 S1_1
16018 12 -0.5 6.548750484404 S1_1
16020 12 -0.5 0 S1_1
16021 12 -0.5 23.3692587030638 S1_1
16001 13 -0.5 0 S1_1
16002 13 -0.5 82.4040955267375 S1_1
16003 13 -0.5 0 S1_1
16004 13 -0.5 0 S1_1
16005 13 -0.5 0 S1_1
16007 13 -0.5 0 S1_1
16008 13 -0.5 161.444633304719 S1_1
16011 13 -0.5 0 S1_1
16013 13 -0.5 157.096371952938 S1_1
16014 13 -0.5 0 S1_1
16015 13 -0.5 88.8841783696254 S1_1
16017 13 -0.5 60.7965626528343 S1_1
16018 13 -0.5 0 S1_1
16020 13 -0.5 0 S1_1
16021 13 -0.5 0 S1_1
16001 14 -0.5 0 S1_1
16002 14 -0.5 52.7835472254047 S1_1
16003 14 -0.5 0 S1_1
16004 14 -0.5 0 S1_1
16005 14 -0.5 0 S1_1
16007 14 -0.5 0 S1_1
16008 14 -0.5 157.06844974875 S1_1
16011 14 -0.5 0 S1_1
16013 14 -0.5 153.232531186495 S1_1
16014 14 -0.5 0 S1_1
16015 14 -0.5 121.697662868559 S1_1
16017 14 -0.5 74.3496673940078 S1_1
16018 14 -0.5 0 S1_1
16020 14 -0.5 0 S1_1
16021 14 -0.5 0 S1_1
16001 15 -0.5 0 S1_1
16002 15 -0.5 387.617550662667 S1_1
16003 15 -0.5 0 S1_1
16004 15 -0.5 0 S1_1
16005 15 -0.5 192.517746243455 S1_1
16007 15 -0.5 59.7729921853018 S1_1
16008 15 -0.5 386.861642219605 S1_1
16011 15 -0.5 0 S1_1
16013 15 -0.5 492.961186396857 S1_1
16014 15 -0.5 0 S1_1
16015 15 -0.5 227.867566467871 S1_1
16017 15 -0.5 200.27514559007 S1_1
16018 15 -0.5 1.39625082925331 S1_1
16020 15 -0.5 0 S1_1
16021 15 -0.5 12.7683016096044 S1_1
16001 16 -0.5 0 S1_1
16002 16 -0.5 506.095129874116 S1_1
16003 16 -0.5 0 S1_1
16004 16 -0.5 0 S1_1
16005 16 -0.5 264.471479128897 S1_1
16007 16 -0.5 62.5405164483258 S1_1
16008 16 -0.5 410.969575830368 S1_1
16011 16 -0.5 0 S1_1
16013 16 -0.5 552.727842325247 S1_1
16014 16 -0.5 0 S1_1
16015 16 -0.5 236.410039374741 S1_1
16017 16 -0.5 232.534146604481 S1_1
16018 16 -0.5 4.07283151330961 S1_1
16020 16 -0.5 0 S1_1
16021 16 -0.5 20.7104318186637 S1_1
16001 17 -0.5 0 S1_1
16002 17 -0.5 137.735500375684 S1_1
16003 17 -0.5 0 S1_1
16004 17 -0.5 0 S1_1
16005 17 -0.5 6.68925794840503 S1_1
16007 17 -0.5 2.32078137200067 S1_1
16008 17 -0.5 218.069220429664 S1_1
16011 17 -0.5 0 S1_1
16013 17 -0.5 234.64516099589 S1_1
16014 17 -0.5 0 S1_1
16015 17 -0.5 136.221583405929 S1_1
16017 17 -0.5 101.56570890762 S1_1
16018 17 -0.5 0 S1_1
16020 17 -0.5 0 S1_1
16021 17 -0.5 0 S1_1
16001 18 -0.5 0 S1_1
16002 18 -0.5 588.97348723776 S1_1
16003 18 -0.5 0 S1_1
16004 18 -0.5 0 S1_1
16005 18 -0.5 306.320495561381 S1_1
16007 18 -0.5 48.1977660685041 S1_1
16008 18 -0.5 409.371844323903 S1_1
16011 18 -0.5 0 S1_1
16013 18 -0.5 577.000656780623 S1_1
16014 18 -0.5 0 S1_1
16015 18 -0.5 233.270122699297 S1_1
16017 18 -0.5 254.970597206836 S1_1
16018 18 -0.5 4.819281621288 S1_1
16020 18 -0.5 0 S1_1
16021 18 -0.5 21.862879577053 S1_1
16001 19 -0.5 0 S1_1
16002 19 -0.5 318.96998144731 S1_1
16003 19 -0.5 0 S1_1
16004 19 -0.5 0 S1_1
16005 19 -0.5 139.074547434828 S1_1
16007 19 -0.5 31.4089518538669 S1_1
16008 19 -0.5 335.66870579181 S1_1
16011 19 -0.5 0 S1_1
16013 19 -0.5 421.600250335131 S1_1
16014 19 -0.5 0 S1_1
16015 19 -0.5 187.925424117288 S1_1
16017 19 -0.5 161.446818273367 S1_1
16018 19 -0.5 0 S1_1
16020 19 -0.5 0 S1_1
16021 19 -0.5 0 S1_1
16001 20 -0.5 0 S1_1
16002 20 -0.5 453.471786512235 S1_1
16003 20 -0.5 0 S1_1
16004 20 -0.5 0 S1_1
16005 20 -0.5 233.611370392574 S1_1
16007 20 -0.5 63.2306627792252 S1_1
16008 20 -0.5 401.34088572738 S1_1
16011 20 -0.5 0 S1_1
16013 20 -0.5 526.799483049695 S1_1
16014 20 -0.5 0 S1_1
16015 20 -0.5 232.167286904608 S1_1
16017 20 -0.5 218.004545879739 S1_1
16018 20 -0.5 2.72483293969886 S1_1
16020 20 -0.5 0 S1_1
16021 20 -0.5 16.8442865589703 S1_1
16001 21 -0.5 0 S1_1
16002 21 -0.5 323.626341456477 S1_1
16003 21 -0.5 0 S1_1
16004 21 -0.5 0 S1_1
16005 21 -0.5 140.30832848782 S1_1
16007 21 -0.5 30.298174568176 S1_1
16008 21 -0.5 339.675484724428 S1_1
16011 21 -0.5 0 S1_1
16013 21 -0.5 430.007273459759 S1_1
16014 21 -0.5 0 S1_1
16015 21 -0.5 189.039822627166 S1_1
16017 21 -0.5 160.761509415538 S1_1
16018 21 -0.5 0 S1_1
16020 21 -0.5 0 S1_1
16021 21 -0.5 0 S1_1
16001 22 -0.5 1.43939926603798 S1_1
16002 22 -0.5 610.698611723411 S1_1
16003 22 -0.5 0 S1_1
16004 22 -0.5 0 S1_1
16005 22 -0.5 326.310156707481 S1_1
16007 22 -0.5 69.5635759404998 S1_1
16008 22 -0.5 455.620072488474 S1_1
16011 22 -0.5 2.42334438234698 S1_1
16013 22 -0.5 637.57109014586 S1_1
16014 22 -0.5 0 S1_1
16015 22 -0.5 267.583927648842 S1_1
16017 22 -0.5 268.68016139482 S1_1
16018 22 -0.5 10.4619381505614 S1_1
16020 22 -0.5 0 S1_1
16021 22 -0.5 39.3449188432144 S1_1
16001 23 -0.5 0 S1_1
16002 23 -0.5 254.52113298056 S1_1
16003 23 -0.5 0 S1_1
16004 23 -0.5 0 S1_1
16005 23 -0.5 94.8496796459971 S1_1
16007 23 -0.5 21.4500990800565 S1_1
16008 23 -0.5 309.369259894683 S1_1
16011 23 -0.5 0 S1_1
16013 23 -0.5 374.586683200591 S1_1
16014 23 -0.5 0 S1_1
16015 23 -0.5 181.432586106659 S1_1
16017 23 -0.5 144.014217076117 S1_1
16018 23 -0.5 0 S1_1
16020 23 -0.5 0 S1_1
16021 23 -0.5 0 S1_1
16001 24 -0.5 0 S1_1
16002 24 -0.5 367.589046489863 S1_1
16003 24 -0.5 0 S1_1
16004 24 -0.5 0 S1_1
16005 24 -0.5 170.332133648174 S1_1
16007 24 -0.5 39.6325083448356 S1_1
16008 24 -0.5 364.484732988695 S1_1
16011 24 -0.5 0 S1_1
16013 24 -0.5 470.153029224176 S1_1
16014 24 -0.5 0 S1_1
16015 24 -0.5 203.914782739053 S1_1
16017 24 -0.5 177.327659548893 S1_1
16018 24 -0.5 0 S1_1
16020 24 -0.5 0 S1_1
16021 24 -0.5 3.16658780528202 S1_1
16001 25 -0.5 0 S1_1
16002 25 -0.5 57.5296211224982 S1_1
16003 25 -0.5 0 S1_1
16004 25 -0.5 0 S1_1
16005 25 -0.5 0 S1_1
16007 25 -0.5 0 S1_1
16008 25 -0.5 161.872605641066 S1_1
16011 25 -0.5 0 S1_1
16013 25 -0.5 160.903932244819 S1_1
16014 25 -0.5 0 S1_1
16015 25 -0.5 125.742623418311 S1_1
16017 25 -0.5 75.9846541920259 S1_1
16018 25 -0.5 0 S1_1
16020 25 -0.5 0 S1_1
16021 25 -0.5 0 S1_1
16001 26 -0.5 0 S1_1
16002 26 -0.5 530.985967868915 S1_1
16003 26 -0.5 0 S1_1
16004 26 -0.5 0 S1_1
16005 26 -0.5 278.107754429082 S1_1
16007 26 -0.5 65.443857601264 S1_1
16008 26 -0.5 428.416522568465 S1_1
16011 26 -0.5 0 S1_1
16013 26 -0.5 582.930030244495 S1_1
16014 26 -0.5 0 S1_1
16015 26 -0.5 247.130255529926 S1_1
16017 26 -0.5 240.056841376782 S1_1
16018 26 -0.5 4.93924392031844 S1_1
16020 26 -0.5 0 S1_1
16021 26 -0.5 26.8054271167516 S1_1
16001 27 -0.5 0 S1_1
16002 27 -0.5 0 S1_1
16003 27 -0.5 0 S1_1
16004 27 -0.5 0 S1_1
16005 27 -0.5 0 S1_1
16007 27 -0.5 0 S1_1
16008 27 -0.5 79.8097466736214 S1_1
16011 27 -0.5 0 S1_1
16013 27 -0.5 45.7424543627956 S1_1
16014 27 -0.5 0 S1_1
16015 27 -0.5 80.5107220737492 S1_1
16017 27 -0.5 27.3036891105285 S1_1
16018 27 -0.5 0 S1_1
16020 27 -0.5 0 S1_1
16021 27 -0.5 0 S1_1
16001 28 -0.5 2.60396892062318 S1_1
16002 28 -0.5 615.609679870287 S1_1
16003 28 -0.5 0 S1_1
16004 28 -0.5 0 S1_1
16005 28 -0.5 332.785381303482 S1_1
16007 28 -0.5 77.4698497823597 S1_1
16008 28 -0.5 462.542054639283 S1_1
16011 28 -0.5 3.99283060755167 S1_1
16013 28 -0.5 643.403330491974 S1_1
16014 28 -0.5 0 S1_1
16015 28 -0.5 275.706899897932 S1_1
16017 28 -0.5 276.860732363157 S1_1
16018 28 -0.5 15.6003954946151 S1_1
16020 28 -0.5 1.41774057188117 S1_1
16021 28 -0.5 44.2175867396404 S1_1
16001 29 -0.5 0 S1_1
16002 29 -0.5 155.120826575175 S1_1
16003 29 -0.5 0 S1_1
16004 29 -0.5 0 S1_1
16005 29 -0.5 14.3773185074953 S1_1
16007 29 -0.5 1.63440222904436 S1_1
16008 29 -0.5 220.978263832594 S1_1
16011 29 -0.5 0 S1_1
16013 29 -0.5 250.350133661882 S1_1
16014 29 -0.5 0 S1_1
16015 29 -0.5 120.466391516731 S1_1
16017 29 -0.5 90.4407453272094 S1_1
16018 29 -0.5 0 S1_1
16020 29 -0.5 0 S1_1
16021 29 -0.5 0 S1_1
16001 30 -0.5 0 S1_1
16002 30 -0.5 47.1274604656554 S1_1
16003 30 -0.5 0 S1_1
16004 30 -0.5 0 S1_1
16005 30 -0.5 0 S1_1
16007 30 -0.5 0 S1_1
16008 30 -0.5 151.567170895097 S1_1
16011 30 -0.5 0 S1_1
16013 30 -0.5 146.520198472155 S1_1
16014 30 -0.5 0 S1_1
16015 30 -0.5 116.456090160213 S1_1
16017 30 -0.5 69.4808617420999 S1_1
16018 30 -0.5 0 S1_1
16020 30 -0.5 0 S1_1
16021 30 -0.5 0 S1_1
16001 31 -0.5 0 S1_1
16002 31 -0.5 102.819817019482 S1_1
16003 31 -0.5 0 S1_1
16004 31 -0.5 0 S1_1
16005 31 -0.5 1.37822429520473 S1_1
16007 31 -0.5 0 S1_1
16008 31 -0.5 205.524160592548 S1_1
16011 31 -0.5 0 S1_1
16013 31 -0.5 223.984524664688 S1_1
16014 31 -0.5 0 S1_1
16015 31 -0.5 131.338355920181 S1_1
16017 31 -0.5 87.1616032304323 S1_1
16018 31 -0.5 0 S1_1
16020 31 -0.5 0 S1_1
16021 31 -0.5 0 S1_1
16001 1 -1.5 47.1186079633829 S1_1
16002 1 -1.5 354.409209963365 S1_1
16003 1 -1.5 70.8420198442013 S1_1
16004 1 -1.5 148.574678895092 S1_1
16005 1 -1.5 77.2016604784518 S1_1
16007 1 -1.5 0 S1_1
16008 1 -1.5 141.963923111515 S1_1
16011 1 -1.5 0 S1_1
16013 1 -1.5 294.132268582655 S1_1
16014 1 -1.5 0 S1_1
16015 1 -1.5 165.818943334462 S1_1
16017 1 -1.5 60.2171650427006 S1_1
16018 1 -1.5 0 S1_1
16020 1 -1.5 0 S1_1
16021 1 -1.5 94.9761400117368 S1_1
16001 2 -1.5 0 S1_1
16002 2 -1.5 0 S1_1
16003 2 -1.5 0 S1_1
16004 2 -1.5 150.248681155118 S1_1
16005 2 -1.5 0 S1_1
16007 2 -1.5 0 S1_1
16008 2 -1.5 60.65860609703 S1_1
16011 2 -1.5 0 S1_1
16013 2 -1.5 27.7394318648084 S1_1
16014 2 -1.5 0 S1_1
16015 2 -1.5 156.079958907079 S1_1
16017 2 -1.5 14.5082603839131 S1_1
16018 2 -1.5 0 S1_1
16020 2 -1.5 0 S1_1
16021 2 -1.5 86.8656618554897 S1_1
16001 3 -1.5 0 S1_1
16002 3 -1.5 9.72782826701305 S1_1
16003 3 -1.5 0 S1_1
16004 3 -1.5 104.003870161789 S1_1
16005 3 -1.5 0 S1_1
16007 3 -1.5 0 S1_1
16008 3 -1.5 70.5106714697048 S1_1
16011 3 -1.5 0 S1_1
16013 3 -1.5 64.4666170221303 S1_1
16014 3 -1.5 0 S1_1
16015 3 -1.5 111.840240517634 S1_1
16017 3 -1.5 4.80012535015464 S1_1
16018 3 -1.5 0 S1_1
16020 3 -1.5 0 S1_1
16021 3 -1.5 52.4957687318573 S1_1
16001 4 -1.5 0 S1_1
16002 4 -1.5 62.9865988020556 S1_1
16003 4 -1.5 0 S1_1
16004 4 -1.5 92.7185547075493 S1_1
16005 4 -1.5 0 S1_1
16007 4 -1.5 0 S1_1
16008 4 -1.5 87.3872827216461 S1_1
16011 4 -1.5 0 S1_1
16013 4 -1.5 105.314749940445 S1_1
16014 4 -1.5 0 S1_1
16015 4 -1.5 100.572360202322 S1_1
16017 4 -1.5 6.86029691851918 S1_1
16018 4 -1.5 0 S1_1
16020 4 -1.5 0 S1_1
16021 4 -1.5 48.4105041434809 S1_1
16001 5 -1.5 0 S1_1
16002 5 -1.5 0 S1_1
16003 5 -1.5 0 S1_1
16004 5 -1.5 27.5971973893064 S1_1
16005 5 -1.5 0 S1_1
16007 5 -1.5 0 S1_1
16008 5 -1.5 0 S1_1
16011 5 -1.5 0 S1_1
16013 5 -1.5 0 S1_1
16014 5 -1.5 0 S1_1
16015 5 -1.5 42.9635568296482 S1_1
16017 5 -1.5 0 S1_1
16018 5 -1.5 0 S1_1
16020 5 -1.5 0 S1_1
16021 5 -1.5 1.30648382022778 S1_1
16001 6 -1.5 1.59610440136786 S1_1
16002 6 -1.5 137.32089744267 S1_1
16003 6 -1.5 12.4171026046918 S1_1
16004 6 -1.5 217.030525979088 S1_1
16005 6 -1.5 7.82156672850837 S1_1
16007 6 -1.5 0 S1_1
16008 6 -1.5 192.149170463596 S1_1
16011 6 -1.5 0 S1_1
16013 6 -1.5 226.132582287724 S1_1
16014 6 -1.5 0 S1_1
16015 6 -1.5 221.503212156488 S1_1
16017 6 -1.5 75.4845760443654 S1_1
16018 6 -1.5 0 S1_1
16020 6 -1.5 0 S1_1
16021 6 -1.5 140.661739470833 S1_1
16001 7 -1.5 0 S1_1
16002 7 -1.5 0 S1_1
16003 7 -1.5 0 S1_1
16004 7 -1.5 156.095507403825 S1_1
16005 7 -1.5 0 S1_1
16007 7 -1.5 0 S1_1
16008 7 -1.5 66.1961662488773 S1_1
16011 7 -1.5 0 S1_1
16013 7 -1.5 33.8556645472902 S1_1
16014 7 -1.5 0 S1_1
16015 7 -1.5 161.297309938456 S1_1
16017 7 -1.5 17.5092712600962 S1_1
16018 7 -1.5 0 S1_1
16020 7 -1.5 0 S1_1
16021 7 -1.5 91.2079311172908 S1_1
16001 8 -1.5 20.3579503517707 S1_1
16002 8 -1.5 202.460346664847 S1_1
16003 8 -1.5 47.3756763378057 S1_1
16004 8 -1.5 176.270088911248 S1_1
16005 8 -1.5 42.2928479599101 S1_1
16007 8 -1.5 0 S1_1
16008 8 -1.5 178.935599047785 S1_1
16011 8 -1.5 0 S1_1
16013 8 -1.5 252.742437659164 S1_1
16014 8 -1.5 0 S1_1
16015 8 -1.5 187.611124633805 S1_1
16017 8 -1.5 61.4911476133603 S1_1
16018 8 -1.5 0 S1_1
16020 8 -1.5 0 S1_1
16021 8 -1.5 113.534675558135 S1_1
16001 9 -1.5 0 S1_1
16002 9 -1.5 82.2691361138391 S1_1
16003 9 -1.5 0 S1_1
16004 9 -1.5 141.60675788245 S1_1
16005 9 -1.5 0 S1_1
16007 9 -1.5 0 S1_1
16008 9 -1.5 126.022838848056 S1_1
16011 9 -1.5 0 S1_1
16013 9 -1.5 148.144895665301 S1_1
16014 9 -1.5 0 S1_1
16015 9 -1.5 151.099189005201 S1_1
16017 9 -1.5 28.0033075080279 S1_1
16018 9 -1.5 0 S1_1
16020 9 -1.5 0 S1_1
16021 9 -1.5 83.3420061018483 S1_1
16001 10 -1.5 11.0031990983119 S1_1
16002 10 -1.5 186.12284186265 S1_1
16003 10 -1.5 33.5016243942146 S1_1
16004 10 -1.5 170.760414530705 S1_1
16005 10 -1.5 30.5408664400019 S1_1
16007 10 -1.5 0 S1_1
16008 10 -1.5 172.692146513532 S1_1
16011 10 -1.5 0 S1_1
16013 10 -1.5 248.798732226758 S1_1
16014 10 -1.5 0 S1_1
16015 10 -1.5 181.084743391531 S1_1
16017 10 -1.5 53.8980708550884 S1_1
16018 10 -1.5 0 S1_1
16020 10 -1.5 0 S1_1
16021 10 -1.5 104.732017580825 S1_1
16001 11 -1.5 0 S1_1
16002 11 -1.5 55.6752607219741 S1_1
16003 11 -1.5 0 S1_1
16004 11 -1.5 14.3483843768833 S1_1
16005 11 -1.5 0 S1_1
16007 11 -1.5 0 S1_1
16008 11 -1.5 12.6615174792236 S1_1
16011 11 -1.5 0 S1_1
16013 11 -1.5 29.8810919455743 S1_1
16014 11 -1.5 0 S1_1
16015 11 -1.5 24.7969442353005 S1_1
16017 11 -1.5 0 S1_1
16018 11 -1.5 0 S1_1
16020 11 -1.5 0 S1_1
16021 11 -1.5 2.87710100162382 S1_1
16001 12 -1.5 1.49058490009813 S1_1
16002 12 -1.5 88.3891219250964 S1_1
16003 12 -1.5 2.35771821363501 S1_1
16004 12 -1.5 35.1538840060377 S1_1
16005 12 -1.5 2.9502470826306 S1_1
16007 12 -1.5 0 S1_1
16008 12 -1.5 22.0877260078677 S1_1
16011 12 -1.5 0 S1_1
16013 12 -1.5 47.5678280760146 S1_1
16014 12 -1.5 0 S1_1
16015 12 -1.5 45.1584831473904 S1_1
16017 12 -1.5 4.12020417367067 S1_1
16018 12 -1.5 0 S1_1
16020 12 -1.5 0 S1_1
16021 12 -1.5 16.7592793697317 S1_1
16001 13 -1.5 0 S1_1
16002 13 -1.5 9.38232811143685 S1_1
16003 13 -1.5 0 S1_1
16004 13 -1.5 80.9307626604657 S1_1
16005 13 -1.5 0 S1_1
16007 13 -1.5 0 S1_1
16008 13 -1.5 63.5583817574814 S1_1
16011 13 -1.5 0 S1_1
16013 13 -1.5 44.6912373144866 S1_1
16014 13 -1.5 0 S1_1
16015 13 -1.5 95.6738514500269 S1_1
16017 13 -1.5 3.31722028121763 S1_1
16018 13 -1.5 0 S1_1
16020 13 -1.5 0 S1_1
16021 13 -1.5 41.6259624426493 S1_1
16001 14 -1.5 0 S1_1
16002 14 -1.5 21.805725420161 S1_1
16003 14 -1.5 0 S1_1
16004 14 -1.5 181.956620623959 S1_1
16005 14 -1.5 0 S1_1
16007 14 -1.5 0 S1_1
16008 14 -1.5 118.049732125047 S1_1
16011 14 -1.5 0 S1_1
16013 14 -1.5 112.359426307691 S1_1
16014 14 -1.5 0 S1_1
16015 14 -1.5 186.038561035899 S1_1
16017 14 -1.5 41.2602023314503 S1_1
16018 14 -1.5 0 S1_1
16020 14 -1.5 0 S1_1
16021 14 -1.5 111.669190790145 S1_1
16001 15 -1.5 81.2841027008796 S1_1
16002 15 -1.5 298.888758151466 S1_1
16003 15 -1.5 131.105252462275 S1_1
16004 15 -1.5 309.769385762264 S1_1
16005 15 -1.5 125.577301804227 S1_1
16007 15 -1.5 22.7021672917403 S1_1
16008 15 -1.5 296.837409414439 S1_1
16011 15 -1.5 15.221153141143 S1_1
16013 15 -1.5 389.232956036346 S1_1
16014 15 -1.5 13.0501854009922 S1_1
16015 15 -1.5 308.846099657451 S1_1
16017 15 -1.5 138.957475638421 S1_1
16018 15 -1.5 0 S1_1
16020 15 -1.5 1.0549088678676 S1_1
16021 15 -1.5 213.36841564939 S1_1
16001 16 -1.5 86.1358062928322 S1_1
16002 16 -1.5 348.189274315527 S1_1
16003 16 -1.5 130.195000010604 S1_1
16004 16 -1.5 262.166068484929 S1_1
16005 16 -1.5 129.798002057362 S1_1
16007 16 -1.5 4.98650237058235 S1_1
16008 16 -1.5 255.329021376497 S1_1
16011 16 -1.5 3.38885792950845 S1_1
16013 16 -1.5 376.037332089804 S1_1
16014 16 -1.5 4.19753204801057 S1_1
16015 16 -1.5 268.840601971878 S1_1
16017 16 -1.5 113.905794421179 S1_1
16018 16 -1.5 0 S1_1
16020 16 -1.5 0 S1_1
16021 16 -1.5 182.83178242601 S1_1
16001 17 -1.5 0 S1_1
16002 17 -1.5 92.6997772141791 S1_1
16003 17 -1.5 1.35551649749761 S1_1
16004 17 -1.5 189.259264094774 S1_1
16005 17 -1.5 0 S1_1
16007 17 -1.5 0 S1_1
16008 17 -1.5 158.80553713505 S1_1
16011 17 -1.5 0 S1_1
16013 17 -1.5 170.605819599555 S1_1
16014 17 -1.5 0 S1_1
16015 17 -1.5 196.344655015609 S1_1
16017 17 -1.5 59.5112739577574 S1_1
16018 17 -1.5 0 S1_1
16020 17 -1.5 0 S1_1
16021 17 -1.5 123.2185682984 S1_1
16001 18 -1.5 24.8934838851861 S1_1
16002 18 -1.5 256.311822422852 S1_1
16003 18 -1.5 40.4626012124611 S1_1
16004 18 -1.5 100.942435893605 S1_1
16005 18 -1.5 42.9217118067272 S1_1
16007 18 -1.5 0 S1_1
16008 18 -1.5 96.2634820787744 S1_1
16011 18 -1.5 0 S1_1
16013 18 -1.5 169.564129391768 S1_1
16014 18 -1.5 0 S1_1
16015 18 -1.5 109.050365952212 S1_1
16017 18 -1.5 36.5893918915581 S1_1
16018 18 -1.5 0 S1_1
16020 18 -1.5 0 S1_1
16021 18 -1.5 65.8895329197105 S1_1
16001 19 -1.5 5.30190432964845 S1_1
16002 19 -1.5 161.913097978791 S1_1
16003 19 -1.5 21.6228193839254 S1_1
16004 19 -1.5 166.109687227509 S1_1
16005 19 -1.5 18.0709030432449 S1_1
16007 19 -1.5 0 S1_1
16008 19 -1.5 165.30112871689 S1_1
16011 19 -1.5 0 S1_1
16013 19 -1.5 228.526836225892 S1_1
16014 19 -1.5 0 S1_1
16015 19 -1.5 176.33150344921 S1_1
16017 19 -1.5 49.9862015287253 S1_1
16018 19 -1.5 0 S1_1
16020 19 -1.5 0 S1_1
16021 19 -1.5 101.794441297467 S1_1
16001 20 -1.5 93.5224340951637 S1_1
16002 20 -1.5 335.786063851158 S1_1
16003 20 -1.5 143.654064706578 S1_1
16004 20 -1.5 294.585894563824 S1_1
16005 20 -1.5 139.294453791925 S1_1
16007 20 -1.5 15.1613692503848 S1_1
16008 20 -1.5 286.067520300577 S1_1
16011 20 -1.5 9.64946575682699 S1_1
16013 20 -1.5 394.610226481645 S1_1
16014 20 -1.5 10.683545091642 S1_1
16015 20 -1.5 297.2144052346 S1_1
16017 20 -1.5 134.018481910814 S1_1
16018 20 -1.5 0 S1_1
16020 20 -1.5 1.06227037650747 S1_1
16021 20 -1.5 206.394090192052 S1_1
16001 21 -1.5 2.10873895469783 S1_1
16002 21 -1.5 139.816380208021 S1_1
16003 21 -1.5 10.2090176557886 S1_1
16004 21 -1.5 139.17314120005 S1_1
16005 21 -1.5 9.03338800859633 S1_1
16007 21 -1.5 0 S1_1
16008 21 -1.5 140.124417682737 S1_1
16011 21 -1.5 0 S1_1
16013 21 -1.5 200.750841549459 S1_1
16014 21 -1.5 0 S1_1
16015 21 -1.5 150.029114175603 S1_1
16017 21 -1.5 35.2484639041368 S1_1
16018 21 -1.5 0 S1_1
16020 21 -1.5 0 S1_1
16021 21 -1.5 82.9246389725866 S1_1
16001 22 -1.5 78.6476622675588 S1_1
16002 22 -1.5 397.199715624685 S1_1
16003 22 -1.5 117.526687958517 S1_1
16004 22 -1.5 245.810012829105 S1_1
16005 22 -1.5 127.756482797956 S1_1
16007 22 -1.5 1.48669888573819 S1_1
16008 22 -1.5 235.710918036855 S1_1
16011 22 -1.5 1.87287633671695 S1_1
16013 22 -1.5 392.523149535441 S1_1
16014 22 -1.5 2.09868263185521 S1_1
16015 22 -1.5 253.722716891352 S1_1
16017 22 -1.5 97.7936088885451 S1_1
16018 22 -1.5 0 S1_1
16020 22 -1.5 0 S1_1
16021 22 -1.5 163.427203827224 S1_1
16001 23 -1.5 0 S1_1
16002 23 -1.5 126.026439056411 S1_1
16003 23 -1.5 6.43449224386807 S1_1
16004 23 -1.5 173.197935695651 S1_1
16005 23 -1.5 5.22913825826154 S1_1
16007 23 -1.5 0 S1_1
16008 23 -1.5 161.785242408309 S1_1
16011 23 -1.5 0 S1_1
16013 23 -1.5 208.54531456749 S1_1
16014 23 -1.5 0 S1_1
16015 23 -1.5 180.731554999693 S1_1
16017 23 -1.5 47.5594144316298 S1_1
16018 23 -1.5 0 S1_1
16020 23 -1.5 0 S1_1
16021 23 -1.5 103.100285345947 S1_1
16001 24 -1.5 8.10002278083461 S1_1
16002 24 -1.5 179.712291524293 S1_1
16003 24 -1.5 27.5346844239895 S1_1
16004 24 -1.5 160.803381755241 S1_1
16005 24 -1.5 26.3025721721766 S1_1
16007 24 -1.5 0 S1_1
16008 24 -1.5 164.195757439374 S1_1
16011 24 -1.5 0 S1_1
16013 24 -1.5 243.321853323575 S1_1
16014 24 -1.5 0 S1_1
16015 24 -1.5 171.519871496021 S1_1
16017 24 -1.5 48.178613632293 S1_1
16018 24 -1.5 0 S1_1
16020 24 -1.5 0 S1_1
16021 24 -1.5 96.5461853882709 S1_1
16001 25 -1.5 0 S1_1
16002 25 -1.5 14.3239115642462 S1_1
16003 25 -1.5 0 S1_1
16004 25 -1.5 166.782090843885 S1_1
16005 25 -1.5 0 S1_1
16007 25 -1.5 0 S1_1
16008 25 -1.5 104.549362213783 S1_1
16011 25 -1.5 0 S1_1
16013 25 -1.5 98.2539980493996 S1_1
16014 25 -1.5 0 S1_1
16015 25 -1.5 171.293913011837 S1_1
16017 25 -1.5 28.9460221242111 S1_1
16018 25 -1.5 0 S1_1
16020 25 -1.5 0 S1_1
16021 25 -1.5 97.4001847780195 S1_1
16001 26 -1.5 79.8728066484656 S1_1
16002 26 -1.5 355.499012631965 S1_1
16003 26 -1.5 121.80122787567 S1_1
16004 26 -1.5 258.703520041595 S1_1
16005 26 -1.5 124.863134934104 S1_1
16007 26 -1.5 3.56005393629203 S1_1
16008 26 -1.5 252.678907155307 S1_1
16011 26 -1.5 2.67455415724001 S1_1
16013 26 -1.5 384.756066072658 S1_1
16014 26 -1.5 3.38877932431182 S1_1
16015 26 -1.5 264.741856707844 S1_1
16017 26 -1.5 106.201196989657 S1_1
16018 26 -1.5 0 S1_1
16020 26 -1.5 0 S1_1
16021 26 -1.5 175.403964076814 S1_1
16001 27 -1.5 0 S1_1
16002 27 -1.5 0 S1_1
16003 27 -1.5 0 S1_1
16004 27 -1.5 98.0824414499088 S1_1
16005 27 -1.5 0 S1_1
16007 27 -1.5 0 S1_1
16008 27 -1.5 16.5630221020735 S1_1
16011 27 -1.5 0 S1_1
16013 27 -1.5 3.19090905186972 S1_1
16014 27 -1.5 0 S1_1
16015 27 -1.5 107.315044254723 S1_1
16017 27 -1.5 1.51461631881769 S1_1
16018 27 -1.5 0 S1_1
16020 27 -1.5 0 S1_1
16021 27 -1.5 44.6807070116772 S1_1
16001 28 -1.5 117.734815085189 S1_1
16002 28 -1.5 447.591594441788 S1_1
16003 28 -1.5 178.570812832814 S1_1
16004 28 -1.5 316.214176391473 S1_1
16005 28 -1.5 184.769080816148 S1_1
16007 28 -1.5 10.5838566263105 S1_1
16008 28 -1.5 296.405282044233 S1_1
16011 28 -1.5 14.1347700180914 S1_1
16013 28 -1.5 455.730290586128 S1_1
16014 28 -1.5 13.4203362970592 S1_1
16015 28 -1.5 317.728664931664 S1_1
16017 28 -1.5 144.852859668841 S1_1
16018 28 -1.5 0 S1_1
16020 28 -1.5 1.88374398769653 S1_1
16021 28 -1.5 220.367738318549 S1_1
16001 29 -1.5 0 S1_1
16002 29 -1.5 21.6739693106132 S1_1
16003 29 -1.5 0 S1_1
16004 29 -1.5 67.2580824922897 S1_1
16005 29 -1.5 0 S1_1
16007 29 -1.5 0 S1_1
16008 29 -1.5 56.7091725306117 S1_1
16011 29 -1.5 0 S1_1
16013 29 -1.5 55.9271771330907 S1_1
16014 29 -1.5 0 S1_1
16015 29 -1.5 78.3146892992023 S1_1
16017 29 -1.5 1.6110200099796 S1_1
16018 29 -1.5 0 S1_1
16020 29 -1.5 0 S1_1
16021 29 -1.5 29.1898828435506 S1_1
16001 30 -1.5 0 S1_1
16002 30 -1.5 12.3420446225925 S1_1
16003 30 -1.5 0 S1_1
16004 30 -1.5 164.407852124327 S1_1
16005 30 -1.5 0 S1_1
16007 30 -1.5 0 S1_1
16008 30 -1.5 103.335271995945 S1_1
16011 30 -1.5 0 S1_1
16013 30 -1.5 93.8379993506227 S1_1
16014 30 -1.5 0 S1_1
16015 30 -1.5 169.980927426032 S1_1
16017 30 -1.5 28.8188248105711 S1_1
16018 30 -1.5 0 S1_1
16020 30 -1.5 0 S1_1
16021 30 -1.5 98.1623935676032 S1_1
16001 31 -1.5 0 S1_1
16002 31 -1.5 16.4617562115803 S1_1
16003 31 -1.5 0 S1_1
16004 31 -1.5 136.527360106333 S1_1
16005 31 -1.5 0 S1_1
16007 31 -1.5 0 S1_1
16008 31 -1.5 94.6622260299405 S1_1
16011 31 -1.5 0 S1_1
16013 31 -1.5 98.9127616234273 S1_1
16014 31 -1.5 0 S1_1
16015 31 -1.5 134.583810484322 S1_1
16017 31 -1.5 10.4356869874974 S1_1
16018 31 -1.5 0 S1_1
16020 31 -1.5 0 S1_1
16021 31 -1.5 62.5554330450541 S1_1
16001 1 -3 0 S1_1
16002 1 -3 0 S1_1
16003 1 -3 0 S1_1
16004 1 -3 0 S1_1
16005 1 -3 0 S1_1
16007 1 -3 0 S1_1
16008 1 -3 0 S1_1
16011 1 -3 0 S1_1
16013 1 -3 0 S1_1
16014 1 -3 0 S1_1
16015 1 -3 0 S1_1
16017 1 -3 0 S1_1
16018 1 -3 0 S1_1
16020 1 -3 0 S1_1
16021 1 -3 0 S1_1
16001 2 -3 0 S1_1
16002 2 -3 0 S1_1
16003 2 -3 0 S1_1
16004 2 -3 102.028293255442 S1_1
16005 2 -3 0 S1_1
16007 2 -3 0 S1_1
16008 2 -3 16.4463026989326 S1_1
16011 2 -3 0 S1_1
16013 2 -3 3.14066505228403 S1_1
16014 2 -3 0 S1_1
16015 2 -3 109.930297193265 S1_1
16017 2 -3 1.52191691147612 S1_1
16018 2 -3 0 S1_1
16020 2 -3 0 S1_1
16021 2 -3 44.8628064279871 S1_1
16001 3 -3 0 S1_1
16002 3 -3 0 S1_1
16003 3 -3 0 S1_1
16004 3 -3 0 S1_1
16005 3 -3 0 S1_1
16007 3 -3 0 S1_1
16008 3 -3 0 S1_1
16011 3 -3 0 S1_1
16013 3 -3 0 S1_1
16014 3 -3 0 S1_1
16015 3 -3 1.48151280939435 S1_1
16017 3 -3 0 S1_1
16018 3 -3 0 S1_1
16020 3 -3 0 S1_1
16021 3 -3 0 S1_1
16001 4 -3 0 S1_1
16002 4 -3 0 S1_1
16003 4 -3 0 S1_1
16004 4 -3 0 S1_1
16005 4 -3 0 S1_1
16007 4 -3 0 S1_1
16008 4 -3 0 S1_1
16011 4 -3 0 S1_1
16013 4 -3 0 S1_1
16014 4 -3 0 S1_1
16015 4 -3 0 S1_1
16017 4 -3 0 S1_1
16018 4 -3 0 S1_1
16020 4 -3 0 S1_1
16021 4 -3 0 S1_1
16001 5 -3 0 S1_1
16002 5 -3 0 S1_1
16003 5 -3 0 S1_1
16004 5 -3 0 S1_1
16005 5 -3 0 S1_1
16007 5 -3 0 S1_1
16008 5 -3 0 S1_1
16011 5 -3 0 S1_1
16013 5 -3 0 S1_1
16014 5 -3 0 S1_1
16015 5 -3 1.25434201489576 S1_1
16017 5 -3 0 S1_1
16018 5 -3 0 S1_1
16020 5 -3 0 S1_1
16021 5 -3 0 S1_1
16001 6 -3 0 S1_1
16002 6 -3 48.5012273865439 S1_1
16003 6 -3 0 S1_1
16004 6 -3 101.636460567926 S1_1
16005 6 -3 0 S1_1
16007 6 -3 0 S1_1
16008 6 -3 86.0273838881182 S1_1
16011 6 -3 0 S1_1
16013 6 -3 96.3465830144621 S1_1
16014 6 -3 0 S1_1
16015 6 -3 107.949474517641 S1_1
16017 6 -3 6.83997526326036 S1_1
16018 6 -3 0 S1_1
16020 6 -3 0 S1_1
16021 6 -3 51.7537351121868 S1_1
16001 7 -3 0 S1_1
16002 7 -3 0 S1_1
16003 7 -3 0 S1_1
16004 7 -3 111.106232983668 S1_1
16005 7 -3 0 S1_1
16007 7 -3 0 S1_1
16008 7 -3 22.8137220400215 S1_1
16011 7 -3 0 S1_1
16013 7 -3 5.02954133788222 S1_1
16014 7 -3 0 S1_1
16015 7 -3 118.072502619335 S1_1
16017 7 -3 2.33907233901497 S1_1
16018 7 -3 0 S1_1
16020 7 -3 0 S1_1
16021 7 -3 52.1618455053707 S1_1
16001 8 -3 0 S1_1
16002 8 -3 11.9899287769272 S1_1
16003 8 -3 0 S1_1
16004 8 -3 6.31269125450686 S1_1
16005 8 -3 0 S1_1
16007 8 -3 0 S1_1
16008 8 -3 5.33135549672137 S1_1
16011 8 -3 0 S1_1
16013 8 -3 7.83509515192672 S1_1
16014 8 -3 0 S1_1
16015 8 -3 15.6255301056398 S1_1
16017 8 -3 0 S1_1
16018 8 -3 0 S1_1
16020 8 -3 0 S1_1
16021 8 -3 0 S1_1
16001 9 -3 0 S1_1
16002 9 -3 0 S1_1
16003 9 -3 0 S1_1
16004 9 -3 4.31530251015888 S1_1
16005 9 -3 0 S1_1
16007 9 -3 0 S1_1
16008 9 -3 1.7270272067133 S1_1
16011 9 -3 0 S1_1
16013 9 -3 1.19227691245846 S1_1
16014 9 -3 0 S1_1
16015 9 -3 12.0852593578795 S1_1
16017 9 -3 0 S1_1
16018 9 -3 0 S1_1
16020 9 -3 0 S1_1
16021 9 -3 0 S1_1
16001 10 -3 0 S1_1
16002 10 -3 3.41414635382731 S1_1
16003 10 -3 0 S1_1
16004 10 -3 2.24707753828252 S1_1
16005 10 -3 0 S1_1
16007 10 -3 0 S1_1
16008 10 -3 1.90820169758025 S1_1
16011 10 -3 0 S1_1
16013 10 -3 2.85465564304038 S1_1
16014 10 -3 0 S1_1
16015 10 -3 6.80087646484734 S1_1
16017 10 -3 0 S1_1
16018 10 -3 0 S1_1
16020 10 -3 0 S1_1
16021 10 -3 0 S1_1
16001 11 -3 0 S1_1
16002 11 -3 0 S1_1
16003 11 -3 0 S1_1
16004 11 -3 0 S1_1
16005 11 -3 0 S1_1
16007 11 -3 0 S1_1
16008 11 -3 0 S1_1
16011 11 -3 0 S1_1
16013 11 -3 0 S1_1
16014 11 -3 0 S1_1
16015 11 -3 0 S1_1
16017 11 -3 0 S1_1
16018 11 -3 0 S1_1
16020 11 -3 0 S1_1
16021 11 -3 0 S1_1
16001 12 -3 0 S1_1
16002 12 -3 0 S1_1
16003 12 -3 0 S1_1
16004 12 -3 0 S1_1
16005 12 -3 0 S1_1
16007 12 -3 0 S1_1
16008 12 -3 0 S1_1
16011 12 -3 0 S1_1
16013 12 -3 0 S1_1
16014 12 -3 0 S1_1
16015 12 -3 0 S1_1
16017 12 -3 0 S1_1
16018 12 -3 0 S1_1
16020 12 -3 0 S1_1
16021 12 -3 0 S1_1
16001 13 -3 0 S1_1
16002 13 -3 0 S1_1
16003 13 -3 0 S1_1
16004 13 -3 0 S1_1
16005 13 -3 0 S1_1
16007 13 -3 0 S1_1
16008 13 -3 0 S1_1
16011 13 -3 0 S1_1
16013 13 -3 0 S1_1
16014 13 -3 0 S1_1
16015 13 -3 2.23246165927301 S1_1
16017 13 -3 0 S1_1
16018 13 -3 0 S1_1
16020 13 -3 0 S1_1
16021 13 -3 0 S1_1
16001 14 -3 0 S1_1
16002 14 -3 1.80154220716924 S1_1
16003 14 -3 0 S1_1
16004 14 -3 119.863635569428 S1_1
16005 14 -3 0 S1_1
16007 14 -3 0 S1_1
16008 14 -3 61.7013770577003 S1_1
16011 14 -3 0 S1_1
16013 14 -3 42.2988201478227 S1_1
16014 14 -3 0 S1_1
16015 14 -3 125.634062191411 S1_1
16017 14 -3 5.77964692827771 S1_1
16018 14 -3 0 S1_1
16020 14 -3 0 S1_1
16021 14 -3 61.2949059725105 S1_1
16001 15 -3 17.066960160787 S1_1
16002 15 -3 175.577949315879 S1_1
16003 15 -3 44.0013496224053 S1_1
16004 15 -3 175.279717564281 S1_1
16005 15 -3 36.5477957025521 S1_1
16007 15 -3 0 S1_1
16008 15 -3 168.885991008708 S1_1
16011 15 -3 0 S1_1
16013 15 -3 229.076029317564 S1_1
16014 15 -3 0 S1_1
16015 15 -3 178.617276266122 S1_1
16017 15 -3 62.1403581906171 S1_1
16018 15 -3 0 S1_1
16020 15 -3 0 S1_1
16021 15 -3 110.393376724819 S1_1
16001 16 -3 0 S1_1
16002 16 -3 85.4353794351696 S1_1
16003 16 -3 1.73178209333637 S1_1
16004 16 -3 53.3147271237742 S1_1
16005 16 -3 1.35359059448232 S1_1
16007 16 -3 0 S1_1
16008 16 -3 50.0571430691854 S1_1
16011 16 -3 0 S1_1
16013 16 -3 76.9254862946964 S1_1
16014 16 -3 0 S1_1
16015 16 -3 62.1434538542952 S1_1
16017 16 -3 2.50559265142094 S1_1
16018 16 -3 0 S1_1
16020 16 -3 0 S1_1
16021 16 -3 21.6527760835328 S1_1
16001 17 -3 0 S1_1
16002 17 -3 27.8116976209602 S1_1
16003 17 -3 0 S1_1
16004 17 -3 107.306600666346 S1_1
16005 17 -3 0 S1_1
16007 17 -3 0 S1_1
16008 17 -3 83.3401297023939 S1_1
16011 17 -3 0 S1_1
16013 17 -3 81.344006597733 S1_1
16014 17 -3 0 S1_1
16015 17 -3 115.545078341739 S1_1
16017 17 -3 7.49191409699306 S1_1
16018 17 -3 0 S1_1
16020 17 -3 0 S1_1
16021 17 -3 56.9673437178096 S1_1
16001 18 -3 0 S1_1
16002 18 -3 0 S1_1
16003 18 -3 0 S1_1
16004 18 -3 0 S1_1
16005 18 -3 0 S1_1
16007 18 -3 0 S1_1
16008 18 -3 0 S1_1
16011 18 -3 0 S1_1
16013 18 -3 0 S1_1
16014 18 -3 0 S1_1
16015 18 -3 0 S1_1
16017 18 -3 0 S1_1
16018 18 -3 0 S1_1
16020 18 -3 0 S1_1
16021 18 -3 0 S1_1
16001 19 -3 0 S1_1
16002 19 -3 2.87528461593711 S1_1
16003 19 -3 0 S1_1
16004 19 -3 3.48508495699548 S1_1
16005 19 -3 0 S1_1
16007 19 -3 0 S1_1
16008 19 -3 2.66790488295568 S1_1
16011 19 -3 0 S1_1
16013 19 -3 3.3947912918751 S1_1
16014 19 -3 0 S1_1
16015 19 -3 9.88588937126023 S1_1
16017 19 -3 0 S1_1
16018 19 -3 0 S1_1
16020 19 -3 0 S1_1
16021 19 -3 0 S1_1
16001 20 -3 9.70741527795232 S1_1
16002 20 -3 148.412222807745 S1_1
16003 20 -3 24.8149270978763 S1_1
16004 20 -3 120.749665251148 S1_1
16005 20 -3 19.0943712595099 S1_1
16007 20 -3 0 S1_1
16008 20 -3 118.772116997312 S1_1
16011 20 -3 0 S1_1
16013 20 -3 164.162815602062 S1_1
16014 20 -3 0 S1_1
16015 20 -3 125.364718641496 S1_1
16017 20 -3 32.4584301951571 S1_1
16018 20 -3 0 S1_1
16020 20 -3 0 S1_1
16021 20 -3 73.1957402940402 S1_1
16001 21 -3 0 S1_1
16002 21 -3 0 S1_1
16003 21 -3 0 S1_1
16004 21 -3 0 S1_1
16005 21 -3 0 S1_1
16007 21 -3 0 S1_1
16008 21 -3 0 S1_1
16011 21 -3 0 S1_1
16013 21 -3 0 S1_1
16014 21 -3 0 S1_1
16015 21 -3 0 S1_1
16017 21 -3 0 S1_1
16018 21 -3 0 S1_1
16020 21 -3 0 S1_1
16021 21 -3 0 S1_1
16001 22 -3 0 S1_1
16002 22 -3 30.3184684239936 S1_1
16003 22 -3 0 S1_1
16004 22 -3 4.03561274409358 S1_1
16005 22 -3 0 S1_1
16007 22 -3 0 S1_1
16008 22 -3 2.79182350884569 S1_1
16011 22 -3 0 S1_1
16013 22 -3 8.51725567247249 S1_1
16014 22 -3 0 S1_1
16015 22 -3 10.0352146403508 S1_1
16017 22 -3 0 S1_1
16018 22 -3 0 S1_1
16020 22 -3 0 S1_1
16021 22 -3 0 S1_1
16001 23 -3 0 S1_1
16002 23 -3 2.17747035835982 S1_1
16003 23 -3 0 S1_1
16004 23 -3 11.9737617203239 S1_1
16005 23 -3 0 S1_1
16007 23 -3 0 S1_1
16008 23 -3 6.81081404299154 S1_1
16011 23 -3 0 S1_1
16013 23 -3 6.73384659680922 S1_1
16014 23 -3 0 S1_1
16015 23 -3 23.1222804122693 S1_1
16017 23 -3 0 S1_1
16018 23 -3 0 S1_1
16020 23 -3 0 S1_1
16021 23 -3 0 S1_1
16001 24 -3 0 S1_1
16002 24 -3 1.08962582851932 S1_1
16003 24 -3 0 S1_1
16004 24 -3 0 S1_1
16005 24 -3 0 S1_1
16007 24 -3 0 S1_1
16008 24 -3 0 S1_1
16011 24 -3 0 S1_1
16013 24 -3 0 S1_1
16014 24 -3 0 S1_1
16015 24 -3 2.15538367828338 S1_1
16017 24 -3 0 S1_1
16018 24 -3 0 S1_1
16020 24 -3 0 S1_1
16021 24 -3 0 S1_1
16001 25 -3 0 S1_1
16002 25 -3 0 S1_1
16003 25 -3 0 S1_1
16004 25 -3 78.0447875488378 S1_1
16005 25 -3 0 S1_1
16007 25 -3 0 S1_1
16008 25 -3 23.771334563341 S1_1
16011 25 -3 0 S1_1
16013 25 -3 9.44213881904194 S1_1
16014 25 -3 0 S1_1
16015 25 -3 86.1139238652323 S1_1
16017 25 -3 0 S1_1
16018 25 -3 0 S1_1
16020 25 -3 0 S1_1
16021 25 -3 26.944062089165 S1_1
16001 26 -3 0 S1_1
16002 26 -3 64.3313510263319 S1_1
16003 26 -3 0 S1_1
16004 26 -3 32.9955035901836 S1_1
16005 26 -3 0 S1_1
16007 26 -3 0 S1_1
16008 26 -3 29.2123472171205 S1_1
16011 26 -3 0 S1_1
16013 26 -3 51.2727261508854 S1_1
16014 26 -3 0 S1_1
16015 26 -3 43.0879488801102 S1_1
16017 26 -3 0 S1_1
16018 26 -3 0 S1_1
16020 26 -3 0 S1_1
16021 26 -3 8.07690016529326 S1_1
16001 27 -3 0 S1_1
16002 27 -3 0 S1_1
16003 27 -3 0 S1_1
16004 27 -3 8.81009283166499 S1_1
16005 27 -3 0 S1_1
16007 27 -3 0 S1_1
16008 27 -3 0 S1_1
16011 27 -3 0 S1_1
16013 27 -3 0 S1_1
16014 27 -3 0 S1_1
16015 27 -3 21.5121049809783 S1_1
16017 27 -3 0 S1_1
16018 27 -3 0 S1_1
16020 27 -3 0 S1_1
16021 27 -3 0 S1_1
16001 28 -3 2.84420037371241 S1_1
16002 28 -3 109.213668331427 S1_1
16003 28 -3 6.39906035167823 S1_1
16004 28 -3 65.7322390136686 S1_1
16005 28 -3 5.76255805491833 S1_1
16007 28 -3 0 S1_1
16008 28 -3 60.6681633727453 S1_1
16011 28 -3 0 S1_1
16013 28 -3 95.972370139411 S1_1
16014 28 -3 0 S1_1
16015 28 -3 71.7635470317999 S1_1
16017 28 -3 6.63097620100447 S1_1
16018 28 -3 0 S1_1
16020 28 -3 0 S1_1
16021 28 -3 31.5881561255829 S1_1
16001 29 -3 0 S1_1
16002 29 -3 0 S1_1
16003 29 -3 0 S1_1
16004 29 -3 0 S1_1
16005 29 -3 0 S1_1
16007 29 -3 0 S1_1
16008 29 -3 0 S1_1
16011 29 -3 0 S1_1
16013 29 -3 0 S1_1
16014 29 -3 0 S1_1
16015 29 -3 0 S1_1
16017 29 -3 0 S1_1
16018 29 -3 0 S1_1
16020 29 -3 0 S1_1
16021 29 -3 0 S1_1
16001 30 -3 0 S1_1
16002 30 -3 0 S1_1
16003 30 -3 0 S1_1
16004 30 -3 88.9593575433827 S1_1
16005 30 -3 0 S1_1
16007 30 -3 0 S1_1
16008 30 -3 32.449621193991 S1_1
16011 30 -3 0 S1_1
16013 30 -3 13.8192070158741 S1_1
16014 30 -3 0 S1_1
16015 30 -3 97.1903029476391 S1_1
16017 30 -3 1.27393123933357 S1_1
16018 30 -3 0 S1_1
16020 30 -3 0 S1_1
16021 30 -3 36.4966856808277 S1_1
16001 31 -3 0 S1_1
16002 31 -3 0 S1_1
16003 31 -3 0 S1_1
16004 31 -3 4.88677908468145 S1_1
16005 31 -3 0 S1_1
16007 31 -3 0 S1_1
16008 31 -3 0 S1_1
16011 31 -3 0 S1_1
16013 31 -3 0 S1_1
16014 31 -3 0 S1_1
16015 31 -3 9.72721111593626 S1_1
16017 31 -3 0 S1_1
16018 31 -3 0 S1_1
16020 31 -3 0 S1_1
16021 31 -3 0 S1_1
16001 1 -5 0 S1_1
16002 1 -5 0 S1_1
16003 1 -5 0 S1_1
16004 1 -5 0 S1_1
16005 1 -5 0 S1_1
16007 1 -5 0 S1_1
16008 1 -5 0 S1_1
16011 1 -5 0 S1_1
16013 1 -5 0 S1_1
16014 1 -5 0 S1_1
16015 1 -5 0 S1_1
16017 1 -5 0 S1_1
16018 1 -5 0 S1_1
16020 1 -5 0 S1_1
16021 1 -5 0 S1_1
16001 2 -5 0 S1_1
16002 2 -5 0 S1_1
16003 2 -5 0 S1_1
16004 2 -5 36.7357318932462 S1_1
16005 2 -5 0 S1_1
16007 2 -5 0 S1_1
16008 2 -5 0 S1_1
16011 2 -5 0 S1_1
16013 2 -5 0 S1_1
16014 2 -5 0 S1_1
16015 2 -5 51.8169631801585 S1_1
16017 2 -5 0 S1_1
16018 2 -5 0 S1_1
16020 2 -5 0 S1_1
16021 2 -5 4.1404722625312 S1_1
16001 3 -5 0 S1_1
16002 3 -5 0 S1_1
16003 3 -5 0 S1_1
16004 3 -5 0 S1_1
16005 3 -5 0 S1_1
16007 3 -5 0 S1_1
16008 3 -5 0 S1_1
16011 3 -5 0 S1_1
16013 3 -5 0 S1_1
16014 3 -5 0 S1_1
16015 3 -5 0 S1_1
16017 3 -5 0 S1_1
16018 3 -5 0 S1_1
16020 3 -5 0 S1_1
16021 3 -5 0 S1_1
16001 4 -5 0 S1_1
16002 4 -5 0 S1_1
16003 4 -5 0 S1_1
16004 4 -5 0 S1_1
16005 4 -5 0 S1_1
16007 4 -5 0 S1_1
16008 4 -5 0 S1_1
16011 4 -5 0 S1_1
16013 4 -5 0 S1_1
16014 4 -5 0 S1_1
16015 4 -5 0 S1_1
16017 4 -5 0 S1_1
16018 4 -5 0 S1_1
16020 4 -5 0 S1_1
16021 4 -5 0 S1_1
16001 5 -5 0 S1_1
16002 5 -5 0 S1_1
16003 5 -5 0 S1_1
16004 5 -5 0 S1_1
16005 5 -5 0 S1_1
16007 5 -5 0 S1_1
16008 5 -5 0 S1_1
16011 5 -5 0 S1_1
16013 5 -5 0 S1_1
16014 5 -5 0 S1_1
16015 5 -5 0 S1_1
16017 5 -5 0 S1_1
16018 5 -5 0 S1_1
16020 5 -5 0 S1_1
16021 5 -5 0 S1_1
16001 6 -5 0 S1_1
16002 6 -5 0 S1_1
16003 6 -5 0 S1_1
16004 6 -5 2.80912853893647 S1_1
16005 6 -5 0 S1_1
16007 6 -5 0 S1_1
16008 6 -5 1.13865126143985 S1_1
16011 6 -5 0 S1_1
16013 6 -5 0 S1_1
16014 6 -5 0 S1_1
16015 6 -5 8.88964242529633 S1_1
16017 6 -5 0 S1_1
16018 6 -5 0 S1_1
16020 6 -5 0 S1_1
16021 6 -5 0 S1_1
16001 7 -5 0 S1_1
16002 7 -5 0 S1_1
16003 7 -5 0 S1_1
16004 7 -5 49.7037557640426 S1_1
16005 7 -5 0 S1_1
16007 7 -5 0 S1_1
16008 7 -5 1.3302904034864 S1_1
16011 7 -5 0 S1_1
16013 7 -5 0 S1_1
16014 7 -5 0 S1_1
16015 7 -5 63.2373644666316 S1_1
16017 7 -5 0 S1_1
16018 7 -5 0 S1_1
16020 7 -5 0 S1_1
16021 7 -5 8.33886660058471 S1_1
16001 8 -5 0 S1_1
16002 8 -5 0 S1_1
16003 8 -5 0 S1_1
16004 8 -5 0 S1_1
16005 8 -5 0 S1_1
16007 8 -5 0 S1_1
16008 8 -5 0 S1_1
16011 8 -5 0 S1_1
16013 8 -5 0 S1_1
16014 8 -5 0 S1_1
16015 8 -5 0 S1_1
16017 8 -5 0 S1_1
16018 8 -5 0 S1_1
16020 8 -5 0 S1_1
16021 8 -5 0 S1_1
16001 9 -5 0 S1_1
16002 9 -5 0 S1_1
16003 9 -5 0 S1_1
16004 9 -5 0 S1_1
16005 9 -5 0 S1_1
16007 9 -5 0 S1_1
16008 9 -5 0 S1_1
16011 9 -5 0 S1_1
16013 9 -5 0 S1_1
16014 9 -5 0 S1_1
16015 9 -5 0 S1_1
16017 9 -5 0 S1_1
16018 9 -5 0 S1_1
16020 9 -5 0 S1_1
16021 9 -5 0 S1_1
16001 10 -5 0 S1_1
16002 10 -5 0 S1_1
16003 10 -5 0 S1_1
16004 10 -5 0 S1_1
16005 10 -5 0 S1_1
16007 10 -5 0 S1_1
16008 10 -5 0 S1_1
16011 10 -5 0 S1_1
16013 10 -5 0 S1_1
16014 10 -5 0 S1_1
16015 10 -5 0 S1_1
16017 10 -5 0 S1_1
16018 10 -5 0 S1_1
16020 10 -5 0 S1_1
16021 10 -5 0 S1_1
16001 11 -5 0 S1_1
16002 11 -5 0 S1_1
16003 11 -5 0 S1_1
16004 11 -5 0 S1_1
16005 11 -5 0 S1_1
16007 11 -5 0 S1_1
16008 11 -5 0 S1_1
16011 11 -5 0 S1_1
16013 11 -5 0 S1_1
16014 11 -5 0 S1_1
16015 11 -5 0 S1_1
16017 11 -5 0 S1_1
16018 11 -5 0 S1_1
16020 11 -5 0 S1_1
16021 11 -5 0 S1_1
16001 12 -5 0 S1_1
16002 12 -5 0 S1_1
16003 12 -5 0 S1_1
16004 12 -5 0 S1_1
16005 12 -5 0 S1_1
16007 12 -5 0 S1_1
16008 12 -5 0 S1_1
16011 12 -5 0 S1_1
16013 12 -5 0 S1_1
16014 12 -5 0 S1_1
16015 12 -5 0 S1_1
16017 12 -5 0 S1_1
16018 12 -5 0 S1_1
16020 12 -5 0 S1_1
16021 12 -5 0 S1_1
16001 13 -5 0 S1_1
16002 13 -5 0 S1_1
16003 13 -5 0 S1_1
16004 13 -5 0 S1_1
16005 13 -5 0 S1_1
16007 13 -5 0 S1_1
16008 13 -5 0 S1_1
16011 13 -5 0 S1_1
16013 13 -5 0 S1_1
16014 13 -5 0 S1_1
16015 13 -5 0 S1_1
16017 13 -5 0 S1_1
16018 13 -5 0 S1_1
16020 13 -5 0 S1_1
16021 13 -5 0 S1_1
16001 14 -5 0 S1_1
16002 14 -5 0 S1_1
16003 14 -5 0 S1_1
16004 14 -5 42.9683837899941 S1_1
16005 14 -5 0 S1_1
16007 14 -5 0 S1_1
16008 14 -5 4.56057657640113 S1_1
16011 14 -5 0 S1_1
16013 14 -5 1.20279874420619 S1_1
16014 14 -5 0 S1_1
16015 14 -5 56.1260594999598 S1_1
16017 14 -5 0 S1_1
16018 14 -5 0 S1_1
16020 14 -5 0 S1_1
16021 14 -5 6.6236010613069 S1_1
16001 15 -5 0 S1_1
16002 15 -5 56.1392439526207 S1_1
16003 15 -5 0 S1_1
16004 15 -5 53.4764733224967 S1_1
16005 15 -5 0 S1_1
16007 15 -5 0 S1_1
16008 15 -5 50.3200236053723 S1_1
16011 15 -5 0 S1_1
16013 15 -5 68.7778056072429 S1_1
16014 15 -5 0 S1_1
16015 15 -5 62.5103394104291 S1_1
16017 15 -5 1.03089121521194 S1_1
16018 15 -5 0 S1_1
16020 15 -5 0 S1_1
16021 15 -5 17.519064687096 S1_1
16001 16 -5 0 S1_1
16002 16 -5 0 S1_1
16003 16 -5 0 S1_1
16004 16 -5 0 S1_1
16005 16 -5 0 S1_1
16007 16 -5 0 S1_1
16008 16 -5 0 S1_1
16011 16 -5 0 S1_1
16013 16 -5 0 S1_1
16014 16 -5 0 S1_1
16015 16 -5 0 S1_1
16017 16 -5 0 S1_1
16018 16 -5 0 S1_1
16020 16 -5 0 S1_1
16021 16 -5 0 S1_1
16001 17 -5 0 S1_1
16002 17 -5 0 S1_1
16003 17 -5 0 S1_1
16004 17 -5 15.7808803543705 S1_1
16005 17 -5 0 S1_1
16007 17 -5 0 S1_1
16008 17 -5 4.61872952813436 S1_1
16011 17 -5 0 S1_1
16013 17 -5 1.97057129839106 S1_1
16014 17 -5 0 S1_1
16015 17 -5 30.8887015079142 S1_1
16017 17 -5 0 S1_1
16018 17 -5 0 S1_1
16020 17 -5 0 S1_1
16021 17 -5 1.57370421094348 S1_1
16001 18 -5 0 S1_1
16002 18 -5 0 S1_1
16003 18 -5 0 S1_1
16004 18 -5 0 S1_1
16005 18 -5 0 S1_1
16007 18 -5 0 S1_1
16008 18 -5 0 S1_1
16011 18 -5 0 S1_1
16013 18 -5 0 S1_1
16014 18 -5 0 S1_1
16015 18 -5 0 S1_1
16017 18 -5 0 S1_1
16018 18 -5 0 S1_1
16020 18 -5 0 S1_1
16021 18 -5 0 S1_1
16001 19 -5 0 S1_1
16002 19 -5 0 S1_1
16003 19 -5 0 S1_1
16004 19 -5 0 S1_1
16005 19 -5 0 S1_1
16007 19 -5 0 S1_1
16008 19 -5 0 S1_1
16011 19 -5 0 S1_1
16013 19 -5 0 S1_1
16014 19 -5 0 S1_1
16015 19 -5 0 S1_1
16017 19 -5 0 S1_1
16018 19 -5 0 S1_1
16020 19 -5 0 S1_1
16021 19 -5 0 S1_1
16001 20 -5 0 S1_1
16002 20 -5 8.75910281995501 S1_1
16003 20 -5 0 S1_1
16004 20 -5 2.07137842945263 S1_1
16005 20 -5 0 S1_1
16007 20 -5 0 S1_1
16008 20 -5 1.80872462616507 S1_1
16011 20 -5 0 S1_1
16013 20 -5 3.45227472118102 S1_1
16014 20 -5 0 S1_1
16015 20 -5 6.44484118662619 S1_1
16017 20 -5 0 S1_1
16018 20 -5 0 S1_1
16020 20 -5 0 S1_1
16021 20 -5 0 S1_1
16001 21 -5 0 S1_1
16002 21 -5 0 S1_1
16003 21 -5 0 S1_1
16004 21 -5 0 S1_1
16005 21 -5 0 S1_1
16007 21 -5 0 S1_1
16008 21 -5 0 S1_1
16011 21 -5 0 S1_1
16013 21 -5 0 S1_1
16014 21 -5 0 S1_1
16015 21 -5 0 S1_1
16017 21 -5 0 S1_1
16018 21 -5 0 S1_1
16020 21 -5 0 S1_1
16021 21 -5 0 S1_1
16001 22 -5 0 S1_1
16002 22 -5 0 S1_1
16003 22 -5 0 S1_1
16004 22 -5 0 S1_1
16005 22 -5 0 S1_1
16007 22 -5 0 S1_1
16008 22 -5 0 S1_1
16011 22 -5 0 S1_1
16013 22 -5 0 S1_1
16014 22 -5 0 S1_1
16015 22 -5 0 S1_1
16017 22 -5 0 S1_1
16018 22 -5 0 S1_1
16020 22 -5 0 S1_1
16021 22 -5 0 S1_1
16001 23 -5 0 S1_1
16002 23 -5 0 S1_1
16003 23 -5 0 S1_1
16004 23 -5 0 S1_1
16005 23 -5 0 S1_1
16007 23 -5 0 S1_1
16008 23 -5 0 S1_1
16011 23 -5 0 S1_1
16013 23 -5 0 S1_1
16014 23 -5 0 S1_1
16015 23 -5 0 S1_1
16017 23 -5 0 S1_1
16018 23 -5 0 S1_1
16020 23 -5 0 S1_1
16021 23 -5 0 S1_1
16001 24 -5 0 S1_1
16002 24 -5 0 S1_1
16003 24 -5 0 S1_1
16004 24 -5 0 S1_1
16005 24 -5 0 S1_1
16007 24 -5 0 S1_1
16008 24 -5 0 S1_1
16011 24 -5 0 S1_1
16013 24 -5 0 S1_1
16014 24 -5 0 S1_1
16015 24 -5 0 S1_1
16017 24 -5 0 S1_1
16018 24 -5 0 S1_1
16020 24 -5 0 S1_1
16021 24 -5 0 S1_1
16001 25 -5 0 S1_1
16002 25 -5 0 S1_1
16003 25 -5 0 S1_1
16004 25 -5 1.27953742488118 S1_1
16005 25 -5 0 S1_1
16007 25 -5 0 S1_1
16008 25 -5 0 S1_1
16011 25 -5 0 S1_1
16013 25 -5 0 S1_1
16014 25 -5 0 S1_1
16015 25 -5 4.65099964027405 S1_1
16017 25 -5 0 S1_1
16018 25 -5 0 S1_1
16020 25 -5 0 S1_1
16021 25 -5 0 S1_1
16001 26 -5 0 S1_1
16002 26 -5 0 S1_1
16003 26 -5 0 S1_1
16004 26 -5 0 S1_1
16005 26 -5 0 S1_1
16007 26 -5 0 S1_1
16008 26 -5 0 S1_1
16011 26 -5 0 S1_1
16013 26 -5 0 S1_1
16014 26 -5 0 S1_1
16015 26 -5 0 S1_1
16017 26 -5 0 S1_1
16018 26 -5 0 S1_1
16020 26 -5 0 S1_1
16021 26 -5 0 S1_1
16001 27 -5 0 S1_1
16002 27 -5 0 S1_1
16003 27 -5 0 S1_1
16004 27 -5 0 S1_1
16005 27 -5 0 S1_1
16007 27 -5 0 S1_1
16008 27 -5 0 S1_1
16011 27 -5 0 S1_1
16013 27 -5 0 S1_1
16014 27 -5 0 S1_1
16015 27 -5 0 S1_1
16017 27 -5 0 S1_1
16018 27 -5 0 S1_1
16020 27 -5 0 S1_1
16021 27 -5 0 S1_1
16001 28 -5 0 S1_1
16002 28 -5 0 S1_1
16003 28 -5 0 S1_1
16004 28 -5 0 S1_1
16005 28 -5 0 S1_1
16007 28 -5 0 S1_1
16008 28 -5 0 S1_1
16011 28 -5 0 S1_1
16013 28 -5 0 S1_1
16014 28 -5 0 S1_1
16015 28 -5 0 S1_1
16017 28 -5 0 S1_1
16018 28 -5 0 S1_1
16020 28 -5 0 S1_1
16021 28 -5 0 S1_1
16001 29 -5 0 S1_1
16002 29 -5 0 S1_1
16003 29 -5 0 S1_1
16004 29 -5 0 S1_1
16005 29 -5 0 S1_1
16007 29 -5 0 S1_1
16008 29 -5 0 S1_1
16011 29 -5 0 S1_1
16013 29 -5 0 S1_1
16014 29 -5 0 S1_1
16015 29 -5 0 S1_1
16017 29 -5 0 S1_1
16018 29 -5 0 S1_1
16020 29 -5 0 S1_1
16021 29 -5 0 S1_1
16001 30 -5 0 S1_1
16002 30 -5 0 S1_1
16003 30 -5 0 S1_1
16004 30 -5 6.56769757657941 S1_1
16005 30 -5 0 S1_1
16007 30 -5 0 S1_1
16008 30 -5 0 S1_1
16011 30 -5 0 S1_1
16013 30 -5 0 S1_1
16014 30 -5 0 S1_1
16015 30 -5 17.5052052583844 S1_1
16017 30 -5 0 S1_1
16018 30 -5 0 S1_1
16020 30 -5 0 S1_1
16021 30 -5 0 S1_1
16001 31 -5 0 S1_1
16002 31 -5 0 S1_1
16003 31 -5 0 S1_1
16004 31 -5 0 S1_1
16005 31 -5 0 S1_1
16007 31 -5 0 S1_1
16008 31 -5 0 S1_1
16011 31 -5 0 S1_1
16013 31 -5 0 S1_1
16014 31 -5 0 S1_1
16015 31 -5 0 S1_1
16017 31 -5 0 S1_1
16018 31 -5 0 S1_1
16020 31 -5 0 S1_1
16021 31 -5 0 S1_1
