speciesID lakeID variable value scenario
14037 1 -0.5 19.3345445415675 S1_m1
14038 1 -0.5 162.62334031843 S1_m1
14039 1 -0.5 0 S1_m1
14042 1 -0.5 0 S1_m1
14043 1 -0.5 0 S1_m1
14046 1 -0.5 291.454610376384 S1_m1
14047 1 -0.5 0 S1_m1
14049 1 -0.5 0 S1_m1
14053 1 -0.5 160.556216462544 S1_m1
14054 1 -0.5 0 S1_m1
14055 1 -0.5 145.076640849708 S1_m1
14057 1 -0.5 38.1049545061977 S1_m1
14060 1 -0.5 158.101306044915 S1_m1
14061 1 -0.5 0 S1_m1
14062 1 -0.5 182.468953457706 S1_m1
14037 2 -0.5 0 S1_m1
14038 2 -0.5 0 S1_m1
14039 2 -0.5 0 S1_m1
14042 2 -0.5 0 S1_m1
14043 2 -0.5 0 S1_m1
14046 2 -0.5 0 S1_m1
14047 2 -0.5 0 S1_m1
14049 2 -0.5 0 S1_m1
14053 2 -0.5 0 S1_m1
14054 2 -0.5 0 S1_m1
14055 2 -0.5 0 S1_m1
14057 2 -0.5 0 S1_m1
14060 2 -0.5 0 S1_m1
14061 2 -0.5 0 S1_m1
14062 2 -0.5 0 S1_m1
14037 3 -0.5 0 S1_m1
14038 3 -0.5 0 S1_m1
14039 3 -0.5 0 S1_m1
14042 3 -0.5 0 S1_m1
14043 3 -0.5 0 S1_m1
14046 3 -0.5 0 S1_m1
14047 3 -0.5 0 S1_m1
14049 3 -0.5 0 S1_m1
14053 3 -0.5 0 S1_m1
14054 3 -0.5 0 S1_m1
14055 3 -0.5 0 S1_m1
14057 3 -0.5 0 S1_m1
14060 3 -0.5 0 S1_m1
14061 3 -0.5 0 S1_m1
14062 3 -0.5 0 S1_m1
14037 4 -0.5 0 S1_m1
14038 4 -0.5 82.0076093336103 S1_m1
14039 4 -0.5 0 S1_m1
14042 4 -0.5 0 S1_m1
14043 4 -0.5 0 S1_m1
14046 4 -0.5 114.004689474131 S1_m1
14047 4 -0.5 0 S1_m1
14049 4 -0.5 0 S1_m1
14053 4 -0.5 65.8442963802444 S1_m1
14054 4 -0.5 0 S1_m1
14055 4 -0.5 23.4920369147443 S1_m1
14057 4 -0.5 0 S1_m1
14060 4 -0.5 14.7823701896783 S1_m1
14061 4 -0.5 0 S1_m1
14062 4 -0.5 64.0663546114488 S1_m1
14037 5 -0.5 0 S1_m1
14038 5 -0.5 0 S1_m1
14039 5 -0.5 0 S1_m1
14042 5 -0.5 0 S1_m1
14043 5 -0.5 0 S1_m1
14046 5 -0.5 0 S1_m1
14047 5 -0.5 0 S1_m1
14049 5 -0.5 0 S1_m1
14053 5 -0.5 0 S1_m1
14054 5 -0.5 0 S1_m1
14055 5 -0.5 0 S1_m1
14057 5 -0.5 0 S1_m1
14060 5 -0.5 0 S1_m1
14061 5 -0.5 0 S1_m1
14062 5 -0.5 0 S1_m1
14037 6 -0.5 0 S1_m1
14038 6 -0.5 56.984467903921 S1_m1
14039 6 -0.5 0 S1_m1
14042 6 -0.5 0 S1_m1
14043 6 -0.5 0 S1_m1
14046 6 -0.5 14.5817410760099 S1_m1
14047 6 -0.5 0 S1_m1
14049 6 -0.5 0 S1_m1
14053 6 -0.5 29.3574972052165 S1_m1
14054 6 -0.5 0 S1_m1
14055 6 -0.5 0 S1_m1
14057 6 -0.5 0 S1_m1
14060 6 -0.5 0 S1_m1
14061 6 -0.5 0 S1_m1
14062 6 -0.5 4.8226178378123 S1_m1
14037 7 -0.5 0 S1_m1
14038 7 -0.5 0 S1_m1
14039 7 -0.5 0 S1_m1
14042 7 -0.5 0 S1_m1
14043 7 -0.5 0 S1_m1
14046 7 -0.5 0 S1_m1
14047 7 -0.5 0 S1_m1
14049 7 -0.5 0 S1_m1
14053 7 -0.5 0 S1_m1
14054 7 -0.5 0 S1_m1
14055 7 -0.5 0 S1_m1
14057 7 -0.5 0 S1_m1
14060 7 -0.5 0 S1_m1
14061 7 -0.5 0 S1_m1
14062 7 -0.5 0 S1_m1
14037 8 -0.5 3.91435365393406 S1_m1
14038 8 -0.5 134.202067305333 S1_m1
14039 8 -0.5 0 S1_m1
14042 8 -0.5 0 S1_m1
14043 8 -0.5 0 S1_m1
14046 8 -0.5 245.281195821822 S1_m1
14047 8 -0.5 0 S1_m1
14049 8 -0.5 0 S1_m1
14053 8 -0.5 127.808477809795 S1_m1
14054 8 -0.5 0 S1_m1
14055 8 -0.5 113.119183114106 S1_m1
14057 8 -0.5 11.6419588594209 S1_m1
14060 8 -0.5 115.618230897963 S1_m1
14061 8 -0.5 0 S1_m1
14062 8 -0.5 150.330812802672 S1_m1
14037 9 -0.5 0 S1_m1
14038 9 -0.5 51.8139358502961 S1_m1
14039 9 -0.5 0 S1_m1
14042 9 -0.5 0 S1_m1
14043 9 -0.5 0 S1_m1
14046 9 -0.5 9.62000408986047 S1_m1
14047 9 -0.5 0 S1_m1
14049 9 -0.5 0 S1_m1
14053 9 -0.5 20.4591308753942 S1_m1
14054 9 -0.5 0 S1_m1
14055 9 -0.5 0 S1_m1
14057 9 -0.5 0 S1_m1
14060 9 -0.5 0 S1_m1
14061 9 -0.5 0 S1_m1
14062 9 -0.5 3.24649601503247 S1_m1
14037 10 -0.5 8.83728180727857 S1_m1
14038 10 -0.5 137.804106328893 S1_m1
14039 10 -0.5 0 S1_m1
14042 10 -0.5 0 S1_m1
14043 10 -0.5 0 S1_m1
14046 10 -0.5 256.84084131851 S1_m1
14047 10 -0.5 0 S1_m1
14049 10 -0.5 0 S1_m1
14053 10 -0.5 135.982623669131 S1_m1
14054 10 -0.5 0 S1_m1
14055 10 -0.5 112.697450186355 S1_m1
14057 10 -0.5 11.5147187165746 S1_m1
14060 10 -0.5 112.327364121158 S1_m1
14061 10 -0.5 0 S1_m1
14062 10 -0.5 160.401501331037 S1_m1
14037 11 -0.5 3.15152147375709 S1_m1
14038 11 -0.5 145.266513583538 S1_m1
14039 11 -0.5 0 S1_m1
14042 11 -0.5 0 S1_m1
14043 11 -0.5 0 S1_m1
14046 11 -0.5 266.695026849397 S1_m1
14047 11 -0.5 0 S1_m1
14049 11 -0.5 0 S1_m1
14053 11 -0.5 137.285573610609 S1_m1
14054 11 -0.5 0 S1_m1
14055 11 -0.5 126.95776310602 S1_m1
14057 11 -0.5 18.2131531703564 S1_m1
14060 11 -0.5 136.661828339212 S1_m1
14061 11 -0.5 0 S1_m1
14062 11 -0.5 156.04957546146 S1_m1
14037 12 -0.5 0 S1_m1
14038 12 -0.5 133.151079998244 S1_m1
14039 12 -0.5 0 S1_m1
14042 12 -0.5 0 S1_m1
14043 12 -0.5 0 S1_m1
14046 12 -0.5 237.635626779087 S1_m1
14047 12 -0.5 0 S1_m1
14049 12 -0.5 0 S1_m1
14053 12 -0.5 117.911344451415 S1_m1
14054 12 -0.5 0 S1_m1
14055 12 -0.5 114.603983721503 S1_m1
14057 12 -0.5 13.4217805474517 S1_m1
14060 12 -0.5 126.988356821463 S1_m1
14061 12 -0.5 0 S1_m1
14062 12 -0.5 133.85390016574 S1_m1
14037 13 -0.5 0 S1_m1
14038 13 -0.5 0 S1_m1
14039 13 -0.5 0 S1_m1
14042 13 -0.5 0 S1_m1
14043 13 -0.5 0 S1_m1
14046 13 -0.5 0 S1_m1
14047 13 -0.5 0 S1_m1
14049 13 -0.5 0 S1_m1
14053 13 -0.5 0 S1_m1
14054 13 -0.5 0 S1_m1
14055 13 -0.5 0 S1_m1
14057 13 -0.5 0 S1_m1
14060 13 -0.5 0 S1_m1
14061 13 -0.5 0 S1_m1
14062 13 -0.5 0 S1_m1
14037 14 -0.5 0 S1_m1
14038 14 -0.5 0 S1_m1
14039 14 -0.5 0 S1_m1
14042 14 -0.5 0 S1_m1
14043 14 -0.5 0 S1_m1
14046 14 -0.5 0 S1_m1
14047 14 -0.5 0 S1_m1
14049 14 -0.5 0 S1_m1
14053 14 -0.5 0 S1_m1
14054 14 -0.5 0 S1_m1
14055 14 -0.5 0 S1_m1
14057 14 -0.5 0 S1_m1
14060 14 -0.5 0 S1_m1
14061 14 -0.5 0 S1_m1
14062 14 -0.5 0 S1_m1
14037 15 -0.5 29.8070981088136 S1_m1
14038 15 -0.5 149.586145574723 S1_m1
14039 15 -0.5 0 S1_m1
14042 15 -0.5 0 S1_m1
14043 15 -0.5 0 S1_m1
14046 15 -0.5 274.178153039669 S1_m1
14047 15 -0.5 1.55185273294479 S1_m1
14049 15 -0.5 0 S1_m1
14053 15 -0.5 151.518456379349 S1_m1
14054 15 -0.5 0 S1_m1
14055 15 -0.5 124.995259787822 S1_m1
14057 15 -0.5 23.9111478057678 S1_m1
14060 15 -0.5 126.356809983941 S1_m1
14061 15 -0.5 0 S1_m1
14062 15 -0.5 178.280814011268 S1_m1
14037 16 -0.5 12.3670033921291 S1_m1
14038 16 -0.5 155.848654106101 S1_m1
14039 16 -0.5 0 S1_m1
14042 16 -0.5 0 S1_m1
14043 16 -0.5 0 S1_m1
14046 16 -0.5 274.319454093905 S1_m1
14047 16 -0.5 0 S1_m1
14049 16 -0.5 0 S1_m1
14053 16 -0.5 150.292370676446 S1_m1
14054 16 -0.5 0 S1_m1
14055 16 -0.5 138.90018874238 S1_m1
14057 16 -0.5 34.7464310868497 S1_m1
14060 16 -0.5 150.917364927096 S1_m1
14061 16 -0.5 0 S1_m1
14062 16 -0.5 173.293013914254 S1_m1
14037 17 -0.5 0 S1_m1
14038 17 -0.5 2.81902565010417 S1_m1
14039 17 -0.5 0 S1_m1
14042 17 -0.5 0 S1_m1
14043 17 -0.5 0 S1_m1
14046 17 -0.5 0 S1_m1
14047 17 -0.5 0 S1_m1
14049 17 -0.5 0 S1_m1
14053 17 -0.5 0 S1_m1
14054 17 -0.5 0 S1_m1
14055 17 -0.5 0 S1_m1
14057 17 -0.5 0 S1_m1
14060 17 -0.5 0 S1_m1
14061 17 -0.5 0 S1_m1
14062 17 -0.5 0 S1_m1
14037 18 -0.5 3.06988539926279 S1_m1
14038 18 -0.5 145.72135661759 S1_m1
14039 18 -0.5 0 S1_m1
14042 18 -0.5 0 S1_m1
14043 18 -0.5 0 S1_m1
14046 18 -0.5 257.266777720322 S1_m1
14047 18 -0.5 0 S1_m1
14049 18 -0.5 0 S1_m1
14053 18 -0.5 135.025495937953 S1_m1
14054 18 -0.5 0 S1_m1
14055 18 -0.5 127.991195306586 S1_m1
14057 18 -0.5 24.9600539771442 S1_m1
14060 18 -0.5 140.975073730084 S1_m1
14061 18 -0.5 0 S1_m1
14062 18 -0.5 154.366773620916 S1_m1
14037 19 -0.5 3.91188966092843 S1_m1
14038 19 -0.5 125.262289765355 S1_m1
14039 19 -0.5 0 S1_m1
14042 19 -0.5 0 S1_m1
14043 19 -0.5 0 S1_m1
14046 19 -0.5 230.184916756184 S1_m1
14047 19 -0.5 0 S1_m1
14049 19 -0.5 0 S1_m1
14053 19 -0.5 121.131547671316 S1_m1
14054 19 -0.5 0 S1_m1
14055 19 -0.5 94.1817586134259 S1_m1
14057 19 -0.5 4.85397579382654 S1_m1
14060 19 -0.5 90.9896306307998 S1_m1
14061 19 -0.5 0 S1_m1
14062 19 -0.5 143.458868504379 S1_m1
14037 20 -0.5 19.3437911159474 S1_m1
14038 20 -0.5 156.001303549139 S1_m1
14039 20 -0.5 0 S1_m1
14042 20 -0.5 0 S1_m1
14043 20 -0.5 0 S1_m1
14046 20 -0.5 278.614950222604 S1_m1
14047 20 -0.5 1.35028692578755 S1_m1
14049 20 -0.5 0 S1_m1
14053 20 -0.5 153.229091597095 S1_m1
14054 20 -0.5 0 S1_m1
14055 20 -0.5 138.127472091857 S1_m1
14057 20 -0.5 33.2578997999966 S1_m1
14060 20 -0.5 146.802038438507 S1_m1
14061 20 -0.5 0 S1_m1
14062 20 -0.5 178.13342955034 S1_m1
14037 21 -0.5 5.23682759494294 S1_m1
14038 21 -0.5 127.169727274889 S1_m1
14039 21 -0.5 0 S1_m1
14042 21 -0.5 0 S1_m1
14043 21 -0.5 0 S1_m1
14046 21 -0.5 236.368883188025 S1_m1
14047 21 -0.5 0 S1_m1
14049 21 -0.5 0 S1_m1
14053 21 -0.5 124.856543635964 S1_m1
14054 21 -0.5 0 S1_m1
14055 21 -0.5 95.7273786594945 S1_m1
14057 21 -0.5 4.99969238305006 S1_m1
14060 21 -0.5 92.3395225043145 S1_m1
14061 21 -0.5 0 S1_m1
14062 21 -0.5 147.450613118971 S1_m1
14037 22 -0.5 33.2783781833253 S1_m1
14038 22 -0.5 167.588952560589 S1_m1
14039 22 -0.5 0 S1_m1
14042 22 -0.5 0 S1_m1
14043 22 -0.5 0 S1_m1
14046 22 -0.5 299.036157382717 S1_m1
14047 22 -0.5 1.79860560481713 S1_m1
14049 22 -0.5 0 S1_m1
14053 22 -0.5 167.610778679119 S1_m1
14054 22 -0.5 0 S1_m1
14055 22 -0.5 150.472168355859 S1_m1
14057 22 -0.5 42.9794072262114 S1_m1
14060 22 -0.5 163.905962257042 S1_m1
14061 22 -0.5 0 S1_m1
14062 22 -0.5 190.908416247433 S1_m1
14037 23 -0.5 0 S1_m1
14038 23 -0.5 92.4102609274042 S1_m1
14039 23 -0.5 0 S1_m1
14042 23 -0.5 0 S1_m1
14043 23 -0.5 0 S1_m1
14046 23 -0.5 131.789986754942 S1_m1
14047 23 -0.5 0 S1_m1
14049 23 -0.5 0 S1_m1
14053 23 -0.5 81.3473137895042 S1_m1
14054 23 -0.5 0 S1_m1
14055 23 -0.5 36.267990649443 S1_m1
14057 23 -0.5 0 S1_m1
14060 23 -0.5 25.8165826508891 S1_m1
14061 23 -0.5 0 S1_m1
14062 23 -0.5 86.5278824543456 S1_m1
14037 24 -0.5 13.997719626675 S1_m1
14038 24 -0.5 141.092822899127 S1_m1
14039 24 -0.5 0 S1_m1
14042 24 -0.5 0 S1_m1
14043 24 -0.5 0 S1_m1
14046 24 -0.5 265.348310981697 S1_m1
14047 24 -0.5 0 S1_m1
14049 24 -0.5 0 S1_m1
14053 24 -0.5 141.913075438327 S1_m1
14054 24 -0.5 0 S1_m1
14055 24 -0.5 115.864827741412 S1_m1
14057 24 -0.5 12.9643584135929 S1_m1
14060 24 -0.5 115.242487327057 S1_m1
14061 24 -0.5 0 S1_m1
14062 24 -0.5 166.75513200537 S1_m1
14037 25 -0.5 0 S1_m1
14038 25 -0.5 0 S1_m1
14039 25 -0.5 0 S1_m1
14042 25 -0.5 0 S1_m1
14043 25 -0.5 0 S1_m1
14046 25 -0.5 0 S1_m1
14047 25 -0.5 0 S1_m1
14049 25 -0.5 0 S1_m1
14053 25 -0.5 0 S1_m1
14054 25 -0.5 0 S1_m1
14055 25 -0.5 0 S1_m1
14057 25 -0.5 0 S1_m1
14060 25 -0.5 0 S1_m1
14061 25 -0.5 0 S1_m1
14062 25 -0.5 0 S1_m1
14037 26 -0.5 24.4294669202476 S1_m1
14038 26 -0.5 162.948718274552 S1_m1
14039 26 -0.5 0 S1_m1
14042 26 -0.5 0 S1_m1
14043 26 -0.5 0 S1_m1
14046 26 -0.5 290.354258867812 S1_m1
14047 26 -0.5 1.50035669806339 S1_m1
14049 26 -0.5 0 S1_m1
14053 26 -0.5 161.051429948317 S1_m1
14054 26 -0.5 0 S1_m1
14055 26 -0.5 145.841849860211 S1_m1
14057 26 -0.5 38.9792568561367 S1_m1
14060 26 -0.5 157.569839177927 S1_m1
14061 26 -0.5 0 S1_m1
14062 26 -0.5 184.972885598293 S1_m1
14037 27 -0.5 0 S1_m1
14038 27 -0.5 0 S1_m1
14039 27 -0.5 0 S1_m1
14042 27 -0.5 0 S1_m1
14043 27 -0.5 0 S1_m1
14046 27 -0.5 0 S1_m1
14047 27 -0.5 0 S1_m1
14049 27 -0.5 0 S1_m1
14053 27 -0.5 0 S1_m1
14054 27 -0.5 0 S1_m1
14055 27 -0.5 0 S1_m1
14057 27 -0.5 0 S1_m1
14060 27 -0.5 0 S1_m1
14061 27 -0.5 0 S1_m1
14062 27 -0.5 0 S1_m1
14037 28 -0.5 39.636909376202 S1_m1
14038 28 -0.5 170.458285270786 S1_m1
14039 28 -0.5 0 S1_m1
14042 28 -0.5 0 S1_m1
14043 28 -0.5 0 S1_m1
14046 28 -0.5 301.155581811215 S1_m1
14047 28 -0.5 2.55092433505206 S1_m1
14049 28 -0.5 0 S1_m1
14053 28 -0.5 170.210098681549 S1_m1
14054 28 -0.5 0 S1_m1
14055 28 -0.5 153.475031664787 S1_m1
14057 28 -0.5 46.7801228664826 S1_m1
14060 28 -0.5 168.192265510352 S1_m1
14061 28 -0.5 0 S1_m1
14062 28 -0.5 194.282569309916 S1_m1
14037 29 -0.5 0 S1_m1
14038 29 -0.5 34.3826769685847 S1_m1
14039 29 -0.5 0 S1_m1
14042 29 -0.5 0 S1_m1
14043 29 -0.5 0 S1_m1
14046 29 -0.5 2.17564363778839 S1_m1
14047 29 -0.5 0 S1_m1
14049 29 -0.5 0 S1_m1
14053 29 -0.5 4.24947917759098 S1_m1
14054 29 -0.5 0 S1_m1
14055 29 -0.5 0 S1_m1
14057 29 -0.5 0 S1_m1
14060 29 -0.5 0 S1_m1
14061 29 -0.5 0 S1_m1
14062 29 -0.5 0 S1_m1
14037 30 -0.5 0 S1_m1
14038 30 -0.5 0 S1_m1
14039 30 -0.5 0 S1_m1
14042 30 -0.5 0 S1_m1
14043 30 -0.5 0 S1_m1
14046 30 -0.5 0 S1_m1
14047 30 -0.5 0 S1_m1
14049 30 -0.5 0 S1_m1
14053 30 -0.5 0 S1_m1
14054 30 -0.5 0 S1_m1
14055 30 -0.5 0 S1_m1
14057 30 -0.5 0 S1_m1
14060 30 -0.5 0 S1_m1
14061 30 -0.5 0 S1_m1
14062 30 -0.5 0 S1_m1
14037 31 -0.5 0 S1_m1
14038 31 -0.5 0 S1_m1
14039 31 -0.5 0 S1_m1
14042 31 -0.5 0 S1_m1
14043 31 -0.5 0 S1_m1
14046 31 -0.5 0 S1_m1
14047 31 -0.5 0 S1_m1
14049 31 -0.5 0 S1_m1
14053 31 -0.5 0 S1_m1
14054 31 -0.5 0 S1_m1
14055 31 -0.5 0 S1_m1
14057 31 -0.5 0 S1_m1
14060 31 -0.5 0 S1_m1
14061 31 -0.5 0 S1_m1
14062 31 -0.5 0 S1_m1
14037 1 -1.5 1.06424896558403 S1_m1
14038 1 -1.5 110.898598291262 S1_m1
14039 1 -1.5 39.2338223392797 S1_m1
14042 1 -1.5 0 S1_m1
14043 1 -1.5 518.325185443382 S1_m1
14046 1 -1.5 144.975943839517 S1_m1
14047 1 -1.5 0 S1_m1
14049 1 -1.5 3.17001169054556 S1_m1
14053 1 -1.5 97.6175622340125 S1_m1
14054 1 -1.5 0 S1_m1
14055 1 -1.5 56.328123035287 S1_m1
14057 1 -1.5 0 S1_m1
14060 1 -1.5 84.2240758467262 S1_m1
14061 1 -1.5 96.4049215450283 S1_m1
14062 1 -1.5 87.0713180240809 S1_m1
14037 2 -1.5 0 S1_m1
14038 2 -1.5 0 S1_m1
14039 2 -1.5 0 S1_m1
14042 2 -1.5 0 S1_m1
14043 2 -1.5 0 S1_m1
14046 2 -1.5 0 S1_m1
14047 2 -1.5 0 S1_m1
14049 2 -1.5 0 S1_m1
14053 2 -1.5 0 S1_m1
14054 2 -1.5 0 S1_m1
14055 2 -1.5 0 S1_m1
14057 2 -1.5 0 S1_m1
14060 2 -1.5 0 S1_m1
14061 2 -1.5 0 S1_m1
14062 2 -1.5 0 S1_m1
14037 3 -1.5 0 S1_m1
14038 3 -1.5 0 S1_m1
14039 3 -1.5 0 S1_m1
14042 3 -1.5 0 S1_m1
14043 3 -1.5 6.46329585757143 S1_m1
14046 3 -1.5 0 S1_m1
14047 3 -1.5 0 S1_m1
14049 3 -1.5 0 S1_m1
14053 3 -1.5 0 S1_m1
14054 3 -1.5 0 S1_m1
14055 3 -1.5 0 S1_m1
14057 3 -1.5 0 S1_m1
14060 3 -1.5 0 S1_m1
14061 3 -1.5 0 S1_m1
14062 3 -1.5 0 S1_m1
14037 4 -1.5 0 S1_m1
14038 4 -1.5 55.4479219504531 S1_m1
14039 4 -1.5 0 S1_m1
14042 4 -1.5 0 S1_m1
14043 4 -1.5 334.485209541589 S1_m1
14046 4 -1.5 28.0672419601763 S1_m1
14047 4 -1.5 0 S1_m1
14049 4 -1.5 0 S1_m1
14053 4 -1.5 32.9694911584103 S1_m1
14054 4 -1.5 0 S1_m1
14055 4 -1.5 0 S1_m1
14057 4 -1.5 0 S1_m1
14060 4 -1.5 1.10401679825045 S1_m1
14061 4 -1.5 23.3331653823867 S1_m1
14062 4 -1.5 7.35263501481554 S1_m1
14037 5 -1.5 0 S1_m1
14038 5 -1.5 0 S1_m1
14039 5 -1.5 0 S1_m1
14042 5 -1.5 0 S1_m1
14043 5 -1.5 0 S1_m1
14046 5 -1.5 0 S1_m1
14047 5 -1.5 0 S1_m1
14049 5 -1.5 0 S1_m1
14053 5 -1.5 0 S1_m1
14054 5 -1.5 0 S1_m1
14055 5 -1.5 0 S1_m1
14057 5 -1.5 0 S1_m1
14060 5 -1.5 0 S1_m1
14061 5 -1.5 0 S1_m1
14062 5 -1.5 0 S1_m1
14037 6 -1.5 0 S1_m1
14038 6 -1.5 62.3028527168519 S1_m1
14039 6 -1.5 0 S1_m1
14042 6 -1.5 0 S1_m1
14043 6 -1.5 298.433773591313 S1_m1
14046 6 -1.5 3.08008851804603 S1_m1
14047 6 -1.5 0 S1_m1
14049 6 -1.5 0 S1_m1
14053 6 -1.5 40.5207738067532 S1_m1
14054 6 -1.5 0 S1_m1
14055 6 -1.5 0 S1_m1
14057 6 -1.5 0 S1_m1
14060 6 -1.5 0 S1_m1
14061 6 -1.5 38.9227949430891 S1_m1
14062 6 -1.5 2.38619386908383 S1_m1
14037 7 -1.5 0 S1_m1
14038 7 -1.5 0 S1_m1
14039 7 -1.5 0 S1_m1
14042 7 -1.5 0 S1_m1
14043 7 -1.5 0 S1_m1
14046 7 -1.5 0 S1_m1
14047 7 -1.5 0 S1_m1
14049 7 -1.5 0 S1_m1
14053 7 -1.5 0 S1_m1
14054 7 -1.5 0 S1_m1
14055 7 -1.5 0 S1_m1
14057 7 -1.5 0 S1_m1
14060 7 -1.5 0 S1_m1
14061 7 -1.5 0 S1_m1
14062 7 -1.5 0 S1_m1
14037 8 -1.5 1.61234261113916 S1_m1
14038 8 -1.5 115.388045465615 S1_m1
14039 8 -1.5 39.2426096371451 S1_m1
14042 8 -1.5 0 S1_m1
14043 8 -1.5 495.751388557225 S1_m1
14046 8 -1.5 152.383397587402 S1_m1
14047 8 -1.5 0 S1_m1
14049 8 -1.5 5.61874314557696 S1_m1
14053 8 -1.5 107.386295187679 S1_m1
14054 8 -1.5 0 S1_m1
14055 8 -1.5 59.7826266021347 S1_m1
14057 8 -1.5 0 S1_m1
14060 8 -1.5 75.1807879529783 S1_m1
14061 8 -1.5 93.7046372624078 S1_m1
14062 8 -1.5 97.1699526378601 S1_m1
14037 9 -1.5 0 S1_m1
14038 9 -1.5 42.7542156588924 S1_m1
14039 9 -1.5 0 S1_m1
14042 9 -1.5 0 S1_m1
14043 9 -1.5 264.053229326906 S1_m1
14046 9 -1.5 0 S1_m1
14047 9 -1.5 0 S1_m1
14049 9 -1.5 0 S1_m1
14053 9 -1.5 13.019242832918 S1_m1
14054 9 -1.5 0 S1_m1
14055 9 -1.5 0 S1_m1
14057 9 -1.5 0 S1_m1
14060 9 -1.5 0 S1_m1
14061 9 -1.5 13.9922659592 S1_m1
14062 9 -1.5 0 S1_m1
14037 10 -1.5 2.43926202998196 S1_m1
14038 10 -1.5 114.188299419221 S1_m1
14039 10 -1.5 36.1555149755159 S1_m1
14042 10 -1.5 0 S1_m1
14043 10 -1.5 509.846662082073 S1_m1
14046 10 -1.5 155.63993132137 S1_m1
14047 10 -1.5 0 S1_m1
14049 10 -1.5 4.98013701989333 S1_m1
14053 10 -1.5 108.965814806375 S1_m1
14054 10 -1.5 0 S1_m1
14055 10 -1.5 56.0773783953282 S1_m1
14057 10 -1.5 0 S1_m1
14060 10 -1.5 68.8350735824808 S1_m1
14061 10 -1.5 92.0728854285452 S1_m1
14062 10 -1.5 100.95727572806 S1_m1
14037 11 -1.5 0 S1_m1
14038 11 -1.5 54.9917710251871 S1_m1
14039 11 -1.5 0 S1_m1
14042 11 -1.5 0 S1_m1
14043 11 -1.5 396.697232381823 S1_m1
14046 11 -1.5 58.9028056977548 S1_m1
14047 11 -1.5 0 S1_m1
14049 11 -1.5 0 S1_m1
14053 11 -1.5 23.64047631853 S1_m1
14054 11 -1.5 0 S1_m1
14055 11 -1.5 6.90566871923704 S1_m1
14057 11 -1.5 0 S1_m1
14060 11 -1.5 29.60236481706 S1_m1
14061 11 -1.5 30.000549353202 S1_m1
14062 11 -1.5 11.5276864690575 S1_m1
14037 12 -1.5 0 S1_m1
14038 12 -1.5 52.8668786478155 S1_m1
14039 12 -1.5 0 S1_m1
14042 12 -1.5 0 S1_m1
14043 12 -1.5 369.770397395052 S1_m1
14046 12 -1.5 48.9498411739518 S1_m1
14047 12 -1.5 0 S1_m1
14049 12 -1.5 0 S1_m1
14053 12 -1.5 19.0169039857981 S1_m1
14054 12 -1.5 0 S1_m1
14055 12 -1.5 5.91326972647857 S1_m1
14057 12 -1.5 0 S1_m1
14060 12 -1.5 27.5122025175469 S1_m1
14061 12 -1.5 27.7678754967449 S1_m1
14062 12 -1.5 7.44435683816874 S1_m1
14037 13 -1.5 0 S1_m1
14038 13 -1.5 0 S1_m1
14039 13 -1.5 0 S1_m1
14042 13 -1.5 0 S1_m1
14043 13 -1.5 78.6497504370075 S1_m1
14046 13 -1.5 0 S1_m1
14047 13 -1.5 0 S1_m1
14049 13 -1.5 0 S1_m1
14053 13 -1.5 0 S1_m1
14054 13 -1.5 0 S1_m1
14055 13 -1.5 0 S1_m1
14057 13 -1.5 0 S1_m1
14060 13 -1.5 0 S1_m1
14061 13 -1.5 0 S1_m1
14062 13 -1.5 0 S1_m1
14037 14 -1.5 0 S1_m1
14038 14 -1.5 0 S1_m1
14039 14 -1.5 0 S1_m1
14042 14 -1.5 0 S1_m1
14043 14 -1.5 0 S1_m1
14046 14 -1.5 0 S1_m1
14047 14 -1.5 0 S1_m1
14049 14 -1.5 0 S1_m1
14053 14 -1.5 0 S1_m1
14054 14 -1.5 0 S1_m1
14055 14 -1.5 0 S1_m1
14057 14 -1.5 0 S1_m1
14060 14 -1.5 0 S1_m1
14061 14 -1.5 0 S1_m1
14062 14 -1.5 0 S1_m1
14037 15 -1.5 44.0729571104655 S1_m1
14038 15 -1.5 155.752084120551 S1_m1
14039 15 -1.5 87.1549633078683 S1_m1
14042 15 -1.5 0 S1_m1
14043 15 -1.5 613.063659100334 S1_m1
14046 15 -1.5 217.575527490407 S1_m1
14047 15 -1.5 6.24628601409848 S1_m1
14049 15 -1.5 46.5346051181412 S1_m1
14053 15 -1.5 164.958850667962 S1_m1
14054 15 -1.5 0 S1_m1
14055 15 -1.5 92.7621877766981 S1_m1
14057 15 -1.5 7.4746701471121 S1_m1
14060 15 -1.5 109.800933490348 S1_m1
14061 15 -1.5 146.537380481945 S1_m1
14062 15 -1.5 154.490516536754 S1_m1
14037 16 -1.5 6.39306063828627 S1_m1
14038 16 -1.5 141.178029684577 S1_m1
14039 16 -1.5 73.3827763232253 S1_m1
14042 16 -1.5 0 S1_m1
14043 16 -1.5 564.203200959719 S1_m1
14046 16 -1.5 184.635628566152 S1_m1
14047 16 -1.5 1.11718691211851 S1_m1
14049 16 -1.5 25.5020623582085 S1_m1
14053 16 -1.5 136.037589159302 S1_m1
14054 16 -1.5 0 S1_m1
14055 16 -1.5 84.9088537126944 S1_m1
14057 16 -1.5 4.76485276981743 S1_m1
14060 16 -1.5 111.578454274332 S1_m1
14061 16 -1.5 130.734421660606 S1_m1
14062 16 -1.5 124.720750281694 S1_m1
14037 17 -1.5 0 S1_m1
14038 17 -1.5 8.03719306110181 S1_m1
14039 17 -1.5 0 S1_m1
14042 17 -1.5 0 S1_m1
14043 17 -1.5 141.98400701691 S1_m1
14046 17 -1.5 0 S1_m1
14047 17 -1.5 0 S1_m1
14049 17 -1.5 0 S1_m1
14053 17 -1.5 0 S1_m1
14054 17 -1.5 0 S1_m1
14055 17 -1.5 0 S1_m1
14057 17 -1.5 0 S1_m1
14060 17 -1.5 0 S1_m1
14061 17 -1.5 1.4370986875806 S1_m1
14062 17 -1.5 0 S1_m1
14037 18 -1.5 0 S1_m1
14038 18 -1.5 91.5217860604175 S1_m1
14039 18 -1.5 13.9177710631991 S1_m1
14042 18 -1.5 0 S1_m1
14043 18 -1.5 451.519097194873 S1_m1
14046 18 -1.5 109.803636274424 S1_m1
14047 18 -1.5 0 S1_m1
14049 18 -1.5 0 S1_m1
14053 18 -1.5 69.0790569301583 S1_m1
14054 18 -1.5 0 S1_m1
14055 18 -1.5 36.9788170633395 S1_m1
14057 18 -1.5 0 S1_m1
14060 18 -1.5 64.8432412969253 S1_m1
14061 18 -1.5 71.6846402662446 S1_m1
14062 18 -1.5 51.4167661148856 S1_m1
14037 19 -1.5 1.45248315839775 S1_m1
14038 19 -1.5 105.586002320235 S1_m1
14039 19 -1.5 19.4784317373115 S1_m1
14042 19 -1.5 0 S1_m1
14043 19 -1.5 479.331409644862 S1_m1
14046 19 -1.5 138.878407114826 S1_m1
14047 19 -1.5 0 S1_m1
14049 19 -1.5 1.89084651550289 S1_m1
14053 19 -1.5 99.0738055382501 S1_m1
14054 19 -1.5 0 S1_m1
14055 19 -1.5 44.2233935300281 S1_m1
14057 19 -1.5 0 S1_m1
14060 19 -1.5 52.456190004547 S1_m1
14061 19 -1.5 81.2901111236626 S1_m1
14062 19 -1.5 89.3936600568824 S1_m1
14037 20 -1.5 20.3377500603008 S1_m1
14038 20 -1.5 154.025656230889 S1_m1
14039 20 -1.5 88.9340844096119 S1_m1
14042 20 -1.5 0 S1_m1
14043 20 -1.5 598.606918363462 S1_m1
14046 20 -1.5 207.661880675274 S1_m1
14047 20 -1.5 3.31428138275468 S1_m1
14049 20 -1.5 42.8306821189214 S1_m1
14053 20 -1.5 155.685230843428 S1_m1
14054 20 -1.5 0 S1_m1
14055 20 -1.5 95.7396465397699 S1_m1
14057 20 -1.5 9.0490775862257 S1_m1
14060 20 -1.5 120.365816627996 S1_m1
14061 20 -1.5 145.528056345174 S1_m1
14062 20 -1.5 144.19865446273 S1_m1
14037 21 -1.5 1.13255898784303 S1_m1
14038 21 -1.5 99.7746896957729 S1_m1
14039 21 -1.5 14.0329495331154 S1_m1
14042 21 -1.5 0 S1_m1
14043 21 -1.5 474.198195415618 S1_m1
14046 21 -1.5 132.605506183793 S1_m1
14047 21 -1.5 0 S1_m1
14049 21 -1.5 1.17896683162834 S1_m1
14053 21 -1.5 92.3580758398578 S1_m1
14054 21 -1.5 0 S1_m1
14055 21 -1.5 38.1856379299239 S1_m1
14057 21 -1.5 0 S1_m1
14060 21 -1.5 47.099525591828 S1_m1
14061 21 -1.5 74.6724441548989 S1_m1
14062 21 -1.5 82.6581846872738 S1_m1
14037 22 -1.5 6.11902048402257 S1_m1
14038 22 -1.5 134.338398424926 S1_m1
14039 22 -1.5 67.6094979142429 S1_m1
14042 22 -1.5 0 S1_m1
14043 22 -1.5 573.061023869346 S1_m1
14046 22 -1.5 179.685179579518 S1_m1
14047 22 -1.5 0 S1_m1
14049 22 -1.5 18.1150822807112 S1_m1
14053 22 -1.5 129.010773171049 S1_m1
14054 22 -1.5 0 S1_m1
14055 22 -1.5 78.8831102044725 S1_m1
14057 22 -1.5 3.0521684760599 S1_m1
14060 22 -1.5 106.835789315792 S1_m1
14061 22 -1.5 124.995404944138 S1_m1
14062 22 -1.5 119.568231978466 S1_m1
14037 23 -1.5 0 S1_m1
14038 23 -1.5 79.8525889387758 S1_m1
14039 23 -1.5 0 S1_m1
14042 23 -1.5 0 S1_m1
14043 23 -1.5 393.054965460487 S1_m1
14046 23 -1.5 69.0255787215019 S1_m1
14047 23 -1.5 0 S1_m1
14049 23 -1.5 0 S1_m1
14053 23 -1.5 68.3533543969049 S1_m1
14054 23 -1.5 0 S1_m1
14055 23 -1.5 4.64244564211861 S1_m1
14057 23 -1.5 0 S1_m1
14060 23 -1.5 5.58963220254505 S1_m1
14061 23 -1.5 55.6142881972202 S1_m1
14062 23 -1.5 37.3185014345792 S1_m1
14037 24 -1.5 2.80625476452871 S1_m1
14038 24 -1.5 112.874811968304 S1_m1
14039 24 -1.5 35.8875336752626 S1_m1
14042 24 -1.5 0 S1_m1
14043 24 -1.5 515.724792227614 S1_m1
14046 24 -1.5 156.416322046781 S1_m1
14047 24 -1.5 0 S1_m1
14049 24 -1.5 4.71862804410717 S1_m1
14053 24 -1.5 108.619907959953 S1_m1
14054 24 -1.5 0 S1_m1
14055 24 -1.5 54.9524855337825 S1_m1
14057 24 -1.5 0 S1_m1
14060 24 -1.5 67.8890044988995 S1_m1
14061 24 -1.5 91.1260453760064 S1_m1
14062 24 -1.5 101.377626241265 S1_m1
14037 25 -1.5 0 S1_m1
14038 25 -1.5 0 S1_m1
14039 25 -1.5 0 S1_m1
14042 25 -1.5 0 S1_m1
14043 25 -1.5 0 S1_m1
14046 25 -1.5 0 S1_m1
14047 25 -1.5 0 S1_m1
14049 25 -1.5 0 S1_m1
14053 25 -1.5 0 S1_m1
14054 25 -1.5 0 S1_m1
14055 25 -1.5 0 S1_m1
14057 25 -1.5 0 S1_m1
14060 25 -1.5 0 S1_m1
14061 25 -1.5 0 S1_m1
14062 25 -1.5 0 S1_m1
14037 26 -1.5 8.67574108913001 S1_m1
14038 26 -1.5 141.754738793544 S1_m1
14039 26 -1.5 75.1390055823805 S1_m1
14042 26 -1.5 0 S1_m1
14043 26 -1.5 580.741151022503 S1_m1
14046 26 -1.5 189.290888576317 S1_m1
14047 26 -1.5 1.13662329772464 S1_m1
14049 26 -1.5 26.6746947702529 S1_m1
14053 26 -1.5 138.281451586085 S1_m1
14054 26 -1.5 0 S1_m1
14055 26 -1.5 85.396839663503 S1_m1
14057 26 -1.5 4.64446296926913 S1_m1
14060 26 -1.5 112.048039130019 S1_m1
14061 26 -1.5 131.862765722787 S1_m1
14062 26 -1.5 128.080649461136 S1_m1
14037 27 -1.5 0 S1_m1
14038 27 -1.5 0 S1_m1
14039 27 -1.5 0 S1_m1
14042 27 -1.5 0 S1_m1
14043 27 -1.5 0 S1_m1
14046 27 -1.5 0 S1_m1
14047 27 -1.5 0 S1_m1
14049 27 -1.5 0 S1_m1
14053 27 -1.5 0 S1_m1
14054 27 -1.5 0 S1_m1
14055 27 -1.5 0 S1_m1
14057 27 -1.5 0 S1_m1
14060 27 -1.5 0 S1_m1
14061 27 -1.5 0 S1_m1
14062 27 -1.5 0 S1_m1
14037 28 -1.5 18.3041158152852 S1_m1
14038 28 -1.5 152.1525665901 S1_m1
14039 28 -1.5 88.4514713509939 S1_m1
14042 28 -1.5 0 S1_m1
14043 28 -1.5 611.738421180926 S1_m1
14046 28 -1.5 203.867698552392 S1_m1
14047 28 -1.5 2.18751275199748 S1_m1
14049 28 -1.5 38.016516857708 S1_m1
14053 28 -1.5 151.481509178963 S1_m1
14054 28 -1.5 0 S1_m1
14055 28 -1.5 94.813783232579 S1_m1
14057 28 -1.5 10.2957956837535 S1_m1
14060 28 -1.5 124.838355873358 S1_m1
14061 28 -1.5 148.060213992344 S1_m1
14062 28 -1.5 140.693944118487 S1_m1
14037 29 -1.5 0 S1_m1
14038 29 -1.5 13.8816722902574 S1_m1
14039 29 -1.5 0 S1_m1
14042 29 -1.5 0 S1_m1
14043 29 -1.5 203.831292805075 S1_m1
14046 29 -1.5 0 S1_m1
14047 29 -1.5 0 S1_m1
14049 29 -1.5 0 S1_m1
14053 29 -1.5 1.00009674057469 S1_m1
14054 29 -1.5 0 S1_m1
14055 29 -1.5 0 S1_m1
14057 29 -1.5 0 S1_m1
14060 29 -1.5 0 S1_m1
14061 29 -1.5 1.09395327558994 S1_m1
14062 29 -1.5 0 S1_m1
14037 30 -1.5 0 S1_m1
14038 30 -1.5 0 S1_m1
14039 30 -1.5 0 S1_m1
14042 30 -1.5 0 S1_m1
14043 30 -1.5 0 S1_m1
14046 30 -1.5 0 S1_m1
14047 30 -1.5 0 S1_m1
14049 30 -1.5 0 S1_m1
14053 30 -1.5 0 S1_m1
14054 30 -1.5 0 S1_m1
14055 30 -1.5 0 S1_m1
14057 30 -1.5 0 S1_m1
14060 30 -1.5 0 S1_m1
14061 30 -1.5 0 S1_m1
14062 30 -1.5 0 S1_m1
14037 31 -1.5 0 S1_m1
14038 31 -1.5 0 S1_m1
14039 31 -1.5 0 S1_m1
14042 31 -1.5 0 S1_m1
14043 31 -1.5 16.5650150024486 S1_m1
14046 31 -1.5 0 S1_m1
14047 31 -1.5 0 S1_m1
14049 31 -1.5 0 S1_m1
14053 31 -1.5 0 S1_m1
14054 31 -1.5 0 S1_m1
14055 31 -1.5 0 S1_m1
14057 31 -1.5 0 S1_m1
14060 31 -1.5 0 S1_m1
14061 31 -1.5 0 S1_m1
14062 31 -1.5 0 S1_m1
14037 1 -3 0 S1_m1
14038 1 -3 7.34602608041506 S1_m1
14039 1 -3 0 S1_m1
14042 1 -3 0 S1_m1
14043 1 -3 264.482317845006 S1_m1
14046 1 -3 2.42605773456372 S1_m1
14047 1 -3 0 S1_m1
14049 1 -3 0 S1_m1
14053 1 -3 0 S1_m1
14054 1 -3 0 S1_m1
14055 1 -3 0 S1_m1
14057 1 -3 0 S1_m1
14060 1 -3 1.26358163591072 S1_m1
14061 1 -3 1.90121115557558 S1_m1
14062 1 -3 0 S1_m1
14037 2 -3 0 S1_m1
14038 2 -3 0 S1_m1
14039 2 -3 0 S1_m1
14042 2 -3 0 S1_m1
14043 2 -3 0 S1_m1
14046 2 -3 0 S1_m1
14047 2 -3 0 S1_m1
14049 2 -3 0 S1_m1
14053 2 -3 0 S1_m1
14054 2 -3 0 S1_m1
14055 2 -3 0 S1_m1
14057 2 -3 0 S1_m1
14060 2 -3 0 S1_m1
14061 2 -3 0 S1_m1
14062 2 -3 0 S1_m1
14037 3 -3 0 S1_m1
14038 3 -3 0 S1_m1
14039 3 -3 0 S1_m1
14042 3 -3 0 S1_m1
14043 3 -3 0 S1_m1
14046 3 -3 0 S1_m1
14047 3 -3 0 S1_m1
14049 3 -3 0 S1_m1
14053 3 -3 0 S1_m1
14054 3 -3 0 S1_m1
14055 3 -3 0 S1_m1
14057 3 -3 0 S1_m1
14060 3 -3 0 S1_m1
14061 3 -3 0 S1_m1
14062 3 -3 0 S1_m1
14037 4 -3 0 S1_m1
14038 4 -3 0 S1_m1
14039 4 -3 0 S1_m1
14042 4 -3 0 S1_m1
14043 4 -3 187.926617941357 S1_m1
14046 4 -3 0 S1_m1
14047 4 -3 0 S1_m1
14049 4 -3 0 S1_m1
14053 4 -3 0 S1_m1
14054 4 -3 0 S1_m1
14055 4 -3 0 S1_m1
14057 4 -3 0 S1_m1
14060 4 -3 0 S1_m1
14061 4 -3 0 S1_m1
14062 4 -3 0 S1_m1
14037 5 -3 0 S1_m1
14038 5 -3 0 S1_m1
14039 5 -3 0 S1_m1
14042 5 -3 0 S1_m1
14043 5 -3 0 S1_m1
14046 5 -3 0 S1_m1
14047 5 -3 0 S1_m1
14049 5 -3 0 S1_m1
14053 5 -3 0 S1_m1
14054 5 -3 0 S1_m1
14055 5 -3 0 S1_m1
14057 5 -3 0 S1_m1
14060 5 -3 0 S1_m1
14061 5 -3 0 S1_m1
14062 5 -3 0 S1_m1
14037 6 -3 0 S1_m1
14038 6 -3 29.7285549307411 S1_m1
14039 6 -3 0 S1_m1
14042 6 -3 0 S1_m1
14043 6 -3 264.580641869431 S1_m1
14046 6 -3 0 S1_m1
14047 6 -3 0 S1_m1
14049 6 -3 0 S1_m1
14053 6 -3 4.53004885219086 S1_m1
14054 6 -3 0 S1_m1
14055 6 -3 0 S1_m1
14057 6 -3 0 S1_m1
14060 6 -3 0 S1_m1
14061 6 -3 14.0281737532607 S1_m1
14062 6 -3 0 S1_m1
14037 7 -3 0 S1_m1
14038 7 -3 0 S1_m1
14039 7 -3 0 S1_m1
14042 7 -3 0 S1_m1
14043 7 -3 0 S1_m1
14046 7 -3 0 S1_m1
14047 7 -3 0 S1_m1
14049 7 -3 0 S1_m1
14053 7 -3 0 S1_m1
14054 7 -3 0 S1_m1
14055 7 -3 0 S1_m1
14057 7 -3 0 S1_m1
14060 7 -3 0 S1_m1
14061 7 -3 0 S1_m1
14062 7 -3 0 S1_m1
14037 8 -3 0 S1_m1
14038 8 -3 44.3474277037878 S1_m1
14039 8 -3 2.93162535476234 S1_m1
14042 8 -3 0 S1_m1
14043 8 -3 350.417686917262 S1_m1
14046 8 -3 45.3023493079811 S1_m1
14047 8 -3 0 S1_m1
14049 8 -3 0 S1_m1
14053 8 -3 15.9427027532145 S1_m1
14054 8 -3 0 S1_m1
14055 8 -3 2.96156671459885 S1_m1
14057 8 -3 0 S1_m1
14060 8 -3 10.4016752556694 S1_m1
14061 8 -3 25.9508993121488 S1_m1
14062 8 -3 6.53576945466712 S1_m1
14037 9 -3 0 S1_m1
14038 9 -3 2.0849738547933 S1_m1
14039 9 -3 0 S1_m1
14042 9 -3 0 S1_m1
14043 9 -3 185.824135833054 S1_m1
14046 9 -3 0 S1_m1
14047 9 -3 0 S1_m1
14049 9 -3 0 S1_m1
14053 9 -3 0 S1_m1
14054 9 -3 0 S1_m1
14055 9 -3 0 S1_m1
14057 9 -3 0 S1_m1
14060 9 -3 0 S1_m1
14061 9 -3 0 S1_m1
14062 9 -3 0 S1_m1
14037 10 -3 0 S1_m1
14038 10 -3 38.2623510220789 S1_m1
14039 10 -3 1.4744466466818 S1_m1
14042 10 -3 0 S1_m1
14043 10 -3 345.022488838344 S1_m1
14046 10 -3 39.334765512064 S1_m1
14047 10 -3 0 S1_m1
14049 10 -3 0 S1_m1
14053 10 -3 11.5188255025022 S1_m1
14054 10 -3 0 S1_m1
14055 10 -3 1.46814679249769 S1_m1
14057 10 -3 0 S1_m1
14060 10 -3 5.24699452045044 S1_m1
14061 10 -3 18.6184514348905 S1_m1
14062 10 -3 5.31824938488986 S1_m1
14037 11 -3 0 S1_m1
14038 11 -3 0 S1_m1
14039 11 -3 0 S1_m1
14042 11 -3 0 S1_m1
14043 11 -3 83.578869940174 S1_m1
14046 11 -3 0 S1_m1
14047 11 -3 0 S1_m1
14049 11 -3 0 S1_m1
14053 11 -3 0 S1_m1
14054 11 -3 0 S1_m1
14055 11 -3 0 S1_m1
14057 11 -3 0 S1_m1
14060 11 -3 0 S1_m1
14061 11 -3 0 S1_m1
14062 11 -3 0 S1_m1
14037 12 -3 0 S1_m1
14038 12 -3 0 S1_m1
14039 12 -3 0 S1_m1
14042 12 -3 0 S1_m1
14043 12 -3 87.0004635715632 S1_m1
14046 12 -3 0 S1_m1
14047 12 -3 0 S1_m1
14049 12 -3 0 S1_m1
14053 12 -3 0 S1_m1
14054 12 -3 0 S1_m1
14055 12 -3 0 S1_m1
14057 12 -3 0 S1_m1
14060 12 -3 0 S1_m1
14061 12 -3 0 S1_m1
14062 12 -3 0 S1_m1
14037 13 -3 0 S1_m1
14038 13 -3 0 S1_m1
14039 13 -3 0 S1_m1
14042 13 -3 0 S1_m1
14043 13 -3 46.2351901700358 S1_m1
14046 13 -3 0 S1_m1
14047 13 -3 0 S1_m1
14049 13 -3 0 S1_m1
14053 13 -3 0 S1_m1
14054 13 -3 0 S1_m1
14055 13 -3 0 S1_m1
14057 13 -3 0 S1_m1
14060 13 -3 0 S1_m1
14061 13 -3 0 S1_m1
14062 13 -3 0 S1_m1
14037 14 -3 0 S1_m1
14038 14 -3 0 S1_m1
14039 14 -3 0 S1_m1
14042 14 -3 0 S1_m1
14043 14 -3 0 S1_m1
14046 14 -3 0 S1_m1
14047 14 -3 0 S1_m1
14049 14 -3 0 S1_m1
14053 14 -3 0 S1_m1
14054 14 -3 0 S1_m1
14055 14 -3 0 S1_m1
14057 14 -3 0 S1_m1
14060 14 -3 0 S1_m1
14061 14 -3 0 S1_m1
14062 14 -3 0 S1_m1
14037 15 -3 4.57449875627066 S1_m1
14038 15 -3 114.363047439923 S1_m1
14039 15 -3 78.6996879882517 S1_m1
14042 15 -3 12.3063261559967 S1_m1
14043 15 -3 565.98453121899 S1_m1
14046 15 -3 154.396874995843 S1_m1
14047 15 -3 0 S1_m1
14049 15 -3 21.9087967224481 S1_m1
14053 15 -3 110.381857874221 S1_m1
14054 15 -3 3.24094228878701 S1_m1
14055 15 -3 59.8538318357101 S1_m1
14057 15 -3 0 S1_m1
14060 15 -3 74.454769960898 S1_m1
14061 15 -3 116.165239283189 S1_m1
14062 15 -3 108.154421888037 S1_m1
14037 16 -3 0 S1_m1
14038 16 -3 71.2197186236705 S1_m1
14039 16 -3 28.4812449941891 S1_m1
14042 16 -3 0 S1_m1
14043 16 -3 427.579567152094 S1_m1
14046 16 -3 82.4394146752238 S1_m1
14047 16 -3 0 S1_m1
14049 16 -3 0 S1_m1
14053 16 -3 49.0521079585922 S1_m1
14054 16 -3 0 S1_m1
14055 16 -3 22.1465697235964 S1_m1
14057 16 -3 0 S1_m1
14060 16 -3 47.0279558400893 S1_m1
14061 16 -3 65.4300427761921 S1_m1
14062 16 -3 32.7268980260504 S1_m1
14037 17 -3 0 S1_m1
14038 17 -3 1.35325304891171 S1_m1
14039 17 -3 0 S1_m1
14042 17 -3 0 S1_m1
14043 17 -3 134.45826983632 S1_m1
14046 17 -3 0 S1_m1
14047 17 -3 0 S1_m1
14049 17 -3 0 S1_m1
14053 17 -3 0 S1_m1
14054 17 -3 0 S1_m1
14055 17 -3 0 S1_m1
14057 17 -3 0 S1_m1
14060 17 -3 0 S1_m1
14061 17 -3 0 S1_m1
14062 17 -3 0 S1_m1
14037 18 -3 0 S1_m1
14038 18 -3 1.1652746018592 S1_m1
14039 18 -3 0 S1_m1
14042 18 -3 0 S1_m1
14043 18 -3 206.429766349834 S1_m1
14046 18 -3 0 S1_m1
14047 18 -3 0 S1_m1
14049 18 -3 0 S1_m1
14053 18 -3 0 S1_m1
14054 18 -3 0 S1_m1
14055 18 -3 0 S1_m1
14057 18 -3 0 S1_m1
14060 18 -3 0 S1_m1
14061 18 -3 0 S1_m1
14062 18 -3 0 S1_m1
14037 19 -3 0 S1_m1
14038 19 -3 35.5171023242894 S1_m1
14039 19 -3 0 S1_m1
14042 19 -3 0 S1_m1
14043 19 -3 332.651775547973 S1_m1
14046 19 -3 31.8126776720813 S1_m1
14047 19 -3 0 S1_m1
14049 19 -3 0 S1_m1
14053 19 -3 9.64223595958911 S1_m1
14054 19 -3 0 S1_m1
14055 19 -3 0 S1_m1
14057 19 -3 0 S1_m1
14060 19 -3 2.44924717752123 S1_m1
14061 19 -3 14.6169680543768 S1_m1
14062 19 -3 4.02987710058109 S1_m1
14037 20 -3 0 S1_m1
14038 20 -3 99.515204661806 S1_m1
14039 20 -3 64.6417728771711 S1_m1
14042 20 -3 1.78207507903759 S1_m1
14043 20 -3 512.381331328623 S1_m1
14046 20 -3 126.72183290111 S1_m1
14047 20 -3 0 S1_m1
14049 20 -3 8.70568458802527 S1_m1
14053 20 -3 86.3143432090827 S1_m1
14054 20 -3 1.53835354667052 S1_m1
14055 20 -3 50.6263832845229 S1_m1
14057 20 -3 0 S1_m1
14060 20 -3 71.5857061126745 S1_m1
14061 20 -3 99.4353547078008 S1_m1
14062 20 -3 81.5196497846465 S1_m1
14037 21 -3 0 S1_m1
14038 21 -3 20.8829589114064 S1_m1
14039 21 -3 0 S1_m1
14042 21 -3 0 S1_m1
14043 21 -3 301.165382945935 S1_m1
14046 21 -3 13.3531238150555 S1_m1
14047 21 -3 0 S1_m1
14049 21 -3 0 S1_m1
14053 21 -3 2.64501172058072 S1_m1
14054 21 -3 0 S1_m1
14055 21 -3 0 S1_m1
14057 21 -3 0 S1_m1
14060 21 -3 0 S1_m1
14061 21 -3 4.72965882098079 S1_m1
14062 21 -3 1.37909471895152 S1_m1
14037 22 -3 0 S1_m1
14038 22 -3 44.5241828967576 S1_m1
14039 22 -3 4.98825858326269 S1_m1
14042 22 -3 0 S1_m1
14043 22 -3 367.425325310363 S1_m1
14046 22 -3 45.5571055241872 S1_m1
14047 22 -3 0 S1_m1
14049 22 -3 0 S1_m1
14053 22 -3 15.1707591394706 S1_m1
14054 22 -3 0 S1_m1
14055 22 -3 3.7325094035595 S1_m1
14057 22 -3 0 S1_m1
14060 22 -3 21.9379280678272 S1_m1
14061 22 -3 34.8615860489242 S1_m1
14062 22 -3 7.45234932153129 S1_m1
14037 23 -3 0 S1_m1
14038 23 -3 21.8743032372901 S1_m1
14039 23 -3 0 S1_m1
14042 23 -3 0 S1_m1
14043 23 -3 284.245163358734 S1_m1
14046 23 -3 2.71576982205747 S1_m1
14047 23 -3 0 S1_m1
14049 23 -3 0 S1_m1
14053 23 -3 3.00271968260228 S1_m1
14054 23 -3 0 S1_m1
14055 23 -3 0 S1_m1
14057 23 -3 0 S1_m1
14060 23 -3 0 S1_m1
14061 23 -3 5.67730116521233 S1_m1
14062 23 -3 0 S1_m1
14037 24 -3 0 S1_m1
14038 24 -3 32.0685089314631 S1_m1
14039 24 -3 0 S1_m1
14042 24 -3 0 S1_m1
14043 24 -3 333.973923029665 S1_m1
14046 24 -3 31.3647165214999 S1_m1
14047 24 -3 0 S1_m1
14049 24 -3 0 S1_m1
14053 24 -3 7.28707149219969 S1_m1
14054 24 -3 0 S1_m1
14055 24 -3 0 S1_m1
14057 24 -3 0 S1_m1
14060 24 -3 3.42225721956349 S1_m1
14061 24 -3 12.840224586639 S1_m1
14062 24 -3 3.66522621226687 S1_m1
14037 25 -3 0 S1_m1
14038 25 -3 0 S1_m1
14039 25 -3 0 S1_m1
14042 25 -3 0 S1_m1
14043 25 -3 0 S1_m1
14046 25 -3 0 S1_m1
14047 25 -3 0 S1_m1
14049 25 -3 0 S1_m1
14053 25 -3 0 S1_m1
14054 25 -3 0 S1_m1
14055 25 -3 0 S1_m1
14057 25 -3 0 S1_m1
14060 25 -3 0 S1_m1
14061 25 -3 0 S1_m1
14062 25 -3 0 S1_m1
14037 26 -3 0 S1_m1
14038 26 -3 64.1845155314855 S1_m1
14039 26 -3 20.8881955069262 S1_m1
14042 26 -3 0 S1_m1
14043 26 -3 417.132060581061 S1_m1
14046 26 -3 74.8616025315898 S1_m1
14047 26 -3 0 S1_m1
14049 26 -3 0 S1_m1
14053 26 -3 40.9372933188037 S1_m1
14054 26 -3 0 S1_m1
14055 26 -3 15.4516239521432 S1_m1
14057 26 -3 0 S1_m1
14060 26 -3 40.4542540666496 S1_m1
14061 26 -3 57.3774430495458 S1_m1
14062 26 -3 25.949123512106 S1_m1
14037 27 -3 0 S1_m1
14038 27 -3 0 S1_m1
14039 27 -3 0 S1_m1
14042 27 -3 0 S1_m1
14043 27 -3 0 S1_m1
14046 27 -3 0 S1_m1
14047 27 -3 0 S1_m1
14049 27 -3 0 S1_m1
14053 27 -3 0 S1_m1
14054 27 -3 0 S1_m1
14055 27 -3 0 S1_m1
14057 27 -3 0 S1_m1
14060 27 -3 0 S1_m1
14061 27 -3 0 S1_m1
14062 27 -3 0 S1_m1
14037 28 -3 0 S1_m1
14038 28 -3 76.8705344058687 S1_m1
14039 28 -3 38.7484559934094 S1_m1
14042 28 -3 0 S1_m1
14043 28 -3 456.569940703825 S1_m1
14046 28 -3 93.1770255938568 S1_m1
14047 28 -3 0 S1_m1
14049 28 -3 1.30111624619209 S1_m1
14053 28 -3 57.3535596677093 S1_m1
14054 28 -3 0 S1_m1
14055 28 -3 28.8336609819459 S1_m1
14057 28 -3 0 S1_m1
14060 28 -3 56.0006942979815 S1_m1
14061 28 -3 75.8352566262196 S1_m1
14062 28 -3 46.8637939054367 S1_m1
14037 29 -3 0 S1_m1
14038 29 -3 0 S1_m1
14039 29 -3 0 S1_m1
14042 29 -3 0 S1_m1
14043 29 -3 104.611905853188 S1_m1
14046 29 -3 0 S1_m1
14047 29 -3 0 S1_m1
14049 29 -3 0 S1_m1
14053 29 -3 0 S1_m1
14054 29 -3 0 S1_m1
14055 29 -3 0 S1_m1
14057 29 -3 0 S1_m1
14060 29 -3 0 S1_m1
14061 29 -3 0 S1_m1
14062 29 -3 0 S1_m1
14037 30 -3 0 S1_m1
14038 30 -3 0 S1_m1
14039 30 -3 0 S1_m1
14042 30 -3 0 S1_m1
14043 30 -3 0 S1_m1
14046 30 -3 0 S1_m1
14047 30 -3 0 S1_m1
14049 30 -3 0 S1_m1
14053 30 -3 0 S1_m1
14054 30 -3 0 S1_m1
14055 30 -3 0 S1_m1
14057 30 -3 0 S1_m1
14060 30 -3 0 S1_m1
14061 30 -3 0 S1_m1
14062 30 -3 0 S1_m1
14037 31 -3 0 S1_m1
14038 31 -3 0 S1_m1
14039 31 -3 0 S1_m1
14042 31 -3 0 S1_m1
14043 31 -3 2.47504380224504 S1_m1
14046 31 -3 0 S1_m1
14047 31 -3 0 S1_m1
14049 31 -3 0 S1_m1
14053 31 -3 0 S1_m1
14054 31 -3 0 S1_m1
14055 31 -3 0 S1_m1
14057 31 -3 0 S1_m1
14060 31 -3 0 S1_m1
14061 31 -3 0 S1_m1
14062 31 -3 0 S1_m1
14037 1 -5 0 S1_m1
14038 1 -5 0 S1_m1
14039 1 -5 0 S1_m1
14042 1 -5 0 S1_m1
14043 1 -5 25.8126790492837 S1_m1
14046 1 -5 0 S1_m1
14047 1 -5 0 S1_m1
14049 1 -5 0 S1_m1
14053 1 -5 0 S1_m1
14054 1 -5 0 S1_m1
14055 1 -5 0 S1_m1
14057 1 -5 0 S1_m1
14060 1 -5 0 S1_m1
14061 1 -5 0 S1_m1
14062 1 -5 0 S1_m1
14037 2 -5 0 S1_m1
14038 2 -5 0 S1_m1
14039 2 -5 0 S1_m1
14042 2 -5 0 S1_m1
14043 2 -5 0 S1_m1
14046 2 -5 0 S1_m1
14047 2 -5 0 S1_m1
14049 2 -5 0 S1_m1
14053 2 -5 0 S1_m1
14054 2 -5 0 S1_m1
14055 2 -5 0 S1_m1
14057 2 -5 0 S1_m1
14060 2 -5 0 S1_m1
14061 2 -5 0 S1_m1
14062 2 -5 0 S1_m1
14037 3 -5 0 S1_m1
14038 3 -5 0 S1_m1
14039 3 -5 0 S1_m1
14042 3 -5 0 S1_m1
14043 3 -5 0 S1_m1
14046 3 -5 0 S1_m1
14047 3 -5 0 S1_m1
14049 3 -5 0 S1_m1
14053 3 -5 0 S1_m1
14054 3 -5 0 S1_m1
14055 3 -5 0 S1_m1
14057 3 -5 0 S1_m1
14060 3 -5 0 S1_m1
14061 3 -5 0 S1_m1
14062 3 -5 0 S1_m1
14037 4 -5 0 S1_m1
14038 4 -5 0 S1_m1
14039 4 -5 0 S1_m1
14042 4 -5 0 S1_m1
14043 4 -5 20.71359725383 S1_m1
14046 4 -5 0 S1_m1
14047 4 -5 0 S1_m1
14049 4 -5 0 S1_m1
14053 4 -5 0 S1_m1
14054 4 -5 0 S1_m1
14055 4 -5 0 S1_m1
14057 4 -5 0 S1_m1
14060 4 -5 0 S1_m1
14061 4 -5 0 S1_m1
14062 4 -5 0 S1_m1
14037 5 -5 0 S1_m1
14038 5 -5 0 S1_m1
14039 5 -5 0 S1_m1
14042 5 -5 0 S1_m1
14043 5 -5 0 S1_m1
14046 5 -5 0 S1_m1
14047 5 -5 0 S1_m1
14049 5 -5 0 S1_m1
14053 5 -5 0 S1_m1
14054 5 -5 0 S1_m1
14055 5 -5 0 S1_m1
14057 5 -5 0 S1_m1
14060 5 -5 0 S1_m1
14061 5 -5 0 S1_m1
14062 5 -5 0 S1_m1
14037 6 -5 0 S1_m1
14038 6 -5 1.72580049837951 S1_m1
14039 6 -5 0 S1_m1
14042 6 -5 0 S1_m1
14043 6 -5 173.147864214585 S1_m1
14046 6 -5 0 S1_m1
14047 6 -5 0 S1_m1
14049 6 -5 0 S1_m1
14053 6 -5 0 S1_m1
14054 6 -5 0 S1_m1
14055 6 -5 0 S1_m1
14057 6 -5 0 S1_m1
14060 6 -5 0 S1_m1
14061 6 -5 0 S1_m1
14062 6 -5 0 S1_m1
14037 7 -5 0 S1_m1
14038 7 -5 0 S1_m1
14039 7 -5 0 S1_m1
14042 7 -5 0 S1_m1
14043 7 -5 0 S1_m1
14046 7 -5 0 S1_m1
14047 7 -5 0 S1_m1
14049 7 -5 0 S1_m1
14053 7 -5 0 S1_m1
14054 7 -5 0 S1_m1
14055 7 -5 0 S1_m1
14057 7 -5 0 S1_m1
14060 7 -5 0 S1_m1
14061 7 -5 0 S1_m1
14062 7 -5 0 S1_m1
14037 8 -5 0 S1_m1
14038 8 -5 0 S1_m1
14039 8 -5 0 S1_m1
14042 8 -5 0 S1_m1
14043 8 -5 148.32390493291 S1_m1
14046 8 -5 0 S1_m1
14047 8 -5 0 S1_m1
14049 8 -5 0 S1_m1
14053 8 -5 0 S1_m1
14054 8 -5 0 S1_m1
14055 8 -5 0 S1_m1
14057 8 -5 0 S1_m1
14060 8 -5 0 S1_m1
14061 8 -5 0 S1_m1
14062 8 -5 0 S1_m1
14037 9 -5 0 S1_m1
14038 9 -5 0 S1_m1
14039 9 -5 0 S1_m1
14042 9 -5 0 S1_m1
14043 9 -5 66.5452489683445 S1_m1
14046 9 -5 0 S1_m1
14047 9 -5 0 S1_m1
14049 9 -5 0 S1_m1
14053 9 -5 0 S1_m1
14054 9 -5 0 S1_m1
14055 9 -5 0 S1_m1
14057 9 -5 0 S1_m1
14060 9 -5 0 S1_m1
14061 9 -5 0 S1_m1
14062 9 -5 0 S1_m1
14037 10 -5 0 S1_m1
14038 10 -5 0 S1_m1
14039 10 -5 0 S1_m1
14042 10 -5 0 S1_m1
14043 10 -5 132.031921798285 S1_m1
14046 10 -5 0 S1_m1
14047 10 -5 0 S1_m1
14049 10 -5 0 S1_m1
14053 10 -5 0 S1_m1
14054 10 -5 0 S1_m1
14055 10 -5 0 S1_m1
14057 10 -5 0 S1_m1
14060 10 -5 0 S1_m1
14061 10 -5 0 S1_m1
14062 10 -5 0 S1_m1
14037 11 -5 0 S1_m1
14038 11 -5 0 S1_m1
14039 11 -5 0 S1_m1
14042 11 -5 0 S1_m1
14043 11 -5 0 S1_m1
14046 11 -5 0 S1_m1
14047 11 -5 0 S1_m1
14049 11 -5 0 S1_m1
14053 11 -5 0 S1_m1
14054 11 -5 0 S1_m1
14055 11 -5 0 S1_m1
14057 11 -5 0 S1_m1
14060 11 -5 0 S1_m1
14061 11 -5 0 S1_m1
14062 11 -5 0 S1_m1
14037 12 -5 0 S1_m1
14038 12 -5 0 S1_m1
14039 12 -5 0 S1_m1
14042 12 -5 0 S1_m1
14043 12 -5 0 S1_m1
14046 12 -5 0 S1_m1
14047 12 -5 0 S1_m1
14049 12 -5 0 S1_m1
14053 12 -5 0 S1_m1
14054 12 -5 0 S1_m1
14055 12 -5 0 S1_m1
14057 12 -5 0 S1_m1
14060 12 -5 0 S1_m1
14061 12 -5 0 S1_m1
14062 12 -5 0 S1_m1
14037 13 -5 0 S1_m1
14038 13 -5 0 S1_m1
14039 13 -5 0 S1_m1
14042 13 -5 0 S1_m1
14043 13 -5 0 S1_m1
14046 13 -5 0 S1_m1
14047 13 -5 0 S1_m1
14049 13 -5 0 S1_m1
14053 13 -5 0 S1_m1
14054 13 -5 0 S1_m1
14055 13 -5 0 S1_m1
14057 13 -5 0 S1_m1
14060 13 -5 0 S1_m1
14061 13 -5 0 S1_m1
14062 13 -5 0 S1_m1
14037 14 -5 0 S1_m1
14038 14 -5 0 S1_m1
14039 14 -5 0 S1_m1
14042 14 -5 0 S1_m1
14043 14 -5 0 S1_m1
14046 14 -5 0 S1_m1
14047 14 -5 0 S1_m1
14049 14 -5 0 S1_m1
14053 14 -5 0 S1_m1
14054 14 -5 0 S1_m1
14055 14 -5 0 S1_m1
14057 14 -5 0 S1_m1
14060 14 -5 0 S1_m1
14061 14 -5 0 S1_m1
14062 14 -5 0 S1_m1
14037 15 -5 0 S1_m1
14038 15 -5 68.0191152844183 S1_m1
14039 15 -5 27.6006096412057 S1_m1
14042 15 -5 2.16406606327102 S1_m1
14043 15 -5 412.857322347037 S1_m1
14046 15 -5 85.1027292513508 S1_m1
14047 15 -5 0 S1_m1
14049 15 -5 0 S1_m1
14053 15 -5 52.2499904502536 S1_m1
14054 15 -5 29.0653964722701 S1_m1
14055 15 -5 16.1474727584083 S1_m1
14057 15 -5 0 S1_m1
14060 15 -5 29.9816225643414 S1_m1
14061 15 -5 57.9789170441201 S1_m1
14062 15 -5 41.0146786716511 S1_m1
14037 16 -5 0 S1_m1
14038 16 -5 3.78955624387297 S1_m1
14039 16 -5 0 S1_m1
14042 16 -5 0 S1_m1
14043 16 -5 215.492269882785 S1_m1
14046 16 -5 1.04457392034267 S1_m1
14047 16 -5 0 S1_m1
14049 16 -5 0 S1_m1
14053 16 -5 0 S1_m1
14054 16 -5 0 S1_m1
14055 16 -5 0 S1_m1
14057 16 -5 0 S1_m1
14060 16 -5 0 S1_m1
14061 16 -5 0 S1_m1
14062 16 -5 0 S1_m1
14037 17 -5 0 S1_m1
14038 17 -5 0 S1_m1
14039 17 -5 0 S1_m1
14042 17 -5 0 S1_m1
14043 17 -5 88.8212839828793 S1_m1
14046 17 -5 0 S1_m1
14047 17 -5 0 S1_m1
14049 17 -5 0 S1_m1
14053 17 -5 0 S1_m1
14054 17 -5 0 S1_m1
14055 17 -5 0 S1_m1
14057 17 -5 0 S1_m1
14060 17 -5 0 S1_m1
14061 17 -5 0 S1_m1
14062 17 -5 0 S1_m1
14037 18 -5 0 S1_m1
14038 18 -5 0 S1_m1
14039 18 -5 0 S1_m1
14042 18 -5 0 S1_m1
14043 18 -5 1.76663287030531 S1_m1
14046 18 -5 0 S1_m1
14047 18 -5 0 S1_m1
14049 18 -5 0 S1_m1
14053 18 -5 0 S1_m1
14054 18 -5 0 S1_m1
14055 18 -5 0 S1_m1
14057 18 -5 0 S1_m1
14060 18 -5 0 S1_m1
14061 18 -5 0 S1_m1
14062 18 -5 0 S1_m1
14037 19 -5 0 S1_m1
14038 19 -5 0 S1_m1
14039 19 -5 0 S1_m1
14042 19 -5 0 S1_m1
14043 19 -5 134.250817416635 S1_m1
14046 19 -5 0 S1_m1
14047 19 -5 0 S1_m1
14049 19 -5 0 S1_m1
14053 19 -5 0 S1_m1
14054 19 -5 0 S1_m1
14055 19 -5 0 S1_m1
14057 19 -5 0 S1_m1
14060 19 -5 0 S1_m1
14061 19 -5 0 S1_m1
14062 19 -5 0 S1_m1
14037 20 -5 0 S1_m1
14038 20 -5 41.2261113806878 S1_m1
14039 20 -5 4.99034693886808 S1_m1
14042 20 -5 0 S1_m1
14043 20 -5 326.96746760959 S1_m1
14046 20 -5 40.1893104411269 S1_m1
14047 20 -5 0 S1_m1
14049 20 -5 0 S1_m1
14053 20 -5 12.2464259801351 S1_m1
14054 20 -5 6.11351572550785 S1_m1
14055 20 -5 2.72697295780227 S1_m1
14057 20 -5 0 S1_m1
14060 20 -5 13.1717774596477 S1_m1
14061 20 -5 25.9219419355172 S1_m1
14062 20 -5 5.40618931182402 S1_m1
14037 21 -5 0 S1_m1
14038 21 -5 0 S1_m1
14039 21 -5 0 S1_m1
14042 21 -5 0 S1_m1
14043 21 -5 93.6817663601236 S1_m1
14046 21 -5 0 S1_m1
14047 21 -5 0 S1_m1
14049 21 -5 0 S1_m1
14053 21 -5 0 S1_m1
14054 21 -5 0 S1_m1
14055 21 -5 0 S1_m1
14057 21 -5 0 S1_m1
14060 21 -5 0 S1_m1
14061 21 -5 0 S1_m1
14062 21 -5 0 S1_m1
14037 22 -5 0 S1_m1
14038 22 -5 0 S1_m1
14039 22 -5 0 S1_m1
14042 22 -5 0 S1_m1
14043 22 -5 125.340404722817 S1_m1
14046 22 -5 0 S1_m1
14047 22 -5 0 S1_m1
14049 22 -5 0 S1_m1
14053 22 -5 0 S1_m1
14054 22 -5 0 S1_m1
14055 22 -5 0 S1_m1
14057 22 -5 0 S1_m1
14060 22 -5 0 S1_m1
14061 22 -5 0 S1_m1
14062 22 -5 0 S1_m1
14037 23 -5 0 S1_m1
14038 23 -5 0 S1_m1
14039 23 -5 0 S1_m1
14042 23 -5 0 S1_m1
14043 23 -5 123.817493799046 S1_m1
14046 23 -5 0 S1_m1
14047 23 -5 0 S1_m1
14049 23 -5 0 S1_m1
14053 23 -5 0 S1_m1
14054 23 -5 0 S1_m1
14055 23 -5 0 S1_m1
14057 23 -5 0 S1_m1
14060 23 -5 0 S1_m1
14061 23 -5 0 S1_m1
14062 23 -5 0 S1_m1
14037 24 -5 0 S1_m1
14038 24 -5 0 S1_m1
14039 24 -5 0 S1_m1
14042 24 -5 0 S1_m1
14043 24 -5 113.644198781936 S1_m1
14046 24 -5 0 S1_m1
14047 24 -5 0 S1_m1
14049 24 -5 0 S1_m1
14053 24 -5 0 S1_m1
14054 24 -5 0 S1_m1
14055 24 -5 0 S1_m1
14057 24 -5 0 S1_m1
14060 24 -5 0 S1_m1
14061 24 -5 0 S1_m1
14062 24 -5 0 S1_m1
14037 25 -5 0 S1_m1
14038 25 -5 0 S1_m1
14039 25 -5 0 S1_m1
14042 25 -5 0 S1_m1
14043 25 -5 0 S1_m1
14046 25 -5 0 S1_m1
14047 25 -5 0 S1_m1
14049 25 -5 0 S1_m1
14053 25 -5 0 S1_m1
14054 25 -5 0 S1_m1
14055 25 -5 0 S1_m1
14057 25 -5 0 S1_m1
14060 25 -5 0 S1_m1
14061 25 -5 0 S1_m1
14062 25 -5 0 S1_m1
14037 26 -5 0 S1_m1
14038 26 -5 0 S1_m1
14039 26 -5 0 S1_m1
14042 26 -5 0 S1_m1
14043 26 -5 188.806386535781 S1_m1
14046 26 -5 0 S1_m1
14047 26 -5 0 S1_m1
14049 26 -5 0 S1_m1
14053 26 -5 0 S1_m1
14054 26 -5 0 S1_m1
14055 26 -5 0 S1_m1
14057 26 -5 0 S1_m1
14060 26 -5 0 S1_m1
14061 26 -5 0 S1_m1
14062 26 -5 0 S1_m1
14037 27 -5 0 S1_m1
14038 27 -5 0 S1_m1
14039 27 -5 0 S1_m1
14042 27 -5 0 S1_m1
14043 27 -5 0 S1_m1
14046 27 -5 0 S1_m1
14047 27 -5 0 S1_m1
14049 27 -5 0 S1_m1
14053 27 -5 0 S1_m1
14054 27 -5 0 S1_m1
14055 27 -5 0 S1_m1
14057 27 -5 0 S1_m1
14060 27 -5 0 S1_m1
14061 27 -5 0 S1_m1
14062 27 -5 0 S1_m1
14037 28 -5 0 S1_m1
14038 28 -5 4.6612596172142 S1_m1
14039 28 -5 0 S1_m1
14042 28 -5 0 S1_m1
14043 28 -5 226.474918263933 S1_m1
14046 28 -5 1.45259174918421 S1_m1
14047 28 -5 0 S1_m1
14049 28 -5 0 S1_m1
14053 28 -5 0 S1_m1
14054 28 -5 0 S1_m1
14055 28 -5 0 S1_m1
14057 28 -5 0 S1_m1
14060 28 -5 0 S1_m1
14061 28 -5 1.05781792770616 S1_m1
14062 28 -5 0 S1_m1
14037 29 -5 0 S1_m1
14038 29 -5 0 S1_m1
14039 29 -5 0 S1_m1
14042 29 -5 0 S1_m1
14043 29 -5 0 S1_m1
14046 29 -5 0 S1_m1
14047 29 -5 0 S1_m1
14049 29 -5 0 S1_m1
14053 29 -5 0 S1_m1
14054 29 -5 0 S1_m1
14055 29 -5 0 S1_m1
14057 29 -5 0 S1_m1
14060 29 -5 0 S1_m1
14061 29 -5 0 S1_m1
14062 29 -5 0 S1_m1
14037 30 -5 0 S1_m1
14038 30 -5 0 S1_m1
14039 30 -5 0 S1_m1
14042 30 -5 0 S1_m1
14043 30 -5 0 S1_m1
14046 30 -5 0 S1_m1
14047 30 -5 0 S1_m1
14049 30 -5 0 S1_m1
14053 30 -5 0 S1_m1
14054 30 -5 0 S1_m1
14055 30 -5 0 S1_m1
14057 30 -5 0 S1_m1
14060 30 -5 0 S1_m1
14061 30 -5 0 S1_m1
14062 30 -5 0 S1_m1
14037 31 -5 0 S1_m1
14038 31 -5 0 S1_m1
14039 31 -5 0 S1_m1
14042 31 -5 0 S1_m1
14043 31 -5 0 S1_m1
14046 31 -5 0 S1_m1
14047 31 -5 0 S1_m1
14049 31 -5 0 S1_m1
14053 31 -5 0 S1_m1
14054 31 -5 0 S1_m1
14055 31 -5 0 S1_m1
14057 31 -5 0 S1_m1
14060 31 -5 0 S1_m1
14061 31 -5 0 S1_m1
14062 31 -5 0 S1_m1
