speciesID lakeID variable value scenario
15023 1 -0.5 723.344167068501 S2_2
15024 1 -0.5 90.1875044137175 S2_2
15025 1 -0.5 0 S2_2
15026 1 -0.5 0 S2_2
15027 1 -0.5 135.342467523371 S2_2
15028 1 -0.5 0 S2_2
15029 1 -0.5 476.293748042775 S2_2
15030 1 -0.5 0 S2_2
15032 1 -0.5 0 S2_2
15033 1 -0.5 220.565075126317 S2_2
15035 1 -0.5 53.1506766101138 S2_2
15036 1 -0.5 287.667457123247 S2_2
15037 1 -0.5 0 S2_2
15039 1 -0.5 18.9453904356561 S2_2
15041 1 -0.5 0 S2_2
15023 2 -0.5 218.035142162664 S2_2
15024 2 -0.5 0 S2_2
15025 2 -0.5 0 S2_2
15026 2 -0.5 0 S2_2
15027 2 -0.5 17.0573680530709 S2_2
15028 2 -0.5 0 S2_2
15029 2 -0.5 33.463762983324 S2_2
15030 2 -0.5 0 S2_2
15032 2 -0.5 0 S2_2
15033 2 -0.5 0 S2_2
15035 2 -0.5 0 S2_2
15036 2 -0.5 45.550872945566 S2_2
15037 2 -0.5 0 S2_2
15039 2 -0.5 0 S2_2
15041 2 -0.5 0 S2_2
15023 3 -0.5 525.845907233139 S2_2
15024 3 -0.5 37.3092731224893 S2_2
15025 3 -0.5 0 S2_2
15026 3 -0.5 0 S2_2
15027 3 -0.5 84.8355580883464 S2_2
15028 3 -0.5 0 S2_2
15029 3 -0.5 232.154465485469 S2_2
15030 3 -0.5 0 S2_2
15032 3 -0.5 0 S2_2
15033 3 -0.5 48.4992656660519 S2_2
15035 3 -0.5 0 S2_2
15036 3 -0.5 211.621342469236 S2_2
15037 3 -0.5 0 S2_2
15039 3 -0.5 2.05550371158212 S2_2
15041 3 -0.5 0 S2_2
15023 4 -0.5 664.08223280827 S2_2
15024 4 -0.5 74.0202735457052 S2_2
15025 4 -0.5 0 S2_2
15026 4 -0.5 0 S2_2
15027 4 -0.5 113.156701829899 S2_2
15028 4 -0.5 0 S2_2
15029 4 -0.5 377.909462813259 S2_2
15030 4 -0.5 0 S2_2
15032 4 -0.5 0 S2_2
15033 4 -0.5 151.744002413805 S2_2
15035 4 -0.5 36.3592557891757 S2_2
15036 4 -0.5 270.111475832309 S2_2
15037 4 -0.5 0 S2_2
15039 4 -0.5 15.4007677383521 S2_2
15041 4 -0.5 0 S2_2
15023 5 -0.5 0 S2_2
15024 5 -0.5 0 S2_2
15025 5 -0.5 0 S2_2
15026 5 -0.5 0 S2_2
15027 5 -0.5 0 S2_2
15028 5 -0.5 0 S2_2
15029 5 -0.5 0 S2_2
15030 5 -0.5 0 S2_2
15032 5 -0.5 0 S2_2
15033 5 -0.5 0 S2_2
15035 5 -0.5 0 S2_2
15036 5 -0.5 0 S2_2
15037 5 -0.5 0 S2_2
15039 5 -0.5 0 S2_2
15041 5 -0.5 0 S2_2
15023 6 -0.5 666.980961223425 S2_2
15024 6 -0.5 93.4683851854086 S2_2
15025 6 -0.5 0 S2_2
15026 6 -0.5 0 S2_2
15027 6 -0.5 146.181951943688 S2_2
15028 6 -0.5 0 S2_2
15029 6 -0.5 380.987727360158 S2_2
15030 6 -0.5 0 S2_2
15032 6 -0.5 0 S2_2
15033 6 -0.5 160.548774179384 S2_2
15035 6 -0.5 50.4905680527055 S2_2
15036 6 -0.5 298.938268929731 S2_2
15037 6 -0.5 0 S2_2
15039 6 -0.5 37.641303182885 S2_2
15041 6 -0.5 0 S2_2
15023 7 -0.5 221.85528843794 S2_2
15024 7 -0.5 0 S2_2
15025 7 -0.5 0 S2_2
15026 7 -0.5 0 S2_2
15027 7 -0.5 19.2899492192855 S2_2
15028 7 -0.5 0 S2_2
15029 7 -0.5 37.0334743575734 S2_2
15030 7 -0.5 0 S2_2
15032 7 -0.5 0 S2_2
15033 7 -0.5 0 S2_2
15035 7 -0.5 0 S2_2
15036 7 -0.5 48.7341400148698 S2_2
15037 7 -0.5 0 S2_2
15039 7 -0.5 0 S2_2
15041 7 -0.5 0 S2_2
15023 8 -0.5 673.944978555807 S2_2
15024 8 -0.5 96.7112470313537 S2_2
15025 8 -0.5 0 S2_2
15026 8 -0.5 0 S2_2
15027 8 -0.5 141.183096009097 S2_2
15028 8 -0.5 0 S2_2
15029 8 -0.5 431.540078707359 S2_2
15030 8 -0.5 0 S2_2
15032 8 -0.5 0 S2_2
15033 8 -0.5 211.428206721578 S2_2
15035 8 -0.5 59.679833953258 S2_2
15036 8 -0.5 289.003319768486 S2_2
15037 8 -0.5 0 S2_2
15039 8 -0.5 29.0197291875057 S2_2
15041 8 -0.5 0 S2_2
15023 9 -0.5 647.659384302842 S2_2
15024 9 -0.5 77.7268327101056 S2_2
15025 9 -0.5 0 S2_2
15026 9 -0.5 0 S2_2
15027 9 -0.5 123.015066458663 S2_2
15028 9 -0.5 0 S2_2
15029 9 -0.5 358.046473783159 S2_2
15030 9 -0.5 0 S2_2
15032 9 -0.5 0 S2_2
15033 9 -0.5 140.834197950371 S2_2
15035 9 -0.5 32.9407738322845 S2_2
15036 9 -0.5 276.249436414463 S2_2
15037 9 -0.5 0 S2_2
15039 9 -0.5 21.5177499626318 S2_2
15041 9 -0.5 0 S2_2
15023 10 -0.5 713.341568721402 S2_2
15024 10 -0.5 99.1731698374376 S2_2
15025 10 -0.5 0 S2_2
15026 10 -0.5 0 S2_2
15027 10 -0.5 146.132727311484 S2_2
15028 10 -0.5 0 S2_2
15029 10 -0.5 452.934742152438 S2_2
15030 10 -0.5 0 S2_2
15032 10 -0.5 0 S2_2
15033 10 -0.5 212.155139732573 S2_2
15035 10 -0.5 64.8360606296399 S2_2
15036 10 -0.5 302.413901748466 S2_2
15037 10 -0.5 0 S2_2
15039 10 -0.5 31.7088027473508 S2_2
15041 10 -0.5 0 S2_2
15023 11 -0.5 656.055703165912 S2_2
15024 11 -0.5 53.6468964042505 S2_2
15025 11 -0.5 0 S2_2
15026 11 -0.5 0 S2_2
15027 11 -0.5 80.2238471477563 S2_2
15028 11 -0.5 0 S2_2
15029 11 -0.5 397.844384153799 S2_2
15030 11 -0.5 0 S2_2
15032 11 -0.5 0 S2_2
15033 11 -0.5 164.642101488511 S2_2
15035 11 -0.5 16.3870441778947 S2_2
15036 11 -0.5 220.358474711108 S2_2
15037 11 -0.5 0 S2_2
15039 11 -0.5 2.03340497999033 S2_2
15041 11 -0.5 0 S2_2
15023 12 -0.5 604.993908133265 S2_2
15024 12 -0.5 51.1278777389905 S2_2
15025 12 -0.5 0 S2_2
15026 12 -0.5 0 S2_2
15027 12 -0.5 76.0643717989989 S2_2
15028 12 -0.5 0 S2_2
15029 12 -0.5 364.793222193286 S2_2
15030 12 -0.5 0 S2_2
15032 12 -0.5 0 S2_2
15033 12 -0.5 159.909236678278 S2_2
15035 12 -0.5 11.5640312688888 S2_2
15036 12 -0.5 205.513539432472 S2_2
15037 12 -0.5 0 S2_2
15039 12 -0.5 1.7034418484472 S2_2
15041 12 -0.5 0 S2_2
15023 13 -0.5 460.488164189177 S2_2
15024 13 -0.5 37.927245923528 S2_2
15025 13 -0.5 0 S2_2
15026 13 -0.5 0 S2_2
15027 13 -0.5 64.5257184394625 S2_2
15028 13 -0.5 0 S2_2
15029 13 -0.5 222.060130154875 S2_2
15030 13 -0.5 0 S2_2
15032 13 -0.5 0 S2_2
15033 13 -0.5 67.8144311745924 S2_2
15035 13 -0.5 0 S2_2
15036 13 -0.5 190.870596963816 S2_2
15037 13 -0.5 0 S2_2
15039 13 -0.5 2.09498793478232 S2_2
15041 13 -0.5 0 S2_2
15023 14 -0.5 412.518397436563 S2_2
15024 14 -0.5 15.7288963260088 S2_2
15025 14 -0.5 0 S2_2
15026 14 -0.5 0 S2_2
15027 14 -0.5 80.9616401215243 S2_2
15028 14 -0.5 0 S2_2
15029 14 -0.5 167.54214560575 S2_2
15030 14 -0.5 0 S2_2
15032 14 -0.5 0 S2_2
15033 14 -0.5 5.43948500470176 S2_2
15035 14 -0.5 0 S2_2
15036 14 -0.5 170.982449362558 S2_2
15037 14 -0.5 0 S2_2
15039 14 -0.5 0 S2_2
15041 14 -0.5 0 S2_2
15023 15 -0.5 758.128700434486 S2_2
15024 15 -0.5 127.956764514979 S2_2
15025 15 -0.5 0 S2_2
15026 15 -0.5 0 S2_2
15027 15 -0.5 186.987149923886 S2_2
15028 15 -0.5 0 S2_2
15029 15 -0.5 499.152125327023 S2_2
15030 15 -0.5 0 S2_2
15032 15 -0.5 0 S2_2
15033 15 -0.5 247.26970664196 S2_2
15035 15 -0.5 96.8012905154472 S2_2
15036 15 -0.5 344.15457819135 S2_2
15037 15 -0.5 0 S2_2
15039 15 -0.5 60.6160389179503 S2_2
15041 15 -0.5 0 S2_2
15023 16 -0.5 710.290252005888 S2_2
15024 16 -0.5 111.072984893027 S2_2
15025 16 -0.5 0 S2_2
15026 16 -0.5 0 S2_2
15027 16 -0.5 163.032027655366 S2_2
15028 16 -0.5 0 S2_2
15029 16 -0.5 474.165111404427 S2_2
15030 16 -0.5 0 S2_2
15032 16 -0.5 0 S2_2
15033 16 -0.5 241.046560932527 S2_2
15035 16 -0.5 73.2640740122293 S2_2
15036 16 -0.5 309.80230560423 S2_2
15037 16 -0.5 0 S2_2
15039 16 -0.5 39.3991264593351 S2_2
15041 16 -0.5 0 S2_2
15023 17 -0.5 568.736074978562 S2_2
15024 17 -0.5 71.1152322988605 S2_2
15025 17 -0.5 0 S2_2
15026 17 -0.5 0 S2_2
15027 17 -0.5 119.313738646983 S2_2
15028 17 -0.5 0 S2_2
15029 17 -0.5 299.755025435776 S2_2
15030 17 -0.5 0 S2_2
15032 17 -0.5 0 S2_2
15033 17 -0.5 112.374849820198 S2_2
15035 17 -0.5 8.1155165159748 S2_2
15036 17 -0.5 256.133373334526 S2_2
15037 17 -0.5 0 S2_2
15039 17 -0.5 18.9506283257746 S2_2
15041 17 -0.5 0 S2_2
15023 18 -0.5 658.669240549907 S2_2
15024 18 -0.5 75.7003179528907 S2_2
15025 18 -0.5 0 S2_2
15026 18 -0.5 0 S2_2
15027 18 -0.5 112.825853091584 S2_2
15028 18 -0.5 0 S2_2
15029 18 -0.5 420.925361023264 S2_2
15030 18 -0.5 0 S2_2
15032 18 -0.5 0 S2_2
15033 18 -0.5 199.438942721309 S2_2
15035 18 -0.5 35.9881391517082 S2_2
15036 18 -0.5 254.932157800089 S2_2
15037 18 -0.5 0 S2_2
15039 18 -0.5 9.71525425519519 S2_2
15041 18 -0.5 0 S2_2
15023 19 -0.5 701.091311212178 S2_2
15024 19 -0.5 96.6559615835361 S2_2
15025 19 -0.5 0 S2_2
15026 19 -0.5 0 S2_2
15027 19 -0.5 142.800268500086 S2_2
15028 19 -0.5 0 S2_2
15029 19 -0.5 436.956492369366 S2_2
15030 19 -0.5 0 S2_2
15032 19 -0.5 0 S2_2
15033 19 -0.5 202.174074083998 S2_2
15035 19 -0.5 62.3826702139719 S2_2
15036 19 -0.5 298.837470896819 S2_2
15037 19 -0.5 0 S2_2
15039 19 -0.5 31.1792770549017 S2_2
15041 19 -0.5 0 S2_2
15023 20 -0.5 728.624847426895 S2_2
15024 20 -0.5 121.073646379589 S2_2
15025 20 -0.5 0 S2_2
15026 20 -0.5 0 S2_2
15027 20 -0.5 176.728294967387 S2_2
15028 20 -0.5 0 S2_2
15029 20 -0.5 487.18735655347 S2_2
15030 20 -0.5 0 S2_2
15032 20 -0.5 0 S2_2
15033 20 -0.5 249.120463099633 S2_2
15035 20 -0.5 85.7916036662011 S2_2
15036 20 -0.5 326.533346827526 S2_2
15037 20 -0.5 0 S2_2
15039 20 -0.5 50.8708408963627 S2_2
15041 20 -0.5 0 S2_2
15023 21 -0.5 709.952671509946 S2_2
15024 21 -0.5 92.7239306149192 S2_2
15025 21 -0.5 0 S2_2
15026 21 -0.5 0 S2_2
15027 21 -0.5 137.523190183645 S2_2
15028 21 -0.5 0 S2_2
15029 21 -0.5 440.207880933542 S2_2
15030 21 -0.5 0 S2_2
15032 21 -0.5 0 S2_2
15033 21 -0.5 197.574813343823 S2_2
15035 21 -0.5 59.0573960386173 S2_2
15036 21 -0.5 296.467575943983 S2_2
15037 21 -0.5 0 S2_2
15039 21 -0.5 27.2013993783251 S2_2
15041 21 -0.5 0 S2_2
15023 22 -0.5 745.473930481449 S2_2
15024 22 -0.5 107.163587240285 S2_2
15025 22 -0.5 0 S2_2
15026 22 -0.5 0 S2_2
15027 22 -0.5 159.176075451207 S2_2
15028 22 -0.5 0 S2_2
15029 22 -0.5 500.366754523724 S2_2
15030 22 -0.5 0 S2_2
15032 22 -0.5 0 S2_2
15033 22 -0.5 239.898163078806 S2_2
15035 22 -0.5 69.9410247425317 S2_2
15036 22 -0.5 312.234596788503 S2_2
15037 22 -0.5 0 S2_2
15039 22 -0.5 33.3526867697174 S2_2
15041 22 -0.5 0 S2_2
15023 23 -0.5 709.235301526503 S2_2
15024 23 -0.5 93.7604516338132 S2_2
15025 23 -0.5 0 S2_2
15026 23 -0.5 0 S2_2
15027 23 -0.5 142.936277858745 S2_2
15028 23 -0.5 0 S2_2
15029 23 -0.5 419.956359569215 S2_2
15030 23 -0.5 0 S2_2
15032 23 -0.5 0 S2_2
15033 23 -0.5 176.909296252447 S2_2
15035 23 -0.5 58.88107896517 S2_2
15036 23 -0.5 304.216839932912 S2_2
15037 23 -0.5 0 S2_2
15039 23 -0.5 33.0766147002564 S2_2
15041 23 -0.5 0 S2_2
15023 24 -0.5 726.988253504872 S2_2
15024 24 -0.5 98.6670030881431 S2_2
15025 24 -0.5 0 S2_2
15026 24 -0.5 0 S2_2
15027 24 -0.5 145.735513422106 S2_2
15028 24 -0.5 0 S2_2
15029 24 -0.5 462.18903300259 S2_2
15030 24 -0.5 0 S2_2
15032 24 -0.5 0 S2_2
15033 24 -0.5 211.486788750778 S2_2
15035 24 -0.5 65.0125990402101 S2_2
15036 24 -0.5 304.961185241147 S2_2
15037 24 -0.5 0 S2_2
15039 24 -0.5 30.8134728805722 S2_2
15041 24 -0.5 0 S2_2
15023 25 -0.5 422.336432480677 S2_2
15024 25 -0.5 14.8410795034816 S2_2
15025 25 -0.5 0 S2_2
15026 25 -0.5 0 S2_2
15027 25 -0.5 79.5691944296004 S2_2
15028 25 -0.5 0 S2_2
15029 25 -0.5 168.807558265561 S2_2
15030 25 -0.5 0 S2_2
15032 25 -0.5 0 S2_2
15033 25 -0.5 4.84943003908839 S2_2
15035 25 -0.5 0 S2_2
15036 25 -0.5 170.742862032045 S2_2
15037 25 -0.5 0 S2_2
15039 25 -0.5 0 S2_2
15041 25 -0.5 0 S2_2
15023 26 -0.5 736.882847858783 S2_2
15024 26 -0.5 112.174270892523 S2_2
15025 26 -0.5 0 S2_2
15026 26 -0.5 0 S2_2
15027 26 -0.5 165.38404421014 S2_2
15028 26 -0.5 0 S2_2
15029 26 -0.5 492.879138080353 S2_2
15030 26 -0.5 0 S2_2
15032 26 -0.5 0 S2_2
15033 26 -0.5 243.775355545221 S2_2
15035 26 -0.5 75.3446023416728 S2_2
15036 26 -0.5 317.010193415613 S2_2
15037 26 -0.5 0 S2_2
15039 26 -0.5 39.4865806805199 S2_2
15041 26 -0.5 0 S2_2
15023 27 -0.5 198.832911222841 S2_2
15024 27 -0.5 0 S2_2
15025 27 -0.5 0 S2_2
15026 27 -0.5 0 S2_2
15027 27 -0.5 7.53031541135373 S2_2
15028 27 -0.5 0 S2_2
15029 27 -0.5 17.2920496230429 S2_2
15030 27 -0.5 0 S2_2
15032 27 -0.5 0 S2_2
15033 27 -0.5 0 S2_2
15035 27 -0.5 0 S2_2
15036 27 -0.5 28.0707742133735 S2_2
15037 27 -0.5 0 S2_2
15039 27 -0.5 0 S2_2
15041 27 -0.5 0 S2_2
15023 28 -0.5 756.286132065331 S2_2
15024 28 -0.5 119.033317416937 S2_2
15025 28 -0.5 0 S2_2
15026 28 -0.5 0 S2_2
15027 28 -0.5 175.958326660273 S2_2
15028 28 -0.5 0 S2_2
15029 28 -0.5 513.577875943494 S2_2
15030 28 -0.5 0 S2_2
15032 28 -0.5 0 S2_2
15033 28 -0.5 254.607327474591 S2_2
15035 28 -0.5 82.1802353287113 S2_2
15036 28 -0.5 327.836832137457 S2_2
15037 28 -0.5 0 S2_2
15039 28 -0.5 44.8302553619599 S2_2
15041 28 -0.5 0 S2_2
15023 29 -0.5 571.968086828526 S2_2
15024 29 -0.5 55.0436018700438 S2_2
15025 29 -0.5 0 S2_2
15026 29 -0.5 0 S2_2
15027 29 -0.5 86.620449148291 S2_2
15028 29 -0.5 0 S2_2
15029 29 -0.5 299.158596196655 S2_2
15030 29 -0.5 0 S2_2
15032 29 -0.5 0 S2_2
15033 29 -0.5 108.820613296849 S2_2
15035 29 -0.5 8.8822112393873 S2_2
15036 29 -0.5 229.524180691342 S2_2
15037 29 -0.5 0 S2_2
15039 29 -0.5 5.81236436138597 S2_2
15041 29 -0.5 0 S2_2
15023 30 -0.5 403.787329116758 S2_2
15024 30 -0.5 12.1345085727262 S2_2
15025 30 -0.5 0 S2_2
15026 30 -0.5 0 S2_2
15027 30 -0.5 73.8002206120454 S2_2
15028 30 -0.5 0 S2_2
15029 30 -0.5 159.873528361767 S2_2
15030 30 -0.5 0 S2_2
15032 30 -0.5 0 S2_2
15033 30 -0.5 3.94108790734083 S2_2
15035 30 -0.5 0 S2_2
15036 30 -0.5 163.844675392558 S2_2
15037 30 -0.5 0 S2_2
15039 30 -0.5 0 S2_2
15041 30 -0.5 0 S2_2
15023 31 -0.5 608.947259246953 S2_2
15024 31 -0.5 35.4217947140996 S2_2
15025 31 -0.5 0 S2_2
15026 31 -0.5 0 S2_2
15027 31 -0.5 111.271696667647 S2_2
15028 31 -0.5 0 S2_2
15029 31 -0.5 273.057395993926 S2_2
15030 31 -0.5 0 S2_2
15032 31 -0.5 0 S2_2
15033 31 -0.5 50.9878689192578 S2_2
15035 31 -0.5 0 S2_2
15036 31 -0.5 249.675977381541 S2_2
15037 31 -0.5 0 S2_2
15039 31 -0.5 2.02826460299694 S2_2
15041 31 -0.5 0 S2_2
15023 1 -1.5 165.909811383468 S2_2
15024 1 -1.5 2.89018905355669 S2_2
15025 1 -1.5 66.687230884938 S2_2
15026 1 -1.5 0 S2_2
15027 1 -1.5 0 S2_2
15028 1 -1.5 0 S2_2
15029 1 -1.5 115.002417106923 S2_2
15030 1 -1.5 0 S2_2
15032 1 -1.5 19.7406619990231 S2_2
15033 1 -1.5 10.2312702879429 S2_2
15035 1 -1.5 0 S2_2
15036 1 -1.5 19.4305568860953 S2_2
15037 1 -1.5 0 S2_2
15039 1 -1.5 0 S2_2
15041 1 -1.5 46.9834600326376 S2_2
15023 2 -1.5 167.846667624048 S2_2
15024 2 -1.5 0 S2_2
15025 2 -1.5 0 S2_2
15026 2 -1.5 0 S2_2
15027 2 -1.5 2.62575331300901 S2_2
15028 2 -1.5 0 S2_2
15029 2 -1.5 30.7076036263567 S2_2
15030 2 -1.5 0 S2_2
15032 2 -1.5 0 S2_2
15033 2 -1.5 0 S2_2
15035 2 -1.5 0 S2_2
15036 2 -1.5 12.6529038631575 S2_2
15037 2 -1.5 0 S2_2
15039 2 -1.5 0 S2_2
15041 2 -1.5 1.14411384585453 S2_2
15023 3 -1.5 247.774721269275 S2_2
15024 3 -1.5 3.7325484336673 S2_2
15025 3 -1.5 27.956543042812 S2_2
15026 3 -1.5 0 S2_2
15027 3 -1.5 0 S2_2
15028 3 -1.5 0 S2_2
15029 3 -1.5 102.964310604367 S2_2
15030 3 -1.5 0 S2_2
15032 3 -1.5 0 S2_2
15033 3 -1.5 0 S2_2
15035 3 -1.5 0 S2_2
15036 3 -1.5 56.7598264650396 S2_2
15037 3 -1.5 0 S2_2
15039 3 -1.5 0 S2_2
15041 3 -1.5 32.7960607488037 S2_2
15023 4 -1.5 219.288978896409 S2_2
15024 4 -1.5 5.92564372455142 S2_2
15025 4 -1.5 62.581438757584 S2_2
15026 4 -1.5 0 S2_2
15027 4 -1.5 0 S2_2
15028 4 -1.5 0 S2_2
15029 4 -1.5 122.442864096359 S2_2
15030 4 -1.5 0 S2_2
15032 4 -1.5 15.6440592026799 S2_2
15033 4 -1.5 5.84323140027472 S2_2
15035 4 -1.5 0 S2_2
15036 4 -1.5 42.3989199595546 S2_2
15037 4 -1.5 0 S2_2
15039 4 -1.5 0 S2_2
15041 4 -1.5 50.9895126497267 S2_2
15023 5 -1.5 0 S2_2
15024 5 -1.5 0 S2_2
15025 5 -1.5 0 S2_2
15026 5 -1.5 0 S2_2
15027 5 -1.5 0 S2_2
15028 5 -1.5 0 S2_2
15029 5 -1.5 0 S2_2
15030 5 -1.5 0 S2_2
15032 5 -1.5 0 S2_2
15033 5 -1.5 0 S2_2
15035 5 -1.5 0 S2_2
15036 5 -1.5 0 S2_2
15037 5 -1.5 0 S2_2
15039 5 -1.5 0 S2_2
15041 5 -1.5 0 S2_2
15023 6 -1.5 501.377892401969 S2_2
15024 6 -1.5 83.7444559926331 S2_2
15025 6 -1.5 188.857072261261 S2_2
15026 6 -1.5 0 S2_2
15027 6 -1.5 67.7902520052723 S2_2
15028 6 -1.5 3.53519942599334 S2_2
15029 6 -1.5 319.34045239497 S2_2
15030 6 -1.5 0 S2_2
15032 6 -1.5 92.1552606465067 S2_2
15033 6 -1.5 88.9158736893159 S2_2
15035 6 -1.5 31.0779787614486 S2_2
15036 6 -1.5 185.90457430554 S2_2
15037 6 -1.5 0 S2_2
15039 6 -1.5 2.49150334231537 S2_2
15041 6 -1.5 166.957084554803 S2_2
15023 7 -1.5 174.853937378024 S2_2
15024 7 -1.5 0 S2_2
15025 7 -1.5 0 S2_2
15026 7 -1.5 0 S2_2
15027 7 -1.5 3.56815468464748 S2_2
15028 7 -1.5 0 S2_2
15029 7 -1.5 36.8298583513506 S2_2
15030 7 -1.5 0 S2_2
15032 7 -1.5 0 S2_2
15033 7 -1.5 0 S2_2
15035 7 -1.5 0 S2_2
15036 7 -1.5 16.239030844968 S2_2
15037 7 -1.5 0 S2_2
15039 7 -1.5 0 S2_2
15041 7 -1.5 1.53607522970967 S2_2
15023 8 -1.5 361.054558841874 S2_2
15024 8 -1.5 42.8428361158085 S2_2
15025 8 -1.5 141.984643180838 S2_2
15026 8 -1.5 0 S2_2
15027 8 -1.5 10.1119113553351 S2_2
15028 8 -1.5 0 S2_2
15029 8 -1.5 226.319587118086 S2_2
15030 8 -1.5 0 S2_2
15032 8 -1.5 78.1014013615353 S2_2
15033 8 -1.5 63.8899841893021 S2_2
15035 8 -1.5 4.67195105466351 S2_2
15036 8 -1.5 96.6048853371405 S2_2
15037 8 -1.5 0 S2_2
15039 8 -1.5 0 S2_2
15041 8 -1.5 114.774868015694 S2_2
15023 9 -1.5 366.174862810882 S2_2
15024 9 -1.5 34.4780091907995 S2_2
15025 9 -1.5 106.331354346431 S2_2
15026 9 -1.5 0 S2_2
15027 9 -1.5 7.74281450246145 S2_2
15028 9 -1.5 0 S2_2
15029 9 -1.5 192.043551357259 S2_2
15030 9 -1.5 0 S2_2
15032 9 -1.5 37.2381230213439 S2_2
15033 9 -1.5 30.7748600884941 S2_2
15035 9 -1.5 1.53361225838102 S2_2
15036 9 -1.5 101.618151667257 S2_2
15037 9 -1.5 0 S2_2
15039 9 -1.5 0 S2_2
15041 9 -1.5 91.7941064605876 S2_2
15023 10 -1.5 364.734990320449 S2_2
15024 10 -1.5 37.3554524376489 S2_2
15025 10 -1.5 133.051214107012 S2_2
15026 10 -1.5 0 S2_2
15027 10 -1.5 7.31260468118888 S2_2
15028 10 -1.5 0 S2_2
15029 10 -1.5 216.31426780121 S2_2
15030 10 -1.5 0 S2_2
15032 10 -1.5 71.3593799634342 S2_2
15033 10 -1.5 55.1910198522867 S2_2
15035 10 -1.5 3.47308350166686 S2_2
15036 10 -1.5 91.4160694297142 S2_2
15037 10 -1.5 0 S2_2
15039 10 -1.5 0 S2_2
15041 10 -1.5 104.914349394075 S2_2
15023 11 -1.5 7.67877594229613 S2_2
15024 11 -1.5 0 S2_2
15025 11 -1.5 0 S2_2
15026 11 -1.5 0 S2_2
15027 11 -1.5 0 S2_2
15028 11 -1.5 0 S2_2
15029 11 -1.5 0 S2_2
15030 11 -1.5 0 S2_2
15032 11 -1.5 0 S2_2
15033 11 -1.5 0 S2_2
15035 11 -1.5 0 S2_2
15036 11 -1.5 0 S2_2
15037 11 -1.5 0 S2_2
15039 11 -1.5 0 S2_2
15041 11 -1.5 0 S2_2
15023 12 -1.5 11.5198195031722 S2_2
15024 12 -1.5 0 S2_2
15025 12 -1.5 0 S2_2
15026 12 -1.5 0 S2_2
15027 12 -1.5 0 S2_2
15028 12 -1.5 0 S2_2
15029 12 -1.5 1.69875964288746 S2_2
15030 12 -1.5 0 S2_2
15032 12 -1.5 0 S2_2
15033 12 -1.5 0 S2_2
15035 12 -1.5 0 S2_2
15036 12 -1.5 0 S2_2
15037 12 -1.5 0 S2_2
15039 12 -1.5 0 S2_2
15041 12 -1.5 0 S2_2
15023 13 -1.5 237.759382515892 S2_2
15024 13 -1.5 9.48389433052341 S2_2
15025 13 -1.5 48.2643917108511 S2_2
15026 13 -1.5 0 S2_2
15027 13 -1.5 0 S2_2
15028 13 -1.5 0 S2_2
15029 13 -1.5 117.191910693143 S2_2
15030 13 -1.5 0 S2_2
15032 13 -1.5 0 S2_2
15033 13 -1.5 1.99173545650094 S2_2
15035 13 -1.5 0 S2_2
15036 13 -1.5 60.1637034383002 S2_2
15037 13 -1.5 0 S2_2
15039 13 -1.5 0 S2_2
15041 13 -1.5 51.4238800894742 S2_2
15023 14 -1.5 326.100469895686 S2_2
15024 14 -1.5 27.0566760688973 S2_2
15025 14 -1.5 52.5170764768848 S2_2
15026 14 -1.5 0 S2_2
15027 14 -1.5 33.9214218377229 S2_2
15028 14 -1.5 4.18640973286225 S2_2
15029 14 -1.5 154.317820709304 S2_2
15030 14 -1.5 0 S2_2
15032 14 -1.5 0 S2_2
15033 14 -1.5 0 S2_2
15035 14 -1.5 0 S2_2
15036 14 -1.5 119.292780091486 S2_2
15037 14 -1.5 0 S2_2
15039 14 -1.5 0 S2_2
15041 14 -1.5 63.4575614048611 S2_2
15023 15 -1.5 602.744148318722 S2_2
15024 15 -1.5 124.101808327929 S2_2
15025 15 -1.5 307.454272536132 S2_2
15026 15 -1.5 54.5441662852065 S2_2
15027 15 -1.5 111.704782084368 S2_2
15028 15 -1.5 10.7773467115867 S2_2
15029 15 -1.5 464.78659125569 S2_2
15030 15 -1.5 0 S2_2
15032 15 -1.5 180.689432989069 S2_2
15033 15 -1.5 164.757639772463 S2_2
15035 15 -1.5 81.1990191501373 S2_2
15036 15 -1.5 236.505461454254 S2_2
15037 15 -1.5 0 S2_2
15039 15 -1.5 15.1739784997871 S2_2
15041 15 -1.5 252.327043026008 S2_2
15023 16 -1.5 438.485775350447 S2_2
15024 16 -1.5 64.440064907217 S2_2
15025 16 -1.5 199.597714322322 S2_2
15026 16 -1.5 2.06682789096958 S2_2
15027 16 -1.5 35.5982707203772 S2_2
15028 16 -1.5 0 S2_2
15029 16 -1.5 312.094203993624 S2_2
15030 16 -1.5 0 S2_2
15032 16 -1.5 106.302004290849 S2_2
15033 16 -1.5 96.3396335876639 S2_2
15035 16 -1.5 18.1094691590537 S2_2
15036 16 -1.5 128.86271578129 S2_2
15037 16 -1.5 0 S2_2
15039 16 -1.5 0 S2_2
15041 16 -1.5 159.235213067489 S2_2
15023 17 -1.5 442.490757261698 S2_2
15024 17 -1.5 74.3688460000392 S2_2
15025 17 -1.5 150.942369819588 S2_2
15026 17 -1.5 0 S2_2
15027 17 -1.5 59.1126364629557 S2_2
15028 17 -1.5 3.98315236047193 S2_2
15029 17 -1.5 265.259528141921 S2_2
15030 17 -1.5 0 S2_2
15032 17 -1.5 44.8230571720061 S2_2
15033 17 -1.5 63.5767561705657 S2_2
15035 17 -1.5 7.70533902616666 S2_2
15036 17 -1.5 174.720166981798 S2_2
15037 17 -1.5 0 S2_2
15039 17 -1.5 1.55042226671868 S2_2
15041 17 -1.5 141.447067742182 S2_2
15023 18 -1.5 115.651326691874 S2_2
15024 18 -1.5 0 S2_2
15025 18 -1.5 37.0682343254978 S2_2
15026 18 -1.5 0 S2_2
15027 18 -1.5 0 S2_2
15028 18 -1.5 0 S2_2
15029 18 -1.5 75.4437761520328 S2_2
15030 18 -1.5 0 S2_2
15032 18 -1.5 4.72689833326972 S2_2
15033 18 -1.5 1.87711192139456 S2_2
15035 18 -1.5 0 S2_2
15036 18 -1.5 3.36073650765713 S2_2
15037 18 -1.5 0 S2_2
15039 18 -1.5 0 S2_2
15041 18 -1.5 25.4602231247034 S2_2
15023 19 -1.5 374.528717995577 S2_2
15024 19 -1.5 40.1470280605371 S2_2
15025 19 -1.5 134.495956809654 S2_2
15026 19 -1.5 0 S2_2
15027 19 -1.5 9.06937404170195 S2_2
15028 19 -1.5 0 S2_2
15029 19 -1.5 220.933935177849 S2_2
15030 19 -1.5 0 S2_2
15032 19 -1.5 72.6985948088641 S2_2
15033 19 -1.5 55.9542321952865 S2_2
15035 19 -1.5 4.33360986798556 S2_2
15036 19 -1.5 97.6067869390751 S2_2
15037 19 -1.5 0 S2_2
15039 19 -1.5 0 S2_2
15041 19 -1.5 108.111086133836 S2_2
15023 20 -1.5 531.555526195104 S2_2
15024 20 -1.5 98.404637583277 S2_2
15025 20 -1.5 268.388233358622 S2_2
15026 20 -1.5 20.290788112072 S2_2
15027 20 -1.5 79.3583448375284 S2_2
15028 20 -1.5 1.677798073128 S2_2
15029 20 -1.5 406.346261412942 S2_2
15030 20 -1.5 0 S2_2
15032 20 -1.5 150.237777480641 S2_2
15033 20 -1.5 138.6462306663 S2_2
15035 20 -1.5 53.3806553051291 S2_2
15036 20 -1.5 186.990827935016 S2_2
15037 20 -1.5 0 S2_2
15039 20 -1.5 3.13865082511226 S2_2
15041 20 -1.5 218.666833873292 S2_2
15023 21 -1.5 317.148557967098 S2_2
15024 21 -1.5 24.4052662274929 S2_2
15025 21 -1.5 107.540361235452 S2_2
15026 21 -1.5 0 S2_2
15027 21 -1.5 2.32825718596858 S2_2
15028 21 -1.5 0 S2_2
15029 21 -1.5 179.30052339081 S2_2
15030 21 -1.5 0 S2_2
15032 21 -1.5 53.7169539757483 S2_2
15033 21 -1.5 36.2103735959937 S2_2
15035 21 -1.5 1.14034581936546 S2_2
15036 21 -1.5 73.1509792898398 S2_2
15037 21 -1.5 0 S2_2
15039 21 -1.5 0 S2_2
15041 21 -1.5 84.2251820176073 S2_2
15023 22 -1.5 348.316495039846 S2_2
15024 22 -1.5 33.0812345664375 S2_2
15025 22 -1.5 134.873528746323 S2_2
15026 22 -1.5 0 S2_2
15027 22 -1.5 5.83474676208152 S2_2
15028 22 -1.5 0 S2_2
15029 22 -1.5 213.965269330703 S2_2
15030 22 -1.5 0 S2_2
15032 22 -1.5 67.429200505474 S2_2
15033 22 -1.5 56.3560571151558 S2_2
15035 22 -1.5 2.05674010981959 S2_2
15036 22 -1.5 80.4031705008283 S2_2
15037 22 -1.5 0 S2_2
15039 22 -1.5 0 S2_2
15041 22 -1.5 100.630057800268 S2_2
15023 23 -1.5 420.919525024608 S2_2
15024 23 -1.5 46.3098185246084 S2_2
15025 23 -1.5 137.551860155631 S2_2
15026 23 -1.5 0 S2_2
15027 23 -1.5 16.9378892227763 S2_2
15028 23 -1.5 0 S2_2
15029 23 -1.5 238.233744992773 S2_2
15030 23 -1.5 0 S2_2
15032 23 -1.5 68.4333758976346 S2_2
15033 23 -1.5 53.6299091666561 S2_2
15035 23 -1.5 6.38113928686724 S2_2
15036 23 -1.5 117.109748767069 S2_2
15037 23 -1.5 0 S2_2
15039 23 -1.5 0 S2_2
15041 23 -1.5 112.622923122774 S2_2
15023 24 -1.5 343.81834649409 S2_2
15024 24 -1.5 30.1948946565945 S2_2
15025 24 -1.5 121.234226213864 S2_2
15026 24 -1.5 0 S2_2
15027 24 -1.5 4.06221185940947 S2_2
15028 24 -1.5 0 S2_2
15029 24 -1.5 198.337927491899 S2_2
15030 24 -1.5 0 S2_2
15032 24 -1.5 62.8671614650931 S2_2
15033 24 -1.5 46.0584030977864 S2_2
15035 24 -1.5 1.90947315844562 S2_2
15036 24 -1.5 80.9582165543036 S2_2
15037 24 -1.5 0 S2_2
15039 24 -1.5 0 S2_2
15041 24 -1.5 93.5774307816509 S2_2
15023 25 -1.5 299.429679274338 S2_2
15024 25 -1.5 13.3780156630261 S2_2
15025 25 -1.5 34.2349538337016 S2_2
15026 25 -1.5 0 S2_2
15027 25 -1.5 15.6720428335436 S2_2
15028 25 -1.5 1.20979273665081 S2_2
15029 25 -1.5 130.263992383968 S2_2
15030 25 -1.5 0 S2_2
15032 25 -1.5 0 S2_2
15033 25 -1.5 0 S2_2
15035 25 -1.5 0 S2_2
15036 25 -1.5 95.8062063177113 S2_2
15037 25 -1.5 0 S2_2
15039 25 -1.5 0 S2_2
15041 25 -1.5 45.5072909477624 S2_2
15023 26 -1.5 426.468165297233 S2_2
15024 26 -1.5 55.0348111655383 S2_2
15025 26 -1.5 181.060336417727 S2_2
15026 26 -1.5 1.19231864276828 S2_2
15027 26 -1.5 25.0996189847784 S2_2
15028 26 -1.5 0 S2_2
15029 26 -1.5 291.706439319626 S2_2
15030 26 -1.5 0 S2_2
15032 26 -1.5 95.0803441365462 S2_2
15033 26 -1.5 84.0450859690744 S2_2
15035 26 -1.5 11.5625695721612 S2_2
15036 26 -1.5 115.353277443591 S2_2
15037 26 -1.5 0 S2_2
15039 26 -1.5 0 S2_2
15041 26 -1.5 139.767324144615 S2_2
15023 27 -1.5 97.1820355120577 S2_2
15024 27 -1.5 0 S2_2
15025 27 -1.5 0 S2_2
15026 27 -1.5 0 S2_2
15027 27 -1.5 0 S2_2
15028 27 -1.5 0 S2_2
15029 27 -1.5 1.73978166002013 S2_2
15030 27 -1.5 0 S2_2
15032 27 -1.5 0 S2_2
15033 27 -1.5 0 S2_2
15035 27 -1.5 0 S2_2
15036 27 -1.5 0 S2_2
15037 27 -1.5 0 S2_2
15039 27 -1.5 0 S2_2
15041 27 -1.5 0 S2_2
15023 28 -1.5 472.471091822849 S2_2
15024 28 -1.5 66.6586201160393 S2_2
15025 28 -1.5 215.933211758934 S2_2
15026 28 -1.5 3.36143013490357 S2_2
15027 28 -1.5 41.7860372055659 S2_2
15028 28 -1.5 0 S2_2
15029 28 -1.5 341.809546631951 S2_2
15030 28 -1.5 0 S2_2
15032 28 -1.5 110.12835138009 S2_2
15033 28 -1.5 100.275661543491 S2_2
15035 28 -1.5 21.6401391515139 S2_2
15036 28 -1.5 134.436348449252 S2_2
15037 28 -1.5 0 S2_2
15039 28 -1.5 0 S2_2
15041 28 -1.5 165.545950934698 S2_2
15023 29 -1.5 178.920215753561 S2_2
15024 29 -1.5 1.98986957345993 S2_2
15025 29 -1.5 36.0251073450215 S2_2
15026 29 -1.5 0 S2_2
15027 29 -1.5 0 S2_2
15028 29 -1.5 0 S2_2
15029 29 -1.5 92.0428027913923 S2_2
15030 29 -1.5 0 S2_2
15032 29 -1.5 1.94821534084288 S2_2
15033 29 -1.5 0 S2_2
15035 29 -1.5 0 S2_2
15036 29 -1.5 26.2479595362092 S2_2
15037 29 -1.5 0 S2_2
15039 29 -1.5 0 S2_2
15041 29 -1.5 33.7047986516158 S2_2
15023 30 -1.5 299.326489032508 S2_2
15024 30 -1.5 16.1097531492884 S2_2
15025 30 -1.5 36.4513266966627 S2_2
15026 30 -1.5 0 S2_2
15027 30 -1.5 18.0717198628534 S2_2
15028 30 -1.5 1.54973797131008 S2_2
15029 30 -1.5 133.174527229737 S2_2
15030 30 -1.5 0 S2_2
15032 30 -1.5 0 S2_2
15033 30 -1.5 0 S2_2
15035 30 -1.5 0 S2_2
15036 30 -1.5 99.8919194710282 S2_2
15037 30 -1.5 0 S2_2
15039 30 -1.5 0 S2_2
15041 30 -1.5 49.6432542396688 S2_2
15023 31 -1.5 350.104604191381 S2_2
15024 31 -1.5 6.9315978147638 S2_2
15025 31 -1.5 49.5655861602157 S2_2
15026 31 -1.5 0 S2_2
15027 31 -1.5 5.55502286738133 S2_2
15028 31 -1.5 0 S2_2
15029 31 -1.5 149.373085005877 S2_2
15030 31 -1.5 0 S2_2
15032 31 -1.5 0 S2_2
15033 31 -1.5 0 S2_2
15035 31 -1.5 0 S2_2
15036 31 -1.5 95.3036574531773 S2_2
15037 31 -1.5 0 S2_2
15039 31 -1.5 0 S2_2
15041 31 -1.5 42.3663436079549 S2_2
15023 1 -3 0 S2_2
15024 1 -3 0 S2_2
15025 1 -3 0 S2_2
15026 1 -3 0 S2_2
15027 1 -3 0 S2_2
15028 1 -3 0 S2_2
15029 1 -3 0 S2_2
15030 1 -3 0 S2_2
15032 1 -3 0 S2_2
15033 1 -3 0 S2_2
15035 1 -3 0 S2_2
15036 1 -3 0 S2_2
15037 1 -3 0 S2_2
15039 1 -3 0 S2_2
15041 1 -3 0 S2_2
15023 2 -3 99.1444261222907 S2_2
15024 2 -3 0 S2_2
15025 2 -3 0 S2_2
15026 2 -3 0 S2_2
15027 2 -3 0 S2_2
15028 2 -3 0 S2_2
15029 2 -3 2.0066684140613 S2_2
15030 2 -3 0 S2_2
15032 2 -3 0 S2_2
15033 2 -3 0 S2_2
15035 2 -3 0 S2_2
15036 2 -3 0 S2_2
15037 2 -3 0 S2_2
15039 2 -3 0 S2_2
15041 2 -3 0 S2_2
15023 3 -3 4.50587218948086 S2_2
15024 3 -3 0 S2_2
15025 3 -3 0 S2_2
15026 3 -3 0 S2_2
15027 3 -3 0 S2_2
15028 3 -3 0 S2_2
15029 3 -3 0 S2_2
15030 3 -3 0 S2_2
15032 3 -3 0 S2_2
15033 3 -3 0 S2_2
15035 3 -3 0 S2_2
15036 3 -3 0 S2_2
15037 3 -3 0 S2_2
15039 3 -3 0 S2_2
15041 3 -3 0 S2_2
15023 4 -3 0 S2_2
15024 4 -3 0 S2_2
15025 4 -3 0 S2_2
15026 4 -3 0 S2_2
15027 4 -3 0 S2_2
15028 4 -3 0 S2_2
15029 4 -3 0 S2_2
15030 4 -3 0 S2_2
15032 4 -3 0 S2_2
15033 4 -3 0 S2_2
15035 4 -3 0 S2_2
15036 4 -3 0 S2_2
15037 4 -3 0 S2_2
15039 4 -3 0 S2_2
15041 4 -3 0 S2_2
15023 5 -3 0 S2_2
15024 5 -3 0 S2_2
15025 5 -3 0 S2_2
15026 5 -3 0 S2_2
15027 5 -3 0 S2_2
15028 5 -3 0 S2_2
15029 5 -3 0 S2_2
15030 5 -3 0 S2_2
15032 5 -3 0 S2_2
15033 5 -3 0 S2_2
15035 5 -3 0 S2_2
15036 5 -3 0 S2_2
15037 5 -3 0 S2_2
15039 5 -3 0 S2_2
15041 5 -3 0 S2_2
15023 6 -3 221.026170374694 S2_2
15024 6 -3 11.3038689695704 S2_2
15025 6 -3 85.9627528330924 S2_2
15026 6 -3 0 S2_2
15027 6 -3 0 S2_2
15028 6 -3 0 S2_2
15029 6 -3 131.370245620607 S2_2
15030 6 -3 0 S2_2
15032 6 -3 10.2557241578622 S2_2
15033 6 -3 6.18487430542152 S2_2
15035 6 -3 0 S2_2
15036 6 -3 57.4844795136802 S2_2
15037 6 -3 0 S2_2
15039 6 -3 0 S2_2
15041 6 -3 60.5585894309872 S2_2
15023 7 -3 110.558380638263 S2_2
15024 7 -3 0 S2_2
15025 7 -3 0 S2_2
15026 7 -3 0 S2_2
15027 7 -3 0 S2_2
15028 7 -3 0 S2_2
15029 7 -3 3.51782340657899 S2_2
15030 7 -3 0 S2_2
15032 7 -3 0 S2_2
15033 7 -3 0 S2_2
15035 7 -3 0 S2_2
15036 7 -3 0 S2_2
15037 7 -3 0 S2_2
15039 7 -3 0 S2_2
15041 7 -3 0 S2_2
15023 8 -3 19.1174606004279 S2_2
15024 8 -3 0 S2_2
15025 8 -3 0 S2_2
15026 8 -3 0 S2_2
15027 8 -3 0 S2_2
15028 8 -3 0 S2_2
15029 8 -3 2.49438347596235 S2_2
15030 8 -3 0 S2_2
15032 8 -3 0 S2_2
15033 8 -3 0 S2_2
15035 8 -3 0 S2_2
15036 8 -3 0 S2_2
15037 8 -3 0 S2_2
15039 8 -3 0 S2_2
15041 8 -3 0 S2_2
15023 9 -3 38.9101175677623 S2_2
15024 9 -3 0 S2_2
15025 9 -3 0 S2_2
15026 9 -3 0 S2_2
15027 9 -3 0 S2_2
15028 9 -3 0 S2_2
15029 9 -3 2.42324606875036 S2_2
15030 9 -3 0 S2_2
15032 9 -3 0 S2_2
15033 9 -3 0 S2_2
15035 9 -3 0 S2_2
15036 9 -3 0 S2_2
15037 9 -3 0 S2_2
15039 9 -3 0 S2_2
15041 9 -3 0 S2_2
15023 10 -3 7.38349784512884 S2_2
15024 10 -3 0 S2_2
15025 10 -3 0 S2_2
15026 10 -3 0 S2_2
15027 10 -3 0 S2_2
15028 10 -3 0 S2_2
15029 10 -3 0 S2_2
15030 10 -3 0 S2_2
15032 10 -3 0 S2_2
15033 10 -3 0 S2_2
15035 10 -3 0 S2_2
15036 10 -3 0 S2_2
15037 10 -3 0 S2_2
15039 10 -3 0 S2_2
15041 10 -3 0 S2_2
15023 11 -3 0 S2_2
15024 11 -3 0 S2_2
15025 11 -3 0 S2_2
15026 11 -3 0 S2_2
15027 11 -3 0 S2_2
15028 11 -3 0 S2_2
15029 11 -3 0 S2_2
15030 11 -3 0 S2_2
15032 11 -3 0 S2_2
15033 11 -3 0 S2_2
15035 11 -3 0 S2_2
15036 11 -3 0 S2_2
15037 11 -3 0 S2_2
15039 11 -3 0 S2_2
15041 11 -3 0 S2_2
15023 12 -3 0 S2_2
15024 12 -3 0 S2_2
15025 12 -3 0 S2_2
15026 12 -3 0 S2_2
15027 12 -3 0 S2_2
15028 12 -3 0 S2_2
15029 12 -3 0 S2_2
15030 12 -3 0 S2_2
15032 12 -3 0 S2_2
15033 12 -3 0 S2_2
15035 12 -3 0 S2_2
15036 12 -3 0 S2_2
15037 12 -3 0 S2_2
15039 12 -3 0 S2_2
15041 12 -3 0 S2_2
15023 13 -3 16.4863049945308 S2_2
15024 13 -3 0 S2_2
15025 13 -3 0 S2_2
15026 13 -3 0 S2_2
15027 13 -3 0 S2_2
15028 13 -3 0 S2_2
15029 13 -3 0 S2_2
15030 13 -3 0 S2_2
15032 13 -3 0 S2_2
15033 13 -3 0 S2_2
15035 13 -3 0 S2_2
15036 13 -3 0 S2_2
15037 13 -3 0 S2_2
15039 13 -3 0 S2_2
15041 13 -3 0 S2_2
15023 14 -3 208.858230529694 S2_2
15024 14 -3 1.6841120554877 S2_2
15025 14 -3 15.8675608041116 S2_2
15026 14 -3 0 S2_2
15027 14 -3 1.30229213024855 S2_2
15028 14 -3 1.39492969562914 S2_2
15029 14 -3 78.375141079458 S2_2
15030 14 -3 0 S2_2
15032 14 -3 0 S2_2
15033 14 -3 0 S2_2
15035 14 -3 0 S2_2
15036 14 -3 46.9070285629339 S2_2
15037 14 -3 0 S2_2
15039 14 -3 0 S2_2
15041 14 -3 17.4873139589282 S2_2
15023 15 -3 323.632709029158 S2_2
15024 15 -3 48.3821014487869 S2_2
15025 15 -3 172.679938121668 S2_2
15026 15 -3 0 S2_2
15027 15 -3 15.1321290413896 S2_2
15028 15 -3 0 S2_2
15029 15 -3 224.195058485548 S2_2
15030 15 -3 21.2078376534294 S2_2
15032 15 -3 82.6899739989837 S2_2
15033 15 -3 66.9342545087665 S2_2
15035 15 -3 8.19215272882608 S2_2
15036 15 -3 105.92936669648 S2_2
15037 15 -3 3.54924366178241 S2_2
15039 15 -3 0 S2_2
15041 15 -3 120.106848528498 S2_2
15023 16 -3 72.1935918411646 S2_2
15024 16 -3 0 S2_2
15025 16 -3 22.8880921808265 S2_2
15026 16 -3 0 S2_2
15027 16 -3 0 S2_2
15028 16 -3 0 S2_2
15029 16 -3 36.9261280477409 S2_2
15030 16 -3 0 S2_2
15032 16 -3 0 S2_2
15033 16 -3 0 S2_2
15035 16 -3 0 S2_2
15036 16 -3 0 S2_2
15037 16 -3 0 S2_2
15039 16 -3 0 S2_2
15041 16 -3 6.41387105919465 S2_2
15023 17 -3 246.899330202447 S2_2
15024 17 -3 17.1086940788026 S2_2
15025 17 -3 84.6311901881626 S2_2
15026 17 -3 0 S2_2
15027 17 -3 1.83102630907696 S2_2
15028 17 -3 0 S2_2
15029 17 -3 137.080531863467 S2_2
15030 17 -3 0 S2_2
15032 17 -3 1.95382784827964 S2_2
15033 17 -3 4.64212446754624 S2_2
15035 17 -3 0 S2_2
15036 17 -3 74.8682917862697 S2_2
15037 17 -3 0 S2_2
15039 17 -3 0 S2_2
15041 17 -3 65.8895263527136 S2_2
15023 18 -3 0 S2_2
15024 18 -3 0 S2_2
15025 18 -3 0 S2_2
15026 18 -3 0 S2_2
15027 18 -3 0 S2_2
15028 18 -3 0 S2_2
15029 18 -3 0 S2_2
15030 18 -3 0 S2_2
15032 18 -3 0 S2_2
15033 18 -3 0 S2_2
15035 18 -3 0 S2_2
15036 18 -3 0 S2_2
15037 18 -3 0 S2_2
15039 18 -3 0 S2_2
15041 18 -3 0 S2_2
15023 19 -3 16.4809338209838 S2_2
15024 19 -3 0 S2_2
15025 19 -3 0 S2_2
15026 19 -3 0 S2_2
15027 19 -3 0 S2_2
15028 19 -3 0 S2_2
15029 19 -3 1.51407256311343 S2_2
15030 19 -3 0 S2_2
15032 19 -3 0 S2_2
15033 19 -3 0 S2_2
15035 19 -3 0 S2_2
15036 19 -3 0 S2_2
15037 19 -3 0 S2_2
15039 19 -3 0 S2_2
15041 19 -3 0 S2_2
15023 20 -3 188.084747195904 S2_2
15024 20 -3 10.3377987815795 S2_2
15025 20 -3 103.201176021846 S2_2
15026 20 -3 0 S2_2
15027 20 -3 0 S2_2
15028 20 -3 0 S2_2
15029 20 -3 135.223734383206 S2_2
15030 20 -3 1.92902836452083 S2_2
15032 20 -3 34.5794546883132 S2_2
15033 20 -3 21.4932688314034 S2_2
15035 20 -3 0 S2_2
15036 20 -3 37.9657004753461 S2_2
15037 20 -3 0 S2_2
15039 20 -3 0 S2_2
15041 20 -3 66.329461493651 S2_2
15023 21 -3 0 S2_2
15024 21 -3 0 S2_2
15025 21 -3 0 S2_2
15026 21 -3 0 S2_2
15027 21 -3 0 S2_2
15028 21 -3 0 S2_2
15029 21 -3 0 S2_2
15030 21 -3 0 S2_2
15032 21 -3 0 S2_2
15033 21 -3 0 S2_2
15035 21 -3 0 S2_2
15036 21 -3 0 S2_2
15037 21 -3 0 S2_2
15039 21 -3 0 S2_2
15041 21 -3 0 S2_2
15023 22 -3 1.0726002525736 S2_2
15024 22 -3 0 S2_2
15025 22 -3 0 S2_2
15026 22 -3 0 S2_2
15027 22 -3 0 S2_2
15028 22 -3 0 S2_2
15029 22 -3 0 S2_2
15030 22 -3 0 S2_2
15032 22 -3 0 S2_2
15033 22 -3 0 S2_2
15035 22 -3 0 S2_2
15036 22 -3 0 S2_2
15037 22 -3 0 S2_2
15039 22 -3 0 S2_2
15041 22 -3 0 S2_2
15023 23 -3 53.1658805380377 S2_2
15024 23 -3 0 S2_2
15025 23 -3 1.8985401768286 S2_2
15026 23 -3 0 S2_2
15027 23 -3 0 S2_2
15028 23 -3 0 S2_2
15029 23 -3 8.96250774096871 S2_2
15030 23 -3 0 S2_2
15032 23 -3 0 S2_2
15033 23 -3 0 S2_2
15035 23 -3 0 S2_2
15036 23 -3 0 S2_2
15037 23 -3 0 S2_2
15039 23 -3 0 S2_2
15041 23 -3 0 S2_2
15023 24 -3 1.57983868810484 S2_2
15024 24 -3 0 S2_2
15025 24 -3 0 S2_2
15026 24 -3 0 S2_2
15027 24 -3 0 S2_2
15028 24 -3 0 S2_2
15029 24 -3 0 S2_2
15030 24 -3 0 S2_2
15032 24 -3 0 S2_2
15033 24 -3 0 S2_2
15035 24 -3 0 S2_2
15036 24 -3 0 S2_2
15037 24 -3 0 S2_2
15039 24 -3 0 S2_2
15041 24 -3 0 S2_2
15023 25 -3 139.128587283746 S2_2
15024 25 -3 0 S2_2
15025 25 -3 0 S2_2
15026 25 -3 0 S2_2
15027 25 -3 0 S2_2
15028 25 -3 0 S2_2
15029 25 -3 24.1037741275115 S2_2
15030 25 -3 0 S2_2
15032 25 -3 0 S2_2
15033 25 -3 0 S2_2
15035 25 -3 0 S2_2
15036 25 -3 6.06101621915041 S2_2
15037 25 -3 0 S2_2
15039 25 -3 0 S2_2
15041 25 -3 1.04744721139012 S2_2
15023 26 -3 39.9348519542907 S2_2
15024 26 -3 0 S2_2
15025 26 -3 5.31104032773217 S2_2
15026 26 -3 0 S2_2
15027 26 -3 0 S2_2
15028 26 -3 0 S2_2
15029 26 -3 11.7576442600574 S2_2
15030 26 -3 0 S2_2
15032 26 -3 0 S2_2
15033 26 -3 0 S2_2
15035 26 -3 0 S2_2
15036 26 -3 0 S2_2
15037 26 -3 0 S2_2
15039 26 -3 0 S2_2
15041 26 -3 0 S2_2
15023 27 -3 1.09423266953788 S2_2
15024 27 -3 0 S2_2
15025 27 -3 0 S2_2
15026 27 -3 0 S2_2
15027 27 -3 0 S2_2
15028 27 -3 0 S2_2
15029 27 -3 0 S2_2
15030 27 -3 0 S2_2
15032 27 -3 0 S2_2
15033 27 -3 0 S2_2
15035 27 -3 0 S2_2
15036 27 -3 0 S2_2
15037 27 -3 0 S2_2
15039 27 -3 0 S2_2
15041 27 -3 0 S2_2
15023 28 -3 72.5412869038385 S2_2
15024 28 -3 0 S2_2
15025 28 -3 23.614729470476 S2_2
15026 28 -3 0 S2_2
15027 28 -3 0 S2_2
15028 28 -3 0 S2_2
15029 28 -3 39.0628058732343 S2_2
15030 28 -3 0 S2_2
15032 28 -3 0 S2_2
15033 28 -3 0 S2_2
15035 28 -3 0 S2_2
15036 28 -3 0 S2_2
15037 28 -3 0 S2_2
15039 28 -3 0 S2_2
15041 28 -3 5.69667441065398 S2_2
15023 29 -3 0 S2_2
15024 29 -3 0 S2_2
15025 29 -3 0 S2_2
15026 29 -3 0 S2_2
15027 29 -3 0 S2_2
15028 29 -3 0 S2_2
15029 29 -3 0 S2_2
15030 29 -3 0 S2_2
15032 29 -3 0 S2_2
15033 29 -3 0 S2_2
15035 29 -3 0 S2_2
15036 29 -3 0 S2_2
15037 29 -3 0 S2_2
15039 29 -3 0 S2_2
15041 29 -3 0 S2_2
15023 30 -3 160.592974341257 S2_2
15024 30 -3 0 S2_2
15025 30 -3 2.44742982927255 S2_2
15026 30 -3 0 S2_2
15027 30 -3 0 S2_2
15028 30 -3 0 S2_2
15029 30 -3 39.8595584653573 S2_2
15030 30 -3 0 S2_2
15032 30 -3 0 S2_2
15033 30 -3 0 S2_2
15035 30 -3 0 S2_2
15036 30 -3 14.8731184414171 S2_2
15037 30 -3 0 S2_2
15039 30 -3 0 S2_2
15041 30 -3 3.31754991445175 S2_2
15023 31 -3 52.9818783534106 S2_2
15024 31 -3 0 S2_2
15025 31 -3 0 S2_2
15026 31 -3 0 S2_2
15027 31 -3 0 S2_2
15028 31 -3 0 S2_2
15029 31 -3 0 S2_2
15030 31 -3 0 S2_2
15032 31 -3 0 S2_2
15033 31 -3 0 S2_2
15035 31 -3 0 S2_2
15036 31 -3 0 S2_2
15037 31 -3 0 S2_2
15039 31 -3 0 S2_2
15041 31 -3 0 S2_2
15023 1 -5 0 S2_2
15024 1 -5 0 S2_2
15025 1 -5 0 S2_2
15026 1 -5 0 S2_2
15027 1 -5 0 S2_2
15028 1 -5 0 S2_2
15029 1 -5 0 S2_2
15030 1 -5 0 S2_2
15032 1 -5 0 S2_2
15033 1 -5 0 S2_2
15035 1 -5 0 S2_2
15036 1 -5 0 S2_2
15037 1 -5 0 S2_2
15039 1 -5 0 S2_2
15041 1 -5 0 S2_2
15023 2 -5 14.988687790588 S2_2
15024 2 -5 0 S2_2
15025 2 -5 0 S2_2
15026 2 -5 0 S2_2
15027 2 -5 0 S2_2
15028 2 -5 0 S2_2
15029 2 -5 0 S2_2
15030 2 -5 0 S2_2
15032 2 -5 0 S2_2
15033 2 -5 0 S2_2
15035 2 -5 0 S2_2
15036 2 -5 0 S2_2
15037 2 -5 0 S2_2
15039 2 -5 0 S2_2
15041 2 -5 0 S2_2
15023 3 -5 0 S2_2
15024 3 -5 0 S2_2
15025 3 -5 0 S2_2
15026 3 -5 0 S2_2
15027 3 -5 0 S2_2
15028 3 -5 0 S2_2
15029 3 -5 0 S2_2
15030 3 -5 0 S2_2
15032 3 -5 0 S2_2
15033 3 -5 0 S2_2
15035 3 -5 0 S2_2
15036 3 -5 0 S2_2
15037 3 -5 0 S2_2
15039 3 -5 0 S2_2
15041 3 -5 0 S2_2
15023 4 -5 0 S2_2
15024 4 -5 0 S2_2
15025 4 -5 0 S2_2
15026 4 -5 0 S2_2
15027 4 -5 0 S2_2
15028 4 -5 0 S2_2
15029 4 -5 0 S2_2
15030 4 -5 0 S2_2
15032 4 -5 0 S2_2
15033 4 -5 0 S2_2
15035 4 -5 0 S2_2
15036 4 -5 0 S2_2
15037 4 -5 0 S2_2
15039 4 -5 0 S2_2
15041 4 -5 0 S2_2
15023 5 -5 0 S2_2
15024 5 -5 0 S2_2
15025 5 -5 0 S2_2
15026 5 -5 0 S2_2
15027 5 -5 0 S2_2
15028 5 -5 0 S2_2
15029 5 -5 0 S2_2
15030 5 -5 0 S2_2
15032 5 -5 0 S2_2
15033 5 -5 0 S2_2
15035 5 -5 0 S2_2
15036 5 -5 0 S2_2
15037 5 -5 0 S2_2
15039 5 -5 0 S2_2
15041 5 -5 0 S2_2
15023 6 -5 31.3849879896483 S2_2
15024 6 -5 0 S2_2
15025 6 -5 0 S2_2
15026 6 -5 0 S2_2
15027 6 -5 0 S2_2
15028 6 -5 0 S2_2
15029 6 -5 1.55210440587117 S2_2
15030 6 -5 0 S2_2
15032 6 -5 0 S2_2
15033 6 -5 0 S2_2
15035 6 -5 0 S2_2
15036 6 -5 0 S2_2
15037 6 -5 0 S2_2
15039 6 -5 0 S2_2
15041 6 -5 0 S2_2
15023 7 -5 28.4222327788573 S2_2
15024 7 -5 0 S2_2
15025 7 -5 0 S2_2
15026 7 -5 0 S2_2
15027 7 -5 0 S2_2
15028 7 -5 0 S2_2
15029 7 -5 0 S2_2
15030 7 -5 0 S2_2
15032 7 -5 0 S2_2
15033 7 -5 0 S2_2
15035 7 -5 0 S2_2
15036 7 -5 0 S2_2
15037 7 -5 0 S2_2
15039 7 -5 0 S2_2
15041 7 -5 0 S2_2
15023 8 -5 0 S2_2
15024 8 -5 0 S2_2
15025 8 -5 0 S2_2
15026 8 -5 0 S2_2
15027 8 -5 0 S2_2
15028 8 -5 0 S2_2
15029 8 -5 0 S2_2
15030 8 -5 0 S2_2
15032 8 -5 0 S2_2
15033 8 -5 0 S2_2
15035 8 -5 0 S2_2
15036 8 -5 0 S2_2
15037 8 -5 0 S2_2
15039 8 -5 0 S2_2
15041 8 -5 0 S2_2
15023 9 -5 0 S2_2
15024 9 -5 0 S2_2
15025 9 -5 0 S2_2
15026 9 -5 0 S2_2
15027 9 -5 0 S2_2
15028 9 -5 0 S2_2
15029 9 -5 0 S2_2
15030 9 -5 0 S2_2
15032 9 -5 0 S2_2
15033 9 -5 0 S2_2
15035 9 -5 0 S2_2
15036 9 -5 0 S2_2
15037 9 -5 0 S2_2
15039 9 -5 0 S2_2
15041 9 -5 0 S2_2
15023 10 -5 0 S2_2
15024 10 -5 0 S2_2
15025 10 -5 0 S2_2
15026 10 -5 0 S2_2
15027 10 -5 0 S2_2
15028 10 -5 0 S2_2
15029 10 -5 0 S2_2
15030 10 -5 0 S2_2
15032 10 -5 0 S2_2
15033 10 -5 0 S2_2
15035 10 -5 0 S2_2
15036 10 -5 0 S2_2
15037 10 -5 0 S2_2
15039 10 -5 0 S2_2
15041 10 -5 0 S2_2
15023 11 -5 0 S2_2
15024 11 -5 0 S2_2
15025 11 -5 0 S2_2
15026 11 -5 0 S2_2
15027 11 -5 0 S2_2
15028 11 -5 0 S2_2
15029 11 -5 0 S2_2
15030 11 -5 0 S2_2
15032 11 -5 0 S2_2
15033 11 -5 0 S2_2
15035 11 -5 0 S2_2
15036 11 -5 0 S2_2
15037 11 -5 0 S2_2
15039 11 -5 0 S2_2
15041 11 -5 0 S2_2
15023 12 -5 0 S2_2
15024 12 -5 0 S2_2
15025 12 -5 0 S2_2
15026 12 -5 0 S2_2
15027 12 -5 0 S2_2
15028 12 -5 0 S2_2
15029 12 -5 0 S2_2
15030 12 -5 0 S2_2
15032 12 -5 0 S2_2
15033 12 -5 0 S2_2
15035 12 -5 0 S2_2
15036 12 -5 0 S2_2
15037 12 -5 0 S2_2
15039 12 -5 0 S2_2
15041 12 -5 0 S2_2
15023 13 -5 0 S2_2
15024 13 -5 0 S2_2
15025 13 -5 0 S2_2
15026 13 -5 0 S2_2
15027 13 -5 0 S2_2
15028 13 -5 0 S2_2
15029 13 -5 0 S2_2
15030 13 -5 0 S2_2
15032 13 -5 0 S2_2
15033 13 -5 0 S2_2
15035 13 -5 0 S2_2
15036 13 -5 0 S2_2
15037 13 -5 0 S2_2
15039 13 -5 0 S2_2
15041 13 -5 0 S2_2
15023 14 -5 91.6249235326868 S2_2
15024 14 -5 0 S2_2
15025 14 -5 0 S2_2
15026 14 -5 0 S2_2
15027 14 -5 0 S2_2
15028 14 -5 0 S2_2
15029 14 -5 3.03274946528943 S2_2
15030 14 -5 0 S2_2
15032 14 -5 0 S2_2
15033 14 -5 0 S2_2
15035 14 -5 0 S2_2
15036 14 -5 0 S2_2
15037 14 -5 0 S2_2
15039 14 -5 0 S2_2
15041 14 -5 0 S2_2
15023 15 -5 100.837013826617 S2_2
15024 15 -5 0 S2_2
15025 15 -5 37.2730391957607 S2_2
15026 15 -5 0 S2_2
15027 15 -5 0 S2_2
15028 15 -5 0 S2_2
15029 15 -5 58.0709328016117 S2_2
15030 15 -5 0 S2_2
15032 15 -5 1.56142176213205 S2_2
15033 15 -5 0 S2_2
15035 15 -5 0 S2_2
15036 15 -5 1.46148710774437 S2_2
15037 15 -5 0 S2_2
15039 15 -5 0 S2_2
15041 15 -5 13.7577364588903 S2_2
15023 16 -5 0 S2_2
15024 16 -5 0 S2_2
15025 16 -5 0 S2_2
15026 16 -5 0 S2_2
15027 16 -5 0 S2_2
15028 16 -5 0 S2_2
15029 16 -5 0 S2_2
15030 16 -5 0 S2_2
15032 16 -5 0 S2_2
15033 16 -5 0 S2_2
15035 16 -5 0 S2_2
15036 16 -5 0 S2_2
15037 16 -5 0 S2_2
15039 16 -5 0 S2_2
15041 16 -5 0 S2_2
15023 17 -5 84.5622582055844 S2_2
15024 17 -5 0 S2_2
15025 17 -5 2.14282898646489 S2_2
15026 17 -5 0 S2_2
15027 17 -5 0 S2_2
15028 17 -5 0 S2_2
15029 17 -5 13.6836536051655 S2_2
15030 17 -5 0 S2_2
15032 17 -5 0 S2_2
15033 17 -5 0 S2_2
15035 17 -5 0 S2_2
15036 17 -5 0 S2_2
15037 17 -5 0 S2_2
15039 17 -5 0 S2_2
15041 17 -5 1.10566538734196 S2_2
15023 18 -5 0 S2_2
15024 18 -5 0 S2_2
15025 18 -5 0 S2_2
15026 18 -5 0 S2_2
15027 18 -5 0 S2_2
15028 18 -5 0 S2_2
15029 18 -5 0 S2_2
15030 18 -5 0 S2_2
15032 18 -5 0 S2_2
15033 18 -5 0 S2_2
15035 18 -5 0 S2_2
15036 18 -5 0 S2_2
15037 18 -5 0 S2_2
15039 18 -5 0 S2_2
15041 18 -5 0 S2_2
15023 19 -5 0 S2_2
15024 19 -5 0 S2_2
15025 19 -5 0 S2_2
15026 19 -5 0 S2_2
15027 19 -5 0 S2_2
15028 19 -5 0 S2_2
15029 19 -5 0 S2_2
15030 19 -5 0 S2_2
15032 19 -5 0 S2_2
15033 19 -5 0 S2_2
15035 19 -5 0 S2_2
15036 19 -5 0 S2_2
15037 19 -5 0 S2_2
15039 19 -5 0 S2_2
15041 19 -5 0 S2_2
15023 20 -5 3.00069198075611 S2_2
15024 20 -5 0 S2_2
15025 20 -5 0 S2_2
15026 20 -5 0 S2_2
15027 20 -5 0 S2_2
15028 20 -5 0 S2_2
15029 20 -5 0 S2_2
15030 20 -5 0 S2_2
15032 20 -5 0 S2_2
15033 20 -5 0 S2_2
15035 20 -5 0 S2_2
15036 20 -5 0 S2_2
15037 20 -5 0 S2_2
15039 20 -5 0 S2_2
15041 20 -5 0 S2_2
15023 21 -5 0 S2_2
15024 21 -5 0 S2_2
15025 21 -5 0 S2_2
15026 21 -5 0 S2_2
15027 21 -5 0 S2_2
15028 21 -5 0 S2_2
15029 21 -5 0 S2_2
15030 21 -5 0 S2_2
15032 21 -5 0 S2_2
15033 21 -5 0 S2_2
15035 21 -5 0 S2_2
15036 21 -5 0 S2_2
15037 21 -5 0 S2_2
15039 21 -5 0 S2_2
15041 21 -5 0 S2_2
15023 22 -5 0 S2_2
15024 22 -5 0 S2_2
15025 22 -5 0 S2_2
15026 22 -5 0 S2_2
15027 22 -5 0 S2_2
15028 22 -5 0 S2_2
15029 22 -5 0 S2_2
15030 22 -5 0 S2_2
15032 22 -5 0 S2_2
15033 22 -5 0 S2_2
15035 22 -5 0 S2_2
15036 22 -5 0 S2_2
15037 22 -5 0 S2_2
15039 22 -5 0 S2_2
15041 22 -5 0 S2_2
15023 23 -5 0 S2_2
15024 23 -5 0 S2_2
15025 23 -5 0 S2_2
15026 23 -5 0 S2_2
15027 23 -5 0 S2_2
15028 23 -5 0 S2_2
15029 23 -5 0 S2_2
15030 23 -5 0 S2_2
15032 23 -5 0 S2_2
15033 23 -5 0 S2_2
15035 23 -5 0 S2_2
15036 23 -5 0 S2_2
15037 23 -5 0 S2_2
15039 23 -5 0 S2_2
15041 23 -5 0 S2_2
15023 24 -5 0 S2_2
15024 24 -5 0 S2_2
15025 24 -5 0 S2_2
15026 24 -5 0 S2_2
15027 24 -5 0 S2_2
15028 24 -5 0 S2_2
15029 24 -5 0 S2_2
15030 24 -5 0 S2_2
15032 24 -5 0 S2_2
15033 24 -5 0 S2_2
15035 24 -5 0 S2_2
15036 24 -5 0 S2_2
15037 24 -5 0 S2_2
15039 24 -5 0 S2_2
15041 24 -5 0 S2_2
15023 25 -5 4.32796109365457 S2_2
15024 25 -5 0 S2_2
15025 25 -5 0 S2_2
15026 25 -5 0 S2_2
15027 25 -5 0 S2_2
15028 25 -5 0 S2_2
15029 25 -5 0 S2_2
15030 25 -5 0 S2_2
15032 25 -5 0 S2_2
15033 25 -5 0 S2_2
15035 25 -5 0 S2_2
15036 25 -5 0 S2_2
15037 25 -5 0 S2_2
15039 25 -5 0 S2_2
15041 25 -5 0 S2_2
15023 26 -5 0 S2_2
15024 26 -5 0 S2_2
15025 26 -5 0 S2_2
15026 26 -5 0 S2_2
15027 26 -5 0 S2_2
15028 26 -5 0 S2_2
15029 26 -5 0 S2_2
15030 26 -5 0 S2_2
15032 26 -5 0 S2_2
15033 26 -5 0 S2_2
15035 26 -5 0 S2_2
15036 26 -5 0 S2_2
15037 26 -5 0 S2_2
15039 26 -5 0 S2_2
15041 26 -5 0 S2_2
15023 27 -5 0 S2_2
15024 27 -5 0 S2_2
15025 27 -5 0 S2_2
15026 27 -5 0 S2_2
15027 27 -5 0 S2_2
15028 27 -5 0 S2_2
15029 27 -5 0 S2_2
15030 27 -5 0 S2_2
15032 27 -5 0 S2_2
15033 27 -5 0 S2_2
15035 27 -5 0 S2_2
15036 27 -5 0 S2_2
15037 27 -5 0 S2_2
15039 27 -5 0 S2_2
15041 27 -5 0 S2_2
15023 28 -5 0 S2_2
15024 28 -5 0 S2_2
15025 28 -5 0 S2_2
15026 28 -5 0 S2_2
15027 28 -5 0 S2_2
15028 28 -5 0 S2_2
15029 28 -5 0 S2_2
15030 28 -5 0 S2_2
15032 28 -5 0 S2_2
15033 28 -5 0 S2_2
15035 28 -5 0 S2_2
15036 28 -5 0 S2_2
15037 28 -5 0 S2_2
15039 28 -5 0 S2_2
15041 28 -5 0 S2_2
15023 29 -5 0 S2_2
15024 29 -5 0 S2_2
15025 29 -5 0 S2_2
15026 29 -5 0 S2_2
15027 29 -5 0 S2_2
15028 29 -5 0 S2_2
15029 29 -5 0 S2_2
15030 29 -5 0 S2_2
15032 29 -5 0 S2_2
15033 29 -5 0 S2_2
15035 29 -5 0 S2_2
15036 29 -5 0 S2_2
15037 29 -5 0 S2_2
15039 29 -5 0 S2_2
15041 29 -5 0 S2_2
15023 30 -5 26.1979103716844 S2_2
15024 30 -5 0 S2_2
15025 30 -5 0 S2_2
15026 30 -5 0 S2_2
15027 30 -5 0 S2_2
15028 30 -5 0 S2_2
15029 30 -5 0 S2_2
15030 30 -5 0 S2_2
15032 30 -5 0 S2_2
15033 30 -5 0 S2_2
15035 30 -5 0 S2_2
15036 30 -5 0 S2_2
15037 30 -5 0 S2_2
15039 30 -5 0 S2_2
15041 30 -5 0 S2_2
15023 31 -5 0 S2_2
15024 31 -5 0 S2_2
15025 31 -5 0 S2_2
15026 31 -5 0 S2_2
15027 31 -5 0 S2_2
15028 31 -5 0 S2_2
15029 31 -5 0 S2_2
15030 31 -5 0 S2_2
15032 31 -5 0 S2_2
15033 31 -5 0 S2_2
15035 31 -5 0 S2_2
15036 31 -5 0 S2_2
15037 31 -5 0 S2_2
15039 31 -5 0 S2_2
15041 31 -5 0 S2_2
