speciesID lakeID variable value scenario
16046 1 -0.5 125.701951782359 S2_2
16047 1 -0.5 360.46126381599 S2_2
16049 1 -0.5 109.34968240043 S2_2
16050 1 -0.5 457.98554038741 S2_2
16052 1 -0.5 757.321416980789 S2_2
16053 1 -0.5 0 S2_2
16054 1 -0.5 213.687350487724 S2_2
16055 1 -0.5 1361.88858381967 S2_2
16056 1 -0.5 0 S2_2
16057 1 -0.5 538.147581647101 S2_2
16058 1 -0.5 0 S2_2
16059 1 -0.5 7.58071349251383 S2_2
16060 1 -0.5 56.7271128184084 S2_2
16062 1 -0.5 160.810604543006 S2_2
16063 1 -0.5 61.4379404886113 S2_2
16046 2 -0.5 5.08262689963446 S2_2
16047 2 -0.5 105.85517598383 S2_2
16049 2 -0.5 21.0741806645935 S2_2
16050 2 -0.5 0 S2_2
16052 2 -0.5 117.447327024189 S2_2
16053 2 -0.5 0 S2_2
16054 2 -0.5 22.0938794953358 S2_2
16055 2 -0.5 162.984031200968 S2_2
16056 2 -0.5 0 S2_2
16057 2 -0.5 192.102832667194 S2_2
16058 2 -0.5 0 S2_2
16059 2 -0.5 0 S2_2
16060 2 -0.5 0 S2_2
16062 2 -0.5 25.3934294458647 S2_2
16063 2 -0.5 0 S2_2
16046 3 -0.5 20.2727450588102 S2_2
16047 3 -0.5 144.270267949616 S2_2
16049 3 -0.5 36.0860146244594 S2_2
16050 3 -0.5 73.0989141152325 S2_2
16052 3 -0.5 248.124729908403 S2_2
16053 3 -0.5 0 S2_2
16054 3 -0.5 61.3146215662499 S2_2
16055 3 -0.5 335.445546545405 S2_2
16056 3 -0.5 0 S2_2
16057 3 -0.5 242.10807272346 S2_2
16058 3 -0.5 0 S2_2
16059 3 -0.5 0 S2_2
16060 3 -0.5 0 S2_2
16062 3 -0.5 46.225297477321 S2_2
16063 3 -0.5 0 S2_2
16046 4 -0.5 47.0055909299185 S2_2
16047 4 -0.5 191.764266115833 S2_2
16049 4 -0.5 52.6529075799068 S2_2
16050 4 -0.5 182.25641600868 S2_2
16052 4 -0.5 407.322262518675 S2_2
16053 4 -0.5 0 S2_2
16054 4 -0.5 97.2151638301573 S2_2
16055 4 -0.5 588.444155585717 S2_2
16056 4 -0.5 0 S2_2
16057 4 -0.5 308.133355896672 S2_2
16058 4 -0.5 0 S2_2
16059 4 -0.5 0 S2_2
16060 4 -0.5 0 S2_2
16062 4 -0.5 70.0121047847987 S2_2
16063 4 -0.5 0 S2_2
16046 5 -0.5 0 S2_2
16047 5 -0.5 4.14913216206629 S2_2
16049 5 -0.5 0 S2_2
16050 5 -0.5 0 S2_2
16052 5 -0.5 0 S2_2
16053 5 -0.5 0 S2_2
16054 5 -0.5 0 S2_2
16055 5 -0.5 0 S2_2
16056 5 -0.5 0 S2_2
16057 5 -0.5 79.7755300958754 S2_2
16058 5 -0.5 0 S2_2
16059 5 -0.5 0 S2_2
16060 5 -0.5 0 S2_2
16062 5 -0.5 0 S2_2
16063 5 -0.5 0 S2_2
16046 6 -0.5 72.2534473860985 S2_2
16047 6 -0.5 205.674257394538 S2_2
16049 6 -0.5 72.0201882181744 S2_2
16050 6 -0.5 175.120680405015 S2_2
16052 6 -0.5 384.569441567162 S2_2
16053 6 -0.5 0 S2_2
16054 6 -0.5 112.736806355274 S2_2
16055 6 -0.5 527.728373998544 S2_2
16056 6 -0.5 0 S2_2
16057 6 -0.5 315.16565881235 S2_2
16058 6 -0.5 0 S2_2
16059 6 -0.5 1.16474199865624 S2_2
16060 6 -0.5 0 S2_2
16062 6 -0.5 89.3019259786821 S2_2
16063 6 -0.5 2.51541567230924 S2_2
16046 7 -0.5 5.87048417966792 S2_2
16047 7 -0.5 108.744413665971 S2_2
16049 7 -0.5 22.8169286351774 S2_2
16050 7 -0.5 0 S2_2
16052 7 -0.5 120.406226306583 S2_2
16053 7 -0.5 0 S2_2
16054 7 -0.5 24.8528155328436 S2_2
16055 7 -0.5 165.541734333331 S2_2
16056 7 -0.5 0 S2_2
16057 7 -0.5 194.607553864415 S2_2
16058 7 -0.5 0 S2_2
16059 7 -0.5 0 S2_2
16060 7 -0.5 0 S2_2
16062 7 -0.5 27.3118536245052 S2_2
16063 7 -0.5 0 S2_2
16046 8 -0.5 87.8892715831779 S2_2
16047 8 -0.5 249.845355148981 S2_2
16049 8 -0.5 82.3476246992298 S2_2
16050 8 -0.5 286.897265244866 S2_2
16052 8 -0.5 542.376537943877 S2_2
16053 8 -0.5 0 S2_2
16054 8 -0.5 140.035558757734 S2_2
16055 8 -0.5 840.842339729292 S2_2
16056 8 -0.5 0 S2_2
16057 8 -0.5 385.345871160967 S2_2
16058 8 -0.5 0 S2_2
16059 8 -0.5 1.97170551233893 S2_2
16060 8 -0.5 11.1700275868467 S2_2
16062 8 -0.5 110.711144128867 S2_2
16063 8 -0.5 11.7230547766863 S2_2
16046 9 -0.5 51.4144626200286 S2_2
16047 9 -0.5 187.843891802528 S2_2
16049 9 -0.5 57.2410319553718 S2_2
16050 9 -0.5 158.610200458986 S2_2
16052 9 -0.5 367.738331614677 S2_2
16053 9 -0.5 0 S2_2
16054 9 -0.5 95.7202892324848 S2_2
16055 9 -0.5 513.094204567322 S2_2
16056 9 -0.5 0 S2_2
16057 9 -0.5 297.856251637089 S2_2
16058 9 -0.5 0 S2_2
16059 9 -0.5 0 S2_2
16060 9 -0.5 0 S2_2
16062 9 -0.5 73.4154024230169 S2_2
16063 9 -0.5 0 S2_2
16046 10 -0.5 88.1248812208683 S2_2
16047 10 -0.5 252.186377699329 S2_2
16049 10 -0.5 81.0552328060095 S2_2
16050 10 -0.5 284.050525794827 S2_2
16052 10 -0.5 542.1734195541 S2_2
16053 10 -0.5 0 S2_2
16054 10 -0.5 144.008520956832 S2_2
16055 10 -0.5 823.273632034272 S2_2
16056 10 -0.5 0 S2_2
16057 10 -0.5 383.240303313715 S2_2
16058 10 -0.5 0 S2_2
16059 10 -0.5 2.03878329640205 S2_2
16060 10 -0.5 8.42033613754841 S2_2
16062 10 -0.5 108.247071749002 S2_2
16063 10 -0.5 20.9025731155451 S2_2
16046 11 -0.5 67.0106652455012 S2_2
16047 11 -0.5 286.386694356683 S2_2
16049 11 -0.5 61.9662904508203 S2_2
16050 11 -0.5 381.883260044208 S2_2
16052 11 -0.5 673.779729901757 S2_2
16053 11 -0.5 0 S2_2
16054 11 -0.5 143.421913817264 S2_2
16055 11 -0.5 1210.34268312026 S2_2
16056 11 -0.5 0 S2_2
16057 11 -0.5 457.934639495494 S2_2
16058 11 -0.5 0 S2_2
16059 11 -0.5 0 S2_2
16060 11 -0.5 13.5718270466109 S2_2
16062 11 -0.5 102.191900427778 S2_2
16063 11 -0.5 17.3883841204534 S2_2
16046 12 -0.5 91.5818751688958 S2_2
16047 12 -0.5 350.815404664822 S2_2
16049 12 -0.5 83.9634312898646 S2_2
16050 12 -0.5 423.994413547728 S2_2
16052 12 -0.5 712.707374118055 S2_2
16053 12 -0.5 0 S2_2
16054 12 -0.5 176.007242732325 S2_2
16055 12 -0.5 1375.16005688221 S2_2
16056 12 -0.5 0 S2_2
16057 12 -0.5 556.834385335834 S2_2
16058 12 -0.5 0 S2_2
16059 12 -0.5 1.38297056565129 S2_2
16060 12 -0.5 29.565295814332 S2_2
16062 12 -0.5 145.427022262505 S2_2
16063 12 -0.5 27.2469153178589 S2_2
16046 13 -0.5 6.25137698216809 S2_2
16047 13 -0.5 111.233742931085 S2_2
16049 13 -0.5 22.8051272413698 S2_2
16050 13 -0.5 65.6109690710183 S2_2
16052 13 -0.5 230.48837727369 S2_2
16053 13 -0.5 0 S2_2
16054 13 -0.5 32.710148282003 S2_2
16055 13 -0.5 332.047778984223 S2_2
16056 13 -0.5 0 S2_2
16057 13 -0.5 220.613141524926 S2_2
16058 13 -0.5 0 S2_2
16059 13 -0.5 0 S2_2
16060 13 -0.5 0 S2_2
16062 13 -0.5 35.3092126953283 S2_2
16063 13 -0.5 0 S2_2
16046 14 -0.5 23.3645885802357 S2_2
16047 14 -0.5 141.788054063474 S2_2
16049 14 -0.5 42.066032125632 S2_2
16050 14 -0.5 33.8026899403654 S2_2
16052 14 -0.5 199.65099069009 S2_2
16053 14 -0.5 0 S2_2
16054 14 -0.5 57.3562739134346 S2_2
16055 14 -0.5 259.912146367848 S2_2
16056 14 -0.5 0 S2_2
16057 14 -0.5 232.791154009596 S2_2
16058 14 -0.5 0 S2_2
16059 14 -0.5 0 S2_2
16060 14 -0.5 0 S2_2
16062 14 -0.5 50.9184279142983 S2_2
16063 14 -0.5 0 S2_2
16046 15 -0.5 123.788165597828 S2_2
16047 15 -0.5 285.130081122598 S2_2
16049 15 -0.5 108.022193501685 S2_2
16050 15 -0.5 315.489084313709 S2_2
16052 15 -0.5 577.865001288268 S2_2
16053 15 -0.5 0 S2_2
16054 15 -0.5 179.963513561607 S2_2
16055 15 -0.5 859.172636105091 S2_2
16056 15 -0.5 0 S2_2
16057 15 -0.5 415.553331563027 S2_2
16058 15 -0.5 0 S2_2
16059 15 -0.5 10.7281829654598 S2_2
16060 15 -0.5 29.5664509558231 S2_2
16062 15 -0.5 136.089065780426 S2_2
16063 15 -0.5 47.206320828958 S2_2
16046 16 -0.5 126.441679141189 S2_2
16047 16 -0.5 315.647443066153 S2_2
16049 16 -0.5 111.406288985909 S2_2
16050 16 -0.5 384.342462219369 S2_2
16052 16 -0.5 668.058421231745 S2_2
16053 16 -0.5 0 S2_2
16054 16 -0.5 190.18050298895 S2_2
16055 16 -0.5 1104.98676171864 S2_2
16056 16 -0.5 0 S2_2
16057 16 -0.5 470.074391459758 S2_2
16058 16 -0.5 0 S2_2
16059 16 -0.5 9.58078526589604 S2_2
16060 16 -0.5 52.5160179640168 S2_2
16062 16 -0.5 149.817582033595 S2_2
16063 16 -0.5 46.0325627350499 S2_2
16046 17 -0.5 43.5744111609382 S2_2
16047 17 -0.5 167.782237197964 S2_2
16049 17 -0.5 56.2492265798901 S2_2
16050 17 -0.5 116.89267569906 S2_2
16052 17 -0.5 300.844108340679 S2_2
16053 17 -0.5 0 S2_2
16054 17 -0.5 79.389048126914 S2_2
16055 17 -0.5 408.137697378116 S2_2
16056 17 -0.5 0 S2_2
16057 17 -0.5 272.742745766707 S2_2
16058 17 -0.5 0 S2_2
16059 17 -0.5 0 S2_2
16060 17 -0.5 0 S2_2
16062 17 -0.5 70.699625753998 S2_2
16063 17 -0.5 0 S2_2
16046 18 -0.5 105.769222231014 S2_2
16047 18 -0.5 331.438411688555 S2_2
16049 18 -0.5 95.7809099839228 S2_2
16050 18 -0.5 416.355723150449 S2_2
16052 18 -0.5 707.292372791453 S2_2
16053 18 -0.5 0 S2_2
16054 18 -0.5 181.301409460086 S2_2
16055 18 -0.5 1283.21653727347 S2_2
16056 18 -0.5 0 S2_2
16057 18 -0.5 510.718964276319 S2_2
16058 18 -0.5 0 S2_2
16059 18 -0.5 3.25835102374095 S2_2
16060 18 -0.5 42.2300154314608 S2_2
16062 18 -0.5 145.321699074184 S2_2
16063 18 -0.5 36.1056983518702 S2_2
16046 19 -0.5 80.8092970360199 S2_2
16047 19 -0.5 237.008545858669 S2_2
16049 19 -0.5 76.1106240201359 S2_2
16050 19 -0.5 255.683022293696 S2_2
16052 19 -0.5 503.767545213253 S2_2
16053 19 -0.5 0 S2_2
16054 19 -0.5 132.722007677907 S2_2
16055 19 -0.5 750.156691457177 S2_2
16056 19 -0.5 0 S2_2
16057 19 -0.5 363.300395765486 S2_2
16058 19 -0.5 0 S2_2
16059 19 -0.5 1.48538107207402 S2_2
16060 19 -0.5 3.95080631521486 S2_2
16062 19 -0.5 100.652325689503 S2_2
16063 19 -0.5 12.1070875452861 S2_2
16046 20 -0.5 127.363817233848 S2_2
16047 20 -0.5 302.311511054696 S2_2
16049 20 -0.5 111.796742450113 S2_2
16050 20 -0.5 355.790869446106 S2_2
16052 20 -0.5 631.692759448915 S2_2
16053 20 -0.5 0 S2_2
16054 20 -0.5 186.196661573609 S2_2
16055 20 -0.5 997.507624017875 S2_2
16056 20 -0.5 0 S2_2
16057 20 -0.5 445.887090451935 S2_2
16058 20 -0.5 0 S2_2
16059 20 -0.5 10.9638999144934 S2_2
16060 20 -0.5 46.3766865890186 S2_2
16062 20 -0.5 145.280357525372 S2_2
16063 20 -0.5 46.0520863825156 S2_2
16046 21 -0.5 76.6552730800401 S2_2
16047 21 -0.5 235.792059807726 S2_2
16049 21 -0.5 72.2042175558565 S2_2
16050 21 -0.5 257.05810115783 S2_2
16052 21 -0.5 506.897843039024 S2_2
16053 21 -0.5 0 S2_2
16054 21 -0.5 132.109453470313 S2_2
16055 21 -0.5 756.030071208912 S2_2
16056 21 -0.5 0 S2_2
16057 21 -0.5 362.079814525233 S2_2
16058 21 -0.5 0 S2_2
16059 21 -0.5 1.18194033437324 S2_2
16060 21 -0.5 3.19167953910348 S2_2
16062 21 -0.5 96.7679301923442 S2_2
16063 21 -0.5 13.8895413832334 S2_2
16046 22 -0.5 136.451706780946 S2_2
16047 22 -0.5 353.79061352202 S2_2
16049 22 -0.5 117.32172526317 S2_2
16050 22 -0.5 446.149047269166 S2_2
16052 22 -0.5 743.226131941148 S2_2
16053 22 -0.5 0 S2_2
16054 22 -0.5 218.949276508201 S2_2
16055 22 -0.5 1285.33671596519 S2_2
16056 22 -0.5 0 S2_2
16057 22 -0.5 520.78800493612 S2_2
16058 22 -0.5 0 S2_2
16059 22 -0.5 12.3933996363497 S2_2
16060 22 -0.5 63.7987607076076 S2_2
16062 22 -0.5 163.781906453649 S2_2
16063 22 -0.5 66.7555751044904 S2_2
16046 23 -0.5 72.9892533315886 S2_2
16047 23 -0.5 218.389275598287 S2_2
16049 23 -0.5 69.992601582936 S2_2
16050 23 -0.5 209.524846918786 S2_2
16052 23 -0.5 436.982871136075 S2_2
16053 23 -0.5 0 S2_2
16054 23 -0.5 124.075310458525 S2_2
16055 23 -0.5 616.833360708411 S2_2
16056 23 -0.5 0 S2_2
16057 23 -0.5 333.32626974518 S2_2
16058 23 -0.5 0 S2_2
16059 23 -0.5 1.08591834264286 S2_2
16060 23 -0.5 0 S2_2
16062 23 -0.5 90.0190832230521 S2_2
16063 23 -0.5 10.7963472175582 S2_2
16046 24 -0.5 87.9804957584745 S2_2
16047 24 -0.5 254.794468093678 S2_2
16049 24 -0.5 80.1308807029281 S2_2
16050 24 -0.5 289.848174005573 S2_2
16052 24 -0.5 549.122500613618 S2_2
16053 24 -0.5 0 S2_2
16054 24 -0.5 147.806390300013 S2_2
16055 24 -0.5 832.379232507195 S2_2
16056 24 -0.5 0 S2_2
16057 24 -0.5 385.59922068256 S2_2
16058 24 -0.5 0 S2_2
16059 24 -0.5 2.00423832574036 S2_2
16060 24 -0.5 8.34168638230264 S2_2
16062 24 -0.5 107.737480721299 S2_2
16063 24 -0.5 26.3145210709383 S2_2
16046 25 -0.5 23.6903201821491 S2_2
16047 25 -0.5 143.20621190513 S2_2
16049 25 -0.5 40.6873807889542 S2_2
16050 25 -0.5 37.4239229346922 S2_2
16052 25 -0.5 202.428057557318 S2_2
16053 25 -0.5 0 S2_2
16054 25 -0.5 61.0164782331296 S2_2
16055 25 -0.5 263.206764328375 S2_2
16056 25 -0.5 0 S2_2
16057 25 -0.5 233.413178443168 S2_2
16058 25 -0.5 0 S2_2
16059 25 -0.5 0 S2_2
16060 25 -0.5 0 S2_2
16062 25 -0.5 49.2512106070461 S2_2
16063 25 -0.5 0 S2_2
16046 26 -0.5 128.796742141445 S2_2
16047 26 -0.5 325.100692816987 S2_2
16049 26 -0.5 112.184576725558 S2_2
16050 26 -0.5 400.0519313418 S2_2
16052 26 -0.5 689.537826203579 S2_2
16053 26 -0.5 0 S2_2
16054 26 -0.5 198.491208646639 S2_2
16055 26 -0.5 1142.58152099184 S2_2
16056 26 -0.5 0 S2_2
16057 26 -0.5 479.885843780254 S2_2
16058 26 -0.5 0 S2_2
16059 26 -0.5 10.4169782574078 S2_2
16060 26 -0.5 54.33511327399 S2_2
16062 26 -0.5 151.703549899385 S2_2
16063 26 -0.5 54.6171271270444 S2_2
16046 27 -0.5 2.26547045005696 S2_2
16047 27 -0.5 90.4550481395877 S2_2
16049 27 -0.5 11.6666350774544 S2_2
16050 27 -0.5 0 S2_2
16052 27 -0.5 101.74814403046 S2_2
16053 27 -0.5 0 S2_2
16054 27 -0.5 11.3930114991919 S2_2
16055 27 -0.5 150.368847774367 S2_2
16056 27 -0.5 0 S2_2
16057 27 -0.5 177.63791931781 S2_2
16058 27 -0.5 0 S2_2
16059 27 -0.5 0 S2_2
16060 27 -0.5 0 S2_2
16062 27 -0.5 14.4190560472231 S2_2
16063 27 -0.5 0 S2_2
16046 28 -0.5 151.099307245387 S2_2
16047 28 -0.5 364.899407926011 S2_2
16049 28 -0.5 128.941726853548 S2_2
16050 28 -0.5 453.671187595633 S2_2
16052 28 -0.5 753.750154120678 S2_2
16053 28 -0.5 0 S2_2
16054 28 -0.5 231.01887035118 S2_2
16055 28 -0.5 1296.04771543686 S2_2
16056 28 -0.5 0 S2_2
16057 28 -0.5 532.227375534975 S2_2
16058 28 -0.5 0 S2_2
16059 28 -0.5 19.8343613121238 S2_2
16060 28 -0.5 75.7774970617472 S2_2
16062 28 -0.5 175.184414667596 S2_2
16063 28 -0.5 73.3535350815161 S2_2
16046 29 -0.5 20.0276332322592 S2_2
16047 29 -0.5 149.668297810539 S2_2
16049 29 -0.5 35.9868082080226 S2_2
16050 29 -0.5 122.482798033894 S2_2
16052 29 -0.5 320.261044791384 S2_2
16053 29 -0.5 0 S2_2
16054 29 -0.5 62.6385733739041 S2_2
16055 29 -0.5 462.732858781879 S2_2
16056 29 -0.5 0 S2_2
16057 29 -0.5 261.674731073935 S2_2
16058 29 -0.5 0 S2_2
16059 29 -0.5 0 S2_2
16060 29 -0.5 0 S2_2
16062 29 -0.5 49.9427927877738 S2_2
16063 29 -0.5 0 S2_2
16046 30 -0.5 18.4223485476084 S2_2
16047 30 -0.5 135.783522455965 S2_2
16049 30 -0.5 37.6792875602035 S2_2
16050 30 -0.5 28.4732674975591 S2_2
16052 30 -0.5 193.5207386288 S2_2
16053 30 -0.5 0 S2_2
16054 30 -0.5 51.74238745545 S2_2
16055 30 -0.5 254.38067109422 S2_2
16056 30 -0.5 0 S2_2
16057 30 -0.5 227.155913679577 S2_2
16058 30 -0.5 0 S2_2
16059 30 -0.5 0 S2_2
16060 30 -0.5 0 S2_2
16062 30 -0.5 46.1132902519246 S2_2
16063 30 -0.5 0 S2_2
16046 31 -0.5 36.6622194349679 S2_2
16047 31 -0.5 158.794896004331 S2_2
16049 31 -0.5 33.3407416392422 S2_2
16050 31 -0.5 91.1381529092159 S2_2
16052 31 -0.5 266.089089092103 S2_2
16053 31 -0.5 0 S2_2
16054 31 -0.5 76.1210592533772 S2_2
16055 31 -0.5 346.776691867239 S2_2
16056 31 -0.5 0 S2_2
16057 31 -0.5 245.369409440179 S2_2
16058 31 -0.5 0 S2_2
16059 31 -0.5 0 S2_2
16060 31 -0.5 0 S2_2
16062 31 -0.5 46.4034279261559 S2_2
16063 31 -0.5 0 S2_2
16046 1 -1.5 0 S2_2
16047 1 -1.5 51.8942182814502 S2_2
16049 1 -1.5 0 S2_2
16050 1 -1.5 401.835375497953 S2_2
16052 1 -1.5 325.418912708737 S2_2
16053 1 -1.5 109.886570560587 S2_2
16054 1 -1.5 135.234154550453 S2_2
16055 1 -1.5 1226.14067641134 S2_2
16056 1 -1.5 67.0780422713929 S2_2
16057 1 -1.5 105.064859086188 S2_2
16058 1 -1.5 22.1263050120164 S2_2
16059 1 -1.5 0 S2_2
16060 1 -1.5 0 S2_2
16062 1 -1.5 1.50518453119684 S2_2
16063 1 -1.5 85.6696180294862 S2_2
16046 2 -1.5 0 S2_2
16047 2 -1.5 77.7869614014061 S2_2
16049 2 -1.5 5.99662762323072 S2_2
16050 2 -1.5 15.7788341195177 S2_2
16052 2 -1.5 76.6745074680642 S2_2
16053 2 -1.5 50.1017069671917 S2_2
16054 2 -1.5 169.017816554259 S2_2
16055 2 -1.5 136.71682556402 S2_2
16056 2 -1.5 132.903725929277 S2_2
16057 2 -1.5 148.578853645819 S2_2
16058 2 -1.5 0 S2_2
16059 2 -1.5 0 S2_2
16060 2 -1.5 0 S2_2
16062 2 -1.5 5.81200960759359 S2_2
16063 2 -1.5 168.163672791275 S2_2
16046 3 -1.5 0 S2_2
16047 3 -1.5 22.8434647309675 S2_2
16049 3 -1.5 0 S2_2
16050 3 -1.5 32.3468107644235 S2_2
16052 3 -1.5 78.5101699091496 S2_2
16053 3 -1.5 44.5898832218913 S2_2
16054 3 -1.5 96.3876677997222 S2_2
16055 3 -1.5 182.501971298534 S2_2
16056 3 -1.5 46.0366254939703 S2_2
16057 3 -1.5 83.7064126589981 S2_2
16058 3 -1.5 0 S2_2
16059 3 -1.5 0 S2_2
16060 3 -1.5 0 S2_2
16062 3 -1.5 0 S2_2
16063 3 -1.5 89.514744051396 S2_2
16046 4 -1.5 0 S2_2
16047 4 -1.5 13.7616631860766 S2_2
16049 4 -1.5 0 S2_2
16050 4 -1.5 70.806272306664 S2_2
16052 4 -1.5 104.378536240434 S2_2
16053 4 -1.5 60.0554146378697 S2_2
16054 4 -1.5 78.8776926257452 S2_2
16055 4 -1.5 367.95012703444 S2_2
16056 4 -1.5 23.2575751584113 S2_2
16057 4 -1.5 68.0834552289878 S2_2
16058 4 -1.5 0 S2_2
16059 4 -1.5 0 S2_2
16060 4 -1.5 0 S2_2
16062 4 -1.5 0 S2_2
16063 4 -1.5 63.0797785005285 S2_2
16046 5 -1.5 0 S2_2
16047 5 -1.5 0 S2_2
16049 5 -1.5 0 S2_2
16050 5 -1.5 0 S2_2
16052 5 -1.5 0 S2_2
16053 5 -1.5 0 S2_2
16054 5 -1.5 20.4212896042173 S2_2
16055 5 -1.5 0 S2_2
16056 5 -1.5 1.18917212815995 S2_2
16057 5 -1.5 29.2818892302026 S2_2
16058 5 -1.5 0 S2_2
16059 5 -1.5 0 S2_2
16060 5 -1.5 0 S2_2
16062 5 -1.5 0 S2_2
16063 5 -1.5 30.9206598159344 S2_2
16046 6 -1.5 10.009177671422 S2_2
16047 6 -1.5 128.428109926114 S2_2
16049 6 -1.5 25.7096220040224 S2_2
16050 6 -1.5 199.016979456671 S2_2
16052 6 -1.5 267.086247830925 S2_2
16053 6 -1.5 197.542002489096 S2_2
16054 6 -1.5 248.533040273159 S2_2
16055 6 -1.5 449.512338373636 S2_2
16056 6 -1.5 189.645467245554 S2_2
16057 6 -1.5 213.740361815145 S2_2
16058 6 -1.5 21.2249977607403 S2_2
16059 6 -1.5 0 S2_2
16060 6 -1.5 0 S2_2
16062 6 -1.5 33.4914935745291 S2_2
16063 6 -1.5 219.761801470807 S2_2
16046 7 -1.5 1.11364872095431 S2_2
16047 7 -1.5 83.4089522298039 S2_2
16049 7 -1.5 7.69222428725156 S2_2
16050 7 -1.5 19.67794249796 S2_2
16052 7 -1.5 82.9679455492057 S2_2
16053 7 -1.5 56.6754862405229 S2_2
16054 7 -1.5 175.387701391185 S2_2
16055 7 -1.5 141.515541819425 S2_2
16056 7 -1.5 141.123917995879 S2_2
16057 7 -1.5 153.719919868451 S2_2
16058 7 -1.5 0 S2_2
16059 7 -1.5 0 S2_2
16060 7 -1.5 0 S2_2
16062 7 -1.5 7.5120995119453 S2_2
16063 7 -1.5 174.918206758306 S2_2
16046 8 -1.5 1.09989082717576 S2_2
16047 8 -1.5 84.4101766366169 S2_2
16049 8 -1.5 4.52401733271525 S2_2
16050 8 -1.5 264.86907496752 S2_2
16052 8 -1.5 308.710612319899 S2_2
16053 8 -1.5 170.780852641257 S2_2
16054 8 -1.5 202.24957868101 S2_2
16055 8 -1.5 716.824989076581 S2_2
16056 8 -1.5 116.354557343906 S2_2
16057 8 -1.5 172.63281944413 S2_2
16058 8 -1.5 30.7937288170395 S2_2
16059 8 -1.5 0 S2_2
16060 8 -1.5 0 S2_2
16062 8 -1.5 9.68206834467699 S2_2
16063 8 -1.5 139.928421617976 S2_2
16046 9 -1.5 0 S2_2
16047 9 -1.5 57.7861422057698 S2_2
16049 9 -1.5 1.33375883054212 S2_2
16050 9 -1.5 112.97965581541 S2_2
16052 9 -1.5 173.242850801418 S2_2
16053 9 -1.5 108.82333185455 S2_2
16054 9 -1.5 144.594334963146 S2_2
16055 9 -1.5 371.083474085208 S2_2
16056 9 -1.5 92.0094568697733 S2_2
16057 9 -1.5 123.533699082084 S2_2
16058 9 -1.5 0 S2_2
16059 9 -1.5 0 S2_2
16060 9 -1.5 0 S2_2
16062 9 -1.5 2.04703123868305 S2_2
16063 9 -1.5 122.952933093384 S2_2
16046 10 -1.5 0 S2_2
16047 10 -1.5 73.8470381781548 S2_2
16049 10 -1.5 2.46778778160874 S2_2
16050 10 -1.5 238.033046653984 S2_2
16052 10 -1.5 288.248071984393 S2_2
16053 10 -1.5 153.390490026775 S2_2
16054 10 -1.5 181.483900222986 S2_2
16055 10 -1.5 683.733532074772 S2_2
16056 10 -1.5 108.017750755614 S2_2
16057 10 -1.5 150.798364859146 S2_2
16058 10 -1.5 19.0005884379472 S2_2
16059 10 -1.5 0 S2_2
16060 10 -1.5 0 S2_2
16062 10 -1.5 5.28294027734263 S2_2
16063 10 -1.5 131.154526087858 S2_2
16046 11 -1.5 0 S2_2
16047 11 -1.5 0 S2_2
16049 11 -1.5 0 S2_2
16050 11 -1.5 13.5409197466174 S2_2
16052 11 -1.5 10.3134901290573 S2_2
16053 11 -1.5 0 S2_2
16054 11 -1.5 1.35709518266151 S2_2
16055 11 -1.5 302.967088188046 S2_2
16056 11 -1.5 0 S2_2
16057 11 -1.5 2.11714578255872 S2_2
16058 11 -1.5 0 S2_2
16059 11 -1.5 0 S2_2
16060 11 -1.5 0 S2_2
16062 11 -1.5 0 S2_2
16063 11 -1.5 0 S2_2
16046 12 -1.5 0 S2_2
16047 12 -1.5 0 S2_2
16049 12 -1.5 0 S2_2
16050 12 -1.5 40.1431752892445 S2_2
16052 12 -1.5 29.4100361402756 S2_2
16053 12 -1.5 2.1036153296441 S2_2
16054 12 -1.5 14.5432065602826 S2_2
16055 12 -1.5 1068.98136215045 S2_2
16056 12 -1.5 0 S2_2
16057 12 -1.5 16.0845740236662 S2_2
16058 12 -1.5 0 S2_2
16059 12 -1.5 0 S2_2
16060 12 -1.5 0 S2_2
16062 12 -1.5 0 S2_2
16063 12 -1.5 0 S2_2
16046 13 -1.5 0 S2_2
16047 13 -1.5 15.3753026714269 S2_2
16049 13 -1.5 0 S2_2
16050 13 -1.5 45.0630183963835 S2_2
16052 13 -1.5 86.5688978654302 S2_2
16053 13 -1.5 46.0087764633677 S2_2
16054 13 -1.5 94.6890226378066 S2_2
16055 13 -1.5 205.822488657732 S2_2
16056 13 -1.5 23.7376149947791 S2_2
16057 13 -1.5 88.9390309845957 S2_2
16058 13 -1.5 0 S2_2
16059 13 -1.5 0 S2_2
16060 13 -1.5 0 S2_2
16062 13 -1.5 0 S2_2
16063 13 -1.5 71.0605639641117 S2_2
16046 14 -1.5 3.4889360368591 S2_2
16047 14 -1.5 104.628256104766 S2_2
16049 14 -1.5 16.4388616295168 S2_2
16050 14 -1.5 83.5116225859675 S2_2
16052 14 -1.5 143.517707496654 S2_2
16053 14 -1.5 113.964083021026 S2_2
16054 14 -1.5 204.012010338336 S2_2
16055 14 -1.5 218.385364173138 S2_2
16056 14 -1.5 167.507977653466 S2_2
16057 14 -1.5 177.049411916534 S2_2
16058 14 -1.5 0 S2_2
16059 14 -1.5 0 S2_2
16060 14 -1.5 0 S2_2
16062 14 -1.5 18.343748502249 S2_2
16063 14 -1.5 197.38510361454 S2_2
16046 15 -1.5 60.1466504279285 S2_2
16047 15 -1.5 207.609017238185 S2_2
16049 15 -1.5 62.2850144262866 S2_2
16050 15 -1.5 392.342760575318 S2_2
16052 15 -1.5 450.903469409303 S2_2
16053 15 -1.5 339.712327001006 S2_2
16054 15 -1.5 369.504896891188 S2_2
16055 15 -1.5 806.455861207633 S2_2
16056 15 -1.5 289.655230853992 S2_2
16057 15 -1.5 314.899539020663 S2_2
16058 15 -1.5 116.473410193492 S2_2
16059 15 -1.5 1.59245450639993 S2_2
16060 15 -1.5 1.76943202335509 S2_2
16062 15 -1.5 78.7838016753521 S2_2
16063 15 -1.5 311.554962857295 S2_2
16046 16 -1.5 14.7556728725686 S2_2
16047 16 -1.5 156.629958912927 S2_2
16049 16 -1.5 27.1377562934382 S2_2
16050 16 -1.5 443.945746453068 S2_2
16052 16 -1.5 456.562012377373 S2_2
16053 16 -1.5 286.425969889661 S2_2
16054 16 -1.5 327.697528038857 S2_2
16055 16 -1.5 1026.75900968837 S2_2
16056 16 -1.5 194.718043849006 S2_2
16057 16 -1.5 278.346493202087 S2_2
16058 16 -1.5 89.113325102514 S2_2
16059 16 -1.5 0 S2_2
16060 16 -1.5 0 S2_2
16062 16 -1.5 43.4128810616667 S2_2
16063 16 -1.5 227.433750970664 S2_2
16046 17 -1.5 5.69045339823353 S2_2
16047 17 -1.5 114.567081442954 S2_2
16049 17 -1.5 21.2929104199053 S2_2
16050 17 -1.5 152.805134266525 S2_2
16052 17 -1.5 214.67444844874 S2_2
16053 17 -1.5 162.469734779848 S2_2
16054 17 -1.5 224.023873142254 S2_2
16055 17 -1.5 347.329335139867 S2_2
16056 17 -1.5 170.748570000751 S2_2
16057 17 -1.5 197.291036454161 S2_2
16058 17 -1.5 4.09455999770647 S2_2
16059 17 -1.5 0 S2_2
16060 17 -1.5 0 S2_2
16062 17 -1.5 27.5669875002464 S2_2
16063 17 -1.5 198.587169587414 S2_2
16046 18 -1.5 0 S2_2
16047 18 -1.5 23.9941911527061 S2_2
16049 18 -1.5 0 S2_2
16050 18 -1.5 236.670348072483 S2_2
16052 18 -1.5 172.380142918126 S2_2
16053 18 -1.5 70.3934040754721 S2_2
16054 18 -1.5 88.4532293459218 S2_2
16055 18 -1.5 1124.36706563482 S2_2
16056 18 -1.5 20.0938126024095 S2_2
16057 18 -1.5 73.390458718679 S2_2
16058 18 -1.5 3.47981623708785 S2_2
16059 18 -1.5 0 S2_2
16060 18 -1.5 0 S2_2
16062 18 -1.5 0 S2_2
16063 18 -1.5 48.9344647787181 S2_2
16046 19 -1.5 0 S2_2
16047 19 -1.5 73.0338519205942 S2_2
16049 19 -1.5 2.55035924841203 S2_2
16050 19 -1.5 210.794274608219 S2_2
16052 19 -1.5 266.754740455624 S2_2
16053 19 -1.5 147.684289018543 S2_2
16054 19 -1.5 177.145226839406 S2_2
16055 19 -1.5 610.948106394707 S2_2
16056 19 -1.5 107.602201146512 S2_2
16057 19 -1.5 148.782053701131 S2_2
16058 19 -1.5 13.0076940698872 S2_2
16059 19 -1.5 0 S2_2
16060 19 -1.5 0 S2_2
16062 19 -1.5 5.07150487291603 S2_2
16063 19 -1.5 132.389949358894 S2_2
16046 20 -1.5 41.8775320609055 S2_2
16047 20 -1.5 194.56099343907 S2_2
16049 20 -1.5 49.3314087282767 S2_2
16050 20 -1.5 434.104917813389 S2_2
16052 20 -1.5 471.232380186181 S2_2
16053 20 -1.5 330.752642672833 S2_2
16054 20 -1.5 363.200274421446 S2_2
16055 20 -1.5 937.976353198715 S2_2
16056 20 -1.5 257.480274571201 S2_2
16057 20 -1.5 310.921705297934 S2_2
16058 20 -1.5 114.623408973961 S2_2
16059 20 -1.5 0 S2_2
16060 20 -1.5 1.52070424481893 S2_2
16062 20 -1.5 66.8571176191215 S2_2
16063 20 -1.5 283.247873310293 S2_2
16046 21 -1.5 0 S2_2
16047 21 -1.5 50.8624480596399 S2_2
16049 21 -1.5 0 S2_2
16050 21 -1.5 170.858034916954 S2_2
16052 21 -1.5 224.196855447372 S2_2
16053 21 -1.5 116.479303275721 S2_2
16054 21 -1.5 132.724040116655 S2_2
16055 21 -1.5 590.917539797302 S2_2
16056 21 -1.5 78.3095538586478 S2_2
16057 21 -1.5 109.866593470044 S2_2
16058 21 -1.5 3.45887139004812 S2_2
16059 21 -1.5 0 S2_2
16060 21 -1.5 0 S2_2
16062 21 -1.5 1.30585818985705 S2_2
16063 21 -1.5 104.977172446288 S2_2
16046 22 -1.5 3.01182824970073 S2_2
16047 22 -1.5 110.842716550239 S2_2
16049 22 -1.5 8.60957612391078 S2_2
16050 22 -1.5 485.955311723734 S2_2
16052 22 -1.5 456.047523354817 S2_2
16053 22 -1.5 239.927841365705 S2_2
16054 22 -1.5 296.881960115879 S2_2
16055 22 -1.5 1185.78433840579 S2_2
16056 22 -1.5 146.728001550645 S2_2
16057 22 -1.5 237.039496306267 S2_2
16058 22 -1.5 66.3951942847516 S2_2
16059 22 -1.5 0 S2_2
16060 22 -1.5 0 S2_2
16062 22 -1.5 21.1809198759632 S2_2
16063 22 -1.5 165.223253610213 S2_2
16046 23 -1.5 0 S2_2
16047 23 -1.5 76.7692525954132 S2_2
16049 23 -1.5 3.30803429214699 S2_2
16050 23 -1.5 168.844567980471 S2_2
16052 23 -1.5 233.659520024945 S2_2
16053 23 -1.5 144.063004162909 S2_2
16054 23 -1.5 180.439169436635 S2_2
16055 23 -1.5 480.771039800729 S2_2
16056 23 -1.5 121.780289262194 S2_2
16057 23 -1.5 150.004205711213 S2_2
16058 23 -1.5 4.98675269635481 S2_2
16059 23 -1.5 0 S2_2
16060 23 -1.5 0 S2_2
16062 23 -1.5 5.64854480475995 S2_2
16063 23 -1.5 147.595491483583 S2_2
16046 24 -1.5 0 S2_2
16047 24 -1.5 64.0465013461745 S2_2
16049 24 -1.5 1.32019530232608 S2_2
16050 24 -1.5 223.474654461736 S2_2
16052 24 -1.5 272.61143672901 S2_2
16053 24 -1.5 139.08990549564 S2_2
16054 24 -1.5 161.06590638177 S2_2
16055 24 -1.5 680.663098179428 S2_2
16056 24 -1.5 97.3925456208257 S2_2
16057 24 -1.5 131.46503720713 S2_2
16058 24 -1.5 12.9858701080201 S2_2
16059 24 -1.5 0 S2_2
16060 24 -1.5 0 S2_2
16062 24 -1.5 2.93088536973291 S2_2
16063 24 -1.5 119.760686672827 S2_2
16046 25 -1.5 1.22389852415215 S2_2
16047 25 -1.5 84.174557970837 S2_2
16049 25 -1.5 6.74485808576181 S2_2
16050 25 -1.5 63.2227897831018 S2_2
16052 25 -1.5 122.37786734522 S2_2
16053 25 -1.5 93.0451253128719 S2_2
16054 25 -1.5 178.922239313411 S2_2
16055 25 -1.5 199.569002815929 S2_2
16056 25 -1.5 142.261687552181 S2_2
16057 25 -1.5 153.160981962524 S2_2
16058 25 -1.5 0 S2_2
16059 25 -1.5 0 S2_2
16060 25 -1.5 0 S2_2
16062 25 -1.5 7.36514197327437 S2_2
16063 25 -1.5 174.607921792461 S2_2
16046 26 -1.5 8.97812413527088 S2_2
16047 26 -1.5 140.443044834573 S2_2
16049 26 -1.5 19.5938935299852 S2_2
16050 26 -1.5 448.04958284462 S2_2
16052 26 -1.5 454.962212882108 S2_2
16053 26 -1.5 275.673165172002 S2_2
16054 26 -1.5 315.093568698014 S2_2
16055 26 -1.5 1053.36476101153 S2_2
16056 26 -1.5 179.32910186022 S2_2
16057 26 -1.5 261.567975642469 S2_2
16058 26 -1.5 79.4405992587644 S2_2
16059 26 -1.5 0 S2_2
16060 26 -1.5 0 S2_2
16062 26 -1.5 34.4260319359077 S2_2
16063 26 -1.5 212.333078327073 S2_2
16046 27 -1.5 0 S2_2
16047 27 -1.5 21.1666822846392 S2_2
16049 27 -1.5 0 S2_2
16050 27 -1.5 0 S2_2
16052 27 -1.5 17.6621118337093 S2_2
16053 27 -1.5 5.10380459221471 S2_2
16054 27 -1.5 100.649921339668 S2_2
16055 27 -1.5 83.0768536658183 S2_2
16056 27 -1.5 47.1425309341205 S2_2
16057 27 -1.5 90.7196828651478 S2_2
16058 27 -1.5 0 S2_2
16059 27 -1.5 0 S2_2
16060 27 -1.5 0 S2_2
16062 27 -1.5 0 S2_2
16063 27 -1.5 100.284056048482 S2_2
16046 28 -1.5 28.2317144637868 S2_2
16047 28 -1.5 193.044537125592 S2_2
16049 28 -1.5 36.2498576833483 S2_2
16050 28 -1.5 550.446764195948 S2_2
16052 28 -1.5 533.625736314754 S2_2
16053 28 -1.5 344.230255763695 S2_2
16054 28 -1.5 400.246510503099 S2_2
16055 28 -1.5 1235.87164520484 S2_2
16056 28 -1.5 241.502210780554 S2_2
16057 28 -1.5 330.728315168211 S2_2
16058 28 -1.5 115.781001017784 S2_2
16059 28 -1.5 0 S2_2
16060 28 -1.5 1.09291806412666 S2_2
16062 28 -1.5 55.705196019489 S2_2
16063 28 -1.5 273.959194799945 S2_2
16046 29 -1.5 0 S2_2
16047 29 -1.5 4.01984064277172 S2_2
16049 29 -1.5 0 S2_2
16050 29 -1.5 35.9041580208701 S2_2
16052 29 -1.5 68.8832925358511 S2_2
16053 29 -1.5 28.2701594455881 S2_2
16054 29 -1.5 58.1689921209322 S2_2
16055 29 -1.5 232.576316475915 S2_2
16056 29 -1.5 5.97242076110542 S2_2
16057 29 -1.5 54.8435994174577 S2_2
16058 29 -1.5 0 S2_2
16059 29 -1.5 0 S2_2
16060 29 -1.5 0 S2_2
16062 29 -1.5 0 S2_2
16063 29 -1.5 39.3246335960709 S2_2
16046 30 -1.5 1.43504900215669 S2_2
16047 30 -1.5 87.3056172282258 S2_2
16049 30 -1.5 8.31279465877885 S2_2
16050 30 -1.5 65.866239176043 S2_2
16052 30 -1.5 125.442281729774 S2_2
16053 30 -1.5 94.9157519633306 S2_2
16054 30 -1.5 182.544437679422 S2_2
16055 30 -1.5 201.516944205909 S2_2
16056 30 -1.5 142.903814241195 S2_2
16057 30 -1.5 158.744426545925 S2_2
16058 30 -1.5 0 S2_2
16059 30 -1.5 0 S2_2
16060 30 -1.5 0 S2_2
16062 30 -1.5 9.19372636742168 S2_2
16063 30 -1.5 175.474041815486 S2_2
16046 31 -1.5 0 S2_2
16047 31 -1.5 43.4644147491674 S2_2
16049 31 -1.5 0 S2_2
16050 31 -1.5 62.4802749573375 S2_2
16052 31 -1.5 108.400161182315 S2_2
16053 31 -1.5 86.8934202901271 S2_2
16054 31 -1.5 136.595347001819 S2_2
16055 31 -1.5 213.235301936959 S2_2
16056 31 -1.5 116.083192817411 S2_2
16057 31 -1.5 100.691348862988 S2_2
16058 31 -1.5 0 S2_2
16059 31 -1.5 0 S2_2
16060 31 -1.5 0 S2_2
16062 31 -1.5 0 S2_2
16063 31 -1.5 137.283654505823 S2_2
16046 1 -3 0 S2_2
16047 1 -3 0 S2_2
16049 1 -3 0 S2_2
16050 1 -3 0 S2_2
16052 1 -3 0 S2_2
16053 1 -3 0 S2_2
16054 1 -3 0 S2_2
16055 1 -3 0 S2_2
16056 1 -3 0 S2_2
16057 1 -3 0 S2_2
16058 1 -3 0 S2_2
16059 1 -3 0 S2_2
16060 1 -3 0 S2_2
16062 1 -3 0 S2_2
16063 1 -3 0 S2_2
16046 2 -3 0 S2_2
16047 2 -3 21.5234437657414 S2_2
16049 2 -3 0 S2_2
16050 2 -3 1.04406264060073 S2_2
16052 2 -3 17.5731882329666 S2_2
16053 2 -3 6.61671988723799 S2_2
16054 2 -3 103.903991767883 S2_2
16055 2 -3 82.5817409539109 S2_2
16056 2 -3 48.9992512354716 S2_2
16057 2 -3 90.9428541178178 S2_2
16058 2 -3 0 S2_2
16059 2 -3 0 S2_2
16060 2 -3 0 S2_2
16062 2 -3 0 S2_2
16063 2 -3 148.643068437251 S2_2
16046 3 -3 0 S2_2
16047 3 -3 0 S2_2
16049 3 -3 0 S2_2
16050 3 -3 0 S2_2
16052 3 -3 0 S2_2
16053 3 -3 0 S2_2
16054 3 -3 0 S2_2
16055 3 -3 0 S2_2
16056 3 -3 0 S2_2
16057 3 -3 0 S2_2
16058 3 -3 0 S2_2
16059 3 -3 0 S2_2
16060 3 -3 0 S2_2
16062 3 -3 0 S2_2
16063 3 -3 0 S2_2
16046 4 -3 0 S2_2
16047 4 -3 0 S2_2
16049 4 -3 0 S2_2
16050 4 -3 0 S2_2
16052 4 -3 0 S2_2
16053 4 -3 0 S2_2
16054 4 -3 0 S2_2
16055 4 -3 0 S2_2
16056 4 -3 0 S2_2
16057 4 -3 0 S2_2
16058 4 -3 0 S2_2
16059 4 -3 0 S2_2
16060 4 -3 0 S2_2
16062 4 -3 0 S2_2
16063 4 -3 0 S2_2
16046 5 -3 0 S2_2
16047 5 -3 0 S2_2
16049 5 -3 0 S2_2
16050 5 -3 0 S2_2
16052 5 -3 0 S2_2
16053 5 -3 0 S2_2
16054 5 -3 0 S2_2
16055 5 -3 0 S2_2
16056 5 -3 0 S2_2
16057 5 -3 0 S2_2
16058 5 -3 0 S2_2
16059 5 -3 0 S2_2
16060 5 -3 0 S2_2
16062 5 -3 0 S2_2
16063 5 -3 0 S2_2
16046 6 -3 0 S2_2
16047 6 -3 18.8889588709584 S2_2
16049 6 -3 0 S2_2
16050 6 -3 65.0458139848503 S2_2
16052 6 -3 99.6780374397163 S2_2
16053 6 -3 65.2534378619584 S2_2
16054 6 -3 91.108162056359 S2_2
16055 6 -3 225.971651150453 S2_2
16056 6 -3 34.0207254013445 S2_2
16057 6 -3 76.7987011734161 S2_2
16058 6 -3 2.9679168791374 S2_2
16059 6 -3 0 S2_2
16060 6 -3 0 S2_2
16062 6 -3 0 S2_2
16063 6 -3 117.983113428921 S2_2
16046 7 -3 0 S2_2
16047 7 -3 29.9887155628913 S2_2
16049 7 -3 0 S2_2
16050 7 -3 1.77175278118994 S2_2
16052 7 -3 25.4215458495187 S2_2
16053 7 -3 11.0010129869631 S2_2
16054 7 -3 114.293140458237 S2_2
16055 7 -3 91.0029312675555 S2_2
16056 7 -3 63.9811960181961 S2_2
16057 7 -3 99.0656465666159 S2_2
16058 7 -3 0 S2_2
16059 7 -3 0 S2_2
16060 7 -3 0 S2_2
16062 7 -3 0 S2_2
16063 7 -3 160.717911459695 S2_2
16046 8 -3 0 S2_2
16047 8 -3 0 S2_2
16049 8 -3 0 S2_2
16050 8 -3 1.86445404849271 S2_2
16052 8 -3 3.39855356189169 S2_2
16053 8 -3 0 S2_2
16054 8 -3 0 S2_2
16055 8 -3 70.3923088066841 S2_2
16056 8 -3 0 S2_2
16057 8 -3 1.14431302261438 S2_2
16058 8 -3 0 S2_2
16059 8 -3 0 S2_2
16060 8 -3 0 S2_2
16062 8 -3 0 S2_2
16063 8 -3 0 S2_2
16046 9 -3 0 S2_2
16047 9 -3 0 S2_2
16049 9 -3 0 S2_2
16050 9 -3 0 S2_2
16052 9 -3 0 S2_2
16053 9 -3 0 S2_2
16054 9 -3 0 S2_2
16055 9 -3 34.6092640510482 S2_2
16056 9 -3 0 S2_2
16057 9 -3 0 S2_2
16058 9 -3 0 S2_2
16059 9 -3 0 S2_2
16060 9 -3 0 S2_2
16062 9 -3 0 S2_2
16063 9 -3 0 S2_2
16046 10 -3 0 S2_2
16047 10 -3 0 S2_2
16049 10 -3 0 S2_2
16050 10 -3 0 S2_2
16052 10 -3 0 S2_2
16053 10 -3 0 S2_2
16054 10 -3 0 S2_2
16055 10 -3 43.896749730294 S2_2
16056 10 -3 0 S2_2
16057 10 -3 0 S2_2
16058 10 -3 0 S2_2
16059 10 -3 0 S2_2
16060 10 -3 0 S2_2
16062 10 -3 0 S2_2
16063 10 -3 0 S2_2
16046 11 -3 0 S2_2
16047 11 -3 0 S2_2
16049 11 -3 0 S2_2
16050 11 -3 0 S2_2
16052 11 -3 0 S2_2
16053 11 -3 0 S2_2
16054 11 -3 0 S2_2
16055 11 -3 0 S2_2
16056 11 -3 0 S2_2
16057 11 -3 0 S2_2
16058 11 -3 0 S2_2
16059 11 -3 0 S2_2
16060 11 -3 0 S2_2
16062 11 -3 0 S2_2
16063 11 -3 0 S2_2
16046 12 -3 0 S2_2
16047 12 -3 0 S2_2
16049 12 -3 0 S2_2
16050 12 -3 0 S2_2
16052 12 -3 0 S2_2
16053 12 -3 0 S2_2
16054 12 -3 0 S2_2
16055 12 -3 0 S2_2
16056 12 -3 0 S2_2
16057 12 -3 0 S2_2
16058 12 -3 0 S2_2
16059 12 -3 0 S2_2
16060 12 -3 0 S2_2
16062 12 -3 0 S2_2
16063 12 -3 0 S2_2
16046 13 -3 0 S2_2
16047 13 -3 0 S2_2
16049 13 -3 0 S2_2
16050 13 -3 0 S2_2
16052 13 -3 0 S2_2
16053 13 -3 0 S2_2
16054 13 -3 0 S2_2
16055 13 -3 9.5890187259945 S2_2
16056 13 -3 0 S2_2
16057 13 -3 0 S2_2
16058 13 -3 0 S2_2
16059 13 -3 0 S2_2
16060 13 -3 0 S2_2
16062 13 -3 0 S2_2
16063 13 -3 0 S2_2
16046 14 -3 0 S2_2
16047 14 -3 37.4967887432926 S2_2
16049 14 -3 0 S2_2
16050 14 -3 20.9038658093909 S2_2
16052 14 -3 70.3788787288882 S2_2
16053 14 -3 44.6051828457016 S2_2
16054 14 -3 119.627665517923 S2_2
16055 14 -3 134.243697276706 S2_2
16056 14 -3 72.7606735535537 S2_2
16057 14 -3 101.72477421844 S2_2
16058 14 -3 0 S2_2
16059 14 -3 0 S2_2
16060 14 -3 0 S2_2
16062 14 -3 0 S2_2
16063 14 -3 162.551389750223 S2_2
16046 15 -3 1.32811807794597 S2_2
16047 15 -3 85.1221941278977 S2_2
16049 15 -3 5.03094730511924 S2_2
16050 15 -3 209.361693553859 S2_2
16052 15 -3 246.927192572753 S2_2
16053 15 -3 163.88574988579 S2_2
16054 15 -3 176.78110975552 S2_2
16055 15 -3 582.70549237742 S2_2
16056 15 -3 127.378612817754 S2_2
16057 15 -3 142.449000871175 S2_2
16058 15 -3 82.5281191500464 S2_2
16059 15 -3 0 S2_2
16060 15 -3 0 S2_2
16062 15 -3 9.75259758084511 S2_2
16063 15 -3 203.330430053478 S2_2
16046 16 -3 0 S2_2
16047 16 -3 0 S2_2
16049 16 -3 0 S2_2
16050 16 -3 55.9422885316183 S2_2
16052 16 -3 59.0080481033644 S2_2
16053 16 -3 19.9363379984085 S2_2
16054 16 -3 30.8630523082247 S2_2
16055 16 -3 406.279208738157 S2_2
16056 16 -3 0 S2_2
16057 16 -3 28.8541475296334 S2_2
16058 16 -3 2.48698247613136 S2_2
16059 16 -3 0 S2_2
16060 16 -3 0 S2_2
16062 16 -3 0 S2_2
16063 16 -3 30.7810954923861 S2_2
16046 17 -3 0 S2_2
16047 17 -3 29.0769615196207 S2_2
16049 17 -3 0 S2_2
16050 17 -3 61.8197718645337 S2_2
16052 17 -3 102.632729312083 S2_2
16053 17 -3 68.5765475422088 S2_2
16054 17 -3 108.895587901574 S2_2
16055 17 -3 201.445360191936 S2_2
16056 17 -3 48.7423941645873 S2_2
16057 17 -3 94.0516632276563 S2_2
16058 17 -3 2.55086314202444 S2_2
16059 17 -3 0 S2_2
16060 17 -3 0 S2_2
16062 17 -3 0 S2_2
16063 17 -3 137.740825914426 S2_2
16046 18 -3 0 S2_2
16047 18 -3 0 S2_2
16049 18 -3 0 S2_2
16050 18 -3 0 S2_2
16052 18 -3 0 S2_2
16053 18 -3 0 S2_2
16054 18 -3 0 S2_2
16055 18 -3 0 S2_2
16056 18 -3 0 S2_2
16057 18 -3 0 S2_2
16058 18 -3 0 S2_2
16059 18 -3 0 S2_2
16060 18 -3 0 S2_2
16062 18 -3 0 S2_2
16063 18 -3 0 S2_2
16046 19 -3 0 S2_2
16047 19 -3 0 S2_2
16049 19 -3 0 S2_2
16050 19 -3 0 S2_2
16052 19 -3 1.02979026452044 S2_2
16053 19 -3 0 S2_2
16054 19 -3 0 S2_2
16055 19 -3 48.8630240399907 S2_2
16056 19 -3 0 S2_2
16057 19 -3 0 S2_2
16058 19 -3 0 S2_2
16059 19 -3 0 S2_2
16060 19 -3 0 S2_2
16062 19 -3 0 S2_2
16063 19 -3 0 S2_2
16046 20 -3 0 S2_2
16047 20 -3 37.2698312541787 S2_2
16049 20 -3 0 S2_2
16050 20 -3 144.977363828983 S2_2
16052 20 -3 159.623682170817 S2_2
16053 20 -3 102.920926531896 S2_2
16054 20 -3 110.645801239936 S2_2
16055 20 -3 624.968093542763 S2_2
16056 20 -3 50.7683090949525 S2_2
16057 20 -3 89.8669381078229 S2_2
16058 20 -3 47.9784448132503 S2_2
16059 20 -3 0 S2_2
16060 20 -3 0 S2_2
16062 20 -3 0 S2_2
16063 20 -3 122.672988988119 S2_2
16046 21 -3 0 S2_2
16047 21 -3 0 S2_2
16049 21 -3 0 S2_2
16050 21 -3 0 S2_2
16052 21 -3 0 S2_2
16053 21 -3 0 S2_2
16054 21 -3 0 S2_2
16055 21 -3 9.49924953129971 S2_2
16056 21 -3 0 S2_2
16057 21 -3 0 S2_2
16058 21 -3 0 S2_2
16059 21 -3 0 S2_2
16060 21 -3 0 S2_2
16062 21 -3 0 S2_2
16063 21 -3 0 S2_2
16046 22 -3 0 S2_2
16047 22 -3 0 S2_2
16049 22 -3 0 S2_2
16050 22 -3 1.24476772920902 S2_2
16052 22 -3 1.02381754560411 S2_2
16053 22 -3 0 S2_2
16054 22 -3 0 S2_2
16055 22 -3 57.1730527640155 S2_2
16056 22 -3 0 S2_2
16057 22 -3 0 S2_2
16058 22 -3 0 S2_2
16059 22 -3 0 S2_2
16060 22 -3 0 S2_2
16062 22 -3 0 S2_2
16063 22 -3 0 S2_2
16046 23 -3 0 S2_2
16047 23 -3 0 S2_2
16049 23 -3 0 S2_2
16050 23 -3 0 S2_2
16052 23 -3 2.49530339627959 S2_2
16053 23 -3 0 S2_2
16054 23 -3 1.05471197814047 S2_2
16055 23 -3 56.7140470013128 S2_2
16056 23 -3 0 S2_2
16057 23 -3 1.72519081800824 S2_2
16058 23 -3 0 S2_2
16059 23 -3 0 S2_2
16060 23 -3 0 S2_2
16062 23 -3 0 S2_2
16063 23 -3 2.61425254318783 S2_2
16046 24 -3 0 S2_2
16047 24 -3 0 S2_2
16049 24 -3 0 S2_2
16050 24 -3 0 S2_2
16052 24 -3 0 S2_2
16053 24 -3 0 S2_2
16054 24 -3 0 S2_2
16055 24 -3 23.1278519043471 S2_2
16056 24 -3 0 S2_2
16057 24 -3 0 S2_2
16058 24 -3 0 S2_2
16059 24 -3 0 S2_2
16060 24 -3 0 S2_2
16062 24 -3 0 S2_2
16063 24 -3 0 S2_2
16046 25 -3 0 S2_2
16047 25 -3 4.1623668483778 S2_2
16049 25 -3 0 S2_2
16050 25 -3 1.47040070918306 S2_2
16052 25 -3 18.28252902251 S2_2
16053 25 -3 5.76983665320315 S2_2
16054 25 -3 63.7940488947672 S2_2
16055 25 -3 81.8092178495551 S2_2
16056 25 -3 13.0952849322053 S2_2
16057 25 -3 56.54338704154 S2_2
16058 25 -3 0 S2_2
16059 25 -3 0 S2_2
16060 25 -3 0 S2_2
16062 25 -3 0 S2_2
16063 25 -3 100.753113607141 S2_2
16046 26 -3 0 S2_2
16047 26 -3 0 S2_2
16049 26 -3 0 S2_2
16050 26 -3 27.5744686293692 S2_2
16052 26 -3 27.8886755903617 S2_2
16053 26 -3 4.23911047448723 S2_2
16054 26 -3 8.61512632193482 S2_2
16055 26 -3 148.467813704528 S2_2
16056 26 -3 0 S2_2
16057 26 -3 9.89883798746189 S2_2
16058 26 -3 0 S2_2
16059 26 -3 0 S2_2
16060 26 -3 0 S2_2
16062 26 -3 0 S2_2
16063 26 -3 7.90667256383726 S2_2
16046 27 -3 0 S2_2
16047 27 -3 0 S2_2
16049 27 -3 0 S2_2
16050 27 -3 0 S2_2
16052 27 -3 0 S2_2
16053 27 -3 0 S2_2
16054 27 -3 2.17648257520551 S2_2
16055 27 -3 1.46862891921964 S2_2
16056 27 -3 0 S2_2
16057 27 -3 4.82294679395653 S2_2
16058 27 -3 0 S2_2
16059 27 -3 0 S2_2
16060 27 -3 0 S2_2
16062 27 -3 0 S2_2
16063 27 -3 12.1187584335139 S2_2
16046 28 -3 0 S2_2
16047 28 -3 1.48950907627946 S2_2
16049 28 -3 0 S2_2
16050 28 -3 68.6040092385849 S2_2
16052 28 -3 67.9141757288974 S2_2
16053 28 -3 28.7534465239401 S2_2
16054 28 -3 40.4574348333659 S2_2
16055 28 -3 652.09866687581 S2_2
16056 28 -3 1.69580378192613 S2_2
16057 28 -3 33.9823932361564 S2_2
16058 28 -3 5.51672165228715 S2_2
16059 28 -3 0 S2_2
16060 28 -3 0 S2_2
16062 28 -3 0 S2_2
16063 28 -3 39.8697278995847 S2_2
16046 29 -3 0 S2_2
16047 29 -3 0 S2_2
16049 29 -3 0 S2_2
16050 29 -3 0 S2_2
16052 29 -3 0 S2_2
16053 29 -3 0 S2_2
16054 29 -3 0 S2_2
16055 29 -3 0 S2_2
16056 29 -3 0 S2_2
16057 29 -3 0 S2_2
16058 29 -3 0 S2_2
16059 29 -3 0 S2_2
16060 29 -3 0 S2_2
16062 29 -3 0 S2_2
16063 29 -3 0 S2_2
16046 30 -3 0 S2_2
16047 30 -3 10.3887190255948 S2_2
16049 30 -3 0 S2_2
16050 30 -3 3.98163414002355 S2_2
16052 30 -3 32.9899088125993 S2_2
16053 30 -3 12.9719502882345 S2_2
16054 30 -3 82.0848120134779 S2_2
16055 30 -3 99.6540054097171 S2_2
16056 30 -3 25.0047276353249 S2_2
16057 30 -3 72.0752656617681 S2_2
16058 30 -3 0 S2_2
16059 30 -3 0 S2_2
16060 30 -3 0 S2_2
16062 30 -3 0 S2_2
16063 30 -3 119.648336261553 S2_2
16046 31 -3 0 S2_2
16047 31 -3 0 S2_2
16049 31 -3 0 S2_2
16050 31 -3 0 S2_2
16052 31 -3 0 S2_2
16053 31 -3 0 S2_2
16054 31 -3 0 S2_2
16055 31 -3 9.1863657828911 S2_2
16056 31 -3 0 S2_2
16057 31 -3 0 S2_2
16058 31 -3 0 S2_2
16059 31 -3 0 S2_2
16060 31 -3 0 S2_2
16062 31 -3 0 S2_2
16063 31 -3 4.05463236831664 S2_2
16046 1 -5 0 S2_2
16047 1 -5 0 S2_2
16049 1 -5 0 S2_2
16050 1 -5 0 S2_2
16052 1 -5 0 S2_2
16053 1 -5 0 S2_2
16054 1 -5 0 S2_2
16055 1 -5 0 S2_2
16056 1 -5 0 S2_2
16057 1 -5 0 S2_2
16058 1 -5 0 S2_2
16059 1 -5 0 S2_2
16060 1 -5 0 S2_2
16062 1 -5 0 S2_2
16063 1 -5 0 S2_2
16046 2 -5 0 S2_2
16047 2 -5 0 S2_2
16049 2 -5 0 S2_2
16050 2 -5 0 S2_2
16052 2 -5 0 S2_2
16053 2 -5 0 S2_2
16054 2 -5 24.6746361725981 S2_2
16055 2 -5 15.2429691007312 S2_2
16056 2 -5 0 S2_2
16057 2 -5 29.736162522345 S2_2
16058 2 -5 0 S2_2
16059 2 -5 0 S2_2
16060 2 -5 0 S2_2
16062 2 -5 0 S2_2
16063 2 -5 67.8439712479185 S2_2
16046 3 -5 0 S2_2
16047 3 -5 0 S2_2
16049 3 -5 0 S2_2
16050 3 -5 0 S2_2
16052 3 -5 0 S2_2
16053 3 -5 0 S2_2
16054 3 -5 0 S2_2
16055 3 -5 0 S2_2
16056 3 -5 0 S2_2
16057 3 -5 0 S2_2
16058 3 -5 0 S2_2
16059 3 -5 0 S2_2
16060 3 -5 0 S2_2
16062 3 -5 0 S2_2
16063 3 -5 0 S2_2
16046 4 -5 0 S2_2
16047 4 -5 0 S2_2
16049 4 -5 0 S2_2
16050 4 -5 0 S2_2
16052 4 -5 0 S2_2
16053 4 -5 0 S2_2
16054 4 -5 0 S2_2
16055 4 -5 0 S2_2
16056 4 -5 0 S2_2
16057 4 -5 0 S2_2
16058 4 -5 0 S2_2
16059 4 -5 0 S2_2
16060 4 -5 0 S2_2
16062 4 -5 0 S2_2
16063 4 -5 0 S2_2
16046 5 -5 0 S2_2
16047 5 -5 0 S2_2
16049 5 -5 0 S2_2
16050 5 -5 0 S2_2
16052 5 -5 0 S2_2
16053 5 -5 0 S2_2
16054 5 -5 0 S2_2
16055 5 -5 0 S2_2
16056 5 -5 0 S2_2
16057 5 -5 0 S2_2
16058 5 -5 0 S2_2
16059 5 -5 0 S2_2
16060 5 -5 0 S2_2
16062 5 -5 0 S2_2
16063 5 -5 0 S2_2
16046 6 -5 0 S2_2
16047 6 -5 0 S2_2
16049 6 -5 0 S2_2
16050 6 -5 0 S2_2
16052 6 -5 0 S2_2
16053 6 -5 0 S2_2
16054 6 -5 0 S2_2
16055 6 -5 26.8462216504009 S2_2
16056 6 -5 0 S2_2
16057 6 -5 0 S2_2
16058 6 -5 0 S2_2
16059 6 -5 0 S2_2
16060 6 -5 0 S2_2
16062 6 -5 0 S2_2
16063 6 -5 1.06846199318909 S2_2
16046 7 -5 0 S2_2
16047 7 -5 0 S2_2
16049 7 -5 0 S2_2
16050 7 -5 0 S2_2
16052 7 -5 0 S2_2
16053 7 -5 0 S2_2
16054 7 -5 38.9534061910004 S2_2
16055 7 -5 26.2215559699822 S2_2
16056 7 -5 2.46261864971144 S2_2
16057 7 -5 40.6417908581995 S2_2
16058 7 -5 0 S2_2
16059 7 -5 0 S2_2
16060 7 -5 0 S2_2
16062 7 -5 0 S2_2
16063 7 -5 85.9761204747293 S2_2
16046 8 -5 0 S2_2
16047 8 -5 0 S2_2
16049 8 -5 0 S2_2
16050 8 -5 0 S2_2
16052 8 -5 0 S2_2
16053 8 -5 0 S2_2
16054 8 -5 0 S2_2
16055 8 -5 0 S2_2
16056 8 -5 0 S2_2
16057 8 -5 0 S2_2
16058 8 -5 0 S2_2
16059 8 -5 0 S2_2
16060 8 -5 0 S2_2
16062 8 -5 0 S2_2
16063 8 -5 0 S2_2
16046 9 -5 0 S2_2
16047 9 -5 0 S2_2
16049 9 -5 0 S2_2
16050 9 -5 0 S2_2
16052 9 -5 0 S2_2
16053 9 -5 0 S2_2
16054 9 -5 0 S2_2
16055 9 -5 0 S2_2
16056 9 -5 0 S2_2
16057 9 -5 0 S2_2
16058 9 -5 0 S2_2
16059 9 -5 0 S2_2
16060 9 -5 0 S2_2
16062 9 -5 0 S2_2
16063 9 -5 0 S2_2
16046 10 -5 0 S2_2
16047 10 -5 0 S2_2
16049 10 -5 0 S2_2
16050 10 -5 0 S2_2
16052 10 -5 0 S2_2
16053 10 -5 0 S2_2
16054 10 -5 0 S2_2
16055 10 -5 0 S2_2
16056 10 -5 0 S2_2
16057 10 -5 0 S2_2
16058 10 -5 0 S2_2
16059 10 -5 0 S2_2
16060 10 -5 0 S2_2
16062 10 -5 0 S2_2
16063 10 -5 0 S2_2
16046 11 -5 0 S2_2
16047 11 -5 0 S2_2
16049 11 -5 0 S2_2
16050 11 -5 0 S2_2
16052 11 -5 0 S2_2
16053 11 -5 0 S2_2
16054 11 -5 0 S2_2
16055 11 -5 0 S2_2
16056 11 -5 0 S2_2
16057 11 -5 0 S2_2
16058 11 -5 0 S2_2
16059 11 -5 0 S2_2
16060 11 -5 0 S2_2
16062 11 -5 0 S2_2
16063 11 -5 0 S2_2
16046 12 -5 0 S2_2
16047 12 -5 0 S2_2
16049 12 -5 0 S2_2
16050 12 -5 0 S2_2
16052 12 -5 0 S2_2
16053 12 -5 0 S2_2
16054 12 -5 0 S2_2
16055 12 -5 0 S2_2
16056 12 -5 0 S2_2
16057 12 -5 0 S2_2
16058 12 -5 0 S2_2
16059 12 -5 0 S2_2
16060 12 -5 0 S2_2
16062 12 -5 0 S2_2
16063 12 -5 0 S2_2
16046 13 -5 0 S2_2
16047 13 -5 0 S2_2
16049 13 -5 0 S2_2
16050 13 -5 0 S2_2
16052 13 -5 0 S2_2
16053 13 -5 0 S2_2
16054 13 -5 0 S2_2
16055 13 -5 0 S2_2
16056 13 -5 0 S2_2
16057 13 -5 0 S2_2
16058 13 -5 0 S2_2
16059 13 -5 0 S2_2
16060 13 -5 0 S2_2
16062 13 -5 0 S2_2
16063 13 -5 0 S2_2
16046 14 -5 0 S2_2
16047 14 -5 0 S2_2
16049 14 -5 0 S2_2
16050 14 -5 0 S2_2
16052 14 -5 2.3809636523652 S2_2
16053 14 -5 0 S2_2
16054 14 -5 26.3724657405296 S2_2
16055 14 -5 46.7016220326165 S2_2
16056 14 -5 1.13341727865971 S2_2
16057 14 -5 29.4637649126172 S2_2
16058 14 -5 0 S2_2
16059 14 -5 0 S2_2
16060 14 -5 0 S2_2
16062 14 -5 0 S2_2
16063 14 -5 65.2865608011485 S2_2
16046 15 -5 0 S2_2
16047 15 -5 0 S2_2
16049 15 -5 0 S2_2
16050 15 -5 36.8550933856283 S2_2
16052 15 -5 50.9472213719921 S2_2
16053 15 -5 18.738044609469 S2_2
16054 15 -5 28.7284885851938 S2_2
16055 15 -5 138.440476661675 S2_2
16056 15 -5 1.0185782122122 S2_2
16057 15 -5 27.2230316093039 S2_2
16058 15 -5 1.07265824027632 S2_2
16059 15 -5 0 S2_2
16060 15 -5 0 S2_2
16062 15 -5 0 S2_2
16063 15 -5 47.2156810787828 S2_2
16046 16 -5 0 S2_2
16047 16 -5 0 S2_2
16049 16 -5 0 S2_2
16050 16 -5 0 S2_2
16052 16 -5 0 S2_2
16053 16 -5 0 S2_2
16054 16 -5 0 S2_2
16055 16 -5 0 S2_2
16056 16 -5 0 S2_2
16057 16 -5 0 S2_2
16058 16 -5 0 S2_2
16059 16 -5 0 S2_2
16060 16 -5 0 S2_2
16062 16 -5 0 S2_2
16063 16 -5 0 S2_2
16046 17 -5 0 S2_2
16047 17 -5 0 S2_2
16049 17 -5 0 S2_2
16050 17 -5 0 S2_2
16052 17 -5 2.89879722568218 S2_2
16053 17 -5 0 S2_2
16054 17 -5 5.20529639251055 S2_2
16055 17 -5 56.9423664629049 S2_2
16056 17 -5 0 S2_2
16057 17 -5 9.342499806956 S2_2
16058 17 -5 0 S2_2
16059 17 -5 0 S2_2
16060 17 -5 0 S2_2
16062 17 -5 0 S2_2
16063 17 -5 18.6059758010377 S2_2
16046 18 -5 0 S2_2
16047 18 -5 0 S2_2
16049 18 -5 0 S2_2
16050 18 -5 0 S2_2
16052 18 -5 0 S2_2
16053 18 -5 0 S2_2
16054 18 -5 0 S2_2
16055 18 -5 0 S2_2
16056 18 -5 0 S2_2
16057 18 -5 0 S2_2
16058 18 -5 0 S2_2
16059 18 -5 0 S2_2
16060 18 -5 0 S2_2
16062 18 -5 0 S2_2
16063 18 -5 0 S2_2
16046 19 -5 0 S2_2
16047 19 -5 0 S2_2
16049 19 -5 0 S2_2
16050 19 -5 0 S2_2
16052 19 -5 0 S2_2
16053 19 -5 0 S2_2
16054 19 -5 0 S2_2
16055 19 -5 0 S2_2
16056 19 -5 0 S2_2
16057 19 -5 0 S2_2
16058 19 -5 0 S2_2
16059 19 -5 0 S2_2
16060 19 -5 0 S2_2
16062 19 -5 0 S2_2
16063 19 -5 0 S2_2
16046 20 -5 0 S2_2
16047 20 -5 0 S2_2
16049 20 -5 0 S2_2
16050 20 -5 0 S2_2
16052 20 -5 0 S2_2
16053 20 -5 0 S2_2
16054 20 -5 0 S2_2
16055 20 -5 48.4614529440936 S2_2
16056 20 -5 0 S2_2
16057 20 -5 0 S2_2
16058 20 -5 0 S2_2
16059 20 -5 0 S2_2
16060 20 -5 0 S2_2
16062 20 -5 0 S2_2
16063 20 -5 0 S2_2
16046 21 -5 0 S2_2
16047 21 -5 0 S2_2
16049 21 -5 0 S2_2
16050 21 -5 0 S2_2
16052 21 -5 0 S2_2
16053 21 -5 0 S2_2
16054 21 -5 0 S2_2
16055 21 -5 0 S2_2
16056 21 -5 0 S2_2
16057 21 -5 0 S2_2
16058 21 -5 0 S2_2
16059 21 -5 0 S2_2
16060 21 -5 0 S2_2
16062 21 -5 0 S2_2
16063 21 -5 0 S2_2
16046 22 -5 0 S2_2
16047 22 -5 0 S2_2
16049 22 -5 0 S2_2
16050 22 -5 0 S2_2
16052 22 -5 0 S2_2
16053 22 -5 0 S2_2
16054 22 -5 0 S2_2
16055 22 -5 0 S2_2
16056 22 -5 0 S2_2
16057 22 -5 0 S2_2
16058 22 -5 0 S2_2
16059 22 -5 0 S2_2
16060 22 -5 0 S2_2
16062 22 -5 0 S2_2
16063 22 -5 0 S2_2
16046 23 -5 0 S2_2
16047 23 -5 0 S2_2
16049 23 -5 0 S2_2
16050 23 -5 0 S2_2
16052 23 -5 0 S2_2
16053 23 -5 0 S2_2
16054 23 -5 0 S2_2
16055 23 -5 0 S2_2
16056 23 -5 0 S2_2
16057 23 -5 0 S2_2
16058 23 -5 0 S2_2
16059 23 -5 0 S2_2
16060 23 -5 0 S2_2
16062 23 -5 0 S2_2
16063 23 -5 0 S2_2
16046 24 -5 0 S2_2
16047 24 -5 0 S2_2
16049 24 -5 0 S2_2
16050 24 -5 0 S2_2
16052 24 -5 0 S2_2
16053 24 -5 0 S2_2
16054 24 -5 0 S2_2
16055 24 -5 0 S2_2
16056 24 -5 0 S2_2
16057 24 -5 0 S2_2
16058 24 -5 0 S2_2
16059 24 -5 0 S2_2
16060 24 -5 0 S2_2
16062 24 -5 0 S2_2
16063 24 -5 0 S2_2
16046 25 -5 0 S2_2
16047 25 -5 0 S2_2
16049 25 -5 0 S2_2
16050 25 -5 0 S2_2
16052 25 -5 0 S2_2
16053 25 -5 0 S2_2
16054 25 -5 0 S2_2
16055 25 -5 0 S2_2
16056 25 -5 0 S2_2
16057 25 -5 0 S2_2
16058 25 -5 0 S2_2
16059 25 -5 0 S2_2
16060 25 -5 0 S2_2
16062 25 -5 0 S2_2
16063 25 -5 0 S2_2
16046 26 -5 0 S2_2
16047 26 -5 0 S2_2
16049 26 -5 0 S2_2
16050 26 -5 0 S2_2
16052 26 -5 0 S2_2
16053 26 -5 0 S2_2
16054 26 -5 0 S2_2
16055 26 -5 0 S2_2
16056 26 -5 0 S2_2
16057 26 -5 0 S2_2
16058 26 -5 0 S2_2
16059 26 -5 0 S2_2
16060 26 -5 0 S2_2
16062 26 -5 0 S2_2
16063 26 -5 0 S2_2
16046 27 -5 0 S2_2
16047 27 -5 0 S2_2
16049 27 -5 0 S2_2
16050 27 -5 0 S2_2
16052 27 -5 0 S2_2
16053 27 -5 0 S2_2
16054 27 -5 0 S2_2
16055 27 -5 0 S2_2
16056 27 -5 0 S2_2
16057 27 -5 0 S2_2
16058 27 -5 0 S2_2
16059 27 -5 0 S2_2
16060 27 -5 0 S2_2
16062 27 -5 0 S2_2
16063 27 -5 0 S2_2
16046 28 -5 0 S2_2
16047 28 -5 0 S2_2
16049 28 -5 0 S2_2
16050 28 -5 0 S2_2
16052 28 -5 0 S2_2
16053 28 -5 0 S2_2
16054 28 -5 0 S2_2
16055 28 -5 0 S2_2
16056 28 -5 0 S2_2
16057 28 -5 0 S2_2
16058 28 -5 0 S2_2
16059 28 -5 0 S2_2
16060 28 -5 0 S2_2
16062 28 -5 0 S2_2
16063 28 -5 0 S2_2
16046 29 -5 0 S2_2
16047 29 -5 0 S2_2
16049 29 -5 0 S2_2
16050 29 -5 0 S2_2
16052 29 -5 0 S2_2
16053 29 -5 0 S2_2
16054 29 -5 0 S2_2
16055 29 -5 0 S2_2
16056 29 -5 0 S2_2
16057 29 -5 0 S2_2
16058 29 -5 0 S2_2
16059 29 -5 0 S2_2
16060 29 -5 0 S2_2
16062 29 -5 0 S2_2
16063 29 -5 0 S2_2
16046 30 -5 0 S2_2
16047 30 -5 0 S2_2
16049 30 -5 0 S2_2
16050 30 -5 0 S2_2
16052 30 -5 0 S2_2
16053 30 -5 0 S2_2
16054 30 -5 1.0646008312561 S2_2
16055 30 -5 6.03703830802831 S2_2
16056 30 -5 0 S2_2
16057 30 -5 2.29884483322572 S2_2
16058 30 -5 0 S2_2
16059 30 -5 0 S2_2
16060 30 -5 0 S2_2
16062 30 -5 0 S2_2
16063 30 -5 8.84217211390376 S2_2
16046 31 -5 0 S2_2
16047 31 -5 0 S2_2
16049 31 -5 0 S2_2
16050 31 -5 0 S2_2
16052 31 -5 0 S2_2
16053 31 -5 0 S2_2
16054 31 -5 0 S2_2
16055 31 -5 0 S2_2
16056 31 -5 0 S2_2
16057 31 -5 0 S2_2
16058 31 -5 0 S2_2
16059 31 -5 0 S2_2
16060 31 -5 0 S2_2
16062 31 -5 0 S2_2
16063 31 -5 0 S2_2
