speciesID lakeID variable value scenario
16001 1 -0.5 6.27553031893486 S2_2
16002 1 -0.5 687.335259675455 S2_2
16003 1 -0.5 0 S2_2
16004 1 -0.5 0 S2_2
16005 1 -0.5 365.339219243946 S2_2
16007 1 -0.5 56.1477549388032 S2_2
16008 1 -0.5 457.985218753816 S2_2
16011 1 -0.5 3.90655320031191 S2_2
16013 1 -0.5 665.961032015115 S2_2
16014 1 -0.5 0 S2_2
16015 1 -0.5 271.591292637535 S2_2
16017 1 -0.5 294.234182989965 S2_2
16018 1 -0.5 11.5247381834183 S2_2
16020 1 -0.5 0 S2_2
16021 1 -0.5 42.2775442749888 S2_2
16001 2 -0.5 0 S2_2
16002 2 -0.5 52.6609146338221 S2_2
16003 2 -0.5 0 S2_2
16004 2 -0.5 0 S2_2
16005 2 -0.5 0 S2_2
16007 2 -0.5 0 S2_2
16008 2 -0.5 156.929758741567 S2_2
16011 2 -0.5 0 S2_2
16013 2 -0.5 153.207781525486 S2_2
16014 2 -0.5 0 S2_2
16015 2 -0.5 121.531255929349 S2_2
16017 2 -0.5 74.0625588652269 S2_2
16018 2 -0.5 0 S2_2
16020 2 -0.5 0 S2_2
16021 2 -0.5 0 S2_2
16001 3 -0.5 0 S2_2
16002 3 -0.5 165.689718789839 S2_2
16003 3 -0.5 0 S2_2
16004 3 -0.5 0 S2_2
16005 3 -0.5 20.3859061536606 S2_2
16007 3 -0.5 3.16332110727366 S2_2
16008 3 -0.5 244.228258251161 S2_2
16011 3 -0.5 0 S2_2
16013 3 -0.5 281.111901168828 S2_2
16014 3 -0.5 0 S2_2
16015 3 -0.5 145.293913932616 S2_2
16017 3 -0.5 104.654738994103 S2_2
16018 3 -0.5 0 S2_2
16020 3 -0.5 0 S2_2
16021 3 -0.5 0 S2_2
16001 4 -0.5 0 S2_2
16002 4 -0.5 310.421994614716 S2_2
16003 4 -0.5 0 S2_2
16004 4 -0.5 0 S2_2
16005 4 -0.5 125.706620357232 S2_2
16007 4 -0.5 19.5939428025058 S2_2
16008 4 -0.5 325.072660704517 S2_2
16011 4 -0.5 0 S2_2
16013 4 -0.5 415.111097946769 S2_2
16014 4 -0.5 0 S2_2
16015 4 -0.5 173.241411597268 S2_2
16017 4 -0.5 145.840959641044 S2_2
16018 4 -0.5 0 S2_2
16020 4 -0.5 0 S2_2
16021 4 -0.5 0 S2_2
16001 5 -0.5 0 S2_2
16002 5 -0.5 0 S2_2
16003 5 -0.5 0 S2_2
16004 5 -0.5 0 S2_2
16005 5 -0.5 0 S2_2
16007 5 -0.5 0 S2_2
16008 5 -0.5 0 S2_2
16011 5 -0.5 0 S2_2
16013 5 -0.5 0 S2_2
16014 5 -0.5 0 S2_2
16015 5 -0.5 34.7536521410945 S2_2
16017 5 -0.5 0 S2_2
16018 5 -0.5 0 S2_2
16020 5 -0.5 0 S2_2
16021 5 -0.5 0 S2_2
16001 6 -0.5 0 S2_2
16002 6 -0.5 290.36306770259 S2_2
16003 6 -0.5 0 S2_2
16004 6 -0.5 0 S2_2
16005 6 -0.5 123.724759841298 S2_2
16007 6 -0.5 34.1481883493327 S2_2
16008 6 -0.5 330.473601245429 S2_2
16011 6 -0.5 0 S2_2
16013 6 -0.5 404.405308307222 S2_2
16014 6 -0.5 0 S2_2
16015 6 -0.5 194.155425540884 S2_2
16017 6 -0.5 161.203641521141 S2_2
16018 6 -0.5 0 S2_2
16020 6 -0.5 0 S2_2
16021 6 -0.5 0 S2_2
16001 7 -0.5 0 S2_2
16002 7 -0.5 55.5841235875135 S2_2
16003 7 -0.5 0 S2_2
16004 7 -0.5 0 S2_2
16005 7 -0.5 0 S2_2
16007 7 -0.5 0 S2_2
16008 7 -0.5 159.742702458566 S2_2
16011 7 -0.5 0 S2_2
16013 7 -0.5 156.790271525292 S2_2
16014 7 -0.5 0 S2_2
16015 7 -0.5 124.181780888512 S2_2
16017 7 -0.5 76.3243586018621 S2_2
16018 7 -0.5 0 S2_2
16020 7 -0.5 0 S2_2
16021 7 -0.5 0 S2_2
16001 8 -0.5 0 S2_2
16002 8 -0.5 451.058165126009 S2_2
16003 8 -0.5 0 S2_2
16004 8 -0.5 0 S2_2
16005 8 -0.5 223.859013698405 S2_2
16007 8 -0.5 46.9201458510663 S2_2
16008 8 -0.5 384.239454158778 S2_2
16011 8 -0.5 0 S2_2
16013 8 -0.5 512.729490658922 S2_2
16014 8 -0.5 0 S2_2
16015 8 -0.5 212.493126219459 S2_2
16017 8 -0.5 203.00629102613 S2_2
16018 8 -0.5 1.04320088290598 S2_2
16020 8 -0.5 0 S2_2
16021 8 -0.5 7.41019659224003 S2_2
16001 9 -0.5 0 S2_2
16002 9 -0.5 274.068576998625 S2_2
16003 9 -0.5 0 S2_2
16004 9 -0.5 0 S2_2
16005 9 -0.5 106.420503662769 S2_2
16007 9 -0.5 20.907679264219 S2_2
16008 9 -0.5 312.880215906575 S2_2
16011 9 -0.5 0 S2_2
16013 9 -0.5 385.64451963995 S2_2
16014 9 -0.5 0 S2_2
16015 9 -0.5 176.00935022639 S2_2
16017 9 -0.5 144.300393323968 S2_2
16018 9 -0.5 0 S2_2
16020 9 -0.5 0 S2_2
16021 9 -0.5 0 S2_2
16001 10 -0.5 0 S2_2
16002 10 -0.5 444.182327949208 S2_2
16003 10 -0.5 0 S2_2
16004 10 -0.5 0 S2_2
16005 10 -0.5 217.744860358349 S2_2
16007 10 -0.5 46.793195947482 S2_2
16008 10 -0.5 392.087118043777 S2_2
16011 10 -0.5 0 S2_2
16013 10 -0.5 523.59527019037 S2_2
16014 10 -0.5 0 S2_2
16015 10 -0.5 217.005195914171 S2_2
16017 10 -0.5 199.76832666611 S2_2
16018 10 -0.5 0 S2_2
16020 10 -0.5 0 S2_2
16021 10 -0.5 9.31522186938298 S2_2
16001 11 -0.5 0 S2_2
16002 11 -0.5 603.7875297096 S2_2
16003 11 -0.5 0 S2_2
16004 11 -0.5 0 S2_2
16005 11 -0.5 293.6558513671 S2_2
16007 11 -0.5 23.5498059791002 S2_2
16008 11 -0.5 397.52766493487 S2_2
16011 11 -0.5 0 S2_2
16013 11 -0.5 587.412666904715 S2_2
16014 11 -0.5 0 S2_2
16015 11 -0.5 204.358215608538 S2_2
16017 11 -0.5 226.185712304078 S2_2
16018 11 -0.5 0 S2_2
16020 11 -0.5 0 S2_2
16021 11 -0.5 9.6782266476338 S2_2
16001 12 -0.5 0 S2_2
16002 12 -0.5 667.925332862415 S2_2
16003 12 -0.5 0 S2_2
16004 12 -0.5 0 S2_2
16005 12 -0.5 338.350876516514 S2_2
16007 12 -0.5 26.9600028197895 S2_2
16008 12 -0.5 397.258119753583 S2_2
16011 12 -0.5 0 S2_2
16013 12 -0.5 593.196173247822 S2_2
16014 12 -0.5 0 S2_2
16015 12 -0.5 231.279875766391 S2_2
16017 12 -0.5 295.864915725459 S2_2
16018 12 -0.5 5.60453332732604 S2_2
16020 12 -0.5 0 S2_2
16021 12 -0.5 24.5080502741419 S2_2
16001 13 -0.5 0 S2_2
16002 13 -0.5 160.071342859094 S2_2
16003 13 -0.5 0 S2_2
16004 13 -0.5 0 S2_2
16005 13 -0.5 19.3382788917242 S2_2
16007 13 -0.5 1.93357121035627 S2_2
16008 13 -0.5 218.764235636379 S2_2
16011 13 -0.5 0 S2_2
16013 13 -0.5 242.618755411843 S2_2
16014 13 -0.5 0 S2_2
16015 13 -0.5 116.616813805023 S2_2
16017 13 -0.5 92.8442929404213 S2_2
16018 13 -0.5 0 S2_2
16020 13 -0.5 0 S2_2
16021 13 -0.5 0 S2_2
16001 14 -0.5 0 S2_2
16002 14 -0.5 127.542330589253 S2_2
16003 14 -0.5 0 S2_2
16004 14 -0.5 0 S2_2
16005 14 -0.5 3.65421117578818 S2_2
16007 14 -0.5 2.10719904216589 S2_2
16008 14 -0.5 219.730603715118 S2_2
16011 14 -0.5 0 S2_2
16013 14 -0.5 237.186797390981 S2_2
16014 14 -0.5 0 S2_2
16015 14 -0.5 149.817955173995 S2_2
16017 14 -0.5 105.197676423457 S2_2
16018 14 -0.5 0 S2_2
16020 14 -0.5 0 S2_2
16021 14 -0.5 0 S2_2
16001 15 -0.5 0 S2_2
16002 15 -0.5 475.87124675748 S2_2
16003 15 -0.5 0 S2_2
16004 15 -0.5 0 S2_2
16005 15 -0.5 248.855575413005 S2_2
16007 15 -0.5 71.5163499436639 S2_2
16008 15 -0.5 426.36983637803 S2_2
16011 15 -0.5 0 S2_2
16013 15 -0.5 563.604434232564 S2_2
16014 15 -0.5 0 S2_2
16015 15 -0.5 250.749578260618 S2_2
16017 15 -0.5 229.564193090296 S2_2
16018 15 -0.5 4.43002537026813 S2_2
16020 15 -0.5 0 S2_2
16021 15 -0.5 28.070384832537 S2_2
16001 16 -0.5 0 S2_2
16002 16 -0.5 583.996589730025 S2_2
16003 16 -0.5 0 S2_2
16004 16 -0.5 0 S2_2
16005 16 -0.5 310.515727601027 S2_2
16007 16 -0.5 67.3206242038901 S2_2
16008 16 -0.5 438.30912859684 S2_2
16011 16 -0.5 1.22430509261465 S2_2
16013 16 -0.5 607.115273771078 S2_2
16014 16 -0.5 0 S2_2
16015 16 -0.5 256.082664406271 S2_2
16017 16 -0.5 260.548666513812 S2_2
16018 16 -0.5 8.94472184627596 S2_2
16020 16 -0.5 0 S2_2
16021 16 -0.5 32.8744808338343 S2_2
16001 17 -0.5 0 S2_2
16002 17 -0.5 218.51501685252 S2_2
16003 17 -0.5 0 S2_2
16004 17 -0.5 0 S2_2
16005 17 -0.5 68.8444301681536 S2_2
16007 17 -0.5 15.299832033527 S2_2
16008 17 -0.5 278.221679740658 S2_2
16011 17 -0.5 0 S2_2
16013 17 -0.5 323.180971777203 S2_2
16014 17 -0.5 0 S2_2
16015 17 -0.5 165.498568979878 S2_2
16017 17 -0.5 133.746191658865 S2_2
16018 17 -0.5 0 S2_2
16020 17 -0.5 0 S2_2
16021 17 -0.5 0 S2_2
16001 18 -0.5 1.14733760161057 S2_2
16002 18 -0.5 644.351544980554 S2_2
16003 18 -0.5 0 S2_2
16004 18 -0.5 0 S2_2
16005 18 -0.5 334.22925856837 S2_2
16007 18 -0.5 44.734426348963 S2_2
16008 18 -0.5 422.046613639277 S2_2
16011 18 -0.5 0 S2_2
16013 18 -0.5 610.937721494648 S2_2
16014 18 -0.5 0 S2_2
16015 18 -0.5 242.862435783707 S2_2
16017 18 -0.5 275.170692219955 S2_2
16018 18 -0.5 6.26303668417554 S2_2
16020 18 -0.5 0 S2_2
16021 18 -0.5 27.6270831036783 S2_2
16001 19 -0.5 0 S2_2
16002 19 -0.5 405.586850673102 S2_2
16003 19 -0.5 0 S2_2
16004 19 -0.5 0 S2_2
16005 19 -0.5 193.470881922476 S2_2
16007 19 -0.5 42.3876128193475 S2_2
16008 19 -0.5 375.73189125704 S2_2
16011 19 -0.5 0 S2_2
16013 19 -0.5 493.670981311835 S2_2
16014 19 -0.5 0 S2_2
16015 19 -0.5 207.44392798934 S2_2
16017 19 -0.5 187.253213466554 S2_2
16018 19 -0.5 0 S2_2
16020 19 -0.5 0 S2_2
16021 19 -0.5 4.71543385623102 S2_2
16001 20 -0.5 0 S2_2
16002 20 -0.5 538.944064331305 S2_2
16003 20 -0.5 0 S2_2
16004 20 -0.5 0 S2_2
16005 20 -0.5 285.963401708986 S2_2
16007 20 -0.5 71.665419136732 S2_2
16008 20 -0.5 435.169346303191 S2_2
16011 20 -0.5 0 S2_2
16013 20 -0.5 590.279908707723 S2_2
16014 20 -0.5 0 S2_2
16015 20 -0.5 254.523589027281 S2_2
16017 20 -0.5 247.781776115186 S2_2
16018 20 -0.5 7.42214102226775 S2_2
16020 20 -0.5 0 S2_2
16021 20 -0.5 31.2022996180273 S2_2
16001 21 -0.5 0 S2_2
16002 21 -0.5 407.455369551287 S2_2
16003 21 -0.5 0 S2_2
16004 21 -0.5 0 S2_2
16005 21 -0.5 192.441731693314 S2_2
16007 21 -0.5 39.2125561553157 S2_2
16008 21 -0.5 376.433729107478 S2_2
16011 21 -0.5 0 S2_2
16013 21 -0.5 497.940421517549 S2_2
16014 21 -0.5 0 S2_2
16015 21 -0.5 205.76605507034 S2_2
16017 21 -0.5 184.071414651062 S2_2
16018 21 -0.5 0 S2_2
16020 21 -0.5 0 S2_2
16021 21 -0.5 4.51830130314845 S2_2
16001 22 -0.5 6.39640347007941 S2_2
16002 22 -0.5 663.908027022532 S2_2
16003 22 -0.5 1.03959578069602 S2_2
16004 22 -0.5 0 S2_2
16005 22 -0.5 357.449455165081 S2_2
16007 22 -0.5 67.2961471077866 S2_2
16008 22 -0.5 466.554263135474 S2_2
16011 22 -0.5 5.27668420768221 S2_2
16013 22 -0.5 666.404915843891 S2_2
16014 22 -0.5 0 S2_2
16015 22 -0.5 278.282050993276 S2_2
16017 22 -0.5 288.729167696108 S2_2
16018 22 -0.5 14.3041637267668 S2_2
16020 22 -0.5 1.17257518180527 S2_2
16021 22 -0.5 45.9417084961003 S2_2
16001 23 -0.5 0 S2_2
16002 23 -0.5 336.764457197454 S2_2
16003 23 -0.5 0 S2_2
16004 23 -0.5 0 S2_2
16005 23 -0.5 150.84234885689 S2_2
16007 23 -0.5 35.6760843930721 S2_2
16008 23 -0.5 354.1069761842 S2_2
16011 23 -0.5 0 S2_2
16013 23 -0.5 450.272256146559 S2_2
16014 23 -0.5 0 S2_2
16015 23 -0.5 200.578621633668 S2_2
16017 23 -0.5 168.3885220968 S2_2
16018 23 -0.5 0 S2_2
16020 23 -0.5 0 S2_2
16021 23 -0.5 2.25599966615587 S2_2
16001 24 -0.5 0 S2_2
16002 24 -0.5 449.553331378983 S2_2
16003 24 -0.5 0 S2_2
16004 24 -0.5 0 S2_2
16005 24 -0.5 220.762468277174 S2_2
16007 24 -0.5 46.3166228979531 S2_2
16008 24 -0.5 396.849747990449 S2_2
16011 24 -0.5 0 S2_2
16013 24 -0.5 532.439987457222 S2_2
16014 24 -0.5 0 S2_2
16015 24 -0.5 219.666985819565 S2_2
16017 24 -0.5 200.171903885332 S2_2
16018 24 -0.5 0 S2_2
16020 24 -0.5 0 S2_2
16021 24 -0.5 11.0817747062043 S2_2
16001 25 -0.5 0 S2_2
16002 25 -0.5 128.349079168168 S2_2
16003 25 -0.5 0 S2_2
16004 25 -0.5 0 S2_2
16005 25 -0.5 3.94288723290264 S2_2
16007 25 -0.5 1.95503628278861 S2_2
16008 25 -0.5 222.324342223474 S2_2
16011 25 -0.5 0 S2_2
16013 25 -0.5 242.321278911243 S2_2
16014 25 -0.5 0 S2_2
16015 25 -0.5 151.038752488839 S2_2
16017 25 -0.5 103.952225542188 S2_2
16018 25 -0.5 0 S2_2
16020 25 -0.5 0 S2_2
16021 25 -0.5 0 S2_2
16001 26 -0.5 0 S2_2
16002 26 -0.5 602.7534918356 S2_2
16003 26 -0.5 0 S2_2
16004 26 -0.5 0 S2_2
16005 26 -0.5 320.81407232876 S2_2
16007 26 -0.5 67.8950673409266 S2_2
16008 26 -0.5 450.549368553195 S2_2
16011 26 -0.5 1.85725733273778 S2_2
16013 26 -0.5 629.469221519813 S2_2
16014 26 -0.5 0 S2_2
16015 26 -0.5 263.427910504553 S2_2
16017 26 -0.5 264.990190337875 S2_2
16018 26 -0.5 9.31424565525908 S2_2
16020 26 -0.5 0 S2_2
16021 26 -0.5 36.9028374536987 S2_2
16001 27 -0.5 0 S2_2
16002 27 -0.5 37.9307779669624 S2_2
16003 27 -0.5 0 S2_2
16004 27 -0.5 0 S2_2
16005 27 -0.5 0 S2_2
16007 27 -0.5 0 S2_2
16008 27 -0.5 141.617912382132 S2_2
16011 27 -0.5 0 S2_2
16013 27 -0.5 135.881549754764 S2_2
16014 27 -0.5 0 S2_2
16015 27 -0.5 106.638432618057 S2_2
16017 27 -0.5 59.1656587632049 S2_2
16018 27 -0.5 0 S2_2
16020 27 -0.5 0 S2_2
16021 27 -0.5 0 S2_2
16001 28 -0.5 11.3145189884131 S2_2
16002 28 -0.5 673.206360389657 S2_2
16003 28 -0.5 2.68140266930208 S2_2
16004 28 -0.5 0 S2_2
16005 28 -0.5 367.158213977552 S2_2
16007 28 -0.5 77.7214544179588 S2_2
16008 28 -0.5 477.342369181963 S2_2
16011 28 -0.5 9.88432406449741 S2_2
16013 28 -0.5 677.234332747563 S2_2
16014 28 -0.5 0 S2_2
16015 28 -0.5 289.869835558193 S2_2
16017 28 -0.5 300.049736670452 S2_2
16018 28 -0.5 22.3670761407107 S2_2
16020 28 -0.5 2.57637863306264 S2_2
16021 28 -0.5 52.8015968617241 S2_2
16001 29 -0.5 0 S2_2
16002 29 -0.5 233.502514815176 S2_2
16003 29 -0.5 0 S2_2
16004 29 -0.5 0 S2_2
16005 29 -0.5 72.7854356173556 S2_2
16007 29 -0.5 6.48365133743298 S2_2
16008 29 -0.5 270.685491918702 S2_2
16011 29 -0.5 0 S2_2
16013 29 -0.5 330.513675425277 S2_2
16014 29 -0.5 0 S2_2
16015 29 -0.5 140.610873548966 S2_2
16017 29 -0.5 115.138327894921 S2_2
16018 29 -0.5 0 S2_2
16020 29 -0.5 0 S2_2
16021 29 -0.5 0 S2_2
16001 30 -0.5 0 S2_2
16002 30 -0.5 121.98353825445 S2_2
16003 30 -0.5 0 S2_2
16004 30 -0.5 0 S2_2
16005 30 -0.5 2.77765334797819 S2_2
16007 30 -0.5 1.57003418122859 S2_2
16008 30 -0.5 213.577249017141 S2_2
16011 30 -0.5 0 S2_2
16013 30 -0.5 229.976647273763 S2_2
16014 30 -0.5 0 S2_2
16015 30 -0.5 143.969263783387 S2_2
16017 30 -0.5 100.121727008969 S2_2
16018 30 -0.5 0 S2_2
16020 30 -0.5 0 S2_2
16021 30 -0.5 0 S2_2
16001 31 -0.5 0 S2_2
16002 31 -0.5 176.969275886523 S2_2
16003 31 -0.5 0 S2_2
16004 31 -0.5 0 S2_2
16005 31 -0.5 31.3655541401211 S2_2
16007 31 -0.5 2.50769007146635 S2_2
16008 31 -0.5 264.042539181118 S2_2
16011 31 -0.5 0 S2_2
16013 31 -0.5 307.278612567787 S2_2
16014 31 -0.5 0 S2_2
16015 31 -0.5 154.147200162757 S2_2
16017 31 -0.5 113.711044406189 S2_2
16018 31 -0.5 0 S2_2
16020 31 -0.5 0 S2_2
16021 31 -0.5 0 S2_2
16001 1 -1.5 20.3198754052014 S2_2
16002 1 -1.5 290.718859621057 S2_2
16003 1 -1.5 34.0503839003553 S2_2
16004 1 -1.5 90.9631184795337 S2_2
16005 1 -1.5 42.374353449138 S2_2
16007 1 -1.5 0 S2_2
16008 1 -1.5 84.2086201066105 S2_2
16011 1 -1.5 0 S2_2
16013 1 -1.5 153.738682310814 S2_2
16014 1 -1.5 0 S2_2
16015 1 -1.5 95.7939007647238 S2_2
16017 1 -1.5 31.4071050525638 S2_2
16018 1 -1.5 0 S2_2
16020 1 -1.5 0 S2_2
16021 1 -1.5 56.5669557812785 S2_2
16001 2 -1.5 0 S2_2
16002 2 -1.5 20.3924027958701 S2_2
16003 2 -1.5 0 S2_2
16004 2 -1.5 179.59653899005 S2_2
16005 2 -1.5 0 S2_2
16007 2 -1.5 0 S2_2
16008 2 -1.5 115.971098852299 S2_2
16011 2 -1.5 0 S2_2
16013 2 -1.5 109.998708205356 S2_2
16014 2 -1.5 0 S2_2
16015 2 -1.5 183.810465587657 S2_2
16017 2 -1.5 39.3582853468159 S2_2
16018 2 -1.5 0 S2_2
16020 2 -1.5 0 S2_2
16021 2 -1.5 109.649480498573 S2_2
16001 3 -1.5 0 S2_2
16002 3 -1.5 36.3346343587154 S2_2
16003 3 -1.5 0 S2_2
16004 3 -1.5 96.5504340511912 S2_2
16005 3 -1.5 0 S2_2
16007 3 -1.5 0 S2_2
16008 3 -1.5 80.6700887075756 S2_2
16011 3 -1.5 0 S2_2
16013 3 -1.5 88.536121644962 S2_2
16014 3 -1.5 0 S2_2
16015 3 -1.5 103.962246110525 S2_2
16017 3 -1.5 5.27122517361176 S2_2
16018 3 -1.5 0 S2_2
16020 3 -1.5 0 S2_2
16021 3 -1.5 48.5410638493331 S2_2
16001 4 -1.5 0 S2_2
16002 4 -1.5 69.4583216699319 S2_2
16003 4 -1.5 0 S2_2
16004 4 -1.5 70.9205986257242 S2_2
16005 4 -1.5 0 S2_2
16007 4 -1.5 0 S2_2
16008 4 -1.5 71.9679226849426 S2_2
16011 4 -1.5 0 S2_2
16013 4 -1.5 94.5396098977271 S2_2
16014 4 -1.5 0 S2_2
16015 4 -1.5 78.357399935573 S2_2
16017 4 -1.5 3.24929253924807 S2_2
16018 4 -1.5 0 S2_2
16020 4 -1.5 0 S2_2
16021 4 -1.5 32.9426692473953 S2_2
16001 5 -1.5 0 S2_2
16002 5 -1.5 0 S2_2
16003 5 -1.5 0 S2_2
16004 5 -1.5 45.1531685236179 S2_2
16005 5 -1.5 0 S2_2
16007 5 -1.5 0 S2_2
16008 5 -1.5 0 S2_2
16011 5 -1.5 0 S2_2
16013 5 -1.5 0 S2_2
16014 5 -1.5 0 S2_2
16015 5 -1.5 57.8213852300975 S2_2
16017 5 -1.5 0 S2_2
16018 5 -1.5 0 S2_2
16020 5 -1.5 0 S2_2
16021 5 -1.5 4.26939363243143 S2_2
16001 6 -1.5 15.9995850320311 S2_2
16002 6 -1.5 191.989576692002 S2_2
16003 6 -1.5 49.7946291349555 S2_2
16004 6 -1.5 234.716827142109 S2_2
16005 6 -1.5 42.5952414858878 S2_2
16007 6 -1.5 2.37018077106371 S2_2
16008 6 -1.5 221.587899732991 S2_2
16011 6 -1.5 0 S2_2
16013 6 -1.5 282.018258244489 S2_2
16014 6 -1.5 0 S2_2
16015 6 -1.5 238.711236164692 S2_2
16017 6 -1.5 87.122090372049 S2_2
16018 6 -1.5 0 S2_2
16020 6 -1.5 0 S2_2
16021 6 -1.5 153.371902841733 S2_2
16001 7 -1.5 0 S2_2
16002 7 -1.5 24.6980994428733 S2_2
16003 7 -1.5 0 S2_2
16004 7 -1.5 186.155231785998 S2_2
16005 7 -1.5 0 S2_2
16007 7 -1.5 0 S2_2
16008 7 -1.5 121.355752717394 S2_2
16011 7 -1.5 0 S2_2
16013 7 -1.5 116.805434617257 S2_2
16014 7 -1.5 0 S2_2
16015 7 -1.5 189.745544699731 S2_2
16017 7 -1.5 44.0279591922997 S2_2
16018 7 -1.5 0 S2_2
16020 7 -1.5 0 S2_2
16021 7 -1.5 114.51046652399 S2_2
16001 8 -1.5 28.8331029340956 S2_2
16002 8 -1.5 237.434853445757 S2_2
16003 8 -1.5 54.4957348522801 S2_2
16004 8 -1.5 160.309880923029 S2_2
16005 8 -1.5 53.3859081688279 S2_2
16007 8 -1.5 0 S2_2
16008 8 -1.5 165.163873618856 S2_2
16011 8 -1.5 0 S2_2
16013 8 -1.5 263.250648203784 S2_2
16014 8 -1.5 0 S2_2
16015 8 -1.5 173.725292103617 S2_2
16017 8 -1.5 56.0938607805587 S2_2
16018 8 -1.5 0 S2_2
16020 8 -1.5 0 S2_2
16021 8 -1.5 101.269431487222 S2_2
16001 9 -1.5 0 S2_2
16002 9 -1.5 110.518030963815 S2_2
16003 9 -1.5 3.31376810535213 S2_2
16004 9 -1.5 133.243158180755 S2_2
16005 9 -1.5 2.78299340907683 S2_2
16007 9 -1.5 0 S2_2
16008 9 -1.5 129.793352931033 S2_2
16011 9 -1.5 0 S2_2
16013 9 -1.5 172.953406803289 S2_2
16014 9 -1.5 0 S2_2
16015 9 -1.5 142.873761258344 S2_2
16017 9 -1.5 28.6857351293383 S2_2
16018 9 -1.5 0 S2_2
16020 9 -1.5 0 S2_2
16021 9 -1.5 78.1780179718479 S2_2
16001 10 -1.5 15.9860663012128 S2_2
16002 10 -1.5 212.293930932875 S2_2
16003 10 -1.5 37.8633526504892 S2_2
16004 10 -1.5 143.697494526364 S2_2
16005 10 -1.5 38.66326313192 S2_2
16007 10 -1.5 0 S2_2
16008 10 -1.5 150.534890816979 S2_2
16011 10 -1.5 0 S2_2
16013 10 -1.5 248.484065416216 S2_2
16014 10 -1.5 0 S2_2
16015 10 -1.5 156.739116556007 S2_2
16017 10 -1.5 45.1892418666104 S2_2
16018 10 -1.5 0 S2_2
16020 10 -1.5 0 S2_2
16021 10 -1.5 87.8372988695207 S2_2
16001 11 -1.5 0 S2_2
16002 11 -1.5 10.7686200320377 S2_2
16003 11 -1.5 0 S2_2
16004 11 -1.5 0 S2_2
16005 11 -1.5 0 S2_2
16007 11 -1.5 0 S2_2
16008 11 -1.5 0 S2_2
16011 11 -1.5 0 S2_2
16013 11 -1.5 0 S2_2
16014 11 -1.5 0 S2_2
16015 11 -1.5 0 S2_2
16017 11 -1.5 0 S2_2
16018 11 -1.5 0 S2_2
16020 11 -1.5 0 S2_2
16021 11 -1.5 0 S2_2
16001 12 -1.5 0 S2_2
16002 12 -1.5 33.0422551480244 S2_2
16003 12 -1.5 0 S2_2
16004 12 -1.5 2.29358179075668 S2_2
16005 12 -1.5 0 S2_2
16007 12 -1.5 0 S2_2
16008 12 -1.5 0 S2_2
16011 12 -1.5 0 S2_2
16013 12 -1.5 3.0518887004182 S2_2
16014 12 -1.5 0 S2_2
16015 12 -1.5 6.40209812162106 S2_2
16017 12 -1.5 0 S2_2
16018 12 -1.5 0 S2_2
16020 12 -1.5 0 S2_2
16021 12 -1.5 0 S2_2
16001 13 -1.5 0 S2_2
16002 13 -1.5 47.0423780446781 S2_2
16003 13 -1.5 0 S2_2
16004 13 -1.5 88.6781888551128 S2_2
16005 13 -1.5 0 S2_2
16007 13 -1.5 0 S2_2
16008 13 -1.5 82.9795816435875 S2_2
16011 13 -1.5 0 S2_2
16013 13 -1.5 85.6106578046425 S2_2
16014 13 -1.5 0 S2_2
16015 13 -1.5 101.092075492611 S2_2
16017 13 -1.5 6.70950032847967 S2_2
16018 13 -1.5 0 S2_2
16020 13 -1.5 0 S2_2
16021 13 -1.5 48.9748542120644 S2_2
16001 14 -1.5 0 S2_2
16002 14 -1.5 85.6288660634482 S2_2
16003 14 -1.5 0 S2_2
16004 14 -1.5 209.224031338563 S2_2
16005 14 -1.5 0 S2_2
16007 14 -1.5 0 S2_2
16008 14 -1.5 162.379946966998 S2_2
16011 14 -1.5 0 S2_2
16013 14 -1.5 175.16791271616 S2_2
16014 14 -1.5 0 S2_2
16015 14 -1.5 212.160178956343 S2_2
16017 14 -1.5 64.930249796852 S2_2
16018 14 -1.5 0 S2_2
16020 14 -1.5 0 S2_2
16021 14 -1.5 132.344656512658 S2_2
16001 15 -1.5 105.536309341871 S2_2
16002 15 -1.5 364.166961926814 S2_2
16003 15 -1.5 162.436916594648 S2_2
16004 15 -1.5 328.868358695707 S2_2
16005 15 -1.5 160.388200094248 S2_2
16007 15 -1.5 26.0768910665394 S2_2
16008 15 -1.5 317.199277893484 S2_2
16011 15 -1.5 23.7417948984148 S2_2
16013 15 -1.5 437.98587809477 S2_2
16014 15 -1.5 23.8241409272465 S2_2
16015 15 -1.5 326.815768308221 S2_2
16017 15 -1.5 151.090214768991 S2_2
16018 15 -1.5 0 S2_2
16020 15 -1.5 2.90852710559125 S2_2
16021 15 -1.5 227.317089664932 S2_2
16001 16 -1.5 86.7132422508476 S2_2
16002 16 -1.5 389.65932165766 S2_2
16003 16 -1.5 129.074301238527 S2_2
16004 16 -1.5 254.563792856633 S2_2
16005 16 -1.5 135.094819862135 S2_2
16007 16 -1.5 2.40368070328843 S2_2
16008 16 -1.5 242.700571050818 S2_2
16011 16 -1.5 2.55049948836847 S2_2
16013 16 -1.5 387.00396274638 S2_2
16014 16 -1.5 2.83904080557697 S2_2
16015 16 -1.5 262.548241666173 S2_2
16017 16 -1.5 107.080743677101 S2_2
16018 16 -1.5 0 S2_2
16020 16 -1.5 0 S2_2
16021 16 -1.5 175.362262568667 S2_2
16001 17 -1.5 3.62017025824459 S2_2
16002 17 -1.5 150.287145359443 S2_2
16003 17 -1.5 21.9975877068466 S2_2
16004 17 -1.5 216.316629536311 S2_2
16005 17 -1.5 14.0381463109781 S2_2
16007 17 -1.5 1.28957049335208 S2_2
16008 17 -1.5 197.36640138445 S2_2
16011 17 -1.5 0 S2_2
16013 17 -1.5 233.271224813894 S2_2
16014 17 -1.5 0 S2_2
16015 17 -1.5 222.128996922395 S2_2
16017 17 -1.5 79.5348749492662 S2_2
16018 17 -1.5 0 S2_2
16020 17 -1.5 0 S2_2
16021 17 -1.5 143.569009924899 S2_2
16001 18 -1.5 5.7624694869178 S2_2
16002 18 -1.5 160.740944430398 S2_2
16003 18 -1.5 10.4260467528203 S2_2
16004 18 -1.5 60.2854559348172 S2_2
16005 18 -1.5 13.139511883322 S2_2
16007 18 -1.5 0 S2_2
16008 18 -1.5 52.4097308494759 S2_2
16011 18 -1.5 0 S2_2
16013 18 -1.5 89.2687264881589 S2_2
16014 18 -1.5 0 S2_2
16015 18 -1.5 67.0186370130606 S2_2
16017 18 -1.5 11.4130731280528 S2_2
16018 18 -1.5 0 S2_2
16020 18 -1.5 0 S2_2
16021 18 -1.5 33.9913737897984 S2_2
16001 19 -1.5 11.1057650370263 S2_2
16002 19 -1.5 191.818917652413 S2_2
16003 19 -1.5 31.0466022647528 S2_2
16004 19 -1.5 145.533558562124 S2_2
16005 19 -1.5 30.3114155222356 S2_2
16007 19 -1.5 0 S2_2
16008 19 -1.5 151.461070843999 S2_2
16011 19 -1.5 0 S2_2
16013 19 -1.5 237.924582074407 S2_2
16014 19 -1.5 0 S2_2
16015 19 -1.5 158.18558982961 S2_2
16017 19 -1.5 44.0626238768004 S2_2
16018 19 -1.5 0 S2_2
16020 19 -1.5 0 S2_2
16021 19 -1.5 88.7319336076026 S2_2
16001 20 -1.5 108.009224734799 S2_2
16002 20 -1.5 394.032753308866 S2_2
16003 20 -1.5 163.896666626224 S2_2
16004 20 -1.5 306.270014366583 S2_2
16005 20 -1.5 164.124454473521 S2_2
16007 20 -1.5 13.3952568583961 S2_2
16008 20 -1.5 293.908848238377 S2_2
16011 20 -1.5 12.0983220675044 S2_2
16013 20 -1.5 429.254017025337 S2_2
16014 20 -1.5 13.1116490427468 S2_2
16015 20 -1.5 308.342812161634 S2_2
16017 20 -1.5 139.873079783361 S2_2
16018 20 -1.5 0 S2_2
16020 20 -1.5 1.61538041470961 S2_2
16021 20 -1.5 214.140399657353 S2_2
16001 21 -1.5 3.35156221772087 S2_2
16002 21 -1.5 153.309177238764 S2_2
16003 21 -1.5 12.4502273517583 S2_2
16004 21 -1.5 112.27173579623 S2_2
16005 21 -1.5 13.1161675361718 S2_2
16007 21 -1.5 0 S2_2
16008 21 -1.5 117.084650041286 S2_2
16011 21 -1.5 0 S2_2
16013 21 -1.5 185.782822845656 S2_2
16014 21 -1.5 0 S2_2
16015 21 -1.5 119.478174544468 S2_2
16017 21 -1.5 25.0977865942158 S2_2
16018 21 -1.5 0 S2_2
16020 21 -1.5 0 S2_2
16021 21 -1.5 65.5546581534384 S2_2
16001 22 -1.5 61.3739684885351 S2_2
16002 22 -1.5 398.759456722026 S2_2
16003 22 -1.5 90.0789322489178 S2_2
16004 22 -1.5 191.956978251706 S2_2
16005 22 -1.5 98.9739953417486 S2_2
16007 22 -1.5 0 S2_2
16008 22 -1.5 180.379223627305 S2_2
16011 22 -1.5 0 S2_2
16013 22 -1.5 350.046232864438 S2_2
16014 22 -1.5 0 S2_2
16015 22 -1.5 205.983978344508 S2_2
16017 22 -1.5 75.7867132154344 S2_2
16018 22 -1.5 0 S2_2
16020 22 -1.5 0 S2_2
16021 22 -1.5 121.495110332317 S2_2
16001 23 -1.5 3.70834329774908 S2_2
16002 23 -1.5 158.122335085951 S2_2
16003 23 -1.5 17.2503031773007 S2_2
16004 23 -1.5 158.501832079286 S2_2
16005 23 -1.5 16.6300757404204 S2_2
16007 23 -1.5 0 S2_2
16008 23 -1.5 159.947161974423 S2_2
16011 23 -1.5 0 S2_2
16013 23 -1.5 230.802985397716 S2_2
16014 23 -1.5 0 S2_2
16015 23 -1.5 168.496252246422 S2_2
16017 23 -1.5 44.6694214940077 S2_2
16018 23 -1.5 0 S2_2
16020 23 -1.5 0 S2_2
16021 23 -1.5 93.6111284894138 S2_2
16001 24 -1.5 10.1395647608833 S2_2
16002 24 -1.5 196.459974026777 S2_2
16003 24 -1.5 27.9142937711694 S2_2
16004 24 -1.5 127.794843954146 S2_2
16005 24 -1.5 30.161729954056 S2_2
16007 24 -1.5 0 S2_2
16008 24 -1.5 134.203976751452 S2_2
16011 24 -1.5 0 S2_2
16013 24 -1.5 229.115558311305 S2_2
16014 24 -1.5 0 S2_2
16015 24 -1.5 137.07166445054 S2_2
16017 24 -1.5 36.5612401758787 S2_2
16018 24 -1.5 0 S2_2
16020 24 -1.5 0 S2_2
16021 24 -1.5 76.6376048577586 S2_2
16001 25 -1.5 0 S2_2
16002 25 -1.5 66.564646207626 S2_2
16003 25 -1.5 0 S2_2
16004 25 -1.5 183.787069454472 S2_2
16005 25 -1.5 0 S2_2
16007 25 -1.5 0 S2_2
16008 25 -1.5 140.277361511186 S2_2
16011 25 -1.5 0 S2_2
16013 25 -1.5 151.921797815419 S2_2
16014 25 -1.5 0 S2_2
16015 25 -1.5 187.962486745205 S2_2
16017 25 -1.5 45.3283426669893 S2_2
16018 25 -1.5 0 S2_2
16020 25 -1.5 0 S2_2
16021 25 -1.5 109.811342604003 S2_2
16001 26 -1.5 75.0733402382742 S2_2
16002 26 -1.5 386.426856395368 S2_2
16003 26 -1.5 112.025783696 S2_2
16004 26 -1.5 236.832687651695 S2_2
16005 26 -1.5 119.982799037388 S2_2
16007 26 -1.5 1.22441106170897 S2_2
16008 26 -1.5 227.869318567774 S2_2
16011 26 -1.5 1.4544912628111 S2_2
16013 26 -1.5 380.943987712296 S2_2
16014 26 -1.5 1.68408767338721 S2_2
16015 26 -1.5 245.677484485495 S2_2
16017 26 -1.5 93.71020055581 S2_2
16018 26 -1.5 0 S2_2
16020 26 -1.5 0 S2_2
16021 26 -1.5 157.246134954797 S2_2
16001 27 -1.5 0 S2_2
16002 27 -1.5 1.34674780541425 S2_2
16003 27 -1.5 0 S2_2
16004 27 -1.5 110.275553065591 S2_2
16005 27 -1.5 0 S2_2
16007 27 -1.5 0 S2_2
16008 27 -1.5 56.0105019546582 S2_2
16011 27 -1.5 0 S2_2
16013 27 -1.5 36.2067799475225 S2_2
16014 27 -1.5 0 S2_2
16015 27 -1.5 118.258255364447 S2_2
16017 27 -1.5 4.33634452357864 S2_2
16018 27 -1.5 0 S2_2
16020 27 -1.5 0 S2_2
16021 27 -1.5 55.9433701718516 S2_2
16001 28 -1.5 107.530753752395 S2_2
16002 28 -1.5 472.593073277488 S2_2
16003 28 -1.5 164.470046383956 S2_2
16004 28 -1.5 297.778750745185 S2_2
16005 28 -1.5 179.462448402696 S2_2
16007 28 -1.5 3.92769494891416 S2_2
16008 28 -1.5 271.368383916157 S2_2
16011 28 -1.5 8.09968135566915 S2_2
16013 28 -1.5 447.91136097633 S2_2
16014 28 -1.5 6.39881225141808 S2_2
16015 28 -1.5 301.509711964517 S2_2
16017 28 -1.5 130.700150725907 S2_2
16018 28 -1.5 0 S2_2
16020 28 -1.5 0 S2_2
16021 28 -1.5 204.903149318058 S2_2
16001 29 -1.5 0 S2_2
16002 29 -1.5 37.8602310199617 S2_2
16003 29 -1.5 0 S2_2
16004 29 -1.5 53.3740745298712 S2_2
16005 29 -1.5 0 S2_2
16007 29 -1.5 0 S2_2
16008 29 -1.5 50.7982126379083 S2_2
16011 29 -1.5 0 S2_2
16013 29 -1.5 59.7111515723746 S2_2
16014 29 -1.5 0 S2_2
16015 29 -1.5 63.9220687979155 S2_2
16017 29 -1.5 1.0237509058012 S2_2
16018 29 -1.5 0 S2_2
16020 29 -1.5 0 S2_2
16021 29 -1.5 19.8148875602544 S2_2
16001 30 -1.5 0 S2_2
16002 30 -1.5 69.3427013294368 S2_2
16003 30 -1.5 0 S2_2
16004 30 -1.5 187.435534993722 S2_2
16005 30 -1.5 0 S2_2
16007 30 -1.5 0 S2_2
16008 30 -1.5 143.841756937237 S2_2
16011 30 -1.5 0 S2_2
16013 30 -1.5 153.863919243317 S2_2
16014 30 -1.5 0 S2_2
16015 30 -1.5 192.082501187805 S2_2
16017 30 -1.5 49.5039853790248 S2_2
16018 30 -1.5 0 S2_2
16020 30 -1.5 0 S2_2
16021 30 -1.5 115.277856740292 S2_2
16001 31 -1.5 0 S2_2
16002 31 -1.5 54.1539173771917 S2_2
16003 31 -1.5 0 S2_2
16004 31 -1.5 132.364721158505 S2_2
16005 31 -1.5 0 S2_2
16007 31 -1.5 0 S2_2
16008 31 -1.5 109.714538662502 S2_2
16011 31 -1.5 0 S2_2
16013 31 -1.5 128.340869766124 S2_2
16014 31 -1.5 0 S2_2
16015 31 -1.5 131.084779372038 S2_2
16017 31 -1.5 13.7524256931076 S2_2
16018 31 -1.5 0 S2_2
16020 31 -1.5 0 S2_2
16021 31 -1.5 62.5003956004924 S2_2
16001 1 -3 0 S2_2
16002 1 -3 0 S2_2
16003 1 -3 0 S2_2
16004 1 -3 0 S2_2
16005 1 -3 0 S2_2
16007 1 -3 0 S2_2
16008 1 -3 0 S2_2
16011 1 -3 0 S2_2
16013 1 -3 0 S2_2
16014 1 -3 0 S2_2
16015 1 -3 0 S2_2
16017 1 -3 0 S2_2
16018 1 -3 0 S2_2
16020 1 -3 0 S2_2
16021 1 -3 0 S2_2
16001 2 -3 0 S2_2
16002 2 -3 1.39615662875517 S2_2
16003 2 -3 0 S2_2
16004 2 -3 114.444373998931 S2_2
16005 2 -3 0 S2_2
16007 2 -3 0 S2_2
16008 2 -3 56.5595829475053 S2_2
16011 2 -3 0 S2_2
16013 2 -3 36.5469545823026 S2_2
16014 2 -3 0 S2_2
16015 2 -3 120.515142925272 S2_2
16017 2 -3 4.4842263947943 S2_2
16018 2 -3 0 S2_2
16020 2 -3 0 S2_2
16021 2 -3 56.8511470370594 S2_2
16001 3 -3 0 S2_2
16002 3 -3 0 S2_2
16003 3 -3 0 S2_2
16004 3 -3 0 S2_2
16005 3 -3 0 S2_2
16007 3 -3 0 S2_2
16008 3 -3 0 S2_2
16011 3 -3 0 S2_2
16013 3 -3 0 S2_2
16014 3 -3 0 S2_2
16015 3 -3 0 S2_2
16017 3 -3 0 S2_2
16018 3 -3 0 S2_2
16020 3 -3 0 S2_2
16021 3 -3 0 S2_2
16001 4 -3 0 S2_2
16002 4 -3 0 S2_2
16003 4 -3 0 S2_2
16004 4 -3 0 S2_2
16005 4 -3 0 S2_2
16007 4 -3 0 S2_2
16008 4 -3 0 S2_2
16011 4 -3 0 S2_2
16013 4 -3 0 S2_2
16014 4 -3 0 S2_2
16015 4 -3 0 S2_2
16017 4 -3 0 S2_2
16018 4 -3 0 S2_2
16020 4 -3 0 S2_2
16021 4 -3 0 S2_2
16001 5 -3 0 S2_2
16002 5 -3 0 S2_2
16003 5 -3 0 S2_2
16004 5 -3 0 S2_2
16005 5 -3 0 S2_2
16007 5 -3 0 S2_2
16008 5 -3 0 S2_2
16011 5 -3 0 S2_2
16013 5 -3 0 S2_2
16014 5 -3 0 S2_2
16015 5 -3 1.0859880265394 S2_2
16017 5 -3 0 S2_2
16018 5 -3 0 S2_2
16020 5 -3 0 S2_2
16021 5 -3 0 S2_2
16001 6 -3 0 S2_2
16002 6 -3 64.8337411645545 S2_2
16003 6 -3 0 S2_2
16004 6 -3 86.3502864228393 S2_2
16005 6 -3 0 S2_2
16007 6 -3 0 S2_2
16008 6 -3 79.8269080232132 S2_2
16011 6 -3 0 S2_2
16013 6 -3 98.3878598950869 S2_2
16014 6 -3 0 S2_2
16015 6 -3 92.7402352248092 S2_2
16017 6 -3 4.7387287860328 S2_2
16018 6 -3 0 S2_2
16020 6 -3 0 S2_2
16021 6 -3 41.1791407299686 S2_2
16001 7 -3 0 S2_2
16002 7 -3 2.34089902914782 S2_2
16003 7 -3 0 S2_2
16004 7 -3 125.002423083469 S2_2
16005 7 -3 0 S2_2
16007 7 -3 0 S2_2
16008 7 -3 66.604558614844 S2_2
16011 7 -3 0 S2_2
16013 7 -3 48.7331319303629 S2_2
16014 7 -3 0 S2_2
16015 7 -3 130.217548999989 S2_2
16017 7 -3 7.18009381154362 S2_2
16018 7 -3 0 S2_2
16020 7 -3 0 S2_2
16021 7 -3 65.1376466973846 S2_2
16001 8 -3 0 S2_2
16002 8 -3 2.00701660641627 S2_2
16003 8 -3 0 S2_2
16004 8 -3 0 S2_2
16005 8 -3 0 S2_2
16007 8 -3 0 S2_2
16008 8 -3 0 S2_2
16011 8 -3 0 S2_2
16013 8 -3 0 S2_2
16014 8 -3 0 S2_2
16015 8 -3 1.00014336970009 S2_2
16017 8 -3 0 S2_2
16018 8 -3 0 S2_2
16020 8 -3 0 S2_2
16021 8 -3 0 S2_2
16001 9 -3 0 S2_2
16002 9 -3 0 S2_2
16003 9 -3 0 S2_2
16004 9 -3 0 S2_2
16005 9 -3 0 S2_2
16007 9 -3 0 S2_2
16008 9 -3 0 S2_2
16011 9 -3 0 S2_2
16013 9 -3 0 S2_2
16014 9 -3 0 S2_2
16015 9 -3 1.08880742877065 S2_2
16017 9 -3 0 S2_2
16018 9 -3 0 S2_2
16020 9 -3 0 S2_2
16021 9 -3 0 S2_2
16001 10 -3 0 S2_2
16002 10 -3 0 S2_2
16003 10 -3 0 S2_2
16004 10 -3 0 S2_2
16005 10 -3 0 S2_2
16007 10 -3 0 S2_2
16008 10 -3 0 S2_2
16011 10 -3 0 S2_2
16013 10 -3 0 S2_2
16014 10 -3 0 S2_2
16015 10 -3 0 S2_2
16017 10 -3 0 S2_2
16018 10 -3 0 S2_2
16020 10 -3 0 S2_2
16021 10 -3 0 S2_2
16001 11 -3 0 S2_2
16002 11 -3 0 S2_2
16003 11 -3 0 S2_2
16004 11 -3 0 S2_2
16005 11 -3 0 S2_2
16007 11 -3 0 S2_2
16008 11 -3 0 S2_2
16011 11 -3 0 S2_2
16013 11 -3 0 S2_2
16014 11 -3 0 S2_2
16015 11 -3 0 S2_2
16017 11 -3 0 S2_2
16018 11 -3 0 S2_2
16020 11 -3 0 S2_2
16021 11 -3 0 S2_2
16001 12 -3 0 S2_2
16002 12 -3 0 S2_2
16003 12 -3 0 S2_2
16004 12 -3 0 S2_2
16005 12 -3 0 S2_2
16007 12 -3 0 S2_2
16008 12 -3 0 S2_2
16011 12 -3 0 S2_2
16013 12 -3 0 S2_2
16014 12 -3 0 S2_2
16015 12 -3 0 S2_2
16017 12 -3 0 S2_2
16018 12 -3 0 S2_2
16020 12 -3 0 S2_2
16021 12 -3 0 S2_2
16001 13 -3 0 S2_2
16002 13 -3 0 S2_2
16003 13 -3 0 S2_2
16004 13 -3 0 S2_2
16005 13 -3 0 S2_2
16007 13 -3 0 S2_2
16008 13 -3 0 S2_2
16011 13 -3 0 S2_2
16013 13 -3 0 S2_2
16014 13 -3 0 S2_2
16015 13 -3 0 S2_2
16017 13 -3 0 S2_2
16018 13 -3 0 S2_2
16020 13 -3 0 S2_2
16021 13 -3 0 S2_2
16001 14 -3 0 S2_2
16002 14 -3 24.2856847526801 S2_2
16003 14 -3 0 S2_2
16004 14 -3 125.314948284255 S2_2
16005 14 -3 0 S2_2
16007 14 -3 0 S2_2
16008 14 -3 89.8856106469528 S2_2
16011 14 -3 0 S2_2
16013 14 -3 90.1397226772829 S2_2
16014 14 -3 0 S2_2
16015 14 -3 130.039921950962 S2_2
16017 14 -3 11.1156409896796 S2_2
16018 14 -3 0 S2_2
16020 14 -3 0 S2_2
16021 14 -3 67.1159958506927 S2_2
16001 15 -3 23.7999143499807 S2_2
16002 15 -3 188.855334847799 S2_2
16003 15 -3 49.1036212973785 S2_2
16004 15 -3 154.535917680799 S2_2
16005 15 -3 44.3824516245329 S2_2
16007 15 -3 0 S2_2
16008 15 -3 151.674562608723 S2_2
16011 15 -3 0 S2_2
16013 15 -3 221.306650951054 S2_2
16014 15 -3 0 S2_2
16015 15 -3 157.20702874416 S2_2
16017 15 -3 53.9734414637384 S2_2
16018 15 -3 0 S2_2
16020 15 -3 0 S2_2
16021 15 -3 96.3806197382769 S2_2
16001 16 -3 0 S2_2
16002 16 -3 51.6378661747064 S2_2
16003 16 -3 0 S2_2
16004 16 -3 15.842326885678 S2_2
16005 16 -3 0 S2_2
16007 16 -3 0 S2_2
16008 16 -3 11.3337011730203 S2_2
16011 16 -3 0 S2_2
16013 16 -3 26.3421745246659 S2_2
16014 16 -3 0 S2_2
16015 16 -3 26.5589034259113 S2_2
16017 16 -3 0 S2_2
16018 16 -3 0 S2_2
16020 16 -3 0 S2_2
16021 16 -3 2.70774491138371 S2_2
16001 17 -3 0 S2_2
16002 17 -3 62.3965774577881 S2_2
16003 17 -3 0 S2_2
16004 17 -3 106.219380327115 S2_2
16005 17 -3 0 S2_2
16007 17 -3 0 S2_2
16008 17 -3 94.1851443264363 S2_2
16011 17 -3 0 S2_2
16013 17 -3 107.033923226692 S2_2
16014 17 -3 0 S2_2
16015 17 -3 113.220821901242 S2_2
16017 17 -3 10.1552990343087 S2_2
16018 17 -3 0 S2_2
16020 17 -3 0 S2_2
16021 17 -3 57.3350909821178 S2_2
16001 18 -3 0 S2_2
16002 18 -3 0 S2_2
16003 18 -3 0 S2_2
16004 18 -3 0 S2_2
16005 18 -3 0 S2_2
16007 18 -3 0 S2_2
16008 18 -3 0 S2_2
16011 18 -3 0 S2_2
16013 18 -3 0 S2_2
16014 18 -3 0 S2_2
16015 18 -3 0 S2_2
16017 18 -3 0 S2_2
16018 18 -3 0 S2_2
16020 18 -3 0 S2_2
16021 18 -3 0 S2_2
16001 19 -3 0 S2_2
16002 19 -3 0 S2_2
16003 19 -3 0 S2_2
16004 19 -3 0 S2_2
16005 19 -3 0 S2_2
16007 19 -3 0 S2_2
16008 19 -3 0 S2_2
16011 19 -3 0 S2_2
16013 19 -3 0 S2_2
16014 19 -3 0 S2_2
16015 19 -3 0 S2_2
16017 19 -3 0 S2_2
16018 19 -3 0 S2_2
16020 19 -3 0 S2_2
16021 19 -3 0 S2_2
16001 20 -3 6.19622692223591 S2_2
16002 20 -3 131.00366190459 S2_2
16003 20 -3 14.8958303448805 S2_2
16004 20 -3 91.2867075131654 S2_2
16005 20 -3 12.1343683004893 S2_2
16007 20 -3 0 S2_2
16008 20 -3 88.6392321620594 S2_2
16011 20 -3 0 S2_2
16013 20 -3 128.928884355697 S2_2
16014 20 -3 0 S2_2
16015 20 -3 96.2763232964336 S2_2
16017 20 -3 16.8292100745865 S2_2
16018 20 -3 0 S2_2
16020 20 -3 0 S2_2
16021 20 -3 51.1141686937954 S2_2
16001 21 -3 0 S2_2
16002 21 -3 0 S2_2
16003 21 -3 0 S2_2
16004 21 -3 0 S2_2
16005 21 -3 0 S2_2
16007 21 -3 0 S2_2
16008 21 -3 0 S2_2
16011 21 -3 0 S2_2
16013 21 -3 0 S2_2
16014 21 -3 0 S2_2
16015 21 -3 0 S2_2
16017 21 -3 0 S2_2
16018 21 -3 0 S2_2
16020 21 -3 0 S2_2
16021 21 -3 0 S2_2
16001 22 -3 0 S2_2
16002 22 -3 1.09265336722801 S2_2
16003 22 -3 0 S2_2
16004 22 -3 0 S2_2
16005 22 -3 0 S2_2
16007 22 -3 0 S2_2
16008 22 -3 0 S2_2
16011 22 -3 0 S2_2
16013 22 -3 0 S2_2
16014 22 -3 0 S2_2
16015 22 -3 0 S2_2
16017 22 -3 0 S2_2
16018 22 -3 0 S2_2
16020 22 -3 0 S2_2
16021 22 -3 0 S2_2
16001 23 -3 0 S2_2
16002 23 -3 0 S2_2
16003 23 -3 0 S2_2
16004 23 -3 0 S2_2
16005 23 -3 0 S2_2
16007 23 -3 0 S2_2
16008 23 -3 0 S2_2
16011 23 -3 0 S2_2
16013 23 -3 0 S2_2
16014 23 -3 0 S2_2
16015 23 -3 2.48133364095785 S2_2
16017 23 -3 0 S2_2
16018 23 -3 0 S2_2
16020 23 -3 0 S2_2
16021 23 -3 0 S2_2
16001 24 -3 0 S2_2
16002 24 -3 0 S2_2
16003 24 -3 0 S2_2
16004 24 -3 0 S2_2
16005 24 -3 0 S2_2
16007 24 -3 0 S2_2
16008 24 -3 0 S2_2
16011 24 -3 0 S2_2
16013 24 -3 0 S2_2
16014 24 -3 0 S2_2
16015 24 -3 0 S2_2
16017 24 -3 0 S2_2
16018 24 -3 0 S2_2
16020 24 -3 0 S2_2
16021 24 -3 0 S2_2
16001 25 -3 0 S2_2
16002 25 -3 2.09871896807704 S2_2
16003 25 -3 0 S2_2
16004 25 -3 69.5552465536245 S2_2
16005 25 -3 0 S2_2
16007 25 -3 0 S2_2
16008 25 -3 37.1014084403441 S2_2
16011 25 -3 0 S2_2
16013 25 -3 27.397395518353 S2_2
16014 25 -3 0 S2_2
16015 25 -3 77.6423315489371 S2_2
16017 25 -3 0 S2_2
16018 25 -3 0 S2_2
16020 25 -3 0 S2_2
16021 25 -3 22.5939251268575 S2_2
16001 26 -3 0 S2_2
16002 26 -3 25.1684939424953 S2_2
16003 26 -3 0 S2_2
16004 26 -3 2.75798981077225 S2_2
16005 26 -3 0 S2_2
16007 26 -3 0 S2_2
16008 26 -3 1.94004631519829 S2_2
16011 26 -3 0 S2_2
16013 26 -3 5.91978366126856 S2_2
16014 26 -3 0 S2_2
16015 26 -3 7.44022168806796 S2_2
16017 26 -3 0 S2_2
16018 26 -3 0 S2_2
16020 26 -3 0 S2_2
16021 26 -3 0 S2_2
16001 27 -3 0 S2_2
16002 27 -3 0 S2_2
16003 27 -3 0 S2_2
16004 27 -3 4.58082672859213 S2_2
16005 27 -3 0 S2_2
16007 27 -3 0 S2_2
16008 27 -3 0 S2_2
16011 27 -3 0 S2_2
16013 27 -3 0 S2_2
16014 27 -3 0 S2_2
16015 27 -3 13.2450459712958 S2_2
16017 27 -3 0 S2_2
16018 27 -3 0 S2_2
16020 27 -3 0 S2_2
16021 27 -3 0 S2_2
16001 28 -3 0 S2_2
16002 28 -3 62.0764887983842 S2_2
16003 28 -3 0 S2_2
16004 28 -3 20.8407076305593 S2_2
16005 28 -3 0 S2_2
16007 28 -3 0 S2_2
16008 28 -3 13.737536147256 S2_2
16011 28 -3 0 S2_2
16013 28 -3 34.243648326754 S2_2
16014 28 -3 0 S2_2
16015 28 -3 30.623531416552 S2_2
16017 28 -3 0 S2_2
16018 28 -3 0 S2_2
16020 28 -3 0 S2_2
16021 28 -3 4.03422311914098 S2_2
16001 29 -3 0 S2_2
16002 29 -3 0 S2_2
16003 29 -3 0 S2_2
16004 29 -3 0 S2_2
16005 29 -3 0 S2_2
16007 29 -3 0 S2_2
16008 29 -3 0 S2_2
16011 29 -3 0 S2_2
16013 29 -3 0 S2_2
16014 29 -3 0 S2_2
16015 29 -3 0 S2_2
16017 29 -3 0 S2_2
16018 29 -3 0 S2_2
16020 29 -3 0 S2_2
16021 29 -3 0 S2_2
16001 30 -3 0 S2_2
16002 30 -3 5.39323228398026 S2_2
16003 30 -3 0 S2_2
16004 30 -3 87.8292506953911 S2_2
16005 30 -3 0 S2_2
16007 30 -3 0 S2_2
16008 30 -3 54.2126064320581 S2_2
16011 30 -3 0 S2_2
16013 30 -3 45.4559144233451 S2_2
16014 30 -3 0 S2_2
16015 30 -3 95.169928077321 S2_2
16017 30 -3 1.87718828664118 S2_2
16018 30 -3 0 S2_2
16020 30 -3 0 S2_2
16021 30 -3 37.5177531688381 S2_2
16001 31 -3 0 S2_2
16002 31 -3 0 S2_2
16003 31 -3 0 S2_2
16004 31 -3 0 S2_2
16005 31 -3 0 S2_2
16007 31 -3 0 S2_2
16008 31 -3 0 S2_2
16011 31 -3 0 S2_2
16013 31 -3 0 S2_2
16014 31 -3 0 S2_2
16015 31 -3 1.27377848191184 S2_2
16017 31 -3 0 S2_2
16018 31 -3 0 S2_2
16020 31 -3 0 S2_2
16021 31 -3 0 S2_2
16001 1 -5 0 S2_2
16002 1 -5 0 S2_2
16003 1 -5 0 S2_2
16004 1 -5 0 S2_2
16005 1 -5 0 S2_2
16007 1 -5 0 S2_2
16008 1 -5 0 S2_2
16011 1 -5 0 S2_2
16013 1 -5 0 S2_2
16014 1 -5 0 S2_2
16015 1 -5 0 S2_2
16017 1 -5 0 S2_2
16018 1 -5 0 S2_2
16020 1 -5 0 S2_2
16021 1 -5 0 S2_2
16001 2 -5 0 S2_2
16002 2 -5 0 S2_2
16003 2 -5 0 S2_2
16004 2 -5 34.5528103104649 S2_2
16005 2 -5 0 S2_2
16007 2 -5 0 S2_2
16008 2 -5 2.79637065107309 S2_2
16011 2 -5 0 S2_2
16013 2 -5 0 S2_2
16014 2 -5 0 S2_2
16015 2 -5 48.4966544641263 S2_2
16017 2 -5 0 S2_2
16018 2 -5 0 S2_2
16020 2 -5 0 S2_2
16021 2 -5 4.02670219489017 S2_2
16001 3 -5 0 S2_2
16002 3 -5 0 S2_2
16003 3 -5 0 S2_2
16004 3 -5 0 S2_2
16005 3 -5 0 S2_2
16007 3 -5 0 S2_2
16008 3 -5 0 S2_2
16011 3 -5 0 S2_2
16013 3 -5 0 S2_2
16014 3 -5 0 S2_2
16015 3 -5 0 S2_2
16017 3 -5 0 S2_2
16018 3 -5 0 S2_2
16020 3 -5 0 S2_2
16021 3 -5 0 S2_2
16001 4 -5 0 S2_2
16002 4 -5 0 S2_2
16003 4 -5 0 S2_2
16004 4 -5 0 S2_2
16005 4 -5 0 S2_2
16007 4 -5 0 S2_2
16008 4 -5 0 S2_2
16011 4 -5 0 S2_2
16013 4 -5 0 S2_2
16014 4 -5 0 S2_2
16015 4 -5 0 S2_2
16017 4 -5 0 S2_2
16018 4 -5 0 S2_2
16020 4 -5 0 S2_2
16021 4 -5 0 S2_2
16001 5 -5 0 S2_2
16002 5 -5 0 S2_2
16003 5 -5 0 S2_2
16004 5 -5 0 S2_2
16005 5 -5 0 S2_2
16007 5 -5 0 S2_2
16008 5 -5 0 S2_2
16011 5 -5 0 S2_2
16013 5 -5 0 S2_2
16014 5 -5 0 S2_2
16015 5 -5 0 S2_2
16017 5 -5 0 S2_2
16018 5 -5 0 S2_2
16020 5 -5 0 S2_2
16021 5 -5 0 S2_2
16001 6 -5 0 S2_2
16002 6 -5 0 S2_2
16003 6 -5 0 S2_2
16004 6 -5 0 S2_2
16005 6 -5 0 S2_2
16007 6 -5 0 S2_2
16008 6 -5 0 S2_2
16011 6 -5 0 S2_2
16013 6 -5 0 S2_2
16014 6 -5 0 S2_2
16015 6 -5 0 S2_2
16017 6 -5 0 S2_2
16018 6 -5 0 S2_2
16020 6 -5 0 S2_2
16021 6 -5 0 S2_2
16001 7 -5 0 S2_2
16002 7 -5 0 S2_2
16003 7 -5 0 S2_2
16004 7 -5 49.3420761353428 S2_2
16005 7 -5 0 S2_2
16007 7 -5 0 S2_2
16008 7 -5 6.46539167045576 S2_2
16011 7 -5 0 S2_2
16013 7 -5 1.77022707867567 S2_2
16014 7 -5 0 S2_2
16015 7 -5 61.6117409432049 S2_2
16017 7 -5 0 S2_2
16018 7 -5 0 S2_2
16020 7 -5 0 S2_2
16021 7 -5 9.14744354862515 S2_2
16001 8 -5 0 S2_2
16002 8 -5 0 S2_2
16003 8 -5 0 S2_2
16004 8 -5 0 S2_2
16005 8 -5 0 S2_2
16007 8 -5 0 S2_2
16008 8 -5 0 S2_2
16011 8 -5 0 S2_2
16013 8 -5 0 S2_2
16014 8 -5 0 S2_2
16015 8 -5 0 S2_2
16017 8 -5 0 S2_2
16018 8 -5 0 S2_2
16020 8 -5 0 S2_2
16021 8 -5 0 S2_2
16001 9 -5 0 S2_2
16002 9 -5 0 S2_2
16003 9 -5 0 S2_2
16004 9 -5 0 S2_2
16005 9 -5 0 S2_2
16007 9 -5 0 S2_2
16008 9 -5 0 S2_2
16011 9 -5 0 S2_2
16013 9 -5 0 S2_2
16014 9 -5 0 S2_2
16015 9 -5 0 S2_2
16017 9 -5 0 S2_2
16018 9 -5 0 S2_2
16020 9 -5 0 S2_2
16021 9 -5 0 S2_2
16001 10 -5 0 S2_2
16002 10 -5 0 S2_2
16003 10 -5 0 S2_2
16004 10 -5 0 S2_2
16005 10 -5 0 S2_2
16007 10 -5 0 S2_2
16008 10 -5 0 S2_2
16011 10 -5 0 S2_2
16013 10 -5 0 S2_2
16014 10 -5 0 S2_2
16015 10 -5 0 S2_2
16017 10 -5 0 S2_2
16018 10 -5 0 S2_2
16020 10 -5 0 S2_2
16021 10 -5 0 S2_2
16001 11 -5 0 S2_2
16002 11 -5 0 S2_2
16003 11 -5 0 S2_2
16004 11 -5 0 S2_2
16005 11 -5 0 S2_2
16007 11 -5 0 S2_2
16008 11 -5 0 S2_2
16011 11 -5 0 S2_2
16013 11 -5 0 S2_2
16014 11 -5 0 S2_2
16015 11 -5 0 S2_2
16017 11 -5 0 S2_2
16018 11 -5 0 S2_2
16020 11 -5 0 S2_2
16021 11 -5 0 S2_2
16001 12 -5 0 S2_2
16002 12 -5 0 S2_2
16003 12 -5 0 S2_2
16004 12 -5 0 S2_2
16005 12 -5 0 S2_2
16007 12 -5 0 S2_2
16008 12 -5 0 S2_2
16011 12 -5 0 S2_2
16013 12 -5 0 S2_2
16014 12 -5 0 S2_2
16015 12 -5 0 S2_2
16017 12 -5 0 S2_2
16018 12 -5 0 S2_2
16020 12 -5 0 S2_2
16021 12 -5 0 S2_2
16001 13 -5 0 S2_2
16002 13 -5 0 S2_2
16003 13 -5 0 S2_2
16004 13 -5 0 S2_2
16005 13 -5 0 S2_2
16007 13 -5 0 S2_2
16008 13 -5 0 S2_2
16011 13 -5 0 S2_2
16013 13 -5 0 S2_2
16014 13 -5 0 S2_2
16015 13 -5 0 S2_2
16017 13 -5 0 S2_2
16018 13 -5 0 S2_2
16020 13 -5 0 S2_2
16021 13 -5 0 S2_2
16001 14 -5 0 S2_2
16002 14 -5 0 S2_2
16003 14 -5 0 S2_2
16004 14 -5 32.1791851873649 S2_2
16005 14 -5 0 S2_2
16007 14 -5 0 S2_2
16008 14 -5 7.90523744515878 S2_2
16011 14 -5 0 S2_2
16013 14 -5 3.55056542743543 S2_2
16014 14 -5 0 S2_2
16015 14 -5 45.2718513106572 S2_2
16017 14 -5 0 S2_2
16018 14 -5 0 S2_2
16020 14 -5 0 S2_2
16021 14 -5 3.86649054047552 S2_2
16001 15 -5 0 S2_2
16002 15 -5 36.7840806196594 S2_2
16003 15 -5 0 S2_2
16004 15 -5 19.0029532770061 S2_2
16005 15 -5 0 S2_2
16007 15 -5 0 S2_2
16008 15 -5 16.5837084013229 S2_2
16011 15 -5 0 S2_2
16013 15 -5 29.4744336397619 S2_2
16014 15 -5 0 S2_2
16015 15 -5 30.2695044335297 S2_2
16017 15 -5 0 S2_2
16018 15 -5 0 S2_2
16020 15 -5 0 S2_2
16021 15 -5 2.51056309308315 S2_2
16001 16 -5 0 S2_2
16002 16 -5 0 S2_2
16003 16 -5 0 S2_2
16004 16 -5 0 S2_2
16005 16 -5 0 S2_2
16007 16 -5 0 S2_2
16008 16 -5 0 S2_2
16011 16 -5 0 S2_2
16013 16 -5 0 S2_2
16014 16 -5 0 S2_2
16015 16 -5 0 S2_2
16017 16 -5 0 S2_2
16018 16 -5 0 S2_2
16020 16 -5 0 S2_2
16021 16 -5 0 S2_2
16001 17 -5 0 S2_2
16002 17 -5 0 S2_2
16003 17 -5 0 S2_2
16004 17 -5 5.1032033723973 S2_2
16005 17 -5 0 S2_2
16007 17 -5 0 S2_2
16008 17 -5 2.49514019467012 S2_2
16011 17 -5 0 S2_2
16013 17 -5 1.7794518681055 S2_2
16014 17 -5 0 S2_2
16015 17 -5 14.3338165475545 S2_2
16017 17 -5 0 S2_2
16018 17 -5 0 S2_2
16020 17 -5 0 S2_2
16021 17 -5 0 S2_2
16001 18 -5 0 S2_2
16002 18 -5 0 S2_2
16003 18 -5 0 S2_2
16004 18 -5 0 S2_2
16005 18 -5 0 S2_2
16007 18 -5 0 S2_2
16008 18 -5 0 S2_2
16011 18 -5 0 S2_2
16013 18 -5 0 S2_2
16014 18 -5 0 S2_2
16015 18 -5 0 S2_2
16017 18 -5 0 S2_2
16018 18 -5 0 S2_2
16020 18 -5 0 S2_2
16021 18 -5 0 S2_2
16001 19 -5 0 S2_2
16002 19 -5 0 S2_2
16003 19 -5 0 S2_2
16004 19 -5 0 S2_2
16005 19 -5 0 S2_2
16007 19 -5 0 S2_2
16008 19 -5 0 S2_2
16011 19 -5 0 S2_2
16013 19 -5 0 S2_2
16014 19 -5 0 S2_2
16015 19 -5 0 S2_2
16017 19 -5 0 S2_2
16018 19 -5 0 S2_2
16020 19 -5 0 S2_2
16021 19 -5 0 S2_2
16001 20 -5 0 S2_2
16002 20 -5 0 S2_2
16003 20 -5 0 S2_2
16004 20 -5 0 S2_2
16005 20 -5 0 S2_2
16007 20 -5 0 S2_2
16008 20 -5 0 S2_2
16011 20 -5 0 S2_2
16013 20 -5 0 S2_2
16014 20 -5 0 S2_2
16015 20 -5 0 S2_2
16017 20 -5 0 S2_2
16018 20 -5 0 S2_2
16020 20 -5 0 S2_2
16021 20 -5 0 S2_2
16001 21 -5 0 S2_2
16002 21 -5 0 S2_2
16003 21 -5 0 S2_2
16004 21 -5 0 S2_2
16005 21 -5 0 S2_2
16007 21 -5 0 S2_2
16008 21 -5 0 S2_2
16011 21 -5 0 S2_2
16013 21 -5 0 S2_2
16014 21 -5 0 S2_2
16015 21 -5 0 S2_2
16017 21 -5 0 S2_2
16018 21 -5 0 S2_2
16020 21 -5 0 S2_2
16021 21 -5 0 S2_2
16001 22 -5 0 S2_2
16002 22 -5 0 S2_2
16003 22 -5 0 S2_2
16004 22 -5 0 S2_2
16005 22 -5 0 S2_2
16007 22 -5 0 S2_2
16008 22 -5 0 S2_2
16011 22 -5 0 S2_2
16013 22 -5 0 S2_2
16014 22 -5 0 S2_2
16015 22 -5 0 S2_2
16017 22 -5 0 S2_2
16018 22 -5 0 S2_2
16020 22 -5 0 S2_2
16021 22 -5 0 S2_2
16001 23 -5 0 S2_2
16002 23 -5 0 S2_2
16003 23 -5 0 S2_2
16004 23 -5 0 S2_2
16005 23 -5 0 S2_2
16007 23 -5 0 S2_2
16008 23 -5 0 S2_2
16011 23 -5 0 S2_2
16013 23 -5 0 S2_2
16014 23 -5 0 S2_2
16015 23 -5 0 S2_2
16017 23 -5 0 S2_2
16018 23 -5 0 S2_2
16020 23 -5 0 S2_2
16021 23 -5 0 S2_2
16001 24 -5 0 S2_2
16002 24 -5 0 S2_2
16003 24 -5 0 S2_2
16004 24 -5 0 S2_2
16005 24 -5 0 S2_2
16007 24 -5 0 S2_2
16008 24 -5 0 S2_2
16011 24 -5 0 S2_2
16013 24 -5 0 S2_2
16014 24 -5 0 S2_2
16015 24 -5 0 S2_2
16017 24 -5 0 S2_2
16018 24 -5 0 S2_2
16020 24 -5 0 S2_2
16021 24 -5 0 S2_2
16001 25 -5 0 S2_2
16002 25 -5 0 S2_2
16003 25 -5 0 S2_2
16004 25 -5 0 S2_2
16005 25 -5 0 S2_2
16007 25 -5 0 S2_2
16008 25 -5 0 S2_2
16011 25 -5 0 S2_2
16013 25 -5 0 S2_2
16014 25 -5 0 S2_2
16015 25 -5 0 S2_2
16017 25 -5 0 S2_2
16018 25 -5 0 S2_2
16020 25 -5 0 S2_2
16021 25 -5 0 S2_2
16001 26 -5 0 S2_2
16002 26 -5 0 S2_2
16003 26 -5 0 S2_2
16004 26 -5 0 S2_2
16005 26 -5 0 S2_2
16007 26 -5 0 S2_2
16008 26 -5 0 S2_2
16011 26 -5 0 S2_2
16013 26 -5 0 S2_2
16014 26 -5 0 S2_2
16015 26 -5 0 S2_2
16017 26 -5 0 S2_2
16018 26 -5 0 S2_2
16020 26 -5 0 S2_2
16021 26 -5 0 S2_2
16001 27 -5 0 S2_2
16002 27 -5 0 S2_2
16003 27 -5 0 S2_2
16004 27 -5 0 S2_2
16005 27 -5 0 S2_2
16007 27 -5 0 S2_2
16008 27 -5 0 S2_2
16011 27 -5 0 S2_2
16013 27 -5 0 S2_2
16014 27 -5 0 S2_2
16015 27 -5 0 S2_2
16017 27 -5 0 S2_2
16018 27 -5 0 S2_2
16020 27 -5 0 S2_2
16021 27 -5 0 S2_2
16001 28 -5 0 S2_2
16002 28 -5 0 S2_2
16003 28 -5 0 S2_2
16004 28 -5 0 S2_2
16005 28 -5 0 S2_2
16007 28 -5 0 S2_2
16008 28 -5 0 S2_2
16011 28 -5 0 S2_2
16013 28 -5 0 S2_2
16014 28 -5 0 S2_2
16015 28 -5 0 S2_2
16017 28 -5 0 S2_2
16018 28 -5 0 S2_2
16020 28 -5 0 S2_2
16021 28 -5 0 S2_2
16001 29 -5 0 S2_2
16002 29 -5 0 S2_2
16003 29 -5 0 S2_2
16004 29 -5 0 S2_2
16005 29 -5 0 S2_2
16007 29 -5 0 S2_2
16008 29 -5 0 S2_2
16011 29 -5 0 S2_2
16013 29 -5 0 S2_2
16014 29 -5 0 S2_2
16015 29 -5 0 S2_2
16017 29 -5 0 S2_2
16018 29 -5 0 S2_2
16020 29 -5 0 S2_2
16021 29 -5 0 S2_2
16001 30 -5 0 S2_2
16002 30 -5 0 S2_2
16003 30 -5 0 S2_2
16004 30 -5 1.70865395752676 S2_2
16005 30 -5 0 S2_2
16007 30 -5 0 S2_2
16008 30 -5 0 S2_2
16011 30 -5 0 S2_2
16013 30 -5 0 S2_2
16014 30 -5 0 S2_2
16015 30 -5 5.97569146888079 S2_2
16017 30 -5 0 S2_2
16018 30 -5 0 S2_2
16020 30 -5 0 S2_2
16021 30 -5 0 S2_2
16001 31 -5 0 S2_2
16002 31 -5 0 S2_2
16003 31 -5 0 S2_2
16004 31 -5 0 S2_2
16005 31 -5 0 S2_2
16007 31 -5 0 S2_2
16008 31 -5 0 S2_2
16011 31 -5 0 S2_2
16013 31 -5 0 S2_2
16014 31 -5 0 S2_2
16015 31 -5 0 S2_2
16017 31 -5 0 S2_2
16018 31 -5 0 S2_2
16020 31 -5 0 S2_2
16021 31 -5 0 S2_2
