speciesID lakeID variable value scenario
14037 1 -0.5 1.82958137918639 S2_2
14038 1 -0.5 138.417058331035 S2_2
14039 1 -0.5 0 S2_2
14042 1 -0.5 0 S2_2
14043 1 -0.5 0 S2_2
14046 1 -0.5 264.408730876151 S2_2
14047 1 -0.5 0 S2_2
14049 1 -0.5 0 S2_2
14053 1 -0.5 130.764943000974 S2_2
14054 1 -0.5 0 S2_2
14055 1 -0.5 118.758879030927 S2_2
14057 1 -0.5 9.86868306285395 S2_2
14060 1 -0.5 127.786281356722 S2_2
14061 1 -0.5 0 S2_2
14062 1 -0.5 145.991853376015 S2_2
14037 2 -0.5 0 S2_2
14038 2 -0.5 86.018416893402 S2_2
14039 2 -0.5 0 S2_2
14042 2 -0.5 0 S2_2
14043 2 -0.5 0 S2_2
14046 2 -0.5 117.016019946797 S2_2
14047 2 -0.5 0 S2_2
14049 2 -0.5 0 S2_2
14053 2 -0.5 71.2409437882007 S2_2
14054 2 -0.5 0 S2_2
14055 2 -0.5 30.8266093627758 S2_2
14057 2 -0.5 0 S2_2
14060 2 -0.5 18.7617435562657 S2_2
14061 2 -0.5 0 S2_2
14062 2 -0.5 71.1332065397106 S2_2
14037 3 -0.5 3.25559122048224 S2_2
14038 3 -0.5 132.587689139901 S2_2
14039 3 -0.5 0 S2_2
14042 3 -0.5 0 S2_2
14043 3 -0.5 0 S2_2
14046 3 -0.5 255.823589241322 S2_2
14047 3 -0.5 0 S2_2
14049 3 -0.5 0 S2_2
14053 3 -0.5 128.232907922429 S2_2
14054 3 -0.5 0 S2_2
14055 3 -0.5 109.899989511851 S2_2
14057 3 -0.5 6.14442776441665 S2_2
14060 3 -0.5 110.077939628275 S2_2
14061 3 -0.5 0 S2_2
14062 3 -0.5 149.989314068395 S2_2
14037 4 -0.5 1.7005967099425 S2_2
14038 4 -0.5 137.409336392442 S2_2
14039 4 -0.5 0 S2_2
14042 4 -0.5 0 S2_2
14043 4 -0.5 0 S2_2
14046 4 -0.5 259.552823010498 S2_2
14047 4 -0.5 0 S2_2
14049 4 -0.5 0 S2_2
14053 4 -0.5 128.523838556106 S2_2
14054 4 -0.5 0 S2_2
14055 4 -0.5 118.481974128186 S2_2
14057 4 -0.5 9.61961577016622 S2_2
14060 4 -0.5 125.650868795713 S2_2
14061 4 -0.5 0 S2_2
14062 4 -0.5 145.777482876363 S2_2
14037 5 -0.5 0 S2_2
14038 5 -0.5 0 S2_2
14039 5 -0.5 0 S2_2
14042 5 -0.5 0 S2_2
14043 5 -0.5 0 S2_2
14046 5 -0.5 0 S2_2
14047 5 -0.5 0 S2_2
14049 5 -0.5 0 S2_2
14053 5 -0.5 0 S2_2
14054 5 -0.5 0 S2_2
14055 5 -0.5 0 S2_2
14057 5 -0.5 0 S2_2
14060 5 -0.5 0 S2_2
14061 5 -0.5 0 S2_2
14062 5 -0.5 0 S2_2
14037 6 -0.5 14.8149700394433 S2_2
14038 6 -0.5 156.881930411713 S2_2
14039 6 -0.5 0 S2_2
14042 6 -0.5 0 S2_2
14043 6 -0.5 0 S2_2
14046 6 -0.5 281.599027548398 S2_2
14047 6 -0.5 0 S2_2
14049 6 -0.5 0 S2_2
14053 6 -0.5 153.459641197252 S2_2
14054 6 -0.5 0 S2_2
14055 6 -0.5 139.490798733236 S2_2
14057 6 -0.5 32.5721686804542 S2_2
14060 6 -0.5 149.45036924264 S2_2
14061 6 -0.5 0 S2_2
14062 6 -0.5 176.870071981562 S2_2
14037 7 -0.5 0 S2_2
14038 7 -0.5 87.8396052061406 S2_2
14039 7 -0.5 0 S2_2
14042 7 -0.5 0 S2_2
14043 7 -0.5 0 S2_2
14046 7 -0.5 120.115755250847 S2_2
14047 7 -0.5 0 S2_2
14049 7 -0.5 0 S2_2
14053 7 -0.5 73.7547763887168 S2_2
14054 7 -0.5 0 S2_2
14055 7 -0.5 32.9802332113752 S2_2
14057 7 -0.5 0 S2_2
14060 7 -0.5 20.6648460819974 S2_2
14061 7 -0.5 0 S2_2
14062 7 -0.5 75.0148017950926 S2_2
14037 8 -0.5 1.9787138187502 S2_2
14038 8 -0.5 141.661822348112 S2_2
14039 8 -0.5 0 S2_2
14042 8 -0.5 0 S2_2
14043 8 -0.5 0 S2_2
14046 8 -0.5 254.874980062694 S2_2
14047 8 -0.5 0 S2_2
14049 8 -0.5 0 S2_2
14053 8 -0.5 130.331909761941 S2_2
14054 8 -0.5 0 S2_2
14055 8 -0.5 123.338657108466 S2_2
14057 8 -0.5 18.4819416650328 S2_2
14060 8 -0.5 134.901097839068 S2_2
14061 8 -0.5 0 S2_2
14062 8 -0.5 148.231624986685 S2_2
14037 9 -0.5 4.32728111526465 S2_2
14038 9 -0.5 145.0260896709 S2_2
14039 9 -0.5 0 S2_2
14042 9 -0.5 0 S2_2
14043 9 -0.5 0 S2_2
14046 9 -0.5 267.580639724808 S2_2
14047 9 -0.5 0 S2_2
14049 9 -0.5 0 S2_2
14053 9 -0.5 138.805423858502 S2_2
14054 9 -0.5 0 S2_2
14055 9 -0.5 126.861319689196 S2_2
14057 9 -0.5 17.5862621994244 S2_2
14060 9 -0.5 134.160731324543 S2_2
14061 9 -0.5 0 S2_2
14062 9 -0.5 159.397336678972 S2_2
14037 10 -0.5 4.35774332614911 S2_2
14038 10 -0.5 148.68770473028 S2_2
14039 10 -0.5 0 S2_2
14042 10 -0.5 0 S2_2
14043 10 -0.5 0 S2_2
14046 10 -0.5 272.342055163959 S2_2
14047 10 -0.5 0 S2_2
14049 10 -0.5 0 S2_2
14053 10 -0.5 142.004430242351 S2_2
14054 10 -0.5 0 S2_2
14055 10 -0.5 130.380212779315 S2_2
14057 10 -0.5 21.5910661233538 S2_2
14060 10 -0.5 140.810935463526 S2_2
14061 10 -0.5 0 S2_2
14062 10 -0.5 161.014669421805 S2_2
14037 11 -0.5 0 S2_2
14038 11 -0.5 105.836480723964 S2_2
14039 11 -0.5 0 S2_2
14042 11 -0.5 0 S2_2
14043 11 -0.5 0 S2_2
14046 11 -0.5 222.000500376767 S2_2
14047 11 -0.5 0 S2_2
14049 11 -0.5 0 S2_2
14053 11 -0.5 76.2035318701891 S2_2
14054 11 -0.5 0 S2_2
14055 11 -0.5 78.1703173346261 S2_2
14057 11 -0.5 0 S2_2
14060 11 -0.5 92.0734511511133 S2_2
14061 11 -0.5 0 S2_2
14062 11 -0.5 83.5861973132985 S2_2
14037 12 -0.5 0 S2_2
14038 12 -0.5 98.3735648765634 S2_2
14039 12 -0.5 0 S2_2
14042 12 -0.5 0 S2_2
14043 12 -0.5 0 S2_2
14046 12 -0.5 200.63210089861 S2_2
14047 12 -0.5 0 S2_2
14049 12 -0.5 0 S2_2
14053 12 -0.5 60.9959571246519 S2_2
14054 12 -0.5 0 S2_2
14055 12 -0.5 69.9796659010232 S2_2
14057 12 -0.5 0 S2_2
14060 12 -0.5 86.0278800374927 S2_2
14061 12 -0.5 0 S2_2
14062 12 -0.5 69.2054659403118 S2_2
14037 13 -0.5 0 S2_2
14038 13 -0.5 103.192817746888 S2_2
14039 13 -0.5 0 S2_2
14042 13 -0.5 0 S2_2
14043 13 -0.5 0 S2_2
14046 13 -0.5 186.385728641002 S2_2
14047 13 -0.5 0 S2_2
14049 13 -0.5 0 S2_2
14053 13 -0.5 84.3987039496562 S2_2
14054 13 -0.5 0 S2_2
14055 13 -0.5 85.0606683153469 S2_2
14057 13 -0.5 1.64825047892318 S2_2
14060 13 -0.5 90.7145405986175 S2_2
14061 13 -0.5 0 S2_2
14062 13 -0.5 95.9393431930566 S2_2
14037 14 -0.5 6.17650102967477 S2_2
14038 14 -0.5 129.318912033056 S2_2
14039 14 -0.5 0 S2_2
14042 14 -0.5 0 S2_2
14043 14 -0.5 0 S2_2
14046 14 -0.5 234.962821281395 S2_2
14047 14 -0.5 0 S2_2
14049 14 -0.5 0 S2_2
14053 14 -0.5 126.384001044171 S2_2
14054 14 -0.5 0 S2_2
14055 14 -0.5 98.6664125049094 S2_2
14057 14 -0.5 7.31967262349762 S2_2
14060 14 -0.5 95.9287055947209 S2_2
14061 14 -0.5 0 S2_2
14062 14 -0.5 149.450487821254 S2_2
14037 15 -0.5 37.8020952480333 S2_2
14038 15 -0.5 170.295561159421 S2_2
14039 15 -0.5 0 S2_2
14042 15 -0.5 0 S2_2
14043 15 -0.5 0 S2_2
14046 15 -0.5 300.847828375218 S2_2
14047 15 -0.5 2.31291684416526 S2_2
14049 15 -0.5 0 S2_2
14053 15 -0.5 169.887453274792 S2_2
14054 15 -0.5 0 S2_2
14055 15 -0.5 153.150652764877 S2_2
14057 15 -0.5 46.9224861097218 S2_2
14060 15 -0.5 168.279337327547 S2_2
14061 15 -0.5 0 S2_2
14062 15 -0.5 193.500865437382 S2_2
14037 16 -0.5 4.97318831693495 S2_2
14038 16 -0.5 151.119161394795 S2_2
14039 16 -0.5 0 S2_2
14042 16 -0.5 0 S2_2
14043 16 -0.5 0 S2_2
14046 16 -0.5 270.11672640479 S2_2
14047 16 -0.5 0 S2_2
14049 16 -0.5 0 S2_2
14053 16 -0.5 143.053029512225 S2_2
14054 16 -0.5 0 S2_2
14055 16 -0.5 132.942294373493 S2_2
14057 16 -0.5 28.2405271857901 S2_2
14060 16 -0.5 145.708537205149 S2_2
14061 16 -0.5 0 S2_2
14062 16 -0.5 162.68343345703 S2_2
14037 17 -0.5 4.52292965591795 S2_2
14038 17 -0.5 140.852998045572 S2_2
14039 17 -0.5 0 S2_2
14042 17 -0.5 0 S2_2
14043 17 -0.5 0 S2_2
14046 17 -0.5 251.003726644759 S2_2
14047 17 -0.5 0 S2_2
14049 17 -0.5 0 S2_2
14053 17 -0.5 133.144778202333 S2_2
14054 17 -0.5 0 S2_2
14055 17 -0.5 123.10112669106 S2_2
14057 17 -0.5 19.9842792147486 S2_2
14060 17 -0.5 130.571144321935 S2_2
14061 17 -0.5 0 S2_2
14062 17 -0.5 155.074785479696 S2_2
14037 18 -0.5 0 S2_2
14038 18 -0.5 123.29613002014 S2_2
14039 18 -0.5 0 S2_2
14042 18 -0.5 0 S2_2
14043 18 -0.5 0 S2_2
14046 18 -0.5 234.87513015776 S2_2
14047 18 -0.5 0 S2_2
14049 18 -0.5 0 S2_2
14053 18 -0.5 104.634075082434 S2_2
14054 18 -0.5 0 S2_2
14055 18 -0.5 102.038269055243 S2_2
14057 18 -0.5 4.24607236501867 S2_2
14060 18 -0.5 112.644233612054 S2_2
14061 18 -0.5 0 S2_2
14062 18 -0.5 116.465537959891 S2_2
14037 19 -0.5 4.07843527734617 S2_2
14038 19 -0.5 148.056993478113 S2_2
14039 19 -0.5 0 S2_2
14042 19 -0.5 0 S2_2
14043 19 -0.5 0 S2_2
14046 19 -0.5 270.132517568118 S2_2
14047 19 -0.5 0 S2_2
14049 19 -0.5 0 S2_2
14053 19 -0.5 140.715385470769 S2_2
14054 19 -0.5 0 S2_2
14055 19 -0.5 129.88549299184 S2_2
14057 19 -0.5 21.4819820252379 S2_2
14060 19 -0.5 140.258497935906 S2_2
14061 19 -0.5 0 S2_2
14062 19 -0.5 160.048887576295 S2_2
14037 20 -0.5 13.1254580858715 S2_2
14038 20 -0.5 160.195167777769 S2_2
14039 20 -0.5 0 S2_2
14042 20 -0.5 0 S2_2
14043 20 -0.5 0 S2_2
14046 20 -0.5 282.712696774318 S2_2
14047 20 -0.5 0 S2_2
14049 20 -0.5 0 S2_2
14053 20 -0.5 154.938706053479 S2_2
14054 20 -0.5 0 S2_2
14055 20 -0.5 142.552978448371 S2_2
14057 20 -0.5 38.5049224092494 S2_2
14060 20 -0.5 156.893446637832 S2_2
14061 20 -0.5 0 S2_2
14062 20 -0.5 176.643669705423 S2_2
14037 21 -0.5 3.80458893186515 S2_2
14038 21 -0.5 146.357428423096 S2_2
14039 21 -0.5 0 S2_2
14042 21 -0.5 0 S2_2
14043 21 -0.5 0 S2_2
14046 21 -0.5 271.583294074347 S2_2
14047 21 -0.5 0 S2_2
14049 21 -0.5 0 S2_2
14053 21 -0.5 140.19854528811 S2_2
14054 21 -0.5 0 S2_2
14055 21 -0.5 127.928495363909 S2_2
14057 21 -0.5 17.7663640968651 S2_2
14060 21 -0.5 137.186232744734 S2_2
14061 21 -0.5 0 S2_2
14062 21 -0.5 158.565676438641 S2_2
14037 22 -0.5 6.77600243862781 S2_2
14038 22 -0.5 150.739370223627 S2_2
14039 22 -0.5 0 S2_2
14042 22 -0.5 0 S2_2
14043 22 -0.5 0 S2_2
14046 22 -0.5 279.523070038195 S2_2
14047 22 -0.5 0 S2_2
14049 22 -0.5 0 S2_2
14053 22 -0.5 147.39949628336 S2_2
14054 22 -0.5 0 S2_2
14055 22 -0.5 132.249787003451 S2_2
14057 22 -0.5 22.4834999810151 S2_2
14060 22 -0.5 142.665882071408 S2_2
14061 22 -0.5 0 S2_2
14062 22 -0.5 165.840714639047 S2_2
14037 23 -0.5 11.6354491658011 S2_2
14038 23 -0.5 154.301555835794 S2_2
14039 23 -0.5 0 S2_2
14042 23 -0.5 0 S2_2
14043 23 -0.5 0 S2_2
14046 23 -0.5 284.856973193696 S2_2
14047 23 -0.5 0 S2_2
14049 23 -0.5 0 S2_2
14053 23 -0.5 152.795960504214 S2_2
14054 23 -0.5 0 S2_2
14055 23 -0.5 136.621265135063 S2_2
14057 23 -0.5 25.6314150554832 S2_2
14060 23 -0.5 145.318184510523 S2_2
14061 23 -0.5 0 S2_2
14062 23 -0.5 173.797626150881 S2_2
14037 24 -0.5 5.53668520142465 S2_2
14038 24 -0.5 149.349121929929 S2_2
14039 24 -0.5 0 S2_2
14042 24 -0.5 0 S2_2
14043 24 -0.5 0 S2_2
14046 24 -0.5 276.839797676653 S2_2
14047 24 -0.5 0 S2_2
14049 24 -0.5 0 S2_2
14053 24 -0.5 144.969018690926 S2_2
14054 24 -0.5 0 S2_2
14055 24 -0.5 131.037616981828 S2_2
14057 24 -0.5 20.6355933886392 S2_2
14060 24 -0.5 140.712238580192 S2_2
14061 24 -0.5 0 S2_2
14062 24 -0.5 163.617333581543 S2_2
14037 25 -0.5 7.99537669572255 S2_2
14038 25 -0.5 130.685976455945 S2_2
14039 25 -0.5 0 S2_2
14042 25 -0.5 0 S2_2
14043 25 -0.5 0 S2_2
14046 25 -0.5 242.290528656021 S2_2
14047 25 -0.5 0 S2_2
14049 25 -0.5 0 S2_2
14053 25 -0.5 129.846805848077 S2_2
14054 25 -0.5 0 S2_2
14055 25 -0.5 99.3910099125541 S2_2
14057 25 -0.5 6.53965026245592 S2_2
14060 25 -0.5 96.2755067773019 S2_2
14061 25 -0.5 0 S2_2
14062 25 -0.5 153.287813546539 S2_2
14037 26 -0.5 7.60469187272889 S2_2
14038 26 -0.5 154.141353004656 S2_2
14039 26 -0.5 0 S2_2
14042 26 -0.5 0 S2_2
14043 26 -0.5 0 S2_2
14046 26 -0.5 279.752079137436 S2_2
14047 26 -0.5 0 S2_2
14049 26 -0.5 0 S2_2
14053 26 -0.5 149.220345878021 S2_2
14054 26 -0.5 0 S2_2
14055 26 -0.5 135.892458862636 S2_2
14057 26 -0.5 28.6116194903546 S2_2
14060 26 -0.5 147.743987407993 S2_2
14061 26 -0.5 0 S2_2
14062 26 -0.5 168.905798912737 S2_2
14037 27 -0.5 0 S2_2
14038 27 -0.5 76.3211009615381 S2_2
14039 27 -0.5 0 S2_2
14042 27 -0.5 0 S2_2
14043 27 -0.5 0 S2_2
14046 27 -0.5 103.206723767717 S2_2
14047 27 -0.5 0 S2_2
14049 27 -0.5 0 S2_2
14053 27 -0.5 57.4780494226935 S2_2
14054 27 -0.5 0 S2_2
14055 27 -0.5 17.8756441136796 S2_2
14057 27 -0.5 0 S2_2
14060 27 -0.5 10.5140553598186 S2_2
14061 27 -0.5 0 S2_2
14062 27 -0.5 50.6768564010522 S2_2
14037 28 -0.5 14.3919792020068 S2_2
14038 28 -0.5 159.08973595549 S2_2
14039 28 -0.5 0 S2_2
14042 28 -0.5 0 S2_2
14043 28 -0.5 0 S2_2
14046 28 -0.5 288.476948621894 S2_2
14047 28 -0.5 0 S2_2
14049 28 -0.5 0 S2_2
14053 28 -0.5 156.988695034857 S2_2
14054 28 -0.5 0 S2_2
14055 28 -0.5 141.094292457788 S2_2
14057 28 -0.5 33.6727588561957 S2_2
14060 28 -0.5 153.455499076005 S2_2
14061 28 -0.5 0 S2_2
14062 28 -0.5 177.546627098302 S2_2
14037 29 -0.5 0 S2_2
14038 29 -0.5 120.498537253016 S2_2
14039 29 -0.5 0 S2_2
14042 29 -0.5 0 S2_2
14043 29 -0.5 0 S2_2
14046 29 -0.5 226.545018543354 S2_2
14047 29 -0.5 0 S2_2
14049 29 -0.5 0 S2_2
14053 29 -0.5 104.292709682561 S2_2
14054 29 -0.5 0 S2_2
14055 29 -0.5 100.976875583524 S2_2
14057 29 -0.5 3.72129786740929 S2_2
14060 29 -0.5 107.802932371792 S2_2
14061 29 -0.5 0 S2_2
14062 29 -0.5 118.914115568238 S2_2
14037 30 -0.5 3.95476964312724 S2_2
14038 30 -0.5 125.342357133179 S2_2
14039 30 -0.5 0 S2_2
14042 30 -0.5 0 S2_2
14043 30 -0.5 0 S2_2
14046 30 -0.5 228.988034574653 S2_2
14047 30 -0.5 0 S2_2
14049 30 -0.5 0 S2_2
14053 30 -0.5 121.070733177835 S2_2
14054 30 -0.5 0 S2_2
14055 30 -0.5 94.4998246152063 S2_2
14057 30 -0.5 5.22464649731985 S2_2
14060 30 -0.5 91.3766291731637 S2_2
14061 30 -0.5 0 S2_2
14062 30 -0.5 143.274188351502 S2_2
14037 31 -0.5 35.4718428959116 S2_2
14038 31 -0.5 132.342551025794 S2_2
14039 31 -0.5 0 S2_2
14042 31 -0.5 0 S2_2
14043 31 -0.5 0 S2_2
14046 31 -0.5 288.474950088381 S2_2
14047 31 -0.5 0 S2_2
14049 31 -0.5 0 S2_2
14053 31 -0.5 161.247907276262 S2_2
14054 31 -0.5 0 S2_2
14055 31 -0.5 117.714934117584 S2_2
14057 31 -0.5 7.77292802500489 S2_2
14060 31 -0.5 117.499793463756 S2_2
14061 31 -0.5 0 S2_2
14062 31 -0.5 176.768594586494 S2_2
14037 1 -1.5 0 S2_2
14038 1 -1.5 8.05632282340871 S2_2
14039 1 -1.5 0 S2_2
14042 1 -1.5 0 S2_2
14043 1 -1.5 301.931590818126 S2_2
14046 1 -1.5 2.87859081215947 S2_2
14047 1 -1.5 0 S2_2
14049 1 -1.5 0 S2_2
14053 1 -1.5 0 S2_2
14054 1 -1.5 0 S2_2
14055 1 -1.5 0 S2_2
14057 1 -1.5 0 S2_2
14060 1 -1.5 1.42522975879202 S2_2
14061 1 -1.5 0 S2_2
14062 1 -1.5 0 S2_2
14037 2 -1.5 0 S2_2
14038 2 -1.5 87.7730840927079 S2_2
14039 2 -1.5 0 S2_2
14042 2 -1.5 0 S2_2
14043 2 -1.5 390.184039757707 S2_2
14046 2 -1.5 75.630084865032 S2_2
14047 2 -1.5 0 S2_2
14049 2 -1.5 0 S2_2
14053 2 -1.5 77.009516184835 S2_2
14054 2 -1.5 0 S2_2
14055 2 -1.5 8.23468955820766 S2_2
14057 2 -1.5 0 S2_2
14060 2 -1.5 7.98356709260187 S2_2
14061 2 -1.5 64.1400346380648 S2_2
14062 2 -1.5 43.1663568506454 S2_2
14037 3 -1.5 0 S2_2
14038 3 -1.5 58.6983857996013 S2_2
14039 3 -1.5 0 S2_2
14042 3 -1.5 0 S2_2
14043 3 -1.5 401.178994550509 S2_2
14046 3 -1.5 73.524322819374 S2_2
14047 3 -1.5 0 S2_2
14049 3 -1.5 0 S2_2
14053 3 -1.5 33.4394485039798 S2_2
14054 3 -1.5 0 S2_2
14055 3 -1.5 7.465935601257 S2_2
14057 3 -1.5 0 S2_2
14060 3 -1.5 21.0767224481051 S2_2
14061 3 -1.5 27.7692440622728 S2_2
14062 3 -1.5 19.1599564316246 S2_2
14037 4 -1.5 0 S2_2
14038 4 -1.5 27.1668025097694 S2_2
14039 4 -1.5 0 S2_2
14042 4 -1.5 0 S2_2
14043 4 -1.5 341.930673391973 S2_2
14046 4 -1.5 17.9473408176633 S2_2
14047 4 -1.5 0 S2_2
14049 4 -1.5 0 S2_2
14053 4 -1.5 3.20142348675642 S2_2
14054 4 -1.5 0 S2_2
14055 4 -1.5 0 S2_2
14057 4 -1.5 0 S2_2
14060 4 -1.5 6.91536812375579 S2_2
14061 4 -1.5 4.92289865450826 S2_2
14062 4 -1.5 1.67894266054794 S2_2
14037 5 -1.5 0 S2_2
14038 5 -1.5 0 S2_2
14039 5 -1.5 0 S2_2
14042 5 -1.5 0 S2_2
14043 5 -1.5 0 S2_2
14046 5 -1.5 0 S2_2
14047 5 -1.5 0 S2_2
14049 5 -1.5 0 S2_2
14053 5 -1.5 0 S2_2
14054 5 -1.5 0 S2_2
14055 5 -1.5 0 S2_2
14057 5 -1.5 0 S2_2
14060 5 -1.5 0 S2_2
14061 5 -1.5 0 S2_2
14062 5 -1.5 0 S2_2
14037 6 -1.5 3.02041699844272 S2_2
14038 6 -1.5 127.222412063239 S2_2
14039 6 -1.5 57.1521486855217 S2_2
14042 6 -1.5 0 S2_2
14043 6 -1.5 543.593379903786 S2_2
14046 6 -1.5 168.468760301243 S2_2
14047 6 -1.5 0 S2_2
14049 6 -1.5 11.9676438680543 S2_2
14053 6 -1.5 119.432388977058 S2_2
14054 6 -1.5 0 S2_2
14055 6 -1.5 72.051336689228 S2_2
14057 6 -1.5 1.54900537051756 S2_2
14060 6 -1.5 96.4542852636881 S2_2
14061 6 -1.5 112.233954910635 S2_2
14062 6 -1.5 109.683255962292 S2_2
14037 7 -1.5 0 S2_2
14038 7 -1.5 91.4026772034504 S2_2
14039 7 -1.5 0 S2_2
14042 7 -1.5 0 S2_2
14043 7 -1.5 399.776027678096 S2_2
14046 7 -1.5 80.9162317840212 S2_2
14047 7 -1.5 0 S2_2
14049 7 -1.5 0 S2_2
14053 7 -1.5 81.9174040460841 S2_2
14054 7 -1.5 0 S2_2
14055 7 -1.5 10.5089477346674 S2_2
14057 7 -1.5 0 S2_2
14060 7 -1.5 9.90270216173845 S2_2
14061 7 -1.5 68.9576417452508 S2_2
14062 7 -1.5 50.4170490185182 S2_2
14037 8 -1.5 0 S2_2
14038 8 -1.5 63.0308928828893 S2_2
14039 8 -1.5 1.51220038330786 S2_2
14042 8 -1.5 0 S2_2
14043 8 -1.5 400.190950889865 S2_2
14046 8 -1.5 67.7745901141175 S2_2
14047 8 -1.5 0 S2_2
14049 8 -1.5 0 S2_2
14053 8 -1.5 31.8363572016499 S2_2
14054 8 -1.5 0 S2_2
14055 8 -1.5 11.0953765046517 S2_2
14057 8 -1.5 0 S2_2
14060 8 -1.5 37.3102304722803 S2_2
14061 8 -1.5 39.0790088343046 S2_2
14062 8 -1.5 15.575502393393 S2_2
14037 9 -1.5 0 S2_2
14038 9 -1.5 73.8237015913678 S2_2
14039 9 -1.5 4.00753076168782 S2_2
14042 9 -1.5 0 S2_2
14043 9 -1.5 430.812790296327 S2_2
14046 9 -1.5 90.8098872585313 S2_2
14047 9 -1.5 0 S2_2
14049 9 -1.5 0 S2_2
14053 9 -1.5 48.8534961266295 S2_2
14054 9 -1.5 0 S2_2
14055 9 -1.5 19.6194744858484 S2_2
14057 9 -1.5 0 S2_2
14060 9 -1.5 44.500562484563 S2_2
14061 9 -1.5 48.4905605948797 S2_2
14062 9 -1.5 32.1923124669346 S2_2
14037 10 -1.5 0 S2_2
14038 10 -1.5 58.6585622782983 S2_2
14039 10 -1.5 1.21241912817723 S2_2
14042 10 -1.5 0 S2_2
14043 10 -1.5 407.327072236322 S2_2
14046 10 -1.5 65.2748803889854 S2_2
14047 10 -1.5 0 S2_2
14049 10 -1.5 0 S2_2
14053 10 -1.5 28.19382760261 S2_2
14054 10 -1.5 0 S2_2
14055 10 -1.5 8.72376344275575 S2_2
14057 10 -1.5 0 S2_2
14060 10 -1.5 33.9391331801459 S2_2
14061 10 -1.5 35.220686759259 S2_2
14062 10 -1.5 14.7555147091561 S2_2
14037 11 -1.5 0 S2_2
14038 11 -1.5 0 S2_2
14039 11 -1.5 0 S2_2
14042 11 -1.5 0 S2_2
14043 11 -1.5 93.7036329971168 S2_2
14046 11 -1.5 0 S2_2
14047 11 -1.5 0 S2_2
14049 11 -1.5 0 S2_2
14053 11 -1.5 0 S2_2
14054 11 -1.5 0 S2_2
14055 11 -1.5 0 S2_2
14057 11 -1.5 0 S2_2
14060 11 -1.5 0 S2_2
14061 11 -1.5 0 S2_2
14062 11 -1.5 0 S2_2
14037 12 -1.5 0 S2_2
14038 12 -1.5 0 S2_2
14039 12 -1.5 0 S2_2
14042 12 -1.5 0 S2_2
14043 12 -1.5 101.748199193535 S2_2
14046 12 -1.5 0 S2_2
14047 12 -1.5 0 S2_2
14049 12 -1.5 0 S2_2
14053 12 -1.5 0 S2_2
14054 12 -1.5 0 S2_2
14055 12 -1.5 0 S2_2
14057 12 -1.5 0 S2_2
14060 12 -1.5 0 S2_2
14061 12 -1.5 0 S2_2
14062 12 -1.5 0 S2_2
14037 13 -1.5 0 S2_2
14038 13 -1.5 50.706505166019 S2_2
14039 13 -1.5 0 S2_2
14042 13 -1.5 0 S2_2
14043 13 -1.5 331.429734812644 S2_2
14046 13 -1.5 46.0866439018999 S2_2
14047 13 -1.5 0 S2_2
14049 13 -1.5 0 S2_2
14053 13 -1.5 19.7599657439794 S2_2
14054 13 -1.5 0 S2_2
14055 13 -1.5 5.55764322643953 S2_2
14057 13 -1.5 0 S2_2
14060 13 -1.5 17.8180772274121 S2_2
14061 13 -1.5 18.091992973981 S2_2
14062 13 -1.5 6.05618187169216 S2_2
14037 14 -1.5 5.98336828832288 S2_2
14038 14 -1.5 124.601554229504 S2_2
14039 14 -1.5 43.0047670881764 S2_2
14042 14 -1.5 0 S2_2
14043 14 -1.5 521.421901174358 S2_2
14046 14 -1.5 166.170758765676 S2_2
14047 14 -1.5 0 S2_2
14049 14 -1.5 9.19357222904248 S2_2
14053 14 -1.5 124.39543169023 S2_2
14054 14 -1.5 0 S2_2
14055 14 -1.5 61.8916579057828 S2_2
14057 14 -1.5 0 S2_2
14060 14 -1.5 70.8491708030348 S2_2
14061 14 -1.5 105.4733398559 S2_2
14062 14 -1.5 115.011767849605 S2_2
14037 15 -1.5 12.7044462169702 S2_2
14038 15 -1.5 146.454728658196 S2_2
14039 15 -1.5 81.6031938375345 S2_2
14042 15 -1.5 0 S2_2
14043 15 -1.5 599.057372594571 S2_2
14046 15 -1.5 195.435801927997 S2_2
14047 15 -1.5 1.43345641677764 S2_2
14049 15 -1.5 31.0213848846274 S2_2
14053 15 -1.5 143.853666668104 S2_2
14054 15 -1.5 0 S2_2
14055 15 -1.5 89.6635501866238 S2_2
14057 15 -1.5 7.59033093773642 S2_2
14060 15 -1.5 119.623508658017 S2_2
14061 15 -1.5 141.455643957708 S2_2
14062 15 -1.5 133.491841964972 S2_2
14037 16 -1.5 0 S2_2
14038 16 -1.5 84.2382595305385 S2_2
14039 16 -1.5 8.86033437594563 S2_2
14042 16 -1.5 0 S2_2
14043 16 -1.5 448.892627966541 S2_2
14046 16 -1.5 101.643517876788 S2_2
14047 16 -1.5 0 S2_2
14049 16 -1.5 0 S2_2
14053 16 -1.5 59.937069664076 S2_2
14054 16 -1.5 0 S2_2
14055 16 -1.5 29.077377664422 S2_2
14057 16 -1.5 0 S2_2
14060 16 -1.5 58.3765887386536 S2_2
14061 16 -1.5 64.60086309211 S2_2
14062 16 -1.5 42.7557288715775 S2_2
14037 17 -1.5 2.49914114837104 S2_2
14038 17 -1.5 126.498921830248 S2_2
14039 17 -1.5 54.7988088753324 S2_2
14042 17 -1.5 0 S2_2
14043 17 -1.5 517.314917216482 S2_2
14046 17 -1.5 164.340502605367 S2_2
14047 17 -1.5 0 S2_2
14049 17 -1.5 12.2022214487183 S2_2
14053 17 -1.5 118.904249588887 S2_2
14054 17 -1.5 0 S2_2
14055 17 -1.5 71.7827605140708 S2_2
14057 17 -1.5 1.44668948465879 S2_2
14060 17 -1.5 92.8299873457485 S2_2
14061 17 -1.5 109.523792633112 S2_2
14062 17 -1.5 107.733711385362 S2_2
14037 18 -1.5 0 S2_2
14038 18 -1.5 1.60176237479754 S2_2
14039 18 -1.5 0 S2_2
14042 18 -1.5 0 S2_2
14043 18 -1.5 245.617881077073 S2_2
14046 18 -1.5 0 S2_2
14047 18 -1.5 0 S2_2
14049 18 -1.5 0 S2_2
14053 18 -1.5 0 S2_2
14054 18 -1.5 0 S2_2
14055 18 -1.5 0 S2_2
14057 18 -1.5 0 S2_2
14060 18 -1.5 0 S2_2
14061 18 -1.5 0 S2_2
14062 18 -1.5 0 S2_2
14037 19 -1.5 0 S2_2
14038 19 -1.5 64.2953091260349 S2_2
14039 19 -1.5 1.87967012585199 S2_2
14042 19 -1.5 0 S2_2
14043 19 -1.5 415.035359968057 S2_2
14046 19 -1.5 73.5208288600616 S2_2
14047 19 -1.5 0 S2_2
14049 19 -1.5 0 S2_2
14053 19 -1.5 34.8428961236359 S2_2
14054 19 -1.5 0 S2_2
14055 19 -1.5 12.0640498045888 S2_2
14057 19 -1.5 0 S2_2
14060 19 -1.5 38.7220706841108 S2_2
14061 19 -1.5 40.6751697567094 S2_2
14062 19 -1.5 19.4029903252656 S2_2
14037 20 -1.5 1.39456493505779 S2_2
14038 20 -1.5 119.220254357561 S2_2
14039 20 -1.5 47.2415751095393 S2_2
14042 20 -1.5 0 S2_2
14043 20 -1.5 525.559688617153 S2_2
14046 20 -1.5 153.101988169507 S2_2
14047 20 -1.5 0 S2_2
14049 20 -1.5 5.64792723501591 S2_2
14053 20 -1.5 106.464407116318 S2_2
14054 20 -1.5 0 S2_2
14055 20 -1.5 63.9996520563865 S2_2
14057 20 -1.5 1.19375500353531 S2_2
14060 20 -1.5 92.3688643255963 S2_2
14061 20 -1.5 106.448136723306 S2_2
14062 20 -1.5 95.333648709021 S2_2
14037 21 -1.5 0 S2_2
14038 21 -1.5 45.6025764556863 S2_2
14039 21 -1.5 0 S2_2
14042 21 -1.5 0 S2_2
14043 21 -1.5 384.257043478738 S2_2
14046 21 -1.5 45.4058144285343 S2_2
14047 21 -1.5 0 S2_2
14049 21 -1.5 0 S2_2
14053 21 -1.5 14.2946541086934 S2_2
14054 21 -1.5 0 S2_2
14055 21 -1.5 3.59492788508411 S2_2
14057 21 -1.5 0 S2_2
14060 21 -1.5 21.4272482554707 S2_2
14061 21 -1.5 20.6372054356731 S2_2
14062 21 -1.5 6.81127791652709 S2_2
14037 22 -1.5 0 S2_2
14038 22 -1.5 47.9066987195355 S2_2
14039 22 -1.5 0 S2_2
14042 22 -1.5 0 S2_2
14043 22 -1.5 394.7987426499 S2_2
14046 22 -1.5 50.896939957169 S2_2
14047 22 -1.5 0 S2_2
14049 22 -1.5 0 S2_2
14053 22 -1.5 17.3550565848553 S2_2
14054 22 -1.5 0 S2_2
14055 22 -1.5 4.31881381959919 S2_2
14057 22 -1.5 0 S2_2
14060 22 -1.5 25.1114175672063 S2_2
14061 22 -1.5 25.6622916078392 S2_2
14062 22 -1.5 8.81498477335331 S2_2
14037 23 -1.5 0 S2_2
14038 23 -1.5 80.0902709904103 S2_2
14039 23 -1.5 7.96520747529327 S2_2
14042 23 -1.5 0 S2_2
14043 23 -1.5 456.428904687303 S2_2
14046 23 -1.5 103.27561478692 S2_2
14047 23 -1.5 0 S2_2
14049 23 -1.5 0 S2_2
14053 23 -1.5 58.6316138120497 S2_2
14054 23 -1.5 0 S2_2
14055 23 -1.5 26.0681596940918 S2_2
14057 23 -1.5 0 S2_2
14060 23 -1.5 52.9910135053352 S2_2
14061 23 -1.5 58.337146228373 S2_2
14062 23 -1.5 44.6133436317014 S2_2
14037 24 -1.5 0 S2_2
14038 24 -1.5 50.1060503613313 S2_2
14039 24 -1.5 0 S2_2
14042 24 -1.5 0 S2_2
14043 24 -1.5 396.585532146675 S2_2
14046 24 -1.5 53.8202682598375 S2_2
14047 24 -1.5 0 S2_2
14049 24 -1.5 0 S2_2
14053 24 -1.5 19.4135259108657 S2_2
14054 24 -1.5 0 S2_2
14055 24 -1.5 5.05106077437795 S2_2
14057 24 -1.5 0 S2_2
14060 24 -1.5 26.2649628087256 S2_2
14061 24 -1.5 26.4776610012557 S2_2
14062 24 -1.5 9.75908042278778 S2_2
14037 25 -1.5 2.38565287582434 S2_2
14038 25 -1.5 108.703467410566 S2_2
14039 25 -1.5 24.7989878780091 S2_2
14042 25 -1.5 0 S2_2
14043 25 -1.5 497.377220074215 S2_2
14046 25 -1.5 146.471592803324 S2_2
14047 25 -1.5 0 S2_2
14049 25 -1.5 2.60542374476036 S2_2
14053 25 -1.5 104.637640993176 S2_2
14054 25 -1.5 0 S2_2
14055 25 -1.5 47.3002636858167 S2_2
14057 25 -1.5 0 S2_2
14060 25 -1.5 56.0411371568394 S2_2
14061 25 -1.5 85.8971083462133 S2_2
14062 25 -1.5 96.5821577215046 S2_2
14037 26 -1.5 0 S2_2
14038 26 -1.5 74.398446231486 S2_2
14039 26 -1.5 4.64353631558611 S2_2
14042 26 -1.5 0 S2_2
14043 26 -1.5 440.114007129464 S2_2
14046 26 -1.5 90.1704980662355 S2_2
14047 26 -1.5 0 S2_2
14049 26 -1.5 0 S2_2
14053 26 -1.5 48.2685551639229 S2_2
14054 26 -1.5 0 S2_2
14055 26 -1.5 19.9911273608327 S2_2
14057 26 -1.5 0 S2_2
14060 26 -1.5 49.5916285355595 S2_2
14061 26 -1.5 54.3276866593748 S2_2
14062 26 -1.5 32.3621223496891 S2_2
14037 27 -1.5 0 S2_2
14038 27 -1.5 48.5998210084794 S2_2
14039 27 -1.5 0 S2_2
14042 27 -1.5 0 S2_2
14043 27 -1.5 313.758256587157 S2_2
14046 27 -1.5 17.1178965897238 S2_2
14047 27 -1.5 0 S2_2
14049 27 -1.5 0 S2_2
14053 27 -1.5 22.6171481830473 S2_2
14054 27 -1.5 0 S2_2
14055 27 -1.5 0 S2_2
14057 27 -1.5 0 S2_2
14060 27 -1.5 0 S2_2
14061 27 -1.5 14.9954094471446 S2_2
14062 27 -1.5 4.00697900965056 S2_2
14037 28 -1.5 0 S2_2
14038 28 -1.5 86.4532023119244 S2_2
14039 28 -1.5 12.5574194335052 S2_2
14042 28 -1.5 0 S2_2
14043 28 -1.5 469.647489644552 S2_2
14046 28 -1.5 110.356130974797 S2_2
14047 28 -1.5 0 S2_2
14049 28 -1.5 0 S2_2
14053 28 -1.5 65.6891132425921 S2_2
14054 28 -1.5 0 S2_2
14055 28 -1.5 31.9550757457168 S2_2
14057 28 -1.5 0 S2_2
14060 28 -1.5 61.5105872181659 S2_2
14061 28 -1.5 69.0338535357191 S2_2
14062 28 -1.5 52.1033301077632 S2_2
14037 29 -1.5 0 S2_2
14038 29 -1.5 20.3324427777977 S2_2
14039 29 -1.5 0 S2_2
14042 29 -1.5 0 S2_2
14043 29 -1.5 306.863701008772 S2_2
14046 29 -1.5 9.26958807327575 S2_2
14047 29 -1.5 0 S2_2
14049 29 -1.5 0 S2_2
14053 29 -1.5 1.61530145681208 S2_2
14054 29 -1.5 0 S2_2
14055 29 -1.5 0 S2_2
14057 29 -1.5 0 S2_2
14060 29 -1.5 3.57937127456406 S2_2
14061 29 -1.5 2.13078162002046 S2_2
14062 29 -1.5 0 S2_2
14037 30 -1.5 2.18238462150221 S2_2
14038 30 -1.5 111.662111125297 S2_2
14039 30 -1.5 26.8197444142858 S2_2
14042 30 -1.5 0 S2_2
14043 30 -1.5 489.992550015505 S2_2
14046 30 -1.5 147.020184141809 S2_2
14047 30 -1.5 0 S2_2
14049 30 -1.5 3.18701940910014 S2_2
14053 30 -1.5 107.01459284804 S2_2
14054 30 -1.5 0 S2_2
14055 30 -1.5 50.2601697884722 S2_2
14057 30 -1.5 0 S2_2
14060 30 -1.5 58.2219693299207 S2_2
14061 30 -1.5 88.8540310523364 S2_2
14062 30 -1.5 97.5138595453099 S2_2
14037 31 -1.5 0 S2_2
14038 31 -1.5 70.6833948425247 S2_2
14039 31 -1.5 6.43271419552236 S2_2
14042 31 -1.5 0 S2_2
14043 31 -1.5 492.999996487573 S2_2
14046 31 -1.5 117.399201942268 S2_2
14047 31 -1.5 0 S2_2
14049 31 -1.5 0 S2_2
14053 31 -1.5 75.610583199013 S2_2
14054 31 -1.5 0 S2_2
14055 31 -1.5 19.3762161723841 S2_2
14057 31 -1.5 0 S2_2
14060 31 -1.5 34.6245826181251 S2_2
14061 31 -1.5 54.0770520176524 S2_2
14062 31 -1.5 58.0931305559357 S2_2
14037 1 -3 0 S2_2
14038 1 -3 0 S2_2
14039 1 -3 0 S2_2
14042 1 -3 0 S2_2
14043 1 -3 0 S2_2
14046 1 -3 0 S2_2
14047 1 -3 0 S2_2
14049 1 -3 0 S2_2
14053 1 -3 0 S2_2
14054 1 -3 0 S2_2
14055 1 -3 0 S2_2
14057 1 -3 0 S2_2
14060 1 -3 0 S2_2
14061 1 -3 0 S2_2
14062 1 -3 0 S2_2
14037 2 -3 0 S2_2
14038 2 -3 49.367857110695 S2_2
14039 2 -3 0 S2_2
14042 2 -3 0 S2_2
14043 2 -3 335.627075056907 S2_2
14046 2 -3 18.7908700782286 S2_2
14047 2 -3 0 S2_2
14049 2 -3 0 S2_2
14053 2 -3 24.951150999906 S2_2
14054 2 -3 0 S2_2
14055 2 -3 0 S2_2
14057 2 -3 0 S2_2
14060 2 -3 0 S2_2
14061 2 -3 31.4487911847488 S2_2
14062 2 -3 4.44230544094626 S2_2
14037 3 -3 0 S2_2
14038 3 -3 0 S2_2
14039 3 -3 0 S2_2
14042 3 -3 0 S2_2
14043 3 -3 118.242775058517 S2_2
14046 3 -3 0 S2_2
14047 3 -3 0 S2_2
14049 3 -3 0 S2_2
14053 3 -3 0 S2_2
14054 3 -3 0 S2_2
14055 3 -3 0 S2_2
14057 3 -3 0 S2_2
14060 3 -3 0 S2_2
14061 3 -3 0 S2_2
14062 3 -3 0 S2_2
14037 4 -3 0 S2_2
14038 4 -3 0 S2_2
14039 4 -3 0 S2_2
14042 4 -3 0 S2_2
14043 4 -3 10.6561734508576 S2_2
14046 4 -3 0 S2_2
14047 4 -3 0 S2_2
14049 4 -3 0 S2_2
14053 4 -3 0 S2_2
14054 4 -3 0 S2_2
14055 4 -3 0 S2_2
14057 4 -3 0 S2_2
14060 4 -3 0 S2_2
14061 4 -3 0 S2_2
14062 4 -3 0 S2_2
14037 5 -3 0 S2_2
14038 5 -3 0 S2_2
14039 5 -3 0 S2_2
14042 5 -3 0 S2_2
14043 5 -3 0 S2_2
14046 5 -3 0 S2_2
14047 5 -3 0 S2_2
14049 5 -3 0 S2_2
14053 5 -3 0 S2_2
14054 5 -3 0 S2_2
14055 5 -3 0 S2_2
14057 5 -3 0 S2_2
14060 5 -3 0 S2_2
14061 5 -3 0 S2_2
14062 5 -3 0 S2_2
14037 6 -3 0 S2_2
14038 6 -3 41.631617523286 S2_2
14039 6 -3 3.34827975574196 S2_2
14042 6 -3 0 S2_2
14043 6 -3 353.831582986742 S2_2
14046 6 -3 39.8935778603204 S2_2
14047 6 -3 0 S2_2
14049 6 -3 0 S2_2
14053 6 -3 11.8725318448028 S2_2
14054 6 -3 0 S2_2
14055 6 -3 2.8514903875102 S2_2
14057 6 -3 0 S2_2
14060 6 -3 15.8898865048399 S2_2
14061 6 -3 27.728254382403 S2_2
14062 6 -3 5.4048209487872 S2_2
14037 7 -3 0 S2_2
14038 7 -3 55.4807938593357 S2_2
14039 7 -3 0 S2_2
14042 7 -3 0 S2_2
14043 7 -3 352.242260543261 S2_2
14046 7 -3 28.0582836394828 S2_2
14047 7 -3 0 S2_2
14049 7 -3 0 S2_2
14053 7 -3 34.1990836750834 S2_2
14054 7 -3 0 S2_2
14055 7 -3 0 S2_2
14057 7 -3 0 S2_2
14060 7 -3 1.18744089538304 S2_2
14061 7 -3 39.8366047255885 S2_2
14062 7 -3 7.18925719712192 S2_2
14037 8 -3 0 S2_2
14038 8 -3 0 S2_2
14039 8 -3 0 S2_2
14042 8 -3 0 S2_2
14043 8 -3 111.168223185739 S2_2
14046 8 -3 0 S2_2
14047 8 -3 0 S2_2
14049 8 -3 0 S2_2
14053 8 -3 0 S2_2
14054 8 -3 0 S2_2
14055 8 -3 0 S2_2
14057 8 -3 0 S2_2
14060 8 -3 0 S2_2
14061 8 -3 0 S2_2
14062 8 -3 0 S2_2
14037 9 -3 0 S2_2
14038 9 -3 0 S2_2
14039 9 -3 0 S2_2
14042 9 -3 0 S2_2
14043 9 -3 147.579574551872 S2_2
14046 9 -3 0 S2_2
14047 9 -3 0 S2_2
14049 9 -3 0 S2_2
14053 9 -3 0 S2_2
14054 9 -3 0 S2_2
14055 9 -3 0 S2_2
14057 9 -3 0 S2_2
14060 9 -3 0 S2_2
14061 9 -3 0 S2_2
14062 9 -3 0 S2_2
14037 10 -3 0 S2_2
14038 10 -3 0 S2_2
14039 10 -3 0 S2_2
14042 10 -3 0 S2_2
14043 10 -3 91.5927124103113 S2_2
14046 10 -3 0 S2_2
14047 10 -3 0 S2_2
14049 10 -3 0 S2_2
14053 10 -3 0 S2_2
14054 10 -3 0 S2_2
14055 10 -3 0 S2_2
14057 10 -3 0 S2_2
14060 10 -3 0 S2_2
14061 10 -3 0 S2_2
14062 10 -3 0 S2_2
14037 11 -3 0 S2_2
14038 11 -3 0 S2_2
14039 11 -3 0 S2_2
14042 11 -3 0 S2_2
14043 11 -3 0 S2_2
14046 11 -3 0 S2_2
14047 11 -3 0 S2_2
14049 11 -3 0 S2_2
14053 11 -3 0 S2_2
14054 11 -3 0 S2_2
14055 11 -3 0 S2_2
14057 11 -3 0 S2_2
14060 11 -3 0 S2_2
14061 11 -3 0 S2_2
14062 11 -3 0 S2_2
14037 12 -3 0 S2_2
14038 12 -3 0 S2_2
14039 12 -3 0 S2_2
14042 12 -3 0 S2_2
14043 12 -3 0 S2_2
14046 12 -3 0 S2_2
14047 12 -3 0 S2_2
14049 12 -3 0 S2_2
14053 12 -3 0 S2_2
14054 12 -3 0 S2_2
14055 12 -3 0 S2_2
14057 12 -3 0 S2_2
14060 12 -3 0 S2_2
14061 12 -3 0 S2_2
14062 12 -3 0 S2_2
14037 13 -3 0 S2_2
14038 13 -3 0 S2_2
14039 13 -3 0 S2_2
14042 13 -3 0 S2_2
14043 13 -3 120.371604516551 S2_2
14046 13 -3 0 S2_2
14047 13 -3 0 S2_2
14049 13 -3 0 S2_2
14053 13 -3 0 S2_2
14054 13 -3 0 S2_2
14055 13 -3 0 S2_2
14057 13 -3 0 S2_2
14060 13 -3 0 S2_2
14061 13 -3 0 S2_2
14062 13 -3 0 S2_2
14037 14 -3 0 S2_2
14038 14 -3 71.9022153577342 S2_2
14039 14 -3 16.5058144991246 S2_2
14042 14 -3 0 S2_2
14043 14 -3 429.688056709411 S2_2
14046 14 -3 87.5681885420692 S2_2
14047 14 -3 0 S2_2
14049 14 -3 0 S2_2
14053 14 -3 56.6907199796846 S2_2
14054 14 -3 0 S2_2
14055 14 -3 14.2422501673 S2_2
14057 14 -3 0 S2_2
14060 14 -3 23.122291338927 S2_2
14061 14 -3 59.8226082120329 S2_2
14062 14 -3 41.6434342648174 S2_2
14037 15 -3 0 S2_2
14038 15 -3 65.4066051149182 S2_2
14039 15 -3 23.7519929396518 S2_2
14042 15 -3 0 S2_2
14043 15 -3 424.029984737367 S2_2
14046 15 -3 76.3514303788947 S2_2
14047 15 -3 0 S2_2
14049 15 -3 0 S2_2
14053 15 -3 42.4713267651587 S2_2
14054 15 -3 0 S2_2
14055 15 -3 16.8831477498668 S2_2
14057 15 -3 0 S2_2
14060 15 -3 44.8355275677941 S2_2
14061 15 -3 62.0240928424601 S2_2
14062 15 -3 28.4807203526621 S2_2
14037 16 -3 0 S2_2
14038 16 -3 0 S2_2
14039 16 -3 0 S2_2
14042 16 -3 0 S2_2
14043 16 -3 172.298192705089 S2_2
14046 16 -3 0 S2_2
14047 16 -3 0 S2_2
14049 16 -3 0 S2_2
14053 16 -3 0 S2_2
14054 16 -3 0 S2_2
14055 16 -3 0 S2_2
14057 16 -3 0 S2_2
14060 16 -3 0 S2_2
14061 16 -3 0 S2_2
14062 16 -3 0 S2_2
14037 17 -3 0 S2_2
14038 17 -3 59.2280629211301 S2_2
14039 17 -3 12.229428073066 S2_2
14042 17 -3 0 S2_2
14043 17 -3 386.653366531018 S2_2
14046 17 -3 65.4257793663233 S2_2
14047 17 -3 0 S2_2
14049 17 -3 0 S2_2
14053 17 -3 33.6767744816597 S2_2
14054 17 -3 0 S2_2
14055 17 -3 10.6844987656103 S2_2
14057 17 -3 0 S2_2
14060 17 -3 29.195220497541 S2_2
14061 17 -3 47.0628548888027 S2_2
14062 17 -3 16.2128404695065 S2_2
14037 18 -3 0 S2_2
14038 18 -3 0 S2_2
14039 18 -3 0 S2_2
14042 18 -3 0 S2_2
14043 18 -3 0 S2_2
14046 18 -3 0 S2_2
14047 18 -3 0 S2_2
14049 18 -3 0 S2_2
14053 18 -3 0 S2_2
14054 18 -3 0 S2_2
14055 18 -3 0 S2_2
14057 18 -3 0 S2_2
14060 18 -3 0 S2_2
14061 18 -3 0 S2_2
14062 18 -3 0 S2_2
14037 19 -3 0 S2_2
14038 19 -3 0 S2_2
14039 19 -3 0 S2_2
14042 19 -3 0 S2_2
14043 19 -3 109.835816512312 S2_2
14046 19 -3 0 S2_2
14047 19 -3 0 S2_2
14049 19 -3 0 S2_2
14053 19 -3 0 S2_2
14054 19 -3 0 S2_2
14055 19 -3 0 S2_2
14057 19 -3 0 S2_2
14060 19 -3 0 S2_2
14061 19 -3 0 S2_2
14062 19 -3 0 S2_2
14037 20 -3 0 S2_2
14038 20 -3 21.6707620688144 S2_2
14039 20 -3 0 S2_2
14042 20 -3 0 S2_2
14043 20 -3 302.513831259754 S2_2
14046 20 -3 10.418697452693 S2_2
14047 20 -3 0 S2_2
14049 20 -3 0 S2_2
14053 20 -3 1.7337854758503 S2_2
14054 20 -3 0 S2_2
14055 20 -3 0 S2_2
14057 20 -3 0 S2_2
14060 20 -3 5.4156077611939 S2_2
14061 20 -3 9.80975855889402 S2_2
14062 20 -3 0 S2_2
14037 21 -3 0 S2_2
14038 21 -3 0 S2_2
14039 21 -3 0 S2_2
14042 21 -3 0 S2_2
14043 21 -3 52.5413455400079 S2_2
14046 21 -3 0 S2_2
14047 21 -3 0 S2_2
14049 21 -3 0 S2_2
14053 21 -3 0 S2_2
14054 21 -3 0 S2_2
14055 21 -3 0 S2_2
14057 21 -3 0 S2_2
14060 21 -3 0 S2_2
14061 21 -3 0 S2_2
14062 21 -3 0 S2_2
14037 22 -3 0 S2_2
14038 22 -3 0 S2_2
14039 22 -3 0 S2_2
14042 22 -3 0 S2_2
14043 22 -3 56.2945853566709 S2_2
14046 22 -3 0 S2_2
14047 22 -3 0 S2_2
14049 22 -3 0 S2_2
14053 22 -3 0 S2_2
14054 22 -3 0 S2_2
14055 22 -3 0 S2_2
14057 22 -3 0 S2_2
14060 22 -3 0 S2_2
14061 22 -3 0 S2_2
14062 22 -3 0 S2_2
14037 23 -3 0 S2_2
14038 23 -3 0 S2_2
14039 23 -3 0 S2_2
14042 23 -3 0 S2_2
14043 23 -3 159.15796364564 S2_2
14046 23 -3 0 S2_2
14047 23 -3 0 S2_2
14049 23 -3 0 S2_2
14053 23 -3 0 S2_2
14054 23 -3 0 S2_2
14055 23 -3 0 S2_2
14057 23 -3 0 S2_2
14060 23 -3 0 S2_2
14061 23 -3 0 S2_2
14062 23 -3 0 S2_2
14037 24 -3 0 S2_2
14038 24 -3 0 S2_2
14039 24 -3 0 S2_2
14042 24 -3 0 S2_2
14043 24 -3 64.7212709834264 S2_2
14046 24 -3 0 S2_2
14047 24 -3 0 S2_2
14049 24 -3 0 S2_2
14053 24 -3 0 S2_2
14054 24 -3 0 S2_2
14055 24 -3 0 S2_2
14057 24 -3 0 S2_2
14060 24 -3 0 S2_2
14061 24 -3 0 S2_2
14062 24 -3 0 S2_2
14037 25 -3 0 S2_2
14038 25 -3 36.2216316828694 S2_2
14039 25 -3 0 S2_2
14042 25 -3 0 S2_2
14043 25 -3 340.298803801495 S2_2
14046 25 -3 35.4005658864225 S2_2
14047 25 -3 0 S2_2
14049 25 -3 0 S2_2
14053 25 -3 10.8930081953796 S2_2
14054 25 -3 0 S2_2
14055 25 -3 0 S2_2
14057 25 -3 0 S2_2
14060 25 -3 2.64660045402364 S2_2
14061 25 -3 15.8720660733044 S2_2
14062 25 -3 4.90859507768151 S2_2
14037 26 -3 0 S2_2
14038 26 -3 0 S2_2
14039 26 -3 0 S2_2
14042 26 -3 0 S2_2
14043 26 -3 136.087156799387 S2_2
14046 26 -3 0 S2_2
14047 26 -3 0 S2_2
14049 26 -3 0 S2_2
14053 26 -3 0 S2_2
14054 26 -3 0 S2_2
14055 26 -3 0 S2_2
14057 26 -3 0 S2_2
14060 26 -3 0 S2_2
14061 26 -3 0 S2_2
14062 26 -3 0 S2_2
14037 27 -3 0 S2_2
14038 27 -3 0 S2_2
14039 27 -3 0 S2_2
14042 27 -3 0 S2_2
14043 27 -3 168.114456413395 S2_2
14046 27 -3 0 S2_2
14047 27 -3 0 S2_2
14049 27 -3 0 S2_2
14053 27 -3 0 S2_2
14054 27 -3 0 S2_2
14055 27 -3 0 S2_2
14057 27 -3 0 S2_2
14060 27 -3 0 S2_2
14061 27 -3 0 S2_2
14062 27 -3 0 S2_2
14037 28 -3 0 S2_2
14038 28 -3 0 S2_2
14039 28 -3 0 S2_2
14042 28 -3 0 S2_2
14043 28 -3 173.416301897331 S2_2
14046 28 -3 0 S2_2
14047 28 -3 0 S2_2
14049 28 -3 0 S2_2
14053 28 -3 0 S2_2
14054 28 -3 0 S2_2
14055 28 -3 0 S2_2
14057 28 -3 0 S2_2
14060 28 -3 0 S2_2
14061 28 -3 0 S2_2
14062 28 -3 0 S2_2
14037 29 -3 0 S2_2
14038 29 -3 0 S2_2
14039 29 -3 0 S2_2
14042 29 -3 0 S2_2
14043 29 -3 7.65371775549159 S2_2
14046 29 -3 0 S2_2
14047 29 -3 0 S2_2
14049 29 -3 0 S2_2
14053 29 -3 0 S2_2
14054 29 -3 0 S2_2
14055 29 -3 0 S2_2
14057 29 -3 0 S2_2
14060 29 -3 0 S2_2
14061 29 -3 0 S2_2
14062 29 -3 0 S2_2
14037 30 -3 0 S2_2
14038 30 -3 48.7657335372947 S2_2
14039 30 -3 2.37989033980404 S2_2
14042 30 -3 0 S2_2
14043 30 -3 364.549968895779 S2_2
14046 30 -3 52.774898832883 S2_2
14047 30 -3 0 S2_2
14049 30 -3 0 S2_2
14053 30 -3 24.2895406252462 S2_2
14054 30 -3 0 S2_2
14055 30 -3 2.49165525454979 S2_2
14057 30 -3 0 S2_2
14060 30 -3 6.12644895292654 S2_2
14061 30 -3 29.852949048049 S2_2
14062 30 -3 10.5426907322123 S2_2
14037 31 -3 0 S2_2
14038 31 -3 0 S2_2
14039 31 -3 0 S2_2
14042 31 -3 0 S2_2
14043 31 -3 199.471987113504 S2_2
14046 31 -3 0 S2_2
14047 31 -3 0 S2_2
14049 31 -3 0 S2_2
14053 31 -3 0 S2_2
14054 31 -3 0 S2_2
14055 31 -3 0 S2_2
14057 31 -3 0 S2_2
14060 31 -3 0 S2_2
14061 31 -3 0 S2_2
14062 31 -3 0 S2_2
14037 1 -5 0 S2_2
14038 1 -5 0 S2_2
14039 1 -5 0 S2_2
14042 1 -5 0 S2_2
14043 1 -5 0 S2_2
14046 1 -5 0 S2_2
14047 1 -5 0 S2_2
14049 1 -5 0 S2_2
14053 1 -5 0 S2_2
14054 1 -5 0 S2_2
14055 1 -5 0 S2_2
14057 1 -5 0 S2_2
14060 1 -5 0 S2_2
14061 1 -5 0 S2_2
14062 1 -5 0 S2_2
14037 2 -5 0 S2_2
14038 2 -5 4.83026605282357 S2_2
14039 2 -5 0 S2_2
14042 2 -5 0 S2_2
14043 2 -5 211.595783816814 S2_2
14046 2 -5 0 S2_2
14047 2 -5 0 S2_2
14049 2 -5 0 S2_2
14053 2 -5 0 S2_2
14054 2 -5 0 S2_2
14055 2 -5 0 S2_2
14057 2 -5 0 S2_2
14060 2 -5 0 S2_2
14061 2 -5 0 S2_2
14062 2 -5 0 S2_2
14037 3 -5 0 S2_2
14038 3 -5 0 S2_2
14039 3 -5 0 S2_2
14042 3 -5 0 S2_2
14043 3 -5 0 S2_2
14046 3 -5 0 S2_2
14047 3 -5 0 S2_2
14049 3 -5 0 S2_2
14053 3 -5 0 S2_2
14054 3 -5 0 S2_2
14055 3 -5 0 S2_2
14057 3 -5 0 S2_2
14060 3 -5 0 S2_2
14061 3 -5 0 S2_2
14062 3 -5 0 S2_2
14037 4 -5 0 S2_2
14038 4 -5 0 S2_2
14039 4 -5 0 S2_2
14042 4 -5 0 S2_2
14043 4 -5 0 S2_2
14046 4 -5 0 S2_2
14047 4 -5 0 S2_2
14049 4 -5 0 S2_2
14053 4 -5 0 S2_2
14054 4 -5 0 S2_2
14055 4 -5 0 S2_2
14057 4 -5 0 S2_2
14060 4 -5 0 S2_2
14061 4 -5 0 S2_2
14062 4 -5 0 S2_2
14037 5 -5 0 S2_2
14038 5 -5 0 S2_2
14039 5 -5 0 S2_2
14042 5 -5 0 S2_2
14043 5 -5 0 S2_2
14046 5 -5 0 S2_2
14047 5 -5 0 S2_2
14049 5 -5 0 S2_2
14053 5 -5 0 S2_2
14054 5 -5 0 S2_2
14055 5 -5 0 S2_2
14057 5 -5 0 S2_2
14060 5 -5 0 S2_2
14061 5 -5 0 S2_2
14062 5 -5 0 S2_2
14037 6 -5 0 S2_2
14038 6 -5 0 S2_2
14039 6 -5 0 S2_2
14042 6 -5 0 S2_2
14043 6 -5 123.331902981502 S2_2
14046 6 -5 0 S2_2
14047 6 -5 0 S2_2
14049 6 -5 0 S2_2
14053 6 -5 0 S2_2
14054 6 -5 0 S2_2
14055 6 -5 0 S2_2
14057 6 -5 0 S2_2
14060 6 -5 0 S2_2
14061 6 -5 0 S2_2
14062 6 -5 0 S2_2
14037 7 -5 0 S2_2
14038 7 -5 10.0914514395372 S2_2
14039 7 -5 0 S2_2
14042 7 -5 0 S2_2
14043 7 -5 232.601214232822 S2_2
14046 7 -5 0 S2_2
14047 7 -5 0 S2_2
14049 7 -5 0 S2_2
14053 7 -5 0 S2_2
14054 7 -5 0 S2_2
14055 7 -5 0 S2_2
14057 7 -5 0 S2_2
14060 7 -5 0 S2_2
14061 7 -5 1.63245957882523 S2_2
14062 7 -5 0 S2_2
14037 8 -5 0 S2_2
14038 8 -5 0 S2_2
14039 8 -5 0 S2_2
14042 8 -5 0 S2_2
14043 8 -5 0 S2_2
14046 8 -5 0 S2_2
14047 8 -5 0 S2_2
14049 8 -5 0 S2_2
14053 8 -5 0 S2_2
14054 8 -5 0 S2_2
14055 8 -5 0 S2_2
14057 8 -5 0 S2_2
14060 8 -5 0 S2_2
14061 8 -5 0 S2_2
14062 8 -5 0 S2_2
14037 9 -5 0 S2_2
14038 9 -5 0 S2_2
14039 9 -5 0 S2_2
14042 9 -5 0 S2_2
14043 9 -5 0 S2_2
14046 9 -5 0 S2_2
14047 9 -5 0 S2_2
14049 9 -5 0 S2_2
14053 9 -5 0 S2_2
14054 9 -5 0 S2_2
14055 9 -5 0 S2_2
14057 9 -5 0 S2_2
14060 9 -5 0 S2_2
14061 9 -5 0 S2_2
14062 9 -5 0 S2_2
14037 10 -5 0 S2_2
14038 10 -5 0 S2_2
14039 10 -5 0 S2_2
14042 10 -5 0 S2_2
14043 10 -5 0 S2_2
14046 10 -5 0 S2_2
14047 10 -5 0 S2_2
14049 10 -5 0 S2_2
14053 10 -5 0 S2_2
14054 10 -5 0 S2_2
14055 10 -5 0 S2_2
14057 10 -5 0 S2_2
14060 10 -5 0 S2_2
14061 10 -5 0 S2_2
14062 10 -5 0 S2_2
14037 11 -5 0 S2_2
14038 11 -5 0 S2_2
14039 11 -5 0 S2_2
14042 11 -5 0 S2_2
14043 11 -5 0 S2_2
14046 11 -5 0 S2_2
14047 11 -5 0 S2_2
14049 11 -5 0 S2_2
14053 11 -5 0 S2_2
14054 11 -5 0 S2_2
14055 11 -5 0 S2_2
14057 11 -5 0 S2_2
14060 11 -5 0 S2_2
14061 11 -5 0 S2_2
14062 11 -5 0 S2_2
14037 12 -5 0 S2_2
14038 12 -5 0 S2_2
14039 12 -5 0 S2_2
14042 12 -5 0 S2_2
14043 12 -5 0 S2_2
14046 12 -5 0 S2_2
14047 12 -5 0 S2_2
14049 12 -5 0 S2_2
14053 12 -5 0 S2_2
14054 12 -5 0 S2_2
14055 12 -5 0 S2_2
14057 12 -5 0 S2_2
14060 12 -5 0 S2_2
14061 12 -5 0 S2_2
14062 12 -5 0 S2_2
14037 13 -5 0 S2_2
14038 13 -5 0 S2_2
14039 13 -5 0 S2_2
14042 13 -5 0 S2_2
14043 13 -5 0 S2_2
14046 13 -5 0 S2_2
14047 13 -5 0 S2_2
14049 13 -5 0 S2_2
14053 13 -5 0 S2_2
14054 13 -5 0 S2_2
14055 13 -5 0 S2_2
14057 13 -5 0 S2_2
14060 13 -5 0 S2_2
14061 13 -5 0 S2_2
14062 13 -5 0 S2_2
14037 14 -5 0 S2_2
14038 14 -5 12.4397833409658 S2_2
14039 14 -5 0 S2_2
14042 14 -5 0 S2_2
14043 14 -5 254.622652023019 S2_2
14046 14 -5 5.54199318859157 S2_2
14047 14 -5 0 S2_2
14049 14 -5 0 S2_2
14053 14 -5 1.01026706040215 S2_2
14054 14 -5 0 S2_2
14055 14 -5 0 S2_2
14057 14 -5 0 S2_2
14060 14 -5 0 S2_2
14061 14 -5 1.9997456071059 S2_2
14062 14 -5 0 S2_2
14037 15 -5 0 S2_2
14038 15 -5 0 S2_2
14039 15 -5 0 S2_2
14042 15 -5 0 S2_2
14043 15 -5 187.303335126383 S2_2
14046 15 -5 0 S2_2
14047 15 -5 0 S2_2
14049 15 -5 0 S2_2
14053 15 -5 0 S2_2
14054 15 -5 0 S2_2
14055 15 -5 0 S2_2
14057 15 -5 0 S2_2
14060 15 -5 0 S2_2
14061 15 -5 0 S2_2
14062 15 -5 0 S2_2
14037 16 -5 0 S2_2
14038 16 -5 0 S2_2
14039 16 -5 0 S2_2
14042 16 -5 0 S2_2
14043 16 -5 0 S2_2
14046 16 -5 0 S2_2
14047 16 -5 0 S2_2
14049 16 -5 0 S2_2
14053 16 -5 0 S2_2
14054 16 -5 0 S2_2
14055 16 -5 0 S2_2
14057 16 -5 0 S2_2
14060 16 -5 0 S2_2
14061 16 -5 0 S2_2
14062 16 -5 0 S2_2
14037 17 -5 0 S2_2
14038 17 -5 1.26048237102569 S2_2
14039 17 -5 0 S2_2
14042 17 -5 0 S2_2
14043 17 -5 187.066651275315 S2_2
14046 17 -5 0 S2_2
14047 17 -5 0 S2_2
14049 17 -5 0 S2_2
14053 17 -5 0 S2_2
14054 17 -5 0 S2_2
14055 17 -5 0 S2_2
14057 17 -5 0 S2_2
14060 17 -5 0 S2_2
14061 17 -5 0 S2_2
14062 17 -5 0 S2_2
14037 18 -5 0 S2_2
14038 18 -5 0 S2_2
14039 18 -5 0 S2_2
14042 18 -5 0 S2_2
14043 18 -5 0 S2_2
14046 18 -5 0 S2_2
14047 18 -5 0 S2_2
14049 18 -5 0 S2_2
14053 18 -5 0 S2_2
14054 18 -5 0 S2_2
14055 18 -5 0 S2_2
14057 18 -5 0 S2_2
14060 18 -5 0 S2_2
14061 18 -5 0 S2_2
14062 18 -5 0 S2_2
14037 19 -5 0 S2_2
14038 19 -5 0 S2_2
14039 19 -5 0 S2_2
14042 19 -5 0 S2_2
14043 19 -5 0 S2_2
14046 19 -5 0 S2_2
14047 19 -5 0 S2_2
14049 19 -5 0 S2_2
14053 19 -5 0 S2_2
14054 19 -5 0 S2_2
14055 19 -5 0 S2_2
14057 19 -5 0 S2_2
14060 19 -5 0 S2_2
14061 19 -5 0 S2_2
14062 19 -5 0 S2_2
14037 20 -5 0 S2_2
14038 20 -5 0 S2_2
14039 20 -5 0 S2_2
14042 20 -5 0 S2_2
14043 20 -5 67.3023946509749 S2_2
14046 20 -5 0 S2_2
14047 20 -5 0 S2_2
14049 20 -5 0 S2_2
14053 20 -5 0 S2_2
14054 20 -5 0 S2_2
14055 20 -5 0 S2_2
14057 20 -5 0 S2_2
14060 20 -5 0 S2_2
14061 20 -5 0 S2_2
14062 20 -5 0 S2_2
14037 21 -5 0 S2_2
14038 21 -5 0 S2_2
14039 21 -5 0 S2_2
14042 21 -5 0 S2_2
14043 21 -5 0 S2_2
14046 21 -5 0 S2_2
14047 21 -5 0 S2_2
14049 21 -5 0 S2_2
14053 21 -5 0 S2_2
14054 21 -5 0 S2_2
14055 21 -5 0 S2_2
14057 21 -5 0 S2_2
14060 21 -5 0 S2_2
14061 21 -5 0 S2_2
14062 21 -5 0 S2_2
14037 22 -5 0 S2_2
14038 22 -5 0 S2_2
14039 22 -5 0 S2_2
14042 22 -5 0 S2_2
14043 22 -5 0 S2_2
14046 22 -5 0 S2_2
14047 22 -5 0 S2_2
14049 22 -5 0 S2_2
14053 22 -5 0 S2_2
14054 22 -5 0 S2_2
14055 22 -5 0 S2_2
14057 22 -5 0 S2_2
14060 22 -5 0 S2_2
14061 22 -5 0 S2_2
14062 22 -5 0 S2_2
14037 23 -5 0 S2_2
14038 23 -5 0 S2_2
14039 23 -5 0 S2_2
14042 23 -5 0 S2_2
14043 23 -5 0 S2_2
14046 23 -5 0 S2_2
14047 23 -5 0 S2_2
14049 23 -5 0 S2_2
14053 23 -5 0 S2_2
14054 23 -5 0 S2_2
14055 23 -5 0 S2_2
14057 23 -5 0 S2_2
14060 23 -5 0 S2_2
14061 23 -5 0 S2_2
14062 23 -5 0 S2_2
14037 24 -5 0 S2_2
14038 24 -5 0 S2_2
14039 24 -5 0 S2_2
14042 24 -5 0 S2_2
14043 24 -5 0 S2_2
14046 24 -5 0 S2_2
14047 24 -5 0 S2_2
14049 24 -5 0 S2_2
14053 24 -5 0 S2_2
14054 24 -5 0 S2_2
14055 24 -5 0 S2_2
14057 24 -5 0 S2_2
14060 24 -5 0 S2_2
14061 24 -5 0 S2_2
14062 24 -5 0 S2_2
14037 25 -5 0 S2_2
14038 25 -5 0 S2_2
14039 25 -5 0 S2_2
14042 25 -5 0 S2_2
14043 25 -5 133.879791930829 S2_2
14046 25 -5 0 S2_2
14047 25 -5 0 S2_2
14049 25 -5 0 S2_2
14053 25 -5 0 S2_2
14054 25 -5 0 S2_2
14055 25 -5 0 S2_2
14057 25 -5 0 S2_2
14060 25 -5 0 S2_2
14061 25 -5 0 S2_2
14062 25 -5 0 S2_2
14037 26 -5 0 S2_2
14038 26 -5 0 S2_2
14039 26 -5 0 S2_2
14042 26 -5 0 S2_2
14043 26 -5 0 S2_2
14046 26 -5 0 S2_2
14047 26 -5 0 S2_2
14049 26 -5 0 S2_2
14053 26 -5 0 S2_2
14054 26 -5 0 S2_2
14055 26 -5 0 S2_2
14057 26 -5 0 S2_2
14060 26 -5 0 S2_2
14061 26 -5 0 S2_2
14062 26 -5 0 S2_2
14037 27 -5 0 S2_2
14038 27 -5 0 S2_2
14039 27 -5 0 S2_2
14042 27 -5 0 S2_2
14043 27 -5 7.78393591899986 S2_2
14046 27 -5 0 S2_2
14047 27 -5 0 S2_2
14049 27 -5 0 S2_2
14053 27 -5 0 S2_2
14054 27 -5 0 S2_2
14055 27 -5 0 S2_2
14057 27 -5 0 S2_2
14060 27 -5 0 S2_2
14061 27 -5 0 S2_2
14062 27 -5 0 S2_2
14037 28 -5 0 S2_2
14038 28 -5 0 S2_2
14039 28 -5 0 S2_2
14042 28 -5 0 S2_2
14043 28 -5 0 S2_2
14046 28 -5 0 S2_2
14047 28 -5 0 S2_2
14049 28 -5 0 S2_2
14053 28 -5 0 S2_2
14054 28 -5 0 S2_2
14055 28 -5 0 S2_2
14057 28 -5 0 S2_2
14060 28 -5 0 S2_2
14061 28 -5 0 S2_2
14062 28 -5 0 S2_2
14037 29 -5 0 S2_2
14038 29 -5 0 S2_2
14039 29 -5 0 S2_2
14042 29 -5 0 S2_2
14043 29 -5 0 S2_2
14046 29 -5 0 S2_2
14047 29 -5 0 S2_2
14049 29 -5 0 S2_2
14053 29 -5 0 S2_2
14054 29 -5 0 S2_2
14055 29 -5 0 S2_2
14057 29 -5 0 S2_2
14060 29 -5 0 S2_2
14061 29 -5 0 S2_2
14062 29 -5 0 S2_2
14037 30 -5 0 S2_2
14038 30 -5 0 S2_2
14039 30 -5 0 S2_2
14042 30 -5 0 S2_2
14043 30 -5 174.345227012466 S2_2
14046 30 -5 0 S2_2
14047 30 -5 0 S2_2
14049 30 -5 0 S2_2
14053 30 -5 0 S2_2
14054 30 -5 0 S2_2
14055 30 -5 0 S2_2
14057 30 -5 0 S2_2
14060 30 -5 0 S2_2
14061 30 -5 0 S2_2
14062 30 -5 0 S2_2
14037 31 -5 0 S2_2
14038 31 -5 0 S2_2
14039 31 -5 0 S2_2
14042 31 -5 0 S2_2
14043 31 -5 0 S2_2
14046 31 -5 0 S2_2
14047 31 -5 0 S2_2
14049 31 -5 0 S2_2
14053 31 -5 0 S2_2
14054 31 -5 0 S2_2
14055 31 -5 0 S2_2
14057 31 -5 0 S2_2
14060 31 -5 0 S2_2
14061 31 -5 0 S2_2
14062 31 -5 0 S2_2
