speciesID lakeID variable value scenario
15042 1 -0.5 60.6199770928058 S2_2
15045 1 -0.5 0 S2_2
15048 1 -0.5 12.2435658216062 S2_2
15049 1 -0.5 9.07383486170074 S2_2
15051 1 -0.5 496.386776157823 S2_2
15053 1 -0.5 601.293217302804 S2_2
15054 1 -0.5 0 S2_2
15055 1 -0.5 0 S2_2
15056 1 -0.5 0 S2_2
15057 1 -0.5 0 S2_2
15059 1 -0.5 273.749238603966 S2_2
15060 1 -0.5 0 S2_2
15063 1 -0.5 20.0261884419828 S2_2
15066 1 -0.5 0 S2_2
15069 1 -0.5 305.026705669776 S2_2
15042 2 -0.5 0 S2_2
15045 2 -0.5 0 S2_2
15048 2 -0.5 0 S2_2
15049 2 -0.5 0 S2_2
15051 2 -0.5 0 S2_2
15053 2 -0.5 0 S2_2
15054 2 -0.5 0 S2_2
15055 2 -0.5 0 S2_2
15056 2 -0.5 0 S2_2
15057 2 -0.5 0 S2_2
15059 2 -0.5 0 S2_2
15060 2 -0.5 0 S2_2
15063 2 -0.5 0 S2_2
15066 2 -0.5 0 S2_2
15069 2 -0.5 0 S2_2
15042 3 -0.5 19.9760996412896 S2_2
15045 3 -0.5 0 S2_2
15048 3 -0.5 13.351526882252 S2_2
15049 3 -0.5 0 S2_2
15051 3 -0.5 99.9996996174042 S2_2
15053 3 -0.5 103.289268950325 S2_2
15054 3 -0.5 0 S2_2
15055 3 -0.5 0 S2_2
15056 3 -0.5 0 S2_2
15057 3 -0.5 0 S2_2
15059 3 -0.5 118.531023293389 S2_2
15060 3 -0.5 0 S2_2
15063 3 -0.5 1.56115473460623 S2_2
15066 3 -0.5 0 S2_2
15069 3 -0.5 53.7438173793129 S2_2
15042 4 -0.5 54.3652325386048 S2_2
15045 4 -0.5 0 S2_2
15048 4 -0.5 7.28168695989904 S2_2
15049 4 -0.5 0 S2_2
15051 4 -0.5 256.438017810524 S2_2
15053 4 -0.5 345.073432782772 S2_2
15054 4 -0.5 0 S2_2
15055 4 -0.5 0 S2_2
15056 4 -0.5 0 S2_2
15057 4 -0.5 0 S2_2
15059 4 -0.5 231.15455280599 S2_2
15060 4 -0.5 0 S2_2
15063 4 -0.5 10.767773704362 S2_2
15066 4 -0.5 0 S2_2
15069 4 -0.5 224.492077087706 S2_2
15042 5 -0.5 0 S2_2
15045 5 -0.5 0 S2_2
15048 5 -0.5 0 S2_2
15049 5 -0.5 0 S2_2
15051 5 -0.5 0 S2_2
15053 5 -0.5 0 S2_2
15054 5 -0.5 0 S2_2
15055 5 -0.5 0 S2_2
15056 5 -0.5 0 S2_2
15057 5 -0.5 0 S2_2
15059 5 -0.5 0 S2_2
15060 5 -0.5 0 S2_2
15063 5 -0.5 0 S2_2
15066 5 -0.5 0 S2_2
15069 5 -0.5 0 S2_2
15042 6 -0.5 87.9456722123263 S2_2
15045 6 -0.5 0 S2_2
15048 6 -0.5 29.0810462479681 S2_2
15049 6 -0.5 0 S2_2
15051 6 -0.5 247.628440218285 S2_2
15053 6 -0.5 308.702094097432 S2_2
15054 6 -0.5 0 S2_2
15055 6 -0.5 0 S2_2
15056 6 -0.5 0 S2_2
15057 6 -0.5 0 S2_2
15059 6 -0.5 238.788174828216 S2_2
15060 6 -0.5 0 S2_2
15063 6 -0.5 30.7506324382105 S2_2
15066 6 -0.5 0 S2_2
15069 6 -0.5 219.378941568776 S2_2
15042 7 -0.5 0 S2_2
15045 7 -0.5 0 S2_2
15048 7 -0.5 1.3903220192239 S2_2
15049 7 -0.5 0 S2_2
15051 7 -0.5 0 S2_2
15053 7 -0.5 0 S2_2
15054 7 -0.5 0 S2_2
15055 7 -0.5 0 S2_2
15056 7 -0.5 0 S2_2
15057 7 -0.5 0 S2_2
15059 7 -0.5 0 S2_2
15060 7 -0.5 0 S2_2
15063 7 -0.5 0 S2_2
15066 7 -0.5 0 S2_2
15069 7 -0.5 0 S2_2
15042 8 -0.5 72.9888331862144 S2_2
15045 8 -0.5 0 S2_2
15048 8 -0.5 5.59309296188981 S2_2
15049 8 -0.5 6.90844780099242 S2_2
15051 8 -0.5 381.347377325945 S2_2
15053 8 -0.5 499.467336394047 S2_2
15054 8 -0.5 0 S2_2
15055 8 -0.5 0 S2_2
15056 8 -0.5 0 S2_2
15057 8 -0.5 0 S2_2
15059 8 -0.5 264.06305158551 S2_2
15060 8 -0.5 0 S2_2
15063 8 -0.5 23.8035959129762 S2_2
15066 8 -0.5 0 S2_2
15069 8 -0.5 288.869688074949 S2_2
15042 9 -0.5 65.2249419491392 S2_2
15045 9 -0.5 0 S2_2
15048 9 -0.5 15.1470314609899 S2_2
15049 9 -0.5 0 S2_2
15051 9 -0.5 224.933600959315 S2_2
15053 9 -0.5 287.855474415108 S2_2
15054 9 -0.5 0 S2_2
15055 9 -0.5 0 S2_2
15056 9 -0.5 0 S2_2
15057 9 -0.5 0 S2_2
15059 9 -0.5 221.047061249653 S2_2
15060 9 -0.5 0 S2_2
15063 9 -0.5 14.690707199514 S2_2
15066 9 -0.5 0 S2_2
15069 9 -0.5 199.615582850164 S2_2
15042 10 -0.5 78.2142032309661 S2_2
15045 10 -0.5 0 S2_2
15048 10 -0.5 17.9066826499408 S2_2
15049 10 -0.5 8.29688238953861 S2_2
15051 10 -0.5 381.26726633878 S2_2
15053 10 -0.5 501.589331959618 S2_2
15054 10 -0.5 0 S2_2
15055 10 -0.5 0 S2_2
15056 10 -0.5 0 S2_2
15057 10 -0.5 0 S2_2
15059 10 -0.5 275.185254822347 S2_2
15060 10 -0.5 0 S2_2
15063 10 -0.5 29.8128322019425 S2_2
15066 10 -0.5 0 S2_2
15069 10 -0.5 296.194135449798 S2_2
15042 11 -0.5 15.8970926267728 S2_2
15045 11 -0.5 0 S2_2
15048 11 -0.5 0 S2_2
15049 11 -0.5 0 S2_2
15051 11 -0.5 416.239800559039 S2_2
15053 11 -0.5 535.326398671444 S2_2
15054 11 -0.5 0 S2_2
15055 11 -0.5 0 S2_2
15056 11 -0.5 0 S2_2
15057 11 -0.5 0 S2_2
15059 11 -0.5 220.969822155044 S2_2
15060 11 -0.5 0 S2_2
15063 11 -0.5 1.93959700000081 S2_2
15066 11 -0.5 0 S2_2
15069 11 -0.5 247.393294155219 S2_2
15042 12 -0.5 12.1767552433718 S2_2
15045 12 -0.5 0 S2_2
15048 12 -0.5 0 S2_2
15049 12 -0.5 0 S2_2
15051 12 -0.5 409.142165099068 S2_2
15053 12 -0.5 509.754919145741 S2_2
15054 12 -0.5 0 S2_2
15055 12 -0.5 0 S2_2
15056 12 -0.5 0 S2_2
15057 12 -0.5 0 S2_2
15059 12 -0.5 205.326453573006 S2_2
15060 12 -0.5 0 S2_2
15063 12 -0.5 1.34048297702294 S2_2
15066 12 -0.5 0 S2_2
15069 12 -0.5 232.367902690029 S2_2
15042 13 -0.5 15.0969853955801 S2_2
15045 13 -0.5 0 S2_2
15048 13 -0.5 0 S2_2
15049 13 -0.5 0 S2_2
15051 13 -0.5 111.653959910025 S2_2
15053 13 -0.5 144.936972512684 S2_2
15054 13 -0.5 0 S2_2
15055 13 -0.5 0 S2_2
15056 13 -0.5 0 S2_2
15057 13 -0.5 0 S2_2
15059 13 -0.5 130.761249636472 S2_2
15060 13 -0.5 0 S2_2
15063 13 -0.5 0 S2_2
15066 13 -0.5 0 S2_2
15069 13 -0.5 95.3229118720827 S2_2
15042 14 -0.5 4.45194378876642 S2_2
15045 14 -0.5 0 S2_2
15048 14 -0.5 20.9211162643689 S2_2
15049 14 -0.5 0 S2_2
15051 14 -0.5 46.9749627607795 S2_2
15053 14 -0.5 14.0083606983586 S2_2
15054 14 -0.5 0 S2_2
15055 14 -0.5 0 S2_2
15056 14 -0.5 0 S2_2
15057 14 -0.5 0 S2_2
15059 14 -0.5 44.8890210890661 S2_2
15060 14 -0.5 0 S2_2
15063 14 -0.5 0 S2_2
15066 14 -0.5 0 S2_2
15069 14 -0.5 0 S2_2
15042 15 -0.5 116.869418662611 S2_2
15045 15 -0.5 0 S2_2
15048 15 -0.5 45.7878767711014 S2_2
15049 15 -0.5 36.5998075582203 S2_2
15051 15 -0.5 424.101874306302 S2_2
15053 15 -0.5 541.440900967039 S2_2
15054 15 -0.5 0 S2_2
15055 15 -0.5 0 S2_2
15056 15 -0.5 0 S2_2
15057 15 -0.5 0 S2_2
15059 15 -0.5 308.50856460943 S2_2
15060 15 -0.5 0 S2_2
15063 15 -0.5 66.1378619376069 S2_2
15066 15 -0.5 0 S2_2
15069 15 -0.5 332.84984230512 S2_2
15042 16 -0.5 87.4856505578878 S2_2
15045 16 -0.5 0 S2_2
15048 16 -0.5 16.7084646506315 S2_2
15049 16 -0.5 21.7920087205905 S2_2
15051 16 -0.5 467.731256248654 S2_2
15053 16 -0.5 580.671405501468 S2_2
15054 16 -0.5 0 S2_2
15055 16 -0.5 0 S2_2
15056 16 -0.5 0 S2_2
15057 16 -0.5 0 S2_2
15059 16 -0.5 285.82302100806 S2_2
15060 16 -0.5 0 S2_2
15063 16 -0.5 39.0875763703962 S2_2
15066 16 -0.5 0 S2_2
15069 16 -0.5 318.494026279365 S2_2
15042 17 -0.5 62.0112311598065 S2_2
15045 17 -0.5 0 S2_2
15048 17 -0.5 8.80312397258997 S2_2
15049 17 -0.5 0 S2_2
15051 17 -0.5 172.192672353324 S2_2
15053 17 -0.5 205.051662775829 S2_2
15054 17 -0.5 0 S2_2
15055 17 -0.5 0 S2_2
15056 17 -0.5 0 S2_2
15057 17 -0.5 0 S2_2
15059 17 -0.5 182.919304317301 S2_2
15060 17 -0.5 0 S2_2
15063 17 -0.5 9.33428472625914 S2_2
15066 17 -0.5 0 S2_2
15069 17 -0.5 145.439652993105 S2_2
15042 18 -0.5 40.268833334914 S2_2
15045 18 -0.5 0 S2_2
15048 18 -0.5 0 S2_2
15049 18 -0.5 2.32585278316811 S2_2
15051 18 -0.5 448.480111180118 S2_2
15053 18 -0.5 552.771276146455 S2_2
15054 18 -0.5 0 S2_2
15055 18 -0.5 0 S2_2
15056 18 -0.5 0 S2_2
15057 18 -0.5 0 S2_2
15059 18 -0.5 244.227627680451 S2_2
15060 18 -0.5 0 S2_2
15063 18 -0.5 7.81361189446106 S2_2
15066 18 -0.5 0 S2_2
15069 18 -0.5 274.303462141424 S2_2
15042 19 -0.5 77.3470017906085 S2_2
15045 19 -0.5 0 S2_2
15048 19 -0.5 15.9830124211541 S2_2
15049 19 -0.5 4.31591895501667 S2_2
15051 19 -0.5 350.35049446246 S2_2
15053 19 -0.5 464.222966346268 S2_2
15054 19 -0.5 0 S2_2
15055 19 -0.5 0 S2_2
15056 19 -0.5 0 S2_2
15057 19 -0.5 0 S2_2
15059 19 -0.5 268.195182220846 S2_2
15060 19 -0.5 0 S2_2
15063 19 -0.5 27.6435019884712 S2_2
15066 19 -0.5 0 S2_2
15069 19 -0.5 283.842522940862 S2_2
15042 20 -0.5 102.878621317711 S2_2
15045 20 -0.5 0 S2_2
15048 20 -0.5 28.6835753134161 S2_2
15049 20 -0.5 32.4553111517893 S2_2
15051 20 -0.5 455.755440889274 S2_2
15053 20 -0.5 573.626843078479 S2_2
15054 20 -0.5 0 S2_2
15055 20 -0.5 0 S2_2
15056 20 -0.5 0 S2_2
15057 20 -0.5 0 S2_2
15059 20 -0.5 297.749686691175 S2_2
15060 20 -0.5 0 S2_2
15063 20 -0.5 52.9956247378535 S2_2
15066 20 -0.5 0 S2_2
15069 20 -0.5 329.140689267441 S2_2
15042 21 -0.5 72.517821204018 S2_2
15045 21 -0.5 0 S2_2
15048 21 -0.5 17.3944679331166 S2_2
15049 21 -0.5 3.62707983458517 S2_2
15051 21 -0.5 350.076191879593 S2_2
15053 21 -0.5 465.849044515749 S2_2
15054 21 -0.5 0 S2_2
15055 21 -0.5 0 S2_2
15056 21 -0.5 0 S2_2
15057 21 -0.5 0 S2_2
15059 21 -0.5 267.395285990841 S2_2
15060 21 -0.5 0 S2_2
15063 21 -0.5 24.6884252593964 S2_2
15066 21 -0.5 0 S2_2
15069 21 -0.5 282.107186961486 S2_2
15042 22 -0.5 81.808121303698 S2_2
15045 22 -0.5 0 S2_2
15048 22 -0.5 27.0595997356052 S2_2
15049 22 -0.5 22.386570981128 S2_2
15051 22 -0.5 507.530806328712 S2_2
15053 22 -0.5 615.792080242414 S2_2
15054 22 -0.5 0 S2_2
15055 22 -0.5 0 S2_2
15056 22 -0.5 0 S2_2
15057 22 -0.5 0 S2_2
15059 22 -0.5 292.487179820106 S2_2
15060 22 -0.5 0 S2_2
15063 22 -0.5 37.2834128244589 S2_2
15066 22 -0.5 0 S2_2
15069 22 -0.5 325.262772376727 S2_2
15042 23 -0.5 82.4303355581987 S2_2
15045 23 -0.5 0 S2_2
15048 23 -0.5 31.3491008141226 S2_2
15049 23 -0.5 0 S2_2
15051 23 -0.5 291.088203652353 S2_2
15053 23 -0.5 378.120478047095 S2_2
15054 23 -0.5 0 S2_2
15055 23 -0.5 0 S2_2
15056 23 -0.5 0 S2_2
15057 23 -0.5 0 S2_2
15059 23 -0.5 258.918730924147 S2_2
15060 23 -0.5 0 S2_2
15063 23 -0.5 30.4671315531339 S2_2
15066 23 -0.5 0 S2_2
15069 23 -0.5 253.652832630676 S2_2
15042 24 -0.5 78.0072450405787 S2_2
15045 24 -0.5 0 S2_2
15048 24 -0.5 23.1390188441746 S2_2
15049 24 -0.5 8.95518750240075 S2_2
15051 24 -0.5 386.543582361742 S2_2
15053 24 -0.5 508.050627919286 S2_2
15054 24 -0.5 0 S2_2
15055 24 -0.5 0 S2_2
15056 24 -0.5 0 S2_2
15057 24 -0.5 0 S2_2
15059 24 -0.5 278.407670110045 S2_2
15060 24 -0.5 0 S2_2
15063 24 -0.5 30.533746972106 S2_2
15066 24 -0.5 0 S2_2
15069 24 -0.5 298.910950866248 S2_2
15042 25 -0.5 4.25143513383607 S2_2
15045 25 -0.5 0 S2_2
15048 25 -0.5 27.7672607798907 S2_2
15049 25 -0.5 0 S2_2
15051 25 -0.5 47.4752022849452 S2_2
15053 25 -0.5 14.0140563917985 S2_2
15054 25 -0.5 0 S2_2
15055 25 -0.5 0 S2_2
15056 25 -0.5 0 S2_2
15057 25 -0.5 0 S2_2
15059 25 -0.5 46.0421218404967 S2_2
15060 25 -0.5 0 S2_2
15063 25 -0.5 0 S2_2
15066 25 -0.5 0 S2_2
15069 25 -0.5 0 S2_2
15042 26 -0.5 88.7990344821761 S2_2
15045 26 -0.5 0 S2_2
15048 26 -0.5 25.3126956628134 S2_2
15049 26 -0.5 25.4986800283628 S2_2
15051 26 -0.5 483.609288900606 S2_2
15053 26 -0.5 598.852825103091 S2_2
15054 26 -0.5 0 S2_2
15055 26 -0.5 0 S2_2
15056 26 -0.5 0 S2_2
15057 26 -0.5 0 S2_2
15059 26 -0.5 293.68788776734 S2_2
15060 26 -0.5 0 S2_2
15063 26 -0.5 42.179720286394 S2_2
15066 26 -0.5 0 S2_2
15069 26 -0.5 326.235329194123 S2_2
15042 27 -0.5 0 S2_2
15045 27 -0.5 0 S2_2
15048 27 -0.5 0 S2_2
15049 27 -0.5 0 S2_2
15051 27 -0.5 0 S2_2
15053 27 -0.5 0 S2_2
15054 27 -0.5 0 S2_2
15055 27 -0.5 0 S2_2
15056 27 -0.5 0 S2_2
15057 27 -0.5 0 S2_2
15059 27 -0.5 0 S2_2
15060 27 -0.5 0 S2_2
15063 27 -0.5 0 S2_2
15066 27 -0.5 0 S2_2
15069 27 -0.5 0 S2_2
15042 28 -0.5 96.8054311240133 S2_2
15045 28 -0.5 0 S2_2
15048 28 -0.5 34.7533070474536 S2_2
15049 28 -0.5 34.6214334059686 S2_2
15051 28 -0.5 520.771762973212 S2_2
15053 28 -0.5 627.904612547654 S2_2
15054 28 -0.5 0 S2_2
15055 28 -0.5 0 S2_2
15056 28 -0.5 0 S2_2
15057 28 -0.5 0 S2_2
15059 28 -0.5 304.086031549793 S2_2
15060 28 -0.5 0 S2_2
15063 28 -0.5 50.8843222326018 S2_2
15066 28 -0.5 0 S2_2
15069 28 -0.5 338.435280363165 S2_2
15042 29 -0.5 30.9248719777303 S2_2
15045 29 -0.5 0 S2_2
15048 29 -0.5 0 S2_2
15049 29 -0.5 0 S2_2
15051 29 -0.5 179.313229007262 S2_2
15053 29 -0.5 241.944324007304 S2_2
15054 29 -0.5 0 S2_2
15055 29 -0.5 0 S2_2
15056 29 -0.5 0 S2_2
15057 29 -0.5 0 S2_2
15059 29 -0.5 182.935951924155 S2_2
15060 29 -0.5 0 S2_2
15063 29 -0.5 2.68107342910841 S2_2
15066 29 -0.5 0 S2_2
15069 29 -0.5 161.584719778401 S2_2
15042 30 -0.5 3.21038824855291 S2_2
15045 30 -0.5 0 S2_2
15048 30 -0.5 15.2483477717085 S2_2
15049 30 -0.5 0 S2_2
15051 30 -0.5 40.129732436487 S2_2
15053 30 -0.5 10.5497992358703 S2_2
15054 30 -0.5 0 S2_2
15055 30 -0.5 0 S2_2
15056 30 -0.5 0 S2_2
15057 30 -0.5 0 S2_2
15059 30 -0.5 38.9961480924978 S2_2
15060 30 -0.5 0 S2_2
15063 30 -0.5 0 S2_2
15066 30 -0.5 0 S2_2
15069 30 -0.5 0 S2_2
15042 31 -0.5 28.7752753588182 S2_2
15045 31 -0.5 0 S2_2
15048 31 -0.5 34.0982837961587 S2_2
15049 31 -0.5 0 S2_2
15051 31 -0.5 119.969324537648 S2_2
15053 31 -0.5 121.212541436606 S2_2
15054 31 -0.5 0 S2_2
15055 31 -0.5 0 S2_2
15056 31 -0.5 0 S2_2
15057 31 -0.5 0 S2_2
15059 31 -0.5 133.435584072694 S2_2
15060 31 -0.5 0 S2_2
15063 31 -0.5 4.31349341895227 S2_2
15066 31 -0.5 0 S2_2
15069 31 -0.5 62.6699233741337 S2_2
15042 1 -1.5 0 S2_2
15045 1 -1.5 0 S2_2
15048 1 -1.5 146.087730810527 S2_2
15049 1 -1.5 0 S2_2
15051 1 -1.5 105.155041853401 S2_2
15053 1 -1.5 128.778855631491 S2_2
15054 1 -1.5 0 S2_2
15055 1 -1.5 0 S2_2
15056 1 -1.5 0 S2_2
15057 1 -1.5 0 S2_2
15059 1 -1.5 71.2965974454112 S2_2
15060 1 -1.5 14.2195307522119 S2_2
15063 1 -1.5 0 S2_2
15066 1 -1.5 8.40104949706334 S2_2
15069 1 -1.5 65.8197200657263 S2_2
15042 2 -1.5 0 S2_2
15045 2 -1.5 0 S2_2
15048 2 -1.5 510.548281546712 S2_2
15049 2 -1.5 0 S2_2
15051 2 -1.5 0 S2_2
15053 2 -1.5 0 S2_2
15054 2 -1.5 0 S2_2
15055 2 -1.5 0 S2_2
15056 2 -1.5 0 S2_2
15057 2 -1.5 0 S2_2
15059 2 -1.5 0 S2_2
15060 2 -1.5 0 S2_2
15063 2 -1.5 0 S2_2
15066 2 -1.5 0 S2_2
15069 2 -1.5 0 S2_2
15042 3 -1.5 0 S2_2
15045 3 -1.5 0 S2_2
15048 3 -1.5 382.231456323514 S2_2
15049 3 -1.5 0 S2_2
15051 3 -1.5 5.12359986364461 S2_2
15053 3 -1.5 3.6132421754402 S2_2
15054 3 -1.5 0 S2_2
15055 3 -1.5 0 S2_2
15056 3 -1.5 0 S2_2
15057 3 -1.5 5.75153773404116 S2_2
15059 3 -1.5 50.7378025712536 S2_2
15060 3 -1.5 0 S2_2
15063 3 -1.5 0 S2_2
15066 3 -1.5 4.10642971903563 S2_2
15069 3 -1.5 1.57359695623335 S2_2
15042 4 -1.5 0 S2_2
15045 4 -1.5 0 S2_2
15048 4 -1.5 215.643899526855 S2_2
15049 4 -1.5 0 S2_2
15051 4 -1.5 51.6994200080527 S2_2
15053 4 -1.5 82.9163911517653 S2_2
15054 4 -1.5 0 S2_2
15055 4 -1.5 0 S2_2
15056 4 -1.5 0 S2_2
15057 4 -1.5 3.0506852763048 S2_2
15059 4 -1.5 83.3072342311598 S2_2
15060 4 -1.5 3.79375489819848 S2_2
15063 4 -1.5 0 S2_2
15066 4 -1.5 22.141656193732 S2_2
15069 4 -1.5 59.1887499532551 S2_2
15042 5 -1.5 0 S2_2
15045 5 -1.5 0 S2_2
15048 5 -1.5 0 S2_2
15049 5 -1.5 0 S2_2
15051 5 -1.5 0 S2_2
15053 5 -1.5 0 S2_2
15054 5 -1.5 0 S2_2
15055 5 -1.5 0 S2_2
15056 5 -1.5 0 S2_2
15057 5 -1.5 0 S2_2
15059 5 -1.5 0 S2_2
15060 5 -1.5 0 S2_2
15063 5 -1.5 0 S2_2
15066 5 -1.5 0 S2_2
15069 5 -1.5 0 S2_2
15042 6 -1.5 16.7890116684192 S2_2
15045 6 -1.5 55.9087958032662 S2_2
15048 6 -1.5 561.911493148516 S2_2
15049 6 -1.5 0 S2_2
15051 6 -1.5 164.74204115453 S2_2
15053 6 -1.5 205.34944191342 S2_2
15054 6 -1.5 1.84912599508753 S2_2
15055 6 -1.5 0 S2_2
15056 6 -1.5 7.66845126855747 S2_2
15057 6 -1.5 97.774319897917 S2_2
15059 6 -1.5 221.489135632268 S2_2
15060 6 -1.5 106.249386736134 S2_2
15063 6 -1.5 1.45037055516541 S2_2
15066 6 -1.5 206.966616736122 S2_2
15069 6 -1.5 166.911301954474 S2_2
15042 7 -1.5 0 S2_2
15045 7 -1.5 0 S2_2
15048 7 -1.5 521.557138451569 S2_2
15049 7 -1.5 0 S2_2
15051 7 -1.5 0 S2_2
15053 7 -1.5 0 S2_2
15054 7 -1.5 0 S2_2
15055 7 -1.5 0 S2_2
15056 7 -1.5 0 S2_2
15057 7 -1.5 0 S2_2
15059 7 -1.5 0 S2_2
15060 7 -1.5 0 S2_2
15063 7 -1.5 0 S2_2
15066 7 -1.5 0 S2_2
15069 7 -1.5 0 S2_2
15042 8 -1.5 0 S2_2
15045 8 -1.5 4.25744081952332 S2_2
15048 8 -1.5 355.083769555687 S2_2
15049 8 -1.5 0 S2_2
15051 8 -1.5 165.569695165563 S2_2
15053 8 -1.5 243.90342453312 S2_2
15054 8 -1.5 0 S2_2
15055 8 -1.5 0 S2_2
15056 8 -1.5 0 S2_2
15057 8 -1.5 28.5653691297076 S2_2
15059 8 -1.5 158.065914064657 S2_2
15060 8 -1.5 83.4179625077619 S2_2
15063 8 -1.5 0 S2_2
15066 8 -1.5 104.312822335927 S2_2
15069 8 -1.5 142.424620601363 S2_2
15042 9 -1.5 0 S2_2
15045 9 -1.5 3.32712426401618 S2_2
15048 9 -1.5 409.660267913426 S2_2
15049 9 -1.5 0 S2_2
15051 9 -1.5 87.3479779360836 S2_2
15053 9 -1.5 116.790832981637 S2_2
15054 9 -1.5 0 S2_2
15055 9 -1.5 0 S2_2
15056 9 -1.5 0 S2_2
15057 9 -1.5 34.8924407756396 S2_2
15059 9 -1.5 134.96509337261 S2_2
15060 9 -1.5 24.9778971795466 S2_2
15063 9 -1.5 0 S2_2
15066 9 -1.5 97.3575694553676 S2_2
15069 9 -1.5 94.3001915151425 S2_2
15042 10 -1.5 0 S2_2
15045 10 -1.5 3.19670028726135 S2_2
15048 10 -1.5 354.307561140405 S2_2
15049 10 -1.5 0 S2_2
15051 10 -1.5 148.761677275976 S2_2
15053 10 -1.5 218.411718149302 S2_2
15054 10 -1.5 0 S2_2
15055 10 -1.5 0 S2_2
15056 10 -1.5 0 S2_2
15057 10 -1.5 25.2049745068441 S2_2
15059 10 -1.5 149.671755495172 S2_2
15060 10 -1.5 73.3956974933058 S2_2
15063 10 -1.5 0 S2_2
15066 10 -1.5 99.4103680760162 S2_2
15069 10 -1.5 133.04742054395 S2_2
15042 11 -1.5 0 S2_2
15045 11 -1.5 0 S2_2
15048 11 -1.5 2.78475757429699 S2_2
15049 11 -1.5 0 S2_2
15051 11 -1.5 0 S2_2
15053 11 -1.5 2.56270239237905 S2_2
15054 11 -1.5 0 S2_2
15055 11 -1.5 0 S2_2
15056 11 -1.5 0 S2_2
15057 11 -1.5 0 S2_2
15059 11 -1.5 0 S2_2
15060 11 -1.5 0 S2_2
15063 11 -1.5 0 S2_2
15066 11 -1.5 0 S2_2
15069 11 -1.5 0 S2_2
15042 12 -1.5 0 S2_2
15045 12 -1.5 0 S2_2
15048 12 -1.5 5.05058826602747 S2_2
15049 12 -1.5 0 S2_2
15051 12 -1.5 2.03556646696137 S2_2
15053 12 -1.5 5.2774123867277 S2_2
15054 12 -1.5 0 S2_2
15055 12 -1.5 0 S2_2
15056 12 -1.5 0 S2_2
15057 12 -1.5 0 S2_2
15059 12 -1.5 0 S2_2
15060 12 -1.5 0 S2_2
15063 12 -1.5 0 S2_2
15066 12 -1.5 0 S2_2
15069 12 -1.5 0 S2_2
15042 13 -1.5 0 S2_2
15045 13 -1.5 0 S2_2
15048 13 -1.5 306.842557125305 S2_2
15049 13 -1.5 0 S2_2
15051 13 -1.5 18.8223315972566 S2_2
15053 13 -1.5 34.2527461366858 S2_2
15054 13 -1.5 0 S2_2
15055 13 -1.5 0 S2_2
15056 13 -1.5 0 S2_2
15057 13 -1.5 6.85299865280217 S2_2
15059 13 -1.5 77.37143242188 S2_2
15060 13 -1.5 0 S2_2
15063 13 -1.5 0 S2_2
15066 13 -1.5 17.1268781492448 S2_2
15069 13 -1.5 24.2922156022989 S2_2
15042 14 -1.5 0 S2_2
15045 14 -1.5 4.78709661269148 S2_2
15048 14 -1.5 581.464746374813 S2_2
15049 14 -1.5 0 S2_2
15051 14 -1.5 19.2886232812495 S2_2
15053 14 -1.5 2.45246406713443 S2_2
15054 14 -1.5 4.52876904640996 S2_2
15055 14 -1.5 0 S2_2
15056 14 -1.5 0 S2_2
15057 14 -1.5 27.5652790329712 S2_2
15059 14 -1.5 59.2256666066901 S2_2
15060 14 -1.5 0 S2_2
15063 14 -1.5 0 S2_2
15066 14 -1.5 3.65559874733287 S2_2
15069 14 -1.5 0 S2_2
15042 15 -1.5 51.0989238957749 S2_2
15045 15 -1.5 105.636654854713 S2_2
15048 15 -1.5 617.623970086597 S2_2
15049 15 -1.5 16.7831266560851 S2_2
15051 15 -1.5 331.746768422798 S2_2
15053 15 -1.5 429.424807655524 S2_2
15054 15 -1.5 5.53815852144638 S2_2
15055 15 -1.5 5.85728682511293 S2_2
15056 15 -1.5 32.4437053204835 S2_2
15057 15 -1.5 126.74802433888 S2_2
15059 15 -1.5 308.655144529207 S2_2
15060 15 -1.5 220.922337230046 S2_2
15063 15 -1.5 12.9187310978195 S2_2
15066 15 -1.5 292.718469646409 S2_2
15069 15 -1.5 284.045561372574 S2_2
15042 16 -1.5 1.95209306884509 S2_2
15045 16 -1.5 20.2036158337764 S2_2
15048 16 -1.5 432.579352455757 S2_2
15049 16 -1.5 0 S2_2
15051 16 -1.5 264.176998924846 S2_2
15053 16 -1.5 357.854647865905 S2_2
15054 16 -1.5 0 S2_2
15055 16 -1.5 0 S2_2
15056 16 -1.5 0 S2_2
15057 16 -1.5 52.9832043383826 S2_2
15059 16 -1.5 206.801601875611 S2_2
15060 16 -1.5 131.945877167071 S2_2
15063 16 -1.5 0 S2_2
15066 16 -1.5 150.290652527528 S2_2
15069 16 -1.5 188.606736154103 S2_2
15042 17 -1.5 11.0661996106105 S2_2
15045 17 -1.5 41.3406254148074 S2_2
15048 17 -1.5 538.327023790776 S2_2
15049 17 -1.5 0 S2_2
15051 17 -1.5 121.913252227079 S2_2
15053 17 -1.5 142.246409839714 S2_2
15054 17 -1.5 2.51129863245233 S2_2
15055 17 -1.5 0 S2_2
15056 17 -1.5 4.53297946702463 S2_2
15057 17 -1.5 90.5465448560231 S2_2
15059 17 -1.5 182.876163394508 S2_2
15060 17 -1.5 57.5246647447596 S2_2
15063 17 -1.5 0 S2_2
15066 17 -1.5 172.05123661487 S2_2
15069 17 -1.5 118.822446092563 S2_2
15042 18 -1.5 0 S2_2
15045 18 -1.5 0 S2_2
15048 18 -1.5 100.935968098835 S2_2
15049 18 -1.5 0 S2_2
15051 18 -1.5 69.6332365860223 S2_2
15053 18 -1.5 89.8057093649007 S2_2
15054 18 -1.5 0 S2_2
15055 18 -1.5 0 S2_2
15056 18 -1.5 0 S2_2
15057 18 -1.5 0 S2_2
15059 18 -1.5 42.7808456759145 S2_2
15060 18 -1.5 1.89407241999004 S2_2
15063 18 -1.5 0 S2_2
15066 18 -1.5 0 S2_2
15069 18 -1.5 36.4816584834701 S2_2
15042 19 -1.5 0 S2_2
15045 19 -1.5 4.10078684303879 S2_2
15048 19 -1.5 372.256602964512 S2_2
15049 19 -1.5 0 S2_2
15051 19 -1.5 142.261169335028 S2_2
15053 19 -1.5 205.384871266474 S2_2
15054 19 -1.5 0 S2_2
15055 19 -1.5 0 S2_2
15056 19 -1.5 0 S2_2
15057 19 -1.5 30.248158236283 S2_2
15059 19 -1.5 154.800933514792 S2_2
15060 19 -1.5 71.9952755758833 S2_2
15063 19 -1.5 0 S2_2
15066 19 -1.5 106.606785626979 S2_2
15069 19 -1.5 134.11115009871 S2_2
15042 20 -1.5 18.4738996086096 S2_2
15045 20 -1.5 67.8376505712297 S2_2
15048 20 -1.5 536.983459076339 S2_2
15049 20 -1.5 5.30283295722917 S2_2
15051 20 -1.5 321.423052109957 S2_2
15053 20 -1.5 420.475795292552 S2_2
15054 20 -1.5 0 S2_2
15055 20 -1.5 0 S2_2
15056 20 -1.5 8.97605061027109 S2_2
15057 20 -1.5 94.1451635013848 S2_2
15059 20 -1.5 269.043332020617 S2_2
15060 20 -1.5 187.409948028252 S2_2
15063 20 -1.5 2.45361212329646 S2_2
15066 20 -1.5 227.508410394289 S2_2
15069 20 -1.5 249.822433515915 S2_2
15042 21 -1.5 0 S2_2
15045 21 -1.5 1.06835453125575 S2_2
15048 21 -1.5 303.723398883348 S2_2
15049 21 -1.5 0 S2_2
15051 21 -1.5 114.226502991695 S2_2
15053 21 -1.5 160.419827730011 S2_2
15054 21 -1.5 0 S2_2
15055 21 -1.5 0 S2_2
15056 21 -1.5 0 S2_2
15057 21 -1.5 13.3027512267764 S2_2
15059 21 -1.5 124.156090725841 S2_2
15060 21 -1.5 44.9075106016031 S2_2
15063 21 -1.5 0 S2_2
15066 21 -1.5 72.1808008919241 S2_2
15069 21 -1.5 108.034917566389 S2_2
15042 22 -1.5 0 S2_2
15045 22 -1.5 2.21600989844717 S2_2
15048 22 -1.5 320.016850596094 S2_2
15049 22 -1.5 0 S2_2
15051 22 -1.5 192.83806767296 S2_2
15053 22 -1.5 277.374019189937 S2_2
15054 22 -1.5 0 S2_2
15055 22 -1.5 0 S2_2
15056 22 -1.5 0 S2_2
15057 22 -1.5 16.4708534416784 S2_2
15059 22 -1.5 140.003041269008 S2_2
15060 22 -1.5 82.4821665501982 S2_2
15063 22 -1.5 0 S2_2
15066 22 -1.5 87.8562102601209 S2_2
15069 22 -1.5 131.566189157402 S2_2
15042 23 -1.5 1.03746724565571 S2_2
15045 23 -1.5 9.02271133217778 S2_2
15048 23 -1.5 444.370814785515 S2_2
15049 23 -1.5 0 S2_2
15051 23 -1.5 126.632411829713 S2_2
15053 23 -1.5 170.24025175539 S2_2
15054 23 -1.5 0 S2_2
15055 23 -1.5 0 S2_2
15056 23 -1.5 0 S2_2
15057 23 -1.5 46.3362540076537 S2_2
15059 23 -1.5 165.682819995817 S2_2
15060 23 -1.5 65.958818228314 S2_2
15063 23 -1.5 0 S2_2
15066 23 -1.5 130.77393189726 S2_2
15069 23 -1.5 130.253179060513 S2_2
15042 24 -1.5 0 S2_2
15045 24 -1.5 1.81604552734303 S2_2
15048 24 -1.5 327.340991739714 S2_2
15049 24 -1.5 0 S2_2
15051 24 -1.5 135.986268352459 S2_2
15053 24 -1.5 194.949509738912 S2_2
15054 24 -1.5 0 S2_2
15055 24 -1.5 0 S2_2
15056 24 -1.5 0 S2_2
15057 24 -1.5 17.6803944207489 S2_2
15059 24 -1.5 135.790541255799 S2_2
15060 24 -1.5 62.2380089278294 S2_2
15063 24 -1.5 0 S2_2
15066 24 -1.5 86.3370418936901 S2_2
15069 24 -1.5 121.356722687167 S2_2
15042 25 -1.5 0 S2_2
15045 25 -1.5 1.58097582681985 S2_2
15048 25 -1.5 559.252192188794 S2_2
15049 25 -1.5 0 S2_2
15051 25 -1.5 7.98100891110985 S2_2
15053 25 -1.5 0 S2_2
15054 25 -1.5 1.29050295514957 S2_2
15055 25 -1.5 0 S2_2
15056 25 -1.5 0 S2_2
15057 25 -1.5 13.4329284333302 S2_2
15059 25 -1.5 40.4921630335719 S2_2
15060 25 -1.5 0 S2_2
15063 25 -1.5 0 S2_2
15066 25 -1.5 1.31330648523168 S2_2
15069 25 -1.5 0 S2_2
15042 26 -1.5 1.02899715888165 S2_2
15045 26 -1.5 12.5321621239428 S2_2
15048 26 -1.5 413.315896534747 S2_2
15049 26 -1.5 0 S2_2
15051 26 -1.5 244.998460110846 S2_2
15053 26 -1.5 341.62703650101 S2_2
15054 26 -1.5 0 S2_2
15055 26 -1.5 0 S2_2
15056 26 -1.5 0 S2_2
15057 26 -1.5 42.6453955632096 S2_2
15059 26 -1.5 190.288128410582 S2_2
15060 26 -1.5 118.056733051996 S2_2
15063 26 -1.5 0 S2_2
15066 26 -1.5 134.368813923081 S2_2
15069 26 -1.5 172.321464498421 S2_2
15042 27 -1.5 0 S2_2
15045 27 -1.5 0 S2_2
15048 27 -1.5 403.179834913152 S2_2
15049 27 -1.5 0 S2_2
15051 27 -1.5 0 S2_2
15053 27 -1.5 0 S2_2
15054 27 -1.5 0 S2_2
15055 27 -1.5 0 S2_2
15056 27 -1.5 0 S2_2
15057 27 -1.5 0 S2_2
15059 27 -1.5 0 S2_2
15060 27 -1.5 0 S2_2
15063 27 -1.5 0 S2_2
15066 27 -1.5 0 S2_2
15069 27 -1.5 0 S2_2
15042 28 -1.5 2.58596543998146 S2_2
15045 28 -1.5 26.5209897996366 S2_2
15048 28 -1.5 461.415575045795 S2_2
15049 28 -1.5 0 S2_2
15051 28 -1.5 300.912102298695 S2_2
15053 28 -1.5 394.823495996214 S2_2
15054 28 -1.5 0 S2_2
15055 28 -1.5 0 S2_2
15056 28 -1.5 0 S2_2
15057 28 -1.5 56.7786508708229 S2_2
15059 28 -1.5 217.373378644632 S2_2
15060 28 -1.5 142.569894308221 S2_2
15063 28 -1.5 0 S2_2
15066 28 -1.5 161.604354460893 S2_2
15069 28 -1.5 198.269119243493 S2_2
15042 29 -1.5 0 S2_2
15045 29 -1.5 0 S2_2
15048 29 -1.5 190.765140252215 S2_2
15049 29 -1.5 0 S2_2
15051 29 -1.5 16.6124364099651 S2_2
15053 29 -1.5 39.5236544754155 S2_2
15054 29 -1.5 0 S2_2
15055 29 -1.5 0 S2_2
15056 29 -1.5 0 S2_2
15057 29 -1.5 1.29940005947142 S2_2
15059 29 -1.5 60.3343134105777 S2_2
15060 29 -1.5 0 S2_2
15063 29 -1.5 0 S2_2
15066 29 -1.5 5.63972186294362 S2_2
15069 29 -1.5 26.3146752754563 S2_2
15042 30 -1.5 0 S2_2
15045 30 -1.5 1.85442754830092 S2_2
15048 30 -1.5 548.92194567605 S2_2
15049 30 -1.5 0 S2_2
15051 30 -1.5 8.82288699002792 S2_2
15053 30 -1.5 1.00715648156047 S2_2
15054 30 -1.5 1.74402707499348 S2_2
15055 30 -1.5 0 S2_2
15056 30 -1.5 0 S2_2
15057 30 -1.5 14.9871538247813 S2_2
15059 30 -1.5 42.9974146366016 S2_2
15060 30 -1.5 0 S2_2
15063 30 -1.5 0 S2_2
15066 30 -1.5 1.40939148827023 S2_2
15069 30 -1.5 0 S2_2
15042 31 -1.5 0 S2_2
15045 31 -1.5 1.29552453325461 S2_2
15048 31 -1.5 505.614773103311 S2_2
15049 31 -1.5 0 S2_2
15051 31 -1.5 19.1898168062926 S2_2
15053 31 -1.5 15.1871566551924 S2_2
15054 31 -1.5 0 S2_2
15055 31 -1.5 0 S2_2
15056 31 -1.5 0 S2_2
15057 31 -1.5 15.6308099688563 S2_2
15059 31 -1.5 75.8013778696026 S2_2
15060 31 -1.5 0 S2_2
15063 31 -1.5 0 S2_2
15066 31 -1.5 28.6978655174904 S2_2
15069 31 -1.5 4.81166286811169 S2_2
15042 1 -3 0 S2_2
15045 1 -3 0 S2_2
15048 1 -3 0 S2_2
15049 1 -3 0 S2_2
15051 1 -3 0 S2_2
15053 1 -3 0 S2_2
15054 1 -3 0 S2_2
15055 1 -3 0 S2_2
15056 1 -3 0 S2_2
15057 1 -3 0 S2_2
15059 1 -3 0 S2_2
15060 1 -3 0 S2_2
15063 1 -3 0 S2_2
15066 1 -3 0 S2_2
15069 1 -3 0 S2_2
15042 2 -3 0 S2_2
15045 2 -3 0 S2_2
15048 2 -3 375.294638690701 S2_2
15049 2 -3 0 S2_2
15051 2 -3 0 S2_2
15053 2 -3 0 S2_2
15054 2 -3 0 S2_2
15055 2 -3 0 S2_2
15056 2 -3 0 S2_2
15057 2 -3 0 S2_2
15059 2 -3 0 S2_2
15060 2 -3 0 S2_2
15063 2 -3 0 S2_2
15066 2 -3 0 S2_2
15069 2 -3 0 S2_2
15042 3 -3 0 S2_2
15045 3 -3 0 S2_2
15048 3 -3 24.9529553457592 S2_2
15049 3 -3 0 S2_2
15051 3 -3 0 S2_2
15053 3 -3 0 S2_2
15054 3 -3 0 S2_2
15055 3 -3 0 S2_2
15056 3 -3 0 S2_2
15057 3 -3 0 S2_2
15059 3 -3 0 S2_2
15060 3 -3 0 S2_2
15063 3 -3 0 S2_2
15066 3 -3 0 S2_2
15069 3 -3 0 S2_2
15042 4 -3 0 S2_2
15045 4 -3 0 S2_2
15048 4 -3 0 S2_2
15049 4 -3 0 S2_2
15051 4 -3 0 S2_2
15053 4 -3 0 S2_2
15054 4 -3 0 S2_2
15055 4 -3 0 S2_2
15056 4 -3 0 S2_2
15057 4 -3 0 S2_2
15059 4 -3 0 S2_2
15060 4 -3 0 S2_2
15063 4 -3 0 S2_2
15066 4 -3 0 S2_2
15069 4 -3 0 S2_2
15042 5 -3 0 S2_2
15045 5 -3 0 S2_2
15048 5 -3 0 S2_2
15049 5 -3 0 S2_2
15051 5 -3 0 S2_2
15053 5 -3 0 S2_2
15054 5 -3 0 S2_2
15055 5 -3 0 S2_2
15056 5 -3 0 S2_2
15057 5 -3 0 S2_2
15059 5 -3 0 S2_2
15060 5 -3 0 S2_2
15063 5 -3 0 S2_2
15066 5 -3 0 S2_2
15069 5 -3 0 S2_2
15042 6 -3 0 S2_2
15045 6 -3 0 S2_2
15048 6 -3 247.881898455546 S2_2
15049 6 -3 0 S2_2
15051 6 -3 46.8038316694772 S2_2
15053 6 -3 71.3565510841694 S2_2
15054 6 -3 0 S2_2
15055 6 -3 0 S2_2
15056 6 -3 0 S2_2
15057 6 -3 9.5835329299209 S2_2
15059 6 -3 89.0054176678087 S2_2
15060 6 -3 4.23164651764647 S2_2
15063 6 -3 0 S2_2
15066 6 -3 33.4077239261431 S2_2
15069 6 -3 55.8671731146683 S2_2
15042 7 -3 0 S2_2
15045 7 -3 0 S2_2
15048 7 -3 396.659874468253 S2_2
15049 7 -3 0 S2_2
15051 7 -3 0 S2_2
15053 7 -3 0 S2_2
15054 7 -3 0 S2_2
15055 7 -3 0 S2_2
15056 7 -3 0 S2_2
15057 7 -3 0 S2_2
15059 7 -3 0 S2_2
15060 7 -3 0 S2_2
15063 7 -3 0 S2_2
15066 7 -3 0 S2_2
15069 7 -3 0 S2_2
15042 8 -3 0 S2_2
15045 8 -3 0 S2_2
15048 8 -3 14.5991779983722 S2_2
15049 8 -3 0 S2_2
15051 8 -3 0 S2_2
15053 8 -3 2.77034693852346 S2_2
15054 8 -3 0 S2_2
15055 8 -3 0 S2_2
15056 8 -3 0 S2_2
15057 8 -3 0 S2_2
15059 8 -3 0 S2_2
15060 8 -3 0 S2_2
15063 8 -3 0 S2_2
15066 8 -3 0 S2_2
15069 8 -3 0 S2_2
15042 9 -3 0 S2_2
15045 9 -3 0 S2_2
15048 9 -3 44.8091847179665 S2_2
15049 9 -3 0 S2_2
15051 9 -3 0 S2_2
15053 9 -3 0 S2_2
15054 9 -3 0 S2_2
15055 9 -3 0 S2_2
15056 9 -3 0 S2_2
15057 9 -3 0 S2_2
15059 9 -3 0 S2_2
15060 9 -3 0 S2_2
15063 9 -3 0 S2_2
15066 9 -3 0 S2_2
15069 9 -3 0 S2_2
15042 10 -3 0 S2_2
15045 10 -3 0 S2_2
15048 10 -3 4.79186286014736 S2_2
15049 10 -3 0 S2_2
15051 10 -3 0 S2_2
15053 10 -3 0 S2_2
15054 10 -3 0 S2_2
15055 10 -3 0 S2_2
15056 10 -3 0 S2_2
15057 10 -3 0 S2_2
15059 10 -3 0 S2_2
15060 10 -3 0 S2_2
15063 10 -3 0 S2_2
15066 10 -3 0 S2_2
15069 10 -3 0 S2_2
15042 11 -3 0 S2_2
15045 11 -3 0 S2_2
15048 11 -3 0 S2_2
15049 11 -3 0 S2_2
15051 11 -3 0 S2_2
15053 11 -3 0 S2_2
15054 11 -3 0 S2_2
15055 11 -3 0 S2_2
15056 11 -3 0 S2_2
15057 11 -3 0 S2_2
15059 11 -3 0 S2_2
15060 11 -3 0 S2_2
15063 11 -3 0 S2_2
15066 11 -3 0 S2_2
15069 11 -3 0 S2_2
15042 12 -3 0 S2_2
15045 12 -3 0 S2_2
15048 12 -3 0 S2_2
15049 12 -3 0 S2_2
15051 12 -3 0 S2_2
15053 12 -3 0 S2_2
15054 12 -3 0 S2_2
15055 12 -3 0 S2_2
15056 12 -3 0 S2_2
15057 12 -3 0 S2_2
15059 12 -3 0 S2_2
15060 12 -3 0 S2_2
15063 12 -3 0 S2_2
15066 12 -3 0 S2_2
15069 12 -3 0 S2_2
15042 13 -3 0 S2_2
15045 13 -3 0 S2_2
15048 13 -3 37.2513248391854 S2_2
15049 13 -3 0 S2_2
15051 13 -3 0 S2_2
15053 13 -3 0 S2_2
15054 13 -3 0 S2_2
15055 13 -3 0 S2_2
15056 13 -3 0 S2_2
15057 13 -3 0 S2_2
15059 13 -3 0 S2_2
15060 13 -3 0 S2_2
15063 13 -3 0 S2_2
15066 13 -3 0 S2_2
15069 13 -3 0 S2_2
15042 14 -3 0 S2_2
15045 14 -3 0 S2_2
15048 14 -3 404.064210144361 S2_2
15049 14 -3 0 S2_2
15051 14 -3 0 S2_2
15053 14 -3 0 S2_2
15054 14 -3 0 S2_2
15055 14 -3 0 S2_2
15056 14 -3 0 S2_2
15057 14 -3 2.04086325381235 S2_2
15059 14 -3 8.33755324684991 S2_2
15060 14 -3 0 S2_2
15063 14 -3 0 S2_2
15066 14 -3 0 S2_2
15069 14 -3 0 S2_2
15042 15 -3 0 S2_2
15045 15 -3 7.6001576975082 S2_2
15048 15 -3 331.928027474431 S2_2
15049 15 -3 0 S2_2
15051 15 -3 162.475150648078 S2_2
15053 15 -3 208.860709307981 S2_2
15054 15 -3 0 S2_2
15055 15 -3 2.89207592322853 S2_2
15056 15 -3 6.51830622847016 S2_2
15057 15 -3 41.4686170040154 S2_2
15059 15 -3 156.02770884567 S2_2
15060 15 -3 97.5247906758552 S2_2
15063 15 -3 0 S2_2
15066 15 -3 122.040796059919 S2_2
15069 15 -3 145.455721548604 S2_2
15042 16 -3 0 S2_2
15045 16 -3 0 S2_2
15048 16 -3 65.2938470952664 S2_2
15049 16 -3 0 S2_2
15051 16 -3 25.9509716566431 S2_2
15053 16 -3 45.3977978912205 S2_2
15054 16 -3 0 S2_2
15055 16 -3 0 S2_2
15056 16 -3 0 S2_2
15057 16 -3 0 S2_2
15059 16 -3 12.6997369327888 S2_2
15060 16 -3 0 S2_2
15063 16 -3 0 S2_2
15066 16 -3 0 S2_2
15069 16 -3 9.53649915762064 S2_2
15042 17 -3 0 S2_2
15045 17 -3 0 S2_2
15048 17 -3 313.239233482898 S2_2
15049 17 -3 0 S2_2
15051 17 -3 35.447812987896 S2_2
15053 17 -3 50.3653798472388 S2_2
15054 17 -3 0 S2_2
15055 17 -3 0 S2_2
15056 17 -3 1.27874592085696 S2_2
15057 17 -3 18.5020018578954 S2_2
15059 17 -3 90.7940088220623 S2_2
15060 17 -3 1.87364406155756 S2_2
15063 17 -3 0 S2_2
15066 17 -3 35.8809245414437 S2_2
15069 17 -3 38.7710574544021 S2_2
15042 18 -3 0 S2_2
15045 18 -3 0 S2_2
15048 18 -3 0 S2_2
15049 18 -3 0 S2_2
15051 18 -3 0 S2_2
15053 18 -3 0 S2_2
15054 18 -3 0 S2_2
15055 18 -3 0 S2_2
15056 18 -3 0 S2_2
15057 18 -3 0 S2_2
15059 18 -3 0 S2_2
15060 18 -3 0 S2_2
15063 18 -3 0 S2_2
15066 18 -3 0 S2_2
15069 18 -3 0 S2_2
15042 19 -3 0 S2_2
15045 19 -3 0 S2_2
15048 19 -3 12.6445109395098 S2_2
15049 19 -3 0 S2_2
15051 19 -3 0 S2_2
15053 19 -3 0 S2_2
15054 19 -3 0 S2_2
15055 19 -3 0 S2_2
15056 19 -3 0 S2_2
15057 19 -3 0 S2_2
15059 19 -3 0 S2_2
15060 19 -3 0 S2_2
15063 19 -3 0 S2_2
15066 19 -3 0 S2_2
15069 19 -3 0 S2_2
15042 20 -3 0 S2_2
15045 20 -3 0 S2_2
15048 20 -3 185.727563149899 S2_2
15049 20 -3 0 S2_2
15051 20 -3 106.480259093154 S2_2
15053 20 -3 137.2837304026 S2_2
15054 20 -3 0 S2_2
15055 20 -3 0 S2_2
15056 20 -3 0 S2_2
15057 20 -3 2.95269534710074 S2_2
15059 20 -3 89.5026743113543 S2_2
15060 20 -3 30.6818032323741 S2_2
15063 20 -3 0 S2_2
15066 20 -3 22.5139928664518 S2_2
15069 20 -3 83.9820382600163 S2_2
15042 21 -3 0 S2_2
15045 21 -3 0 S2_2
15048 21 -3 0 S2_2
15049 21 -3 0 S2_2
15051 21 -3 0 S2_2
15053 21 -3 0 S2_2
15054 21 -3 0 S2_2
15055 21 -3 0 S2_2
15056 21 -3 0 S2_2
15057 21 -3 0 S2_2
15059 21 -3 0 S2_2
15060 21 -3 0 S2_2
15063 21 -3 0 S2_2
15066 21 -3 0 S2_2
15069 21 -3 0 S2_2
15042 22 -3 0 S2_2
15045 22 -3 0 S2_2
15048 22 -3 0 S2_2
15049 22 -3 0 S2_2
15051 22 -3 0 S2_2
15053 22 -3 0 S2_2
15054 22 -3 0 S2_2
15055 22 -3 0 S2_2
15056 22 -3 0 S2_2
15057 22 -3 0 S2_2
15059 22 -3 0 S2_2
15060 22 -3 0 S2_2
15063 22 -3 0 S2_2
15066 22 -3 0 S2_2
15069 22 -3 0 S2_2
15042 23 -3 0 S2_2
15045 23 -3 0 S2_2
15048 23 -3 52.6443694737029 S2_2
15049 23 -3 0 S2_2
15051 23 -3 0 S2_2
15053 23 -3 1.1539704638382 S2_2
15054 23 -3 0 S2_2
15055 23 -3 0 S2_2
15056 23 -3 0 S2_2
15057 23 -3 0 S2_2
15059 23 -3 2.11243219044118 S2_2
15060 23 -3 0 S2_2
15063 23 -3 0 S2_2
15066 23 -3 0 S2_2
15069 23 -3 0 S2_2
15042 24 -3 0 S2_2
15045 24 -3 0 S2_2
15048 24 -3 0 S2_2
15049 24 -3 0 S2_2
15051 24 -3 0 S2_2
15053 24 -3 0 S2_2
15054 24 -3 0 S2_2
15055 24 -3 0 S2_2
15056 24 -3 0 S2_2
15057 24 -3 0 S2_2
15059 24 -3 0 S2_2
15060 24 -3 0 S2_2
15063 24 -3 0 S2_2
15066 24 -3 0 S2_2
15069 24 -3 0 S2_2
15042 25 -3 0 S2_2
15045 25 -3 0 S2_2
15048 25 -3 277.123897876319 S2_2
15049 25 -3 0 S2_2
15051 25 -3 0 S2_2
15053 25 -3 0 S2_2
15054 25 -3 0 S2_2
15055 25 -3 0 S2_2
15056 25 -3 0 S2_2
15057 25 -3 0 S2_2
15059 25 -3 0 S2_2
15060 25 -3 0 S2_2
15063 25 -3 0 S2_2
15066 25 -3 0 S2_2
15069 25 -3 0 S2_2
15042 26 -3 0 S2_2
15045 26 -3 0 S2_2
15048 26 -3 31.4203501980195 S2_2
15049 26 -3 0 S2_2
15051 26 -3 6.477063901849 S2_2
15053 26 -3 17.5111738534582 S2_2
15054 26 -3 0 S2_2
15055 26 -3 0 S2_2
15056 26 -3 0 S2_2
15057 26 -3 0 S2_2
15059 26 -3 2.29171660054982 S2_2
15060 26 -3 0 S2_2
15063 26 -3 0 S2_2
15066 26 -3 0 S2_2
15069 26 -3 1.58378015646413 S2_2
15042 27 -3 0 S2_2
15045 27 -3 0 S2_2
15048 27 -3 137.805444931282 S2_2
15049 27 -3 0 S2_2
15051 27 -3 0 S2_2
15053 27 -3 0 S2_2
15054 27 -3 0 S2_2
15055 27 -3 0 S2_2
15056 27 -3 0 S2_2
15057 27 -3 0 S2_2
15059 27 -3 0 S2_2
15060 27 -3 0 S2_2
15063 27 -3 0 S2_2
15066 27 -3 0 S2_2
15069 27 -3 0 S2_2
15042 28 -3 0 S2_2
15045 28 -3 0 S2_2
15048 28 -3 63.9644913656413 S2_2
15049 28 -3 0 S2_2
15051 28 -3 31.6687154423846 S2_2
15053 28 -3 47.6476408172202 S2_2
15054 28 -3 0 S2_2
15055 28 -3 0 S2_2
15056 28 -3 0 S2_2
15057 28 -3 0 S2_2
15059 28 -3 12.1846163589877 S2_2
15060 28 -3 0 S2_2
15063 28 -3 0 S2_2
15066 28 -3 0 S2_2
15069 28 -3 9.49550985181272 S2_2
15042 29 -3 0 S2_2
15045 29 -3 0 S2_2
15048 29 -3 0 S2_2
15049 29 -3 0 S2_2
15051 29 -3 0 S2_2
15053 29 -3 0 S2_2
15054 29 -3 0 S2_2
15055 29 -3 0 S2_2
15056 29 -3 0 S2_2
15057 29 -3 0 S2_2
15059 29 -3 0 S2_2
15060 29 -3 0 S2_2
15063 29 -3 0 S2_2
15066 29 -3 0 S2_2
15069 29 -3 0 S2_2
15042 30 -3 0 S2_2
15045 30 -3 0 S2_2
15048 30 -3 319.858175936519 S2_2
15049 30 -3 0 S2_2
15051 30 -3 0 S2_2
15053 30 -3 0 S2_2
15054 30 -3 0 S2_2
15055 30 -3 0 S2_2
15056 30 -3 0 S2_2
15057 30 -3 0 S2_2
15059 30 -3 1.42029059538377 S2_2
15060 30 -3 0 S2_2
15063 30 -3 0 S2_2
15066 30 -3 0 S2_2
15069 30 -3 0 S2_2
15042 31 -3 0 S2_2
15045 31 -3 0 S2_2
15048 31 -3 88.598150432303 S2_2
15049 31 -3 0 S2_2
15051 31 -3 0 S2_2
15053 31 -3 0 S2_2
15054 31 -3 0 S2_2
15055 31 -3 0 S2_2
15056 31 -3 0 S2_2
15057 31 -3 0 S2_2
15059 31 -3 0 S2_2
15060 31 -3 0 S2_2
15063 31 -3 0 S2_2
15066 31 -3 0 S2_2
15069 31 -3 0 S2_2
15042 1 -5 0 S2_2
15045 1 -5 0 S2_2
15048 1 -5 0 S2_2
15049 1 -5 0 S2_2
15051 1 -5 0 S2_2
15053 1 -5 0 S2_2
15054 1 -5 0 S2_2
15055 1 -5 0 S2_2
15056 1 -5 0 S2_2
15057 1 -5 0 S2_2
15059 1 -5 0 S2_2
15060 1 -5 0 S2_2
15063 1 -5 0 S2_2
15066 1 -5 0 S2_2
15069 1 -5 0 S2_2
15042 2 -5 0 S2_2
15045 2 -5 0 S2_2
15048 2 -5 205.575120103809 S2_2
15049 2 -5 0 S2_2
15051 2 -5 0 S2_2
15053 2 -5 0 S2_2
15054 2 -5 0 S2_2
15055 2 -5 0 S2_2
15056 2 -5 0 S2_2
15057 2 -5 0 S2_2
15059 2 -5 0 S2_2
15060 2 -5 0 S2_2
15063 2 -5 0 S2_2
15066 2 -5 0 S2_2
15069 2 -5 0 S2_2
15042 3 -5 0 S2_2
15045 3 -5 0 S2_2
15048 3 -5 0 S2_2
15049 3 -5 0 S2_2
15051 3 -5 0 S2_2
15053 3 -5 0 S2_2
15054 3 -5 0 S2_2
15055 3 -5 0 S2_2
15056 3 -5 0 S2_2
15057 3 -5 0 S2_2
15059 3 -5 0 S2_2
15060 3 -5 0 S2_2
15063 3 -5 0 S2_2
15066 3 -5 0 S2_2
15069 3 -5 0 S2_2
15042 4 -5 0 S2_2
15045 4 -5 0 S2_2
15048 4 -5 0 S2_2
15049 4 -5 0 S2_2
15051 4 -5 0 S2_2
15053 4 -5 0 S2_2
15054 4 -5 0 S2_2
15055 4 -5 0 S2_2
15056 4 -5 0 S2_2
15057 4 -5 0 S2_2
15059 4 -5 0 S2_2
15060 4 -5 0 S2_2
15063 4 -5 0 S2_2
15066 4 -5 0 S2_2
15069 4 -5 0 S2_2
15042 5 -5 0 S2_2
15045 5 -5 0 S2_2
15048 5 -5 0 S2_2
15049 5 -5 0 S2_2
15051 5 -5 0 S2_2
15053 5 -5 0 S2_2
15054 5 -5 0 S2_2
15055 5 -5 0 S2_2
15056 5 -5 0 S2_2
15057 5 -5 0 S2_2
15059 5 -5 0 S2_2
15060 5 -5 0 S2_2
15063 5 -5 0 S2_2
15066 5 -5 0 S2_2
15069 5 -5 0 S2_2
15042 6 -5 0 S2_2
15045 6 -5 0 S2_2
15048 6 -5 37.0769573650893 S2_2
15049 6 -5 0 S2_2
15051 6 -5 0 S2_2
15053 6 -5 0 S2_2
15054 6 -5 0 S2_2
15055 6 -5 0 S2_2
15056 6 -5 0 S2_2
15057 6 -5 0 S2_2
15059 6 -5 0 S2_2
15060 6 -5 0 S2_2
15063 6 -5 0 S2_2
15066 6 -5 0 S2_2
15069 6 -5 0 S2_2
15042 7 -5 0 S2_2
15045 7 -5 0 S2_2
15048 7 -5 231.021491727009 S2_2
15049 7 -5 0 S2_2
15051 7 -5 0 S2_2
15053 7 -5 0 S2_2
15054 7 -5 0 S2_2
15055 7 -5 0 S2_2
15056 7 -5 0 S2_2
15057 7 -5 0 S2_2
15059 7 -5 0 S2_2
15060 7 -5 0 S2_2
15063 7 -5 0 S2_2
15066 7 -5 0 S2_2
15069 7 -5 0 S2_2
15042 8 -5 0 S2_2
15045 8 -5 0 S2_2
15048 8 -5 0 S2_2
15049 8 -5 0 S2_2
15051 8 -5 0 S2_2
15053 8 -5 0 S2_2
15054 8 -5 0 S2_2
15055 8 -5 0 S2_2
15056 8 -5 0 S2_2
15057 8 -5 0 S2_2
15059 8 -5 0 S2_2
15060 8 -5 0 S2_2
15063 8 -5 0 S2_2
15066 8 -5 0 S2_2
15069 8 -5 0 S2_2
15042 9 -5 0 S2_2
15045 9 -5 0 S2_2
15048 9 -5 0 S2_2
15049 9 -5 0 S2_2
15051 9 -5 0 S2_2
15053 9 -5 0 S2_2
15054 9 -5 0 S2_2
15055 9 -5 0 S2_2
15056 9 -5 0 S2_2
15057 9 -5 0 S2_2
15059 9 -5 0 S2_2
15060 9 -5 0 S2_2
15063 9 -5 0 S2_2
15066 9 -5 0 S2_2
15069 9 -5 0 S2_2
15042 10 -5 0 S2_2
15045 10 -5 0 S2_2
15048 10 -5 0 S2_2
15049 10 -5 0 S2_2
15051 10 -5 0 S2_2
15053 10 -5 0 S2_2
15054 10 -5 0 S2_2
15055 10 -5 0 S2_2
15056 10 -5 0 S2_2
15057 10 -5 0 S2_2
15059 10 -5 0 S2_2
15060 10 -5 0 S2_2
15063 10 -5 0 S2_2
15066 10 -5 0 S2_2
15069 10 -5 0 S2_2
15042 11 -5 0 S2_2
15045 11 -5 0 S2_2
15048 11 -5 0 S2_2
15049 11 -5 0 S2_2
15051 11 -5 0 S2_2
15053 11 -5 0 S2_2
15054 11 -5 0 S2_2
15055 11 -5 0 S2_2
15056 11 -5 0 S2_2
15057 11 -5 0 S2_2
15059 11 -5 0 S2_2
15060 11 -5 0 S2_2
15063 11 -5 0 S2_2
15066 11 -5 0 S2_2
15069 11 -5 0 S2_2
15042 12 -5 0 S2_2
15045 12 -5 0 S2_2
15048 12 -5 0 S2_2
15049 12 -5 0 S2_2
15051 12 -5 0 S2_2
15053 12 -5 0 S2_2
15054 12 -5 0 S2_2
15055 12 -5 0 S2_2
15056 12 -5 0 S2_2
15057 12 -5 0 S2_2
15059 12 -5 0 S2_2
15060 12 -5 0 S2_2
15063 12 -5 0 S2_2
15066 12 -5 0 S2_2
15069 12 -5 0 S2_2
15042 13 -5 0 S2_2
15045 13 -5 0 S2_2
15048 13 -5 0 S2_2
15049 13 -5 0 S2_2
15051 13 -5 0 S2_2
15053 13 -5 0 S2_2
15054 13 -5 0 S2_2
15055 13 -5 0 S2_2
15056 13 -5 0 S2_2
15057 13 -5 0 S2_2
15059 13 -5 0 S2_2
15060 13 -5 0 S2_2
15063 13 -5 0 S2_2
15066 13 -5 0 S2_2
15069 13 -5 0 S2_2
15042 14 -5 0 S2_2
15045 14 -5 0 S2_2
15048 14 -5 193.882019514937 S2_2
15049 14 -5 0 S2_2
15051 14 -5 0 S2_2
15053 14 -5 0 S2_2
15054 14 -5 0 S2_2
15055 14 -5 0 S2_2
15056 14 -5 0 S2_2
15057 14 -5 0 S2_2
15059 14 -5 0 S2_2
15060 14 -5 0 S2_2
15063 14 -5 0 S2_2
15066 14 -5 0 S2_2
15069 14 -5 0 S2_2
15042 15 -5 0 S2_2
15045 15 -5 0 S2_2
15048 15 -5 96.1568910173012 S2_2
15049 15 -5 0 S2_2
15051 15 -5 24.1439115474243 S2_2
15053 15 -5 49.3369278583348 S2_2
15054 15 -5 0 S2_2
15055 15 -5 0 S2_2
15056 15 -5 0 S2_2
15057 15 -5 0 S2_2
15059 15 -5 27.3066560030554 S2_2
15060 15 -5 0 S2_2
15063 15 -5 0 S2_2
15066 15 -5 0 S2_2
15069 15 -5 19.939741351763 S2_2
15042 16 -5 0 S2_2
15045 16 -5 0 S2_2
15048 16 -5 0 S2_2
15049 16 -5 0 S2_2
15051 16 -5 0 S2_2
15053 16 -5 0 S2_2
15054 16 -5 0 S2_2
15055 16 -5 0 S2_2
15056 16 -5 0 S2_2
15057 16 -5 0 S2_2
15059 16 -5 0 S2_2
15060 16 -5 0 S2_2
15063 16 -5 0 S2_2
15066 16 -5 0 S2_2
15069 16 -5 0 S2_2
15042 17 -5 0 S2_2
15045 17 -5 0 S2_2
15048 17 -5 108.281988903122 S2_2
15049 17 -5 0 S2_2
15051 17 -5 0 S2_2
15053 17 -5 0 S2_2
15054 17 -5 0 S2_2
15055 17 -5 0 S2_2
15056 17 -5 0 S2_2
15057 17 -5 0 S2_2
15059 17 -5 3.2945406460543 S2_2
15060 17 -5 0 S2_2
15063 17 -5 0 S2_2
15066 17 -5 0 S2_2
15069 17 -5 0 S2_2
15042 18 -5 0 S2_2
15045 18 -5 0 S2_2
15048 18 -5 0 S2_2
15049 18 -5 0 S2_2
15051 18 -5 0 S2_2
15053 18 -5 0 S2_2
15054 18 -5 0 S2_2
15055 18 -5 0 S2_2
15056 18 -5 0 S2_2
15057 18 -5 0 S2_2
15059 18 -5 0 S2_2
15060 18 -5 0 S2_2
15063 18 -5 0 S2_2
15066 18 -5 0 S2_2
15069 18 -5 0 S2_2
15042 19 -5 0 S2_2
15045 19 -5 0 S2_2
15048 19 -5 0 S2_2
15049 19 -5 0 S2_2
15051 19 -5 0 S2_2
15053 19 -5 0 S2_2
15054 19 -5 0 S2_2
15055 19 -5 0 S2_2
15056 19 -5 0 S2_2
15057 19 -5 0 S2_2
15059 19 -5 0 S2_2
15060 19 -5 0 S2_2
15063 19 -5 0 S2_2
15066 19 -5 0 S2_2
15069 19 -5 0 S2_2
15042 20 -5 0 S2_2
15045 20 -5 0 S2_2
15048 20 -5 1.78271165432917 S2_2
15049 20 -5 0 S2_2
15051 20 -5 0 S2_2
15053 20 -5 0 S2_2
15054 20 -5 0 S2_2
15055 20 -5 0 S2_2
15056 20 -5 0 S2_2
15057 20 -5 0 S2_2
15059 20 -5 0 S2_2
15060 20 -5 0 S2_2
15063 20 -5 0 S2_2
15066 20 -5 0 S2_2
15069 20 -5 0 S2_2
15042 21 -5 0 S2_2
15045 21 -5 0 S2_2
15048 21 -5 0 S2_2
15049 21 -5 0 S2_2
15051 21 -5 0 S2_2
15053 21 -5 0 S2_2
15054 21 -5 0 S2_2
15055 21 -5 0 S2_2
15056 21 -5 0 S2_2
15057 21 -5 0 S2_2
15059 21 -5 0 S2_2
15060 21 -5 0 S2_2
15063 21 -5 0 S2_2
15066 21 -5 0 S2_2
15069 21 -5 0 S2_2
15042 22 -5 0 S2_2
15045 22 -5 0 S2_2
15048 22 -5 0 S2_2
15049 22 -5 0 S2_2
15051 22 -5 0 S2_2
15053 22 -5 0 S2_2
15054 22 -5 0 S2_2
15055 22 -5 0 S2_2
15056 22 -5 0 S2_2
15057 22 -5 0 S2_2
15059 22 -5 0 S2_2
15060 22 -5 0 S2_2
15063 22 -5 0 S2_2
15066 22 -5 0 S2_2
15069 22 -5 0 S2_2
15042 23 -5 0 S2_2
15045 23 -5 0 S2_2
15048 23 -5 0 S2_2
15049 23 -5 0 S2_2
15051 23 -5 0 S2_2
15053 23 -5 0 S2_2
15054 23 -5 0 S2_2
15055 23 -5 0 S2_2
15056 23 -5 0 S2_2
15057 23 -5 0 S2_2
15059 23 -5 0 S2_2
15060 23 -5 0 S2_2
15063 23 -5 0 S2_2
15066 23 -5 0 S2_2
15069 23 -5 0 S2_2
15042 24 -5 0 S2_2
15045 24 -5 0 S2_2
15048 24 -5 0 S2_2
15049 24 -5 0 S2_2
15051 24 -5 0 S2_2
15053 24 -5 0 S2_2
15054 24 -5 0 S2_2
15055 24 -5 0 S2_2
15056 24 -5 0 S2_2
15057 24 -5 0 S2_2
15059 24 -5 0 S2_2
15060 24 -5 0 S2_2
15063 24 -5 0 S2_2
15066 24 -5 0 S2_2
15069 24 -5 0 S2_2
15042 25 -5 0 S2_2
15045 25 -5 0 S2_2
15048 25 -5 66.4051659557843 S2_2
15049 25 -5 0 S2_2
15051 25 -5 0 S2_2
15053 25 -5 0 S2_2
15054 25 -5 0 S2_2
15055 25 -5 0 S2_2
15056 25 -5 0 S2_2
15057 25 -5 0 S2_2
15059 25 -5 0 S2_2
15060 25 -5 0 S2_2
15063 25 -5 0 S2_2
15066 25 -5 0 S2_2
15069 25 -5 0 S2_2
15042 26 -5 0 S2_2
15045 26 -5 0 S2_2
15048 26 -5 0 S2_2
15049 26 -5 0 S2_2
15051 26 -5 0 S2_2
15053 26 -5 0 S2_2
15054 26 -5 0 S2_2
15055 26 -5 0 S2_2
15056 26 -5 0 S2_2
15057 26 -5 0 S2_2
15059 26 -5 0 S2_2
15060 26 -5 0 S2_2
15063 26 -5 0 S2_2
15066 26 -5 0 S2_2
15069 26 -5 0 S2_2
15042 27 -5 0 S2_2
15045 27 -5 0 S2_2
15048 27 -5 0 S2_2
15049 27 -5 0 S2_2
15051 27 -5 0 S2_2
15053 27 -5 0 S2_2
15054 27 -5 0 S2_2
15055 27 -5 0 S2_2
15056 27 -5 0 S2_2
15057 27 -5 0 S2_2
15059 27 -5 0 S2_2
15060 27 -5 0 S2_2
15063 27 -5 0 S2_2
15066 27 -5 0 S2_2
15069 27 -5 0 S2_2
15042 28 -5 0 S2_2
15045 28 -5 0 S2_2
15048 28 -5 0 S2_2
15049 28 -5 0 S2_2
15051 28 -5 0 S2_2
15053 28 -5 0 S2_2
15054 28 -5 0 S2_2
15055 28 -5 0 S2_2
15056 28 -5 0 S2_2
15057 28 -5 0 S2_2
15059 28 -5 0 S2_2
15060 28 -5 0 S2_2
15063 28 -5 0 S2_2
15066 28 -5 0 S2_2
15069 28 -5 0 S2_2
15042 29 -5 0 S2_2
15045 29 -5 0 S2_2
15048 29 -5 0 S2_2
15049 29 -5 0 S2_2
15051 29 -5 0 S2_2
15053 29 -5 0 S2_2
15054 29 -5 0 S2_2
15055 29 -5 0 S2_2
15056 29 -5 0 S2_2
15057 29 -5 0 S2_2
15059 29 -5 0 S2_2
15060 29 -5 0 S2_2
15063 29 -5 0 S2_2
15066 29 -5 0 S2_2
15069 29 -5 0 S2_2
15042 30 -5 0 S2_2
15045 30 -5 0 S2_2
15048 30 -5 111.20086893236 S2_2
15049 30 -5 0 S2_2
15051 30 -5 0 S2_2
15053 30 -5 0 S2_2
15054 30 -5 0 S2_2
15055 30 -5 0 S2_2
15056 30 -5 0 S2_2
15057 30 -5 0 S2_2
15059 30 -5 0 S2_2
15060 30 -5 0 S2_2
15063 30 -5 0 S2_2
15066 30 -5 0 S2_2
15069 30 -5 0 S2_2
15042 31 -5 0 S2_2
15045 31 -5 0 S2_2
15048 31 -5 0 S2_2
15049 31 -5 0 S2_2
15051 31 -5 0 S2_2
15053 31 -5 0 S2_2
15054 31 -5 0 S2_2
15055 31 -5 0 S2_2
15056 31 -5 0 S2_2
15057 31 -5 0 S2_2
15059 31 -5 0 S2_2
15060 31 -5 0 S2_2
15063 31 -5 0 S2_2
15066 31 -5 0 S2_2
15069 31 -5 0 S2_2
