speciesID lakeID variable value scenario
16001 1 -0.5 0 S2_m1
16002 1 -0.5 488.026061722444 S2_m1
16003 1 -0.5 0 S2_m1
16004 1 -0.5 0 S2_m1
16005 1 -0.5 253.60091189812 S2_m1
16007 1 -0.5 65.6876617618461 S2_m1
16008 1 -0.5 427.276706742511 S2_m1
16011 1 -0.5 0 S2_m1
16013 1 -0.5 571.878630961584 S2_m1
16014 1 -0.5 0 S2_m1
16015 1 -0.5 248.056829218813 S2_m1
16017 1 -0.5 227.330389327176 S2_m1
16018 1 -0.5 3.27053960873335 S2_m1
16020 1 -0.5 0 S2_m1
16021 1 -0.5 27.0542091741958 S2_m1
16001 2 -0.5 0 S2_m1
16002 2 -0.5 0 S2_m1
16003 2 -0.5 0 S2_m1
16004 2 -0.5 0 S2_m1
16005 2 -0.5 0 S2_m1
16007 2 -0.5 0 S2_m1
16008 2 -0.5 0 S2_m1
16011 2 -0.5 0 S2_m1
16013 2 -0.5 0 S2_m1
16014 2 -0.5 0 S2_m1
16015 2 -0.5 33.7852279717506 S2_m1
16017 2 -0.5 0 S2_m1
16018 2 -0.5 0 S2_m1
16020 2 -0.5 0 S2_m1
16021 2 -0.5 0 S2_m1
16001 3 -0.5 0 S2_m1
16002 3 -0.5 0 S2_m1
16003 3 -0.5 0 S2_m1
16004 3 -0.5 0 S2_m1
16005 3 -0.5 0 S2_m1
16007 3 -0.5 0 S2_m1
16008 3 -0.5 38.8893255571708 S2_m1
16011 3 -0.5 0 S2_m1
16013 3 -0.5 8.36271527850606 S2_m1
16014 3 -0.5 0 S2_m1
16015 3 -0.5 79.14625459312 S2_m1
16017 3 -0.5 17.2896163969309 S2_m1
16018 3 -0.5 0 S2_m1
16020 3 -0.5 0 S2_m1
16021 3 -0.5 0 S2_m1
16001 4 -0.5 0 S2_m1
16002 4 -0.5 51.9518102782758 S2_m1
16003 4 -0.5 0 S2_m1
16004 4 -0.5 0 S2_m1
16005 4 -0.5 0 S2_m1
16007 4 -0.5 0 S2_m1
16008 4 -0.5 156.541666773241 S2_m1
16011 4 -0.5 0 S2_m1
16013 4 -0.5 155.73266539928 S2_m1
16014 4 -0.5 0 S2_m1
16015 4 -0.5 120.518396535316 S2_m1
16017 4 -0.5 69.6421628642376 S2_m1
16018 4 -0.5 0 S2_m1
16020 4 -0.5 0 S2_m1
16021 4 -0.5 0 S2_m1
16001 5 -0.5 0 S2_m1
16002 5 -0.5 0 S2_m1
16003 5 -0.5 0 S2_m1
16004 5 -0.5 0 S2_m1
16005 5 -0.5 0 S2_m1
16007 5 -0.5 0 S2_m1
16008 5 -0.5 0 S2_m1
16011 5 -0.5 0 S2_m1
16013 5 -0.5 0 S2_m1
16014 5 -0.5 0 S2_m1
16015 5 -0.5 0 S2_m1
16017 5 -0.5 0 S2_m1
16018 5 -0.5 0 S2_m1
16020 5 -0.5 0 S2_m1
16021 5 -0.5 0 S2_m1
16001 6 -0.5 0 S2_m1
16002 6 -0.5 22.4619435261287 S2_m1
16003 6 -0.5 0 S2_m1
16004 6 -0.5 0 S2_m1
16005 6 -0.5 0 S2_m1
16007 6 -0.5 0 S2_m1
16008 6 -0.5 136.216941306424 S2_m1
16011 6 -0.5 0 S2_m1
16013 6 -0.5 126.624562385415 S2_m1
16014 6 -0.5 0 S2_m1
16015 6 -0.5 119.915533112911 S2_m1
16017 6 -0.5 66.3421930598036 S2_m1
16018 6 -0.5 0 S2_m1
16020 6 -0.5 0 S2_m1
16021 6 -0.5 0 S2_m1
16001 7 -0.5 0 S2_m1
16002 7 -0.5 0 S2_m1
16003 7 -0.5 0 S2_m1
16004 7 -0.5 0 S2_m1
16005 7 -0.5 0 S2_m1
16007 7 -0.5 0 S2_m1
16008 7 -0.5 0 S2_m1
16011 7 -0.5 0 S2_m1
16013 7 -0.5 0 S2_m1
16014 7 -0.5 0 S2_m1
16015 7 -0.5 35.6170964907692 S2_m1
16017 7 -0.5 0 S2_m1
16018 7 -0.5 0 S2_m1
16020 7 -0.5 0 S2_m1
16021 7 -0.5 0 S2_m1
16001 8 -0.5 0 S2_m1
16002 8 -0.5 178.755683222914 S2_m1
16003 8 -0.5 0 S2_m1
16004 8 -0.5 0 S2_m1
16005 8 -0.5 31.119351797536 S2_m1
16007 8 -0.5 7.58144196094906 S2_m1
16008 8 -0.5 256.788611466616 S2_m1
16011 8 -0.5 0 S2_m1
16013 8 -0.5 291.503590400171 S2_m1
16014 8 -0.5 0 S2_m1
16015 8 -0.5 160.407302358783 S2_m1
16017 8 -0.5 121.011644722814 S2_m1
16018 8 -0.5 0 S2_m1
16020 8 -0.5 0 S2_m1
16021 8 -0.5 0 S2_m1
16001 9 -0.5 0 S2_m1
16002 9 -0.5 16.5126812887266 S2_m1
16003 9 -0.5 0 S2_m1
16004 9 -0.5 0 S2_m1
16005 9 -0.5 0 S2_m1
16007 9 -0.5 0 S2_m1
16008 9 -0.5 127.949393453742 S2_m1
16011 9 -0.5 0 S2_m1
16013 9 -0.5 116.903495696735 S2_m1
16014 9 -0.5 0 S2_m1
16015 9 -0.5 111.973368977764 S2_m1
16017 9 -0.5 58.2330023248419 S2_m1
16018 9 -0.5 0 S2_m1
16020 9 -0.5 0 S2_m1
16021 9 -0.5 0 S2_m1
16001 10 -0.5 0 S2_m1
16002 10 -0.5 159.71052356218 S2_m1
16003 10 -0.5 0 S2_m1
16004 10 -0.5 0 S2_m1
16005 10 -0.5 16.85540483567 S2_m1
16007 10 -0.5 5.06856597451839 S2_m1
16008 10 -0.5 247.840344552974 S2_m1
16011 10 -0.5 0 S2_m1
16013 10 -0.5 278.032216206596 S2_m1
16014 10 -0.5 0 S2_m1
16015 10 -0.5 161.601085441025 S2_m1
16017 10 -0.5 116.228258951619 S2_m1
16018 10 -0.5 0 S2_m1
16020 10 -0.5 0 S2_m1
16021 10 -0.5 0 S2_m1
16001 11 -0.5 0 S2_m1
16002 11 -0.5 391.898985313613 S2_m1
16003 11 -0.5 0 S2_m1
16004 11 -0.5 0 S2_m1
16005 11 -0.5 183.891290805815 S2_m1
16007 11 -0.5 39.6187934514294 S2_m1
16008 11 -0.5 372.72664126989 S2_m1
16011 11 -0.5 0 S2_m1
16013 11 -0.5 488.293749232552 S2_m1
16014 11 -0.5 0 S2_m1
16015 11 -0.5 205.595254332708 S2_m1
16017 11 -0.5 181.54150221738 S2_m1
16018 11 -0.5 0 S2_m1
16020 11 -0.5 0 S2_m1
16021 11 -0.5 4.142806273414 S2_m1
16001 12 -0.5 1.16944410425334 S2_m1
16002 12 -0.5 606.815744235924 S2_m1
16003 12 -0.5 0 S2_m1
16004 12 -0.5 0 S2_m1
16005 12 -0.5 322.943516069459 S2_m1
16007 12 -0.5 61.9725482215903 S2_m1
16008 12 -0.5 431.246558301069 S2_m1
16011 12 -0.5 1.25599025271844 S2_m1
16013 12 -0.5 603.889837793671 S2_m1
16014 12 -0.5 0 S2_m1
16015 12 -0.5 253.275683112205 S2_m1
16017 12 -0.5 269.996385796862 S2_m1
16018 12 -0.5 10.1097797439195 S2_m1
16020 12 -0.5 0 S2_m1
16021 12 -0.5 32.2608244715869 S2_m1
16001 13 -0.5 0 S2_m1
16002 13 -0.5 0 S2_m1
16003 13 -0.5 0 S2_m1
16004 13 -0.5 0 S2_m1
16005 13 -0.5 0 S2_m1
16007 13 -0.5 0 S2_m1
16008 13 -0.5 45.3189279675294 S2_m1
16011 13 -0.5 0 S2_m1
16013 13 -0.5 8.92756126756359 S2_m1
16014 13 -0.5 0 S2_m1
16015 13 -0.5 59.4835241013784 S2_m1
16017 13 -0.5 11.6955644739993 S2_m1
16018 13 -0.5 0 S2_m1
16020 13 -0.5 0 S2_m1
16021 13 -0.5 0 S2_m1
16001 14 -0.5 0 S2_m1
16002 14 -0.5 0 S2_m1
16003 14 -0.5 0 S2_m1
16004 14 -0.5 0 S2_m1
16005 14 -0.5 0 S2_m1
16007 14 -0.5 0 S2_m1
16008 14 -0.5 4.19031022540201 S2_m1
16011 14 -0.5 0 S2_m1
16013 14 -0.5 0 S2_m1
16014 14 -0.5 0 S2_m1
16015 14 -0.5 65.3727451826891 S2_m1
16017 14 -0.5 6.49131869715833 S2_m1
16018 14 -0.5 0 S2_m1
16020 14 -0.5 0 S2_m1
16021 14 -0.5 0 S2_m1
16001 15 -0.5 0 S2_m1
16002 15 -0.5 174.954263543261 S2_m1
16003 15 -0.5 0 S2_m1
16004 15 -0.5 0 S2_m1
16005 15 -0.5 29.4863780806692 S2_m1
16007 15 -0.5 10.807698966316 S2_m1
16008 15 -0.5 264.86680344057 S2_m1
16011 15 -0.5 0 S2_m1
16013 15 -0.5 297.401546277849 S2_m1
16014 15 -0.5 0 S2_m1
16015 15 -0.5 178.160479044327 S2_m1
16017 15 -0.5 130.552541886275 S2_m1
16018 15 -0.5 0 S2_m1
16020 15 -0.5 0 S2_m1
16021 15 -0.5 0 S2_m1
16001 16 -0.5 0 S2_m1
16002 16 -0.5 320.105798971638 S2_m1
16003 16 -0.5 0 S2_m1
16004 16 -0.5 0 S2_m1
16005 16 -0.5 146.554956604904 S2_m1
16007 16 -0.5 44.6194332059867 S2_m1
16008 16 -0.5 349.551777455746 S2_m1
16011 16 -0.5 0 S2_m1
16013 16 -0.5 432.28637580046 S2_m1
16014 16 -0.5 0 S2_m1
16015 16 -0.5 206.617583045924 S2_m1
16017 16 -0.5 175.200925143447 S2_m1
16018 16 -0.5 0 S2_m1
16020 16 -0.5 0 S2_m1
16021 16 -0.5 2.6697573901686 S2_m1
16001 17 -0.5 0 S2_m1
16002 17 -0.5 0 S2_m1
16003 17 -0.5 0 S2_m1
16004 17 -0.5 0 S2_m1
16005 17 -0.5 0 S2_m1
16007 17 -0.5 0 S2_m1
16008 17 -0.5 84.2668427460457 S2_m1
16011 17 -0.5 0 S2_m1
16013 17 -0.5 48.4331598555882 S2_m1
16014 17 -0.5 0 S2_m1
16015 17 -0.5 91.1407319845255 S2_m1
16017 17 -0.5 35.2347171806383 S2_m1
16018 17 -0.5 0 S2_m1
16020 17 -0.5 0 S2_m1
16021 17 -0.5 0 S2_m1
16001 18 -0.5 0 S2_m1
16002 18 -0.5 471.212411577911 S2_m1
16003 18 -0.5 0 S2_m1
16004 18 -0.5 0 S2_m1
16005 18 -0.5 240.363765985823 S2_m1
16007 18 -0.5 57.8773586577636 S2_m1
16008 18 -0.5 403.451001420124 S2_m1
16011 18 -0.5 0 S2_m1
16013 18 -0.5 537.854695234375 S2_m1
16014 18 -0.5 0 S2_m1
16015 18 -0.5 229.318167981552 S2_m1
16017 18 -0.5 217.510342326979 S2_m1
16018 18 -0.5 2.17593024679744 S2_m1
16020 18 -0.5 0 S2_m1
16021 18 -0.5 15.7823069755255 S2_m1
16001 19 -0.5 0 S2_m1
16002 19 -0.5 127.412298519985 S2_m1
16003 19 -0.5 0 S2_m1
16004 19 -0.5 0 S2_m1
16005 19 -0.5 3.73156034748353 S2_m1
16007 19 -0.5 1.89580066704386 S2_m1
16008 19 -0.5 220.934361354777 S2_m1
16011 19 -0.5 0 S2_m1
16013 19 -0.5 240.354316507805 S2_m1
16014 19 -0.5 0 S2_m1
16015 19 -0.5 149.839135937403 S2_m1
16017 19 -0.5 103.392076949404 S2_m1
16018 19 -0.5 0 S2_m1
16020 19 -0.5 0 S2_m1
16021 19 -0.5 0 S2_m1
16001 20 -0.5 0 S2_m1
16002 20 -0.5 251.421151728388 S2_m1
16003 20 -0.5 0 S2_m1
16004 20 -0.5 0 S2_m1
16005 20 -0.5 97.8524119195076 S2_m1
16007 20 -0.5 30.6184441922553 S2_m1
16008 20 -0.5 313.535454880002 S2_m1
16011 20 -0.5 0 S2_m1
16013 20 -0.5 371.892655399014 S2_m1
16014 20 -0.5 0 S2_m1
16015 20 -0.5 193.351784965634 S2_m1
16017 20 -0.5 154.768816895842 S2_m1
16018 20 -0.5 0 S2_m1
16020 20 -0.5 0 S2_m1
16021 20 -0.5 0 S2_m1
16001 21 -0.5 0 S2_m1
16002 21 -0.5 127.813014894784 S2_m1
16003 21 -0.5 0 S2_m1
16004 21 -0.5 0 S2_m1
16005 21 -0.5 3.9160489713232 S2_m1
16007 21 -0.5 1.83389027217574 S2_m1
16008 21 -0.5 222.44941985062 S2_m1
16011 21 -0.5 0 S2_m1
16013 21 -0.5 243.108546867297 S2_m1
16014 21 -0.5 0 S2_m1
16015 21 -0.5 150.977980769358 S2_m1
16017 21 -0.5 102.93225487501 S2_m1
16018 21 -0.5 0 S2_m1
16020 21 -0.5 0 S2_m1
16021 21 -0.5 0 S2_m1
16001 22 -0.5 0 S2_m1
16002 22 -0.5 422.156479440969 S2_m1
16003 22 -0.5 0 S2_m1
16004 22 -0.5 0 S2_m1
16005 22 -0.5 214.123357466667 S2_m1
16007 22 -0.5 62.2427570342025 S2_m1
16008 22 -0.5 406.47011373419 S2_m1
16011 22 -0.5 0 S2_m1
16013 22 -0.5 528.330354934453 S2_m1
16014 22 -0.5 0 S2_m1
16015 22 -0.5 238.642465898401 S2_m1
16017 22 -0.5 209.287290660202 S2_m1
16018 22 -0.5 1.775944379691 S2_m1
16020 22 -0.5 0 S2_m1
16021 22 -0.5 20.6403996888864 S2_m1
16001 23 -0.5 0 S2_m1
16002 23 -0.5 65.2465886031014 S2_m1
16003 23 -0.5 0 S2_m1
16004 23 -0.5 0 S2_m1
16005 23 -0.5 0 S2_m1
16007 23 -0.5 0 S2_m1
16008 23 -0.5 170.971852026425 S2_m1
16011 23 -0.5 0 S2_m1
16013 23 -0.5 172.996429656211 S2_m1
16014 23 -0.5 0 S2_m1
16015 23 -0.5 134.801068609215 S2_m1
16017 23 -0.5 81.3269973615267 S2_m1
16018 23 -0.5 0 S2_m1
16020 23 -0.5 0 S2_m1
16021 23 -0.5 0 S2_m1
16001 24 -0.5 0 S2_m1
16002 24 -0.5 161.819839191351 S2_m1
16003 24 -0.5 0 S2_m1
16004 24 -0.5 0 S2_m1
16005 24 -0.5 18.9732757926087 S2_m1
16007 24 -0.5 5.39701019946123 S2_m1
16008 24 -0.5 251.47100110008 S2_m1
16011 24 -0.5 0 S2_m1
16013 24 -0.5 283.232974733602 S2_m1
16014 24 -0.5 0 S2_m1
16015 24 -0.5 164.797161172507 S2_m1
16017 24 -0.5 117.360397239062 S2_m1
16018 24 -0.5 0 S2_m1
16020 24 -0.5 0 S2_m1
16021 24 -0.5 0 S2_m1
16001 25 -0.5 0 S2_m1
16002 25 -0.5 0 S2_m1
16003 25 -0.5 0 S2_m1
16004 25 -0.5 0 S2_m1
16005 25 -0.5 0 S2_m1
16007 25 -0.5 0 S2_m1
16008 25 -0.5 5.1597740035368 S2_m1
16011 25 -0.5 0 S2_m1
16013 25 -0.5 0 S2_m1
16014 25 -0.5 0 S2_m1
16015 25 -0.5 69.1564098817837 S2_m1
16017 25 -0.5 7.40500159228058 S2_m1
16018 25 -0.5 0 S2_m1
16020 25 -0.5 0 S2_m1
16021 25 -0.5 0 S2_m1
16001 26 -0.5 0 S2_m1
16002 26 -0.5 330.084723854658 S2_m1
16003 26 -0.5 0 S2_m1
16004 26 -0.5 0 S2_m1
16005 26 -0.5 153.237575612486 S2_m1
16007 26 -0.5 47.3214024923045 S2_m1
16008 26 -0.5 360.270300073181 S2_m1
16011 26 -0.5 0 S2_m1
16013 26 -0.5 448.601572104483 S2_m1
16014 26 -0.5 0 S2_m1
16015 26 -0.5 214.055432595977 S2_m1
16017 26 -0.5 179.414176311038 S2_m1
16018 26 -0.5 0 S2_m1
16020 26 -0.5 0 S2_m1
16021 26 -0.5 5.28239120124611 S2_m1
16001 27 -0.5 0 S2_m1
16002 27 -0.5 0 S2_m1
16003 27 -0.5 0 S2_m1
16004 27 -0.5 0 S2_m1
16005 27 -0.5 0 S2_m1
16007 27 -0.5 0 S2_m1
16008 27 -0.5 0 S2_m1
16011 27 -0.5 0 S2_m1
16013 27 -0.5 0 S2_m1
16014 27 -0.5 0 S2_m1
16015 27 -0.5 28.5222545436626 S2_m1
16017 27 -0.5 0 S2_m1
16018 27 -0.5 0 S2_m1
16020 27 -0.5 0 S2_m1
16021 27 -0.5 0 S2_m1
16001 28 -0.5 0 S2_m1
16002 28 -0.5 426.346196801144 S2_m1
16003 28 -0.5 0 S2_m1
16004 28 -0.5 0 S2_m1
16005 28 -0.5 218.363609065683 S2_m1
16007 28 -0.5 66.7407854240962 S2_m1
16008 28 -0.5 410.685171360215 S2_m1
16011 28 -0.5 0 S2_m1
16013 28 -0.5 532.300608567353 S2_m1
16014 28 -0.5 0 S2_m1
16015 28 -0.5 243.066352500404 S2_m1
16017 28 -0.5 214.2211021598 S2_m1
16018 28 -0.5 2.44159576392176 S2_m1
16020 28 -0.5 0 S2_m1
16021 28 -0.5 23.0229160378272 S2_m1
16001 29 -0.5 0 S2_m1
16002 29 -0.5 5.80269821527691 S2_m1
16003 29 -0.5 0 S2_m1
16004 29 -0.5 0 S2_m1
16005 29 -0.5 0 S2_m1
16007 29 -0.5 0 S2_m1
16008 29 -0.5 105.978243296651 S2_m1
16011 29 -0.5 0 S2_m1
16013 29 -0.5 86.361719919696 S2_m1
16014 29 -0.5 0 S2_m1
16015 29 -0.5 91.1931159335474 S2_m1
16017 29 -0.5 40.1764349028102 S2_m1
16018 29 -0.5 0 S2_m1
16020 29 -0.5 0 S2_m1
16021 29 -0.5 0 S2_m1
16001 30 -0.5 0 S2_m1
16002 30 -0.5 0 S2_m1
16003 30 -0.5 0 S2_m1
16004 30 -0.5 0 S2_m1
16005 30 -0.5 0 S2_m1
16007 30 -0.5 0 S2_m1
16008 30 -0.5 3.52173953243202 S2_m1
16011 30 -0.5 0 S2_m1
16013 30 -0.5 0 S2_m1
16014 30 -0.5 0 S2_m1
16015 30 -0.5 62.2794026632919 S2_m1
16017 30 -0.5 5.53980745332321 S2_m1
16018 30 -0.5 0 S2_m1
16020 30 -0.5 0 S2_m1
16021 30 -0.5 0 S2_m1
16001 31 -0.5 0 S2_m1
16002 31 -0.5 0 S2_m1
16003 31 -0.5 0 S2_m1
16004 31 -0.5 0 S2_m1
16005 31 -0.5 0 S2_m1
16007 31 -0.5 0 S2_m1
16008 31 -0.5 46.0433913940663 S2_m1
16011 31 -0.5 0 S2_m1
16013 31 -0.5 14.0698819448342 S2_m1
16014 31 -0.5 0 S2_m1
16015 31 -0.5 81.0697067122836 S2_m1
16017 31 -0.5 18.3452820037066 S2_m1
16018 31 -0.5 0 S2_m1
16020 31 -0.5 0 S2_m1
16021 31 -0.5 0 S2_m1
16001 1 -1.5 73.9071348513581 S2_m1
16002 1 -1.5 332.096959176147 S2_m1
16003 1 -1.5 117.356776131817 S2_m1
16004 1 -1.5 273.826644497514 S2_m1
16005 1 -1.5 120.914249217131 S2_m1
16007 1 -1.5 6.02492909367043 S2_m1
16008 1 -1.5 270.034353594876 S2_m1
16011 1 -1.5 4.17154393829169 S2_m1
16013 1 -1.5 394.78912438127 S2_m1
16014 1 -1.5 5.03442623659141 S2_m1
16015 1 -1.5 276.135281061087 S2_m1
16017 1 -1.5 110.173120924779 S2_m1
16018 1 -1.5 0 S2_m1
16020 1 -1.5 0 S2_m1
16021 1 -1.5 181.207183293938 S2_m1
16001 2 -1.5 0 S2_m1
16002 2 -1.5 0 S2_m1
16003 2 -1.5 0 S2_m1
16004 2 -1.5 98.2519798019505 S2_m1
16005 2 -1.5 0 S2_m1
16007 2 -1.5 0 S2_m1
16008 2 -1.5 0 S2_m1
16011 2 -1.5 0 S2_m1
16013 2 -1.5 0 S2_m1
16014 2 -1.5 0 S2_m1
16015 2 -1.5 105.762090795771 S2_m1
16017 2 -1.5 0 S2_m1
16018 2 -1.5 0 S2_m1
16020 2 -1.5 0 S2_m1
16021 2 -1.5 35.2328843688718 S2_m1
16001 3 -1.5 0 S2_m1
16002 3 -1.5 0 S2_m1
16003 3 -1.5 0 S2_m1
16004 3 -1.5 104.351274897569 S2_m1
16005 3 -1.5 0 S2_m1
16007 3 -1.5 0 S2_m1
16008 3 -1.5 3.8642320324407 S2_m1
16011 3 -1.5 0 S2_m1
16013 3 -1.5 0 S2_m1
16014 3 -1.5 0 S2_m1
16015 3 -1.5 110.863368959816 S2_m1
16017 3 -1.5 1.06537046201129 S2_m1
16018 3 -1.5 0 S2_m1
16020 3 -1.5 0 S2_m1
16021 3 -1.5 44.7216386085023 S2_m1
16001 4 -1.5 0 S2_m1
16002 4 -1.5 3.21800142249944 S2_m1
16003 4 -1.5 0 S2_m1
16004 4 -1.5 127.749126567466 S2_m1
16005 4 -1.5 0 S2_m1
16007 4 -1.5 0 S2_m1
16008 4 -1.5 72.0808006111502 S2_m1
16011 4 -1.5 0 S2_m1
16013 4 -1.5 58.523952889289 S2_m1
16014 4 -1.5 0 S2_m1
16015 4 -1.5 133.848437226561 S2_m1
16017 4 -1.5 8.61410996346966 S2_m1
16018 4 -1.5 0 S2_m1
16020 4 -1.5 0 S2_m1
16021 4 -1.5 67.363719410921 S2_m1
16001 5 -1.5 0 S2_m1
16002 5 -1.5 0 S2_m1
16003 5 -1.5 0 S2_m1
16004 5 -1.5 1.37938078215173 S2_m1
16005 5 -1.5 0 S2_m1
16007 5 -1.5 0 S2_m1
16008 5 -1.5 0 S2_m1
16011 5 -1.5 0 S2_m1
16013 5 -1.5 0 S2_m1
16014 5 -1.5 0 S2_m1
16015 5 -1.5 4.81228281358663 S2_m1
16017 5 -1.5 0 S2_m1
16018 5 -1.5 0 S2_m1
16020 5 -1.5 0 S2_m1
16021 5 -1.5 0 S2_m1
16001 6 -1.5 0 S2_m1
16002 6 -1.5 5.86568009682588 S2_m1
16003 6 -1.5 0 S2_m1
16004 6 -1.5 181.635666389674 S2_m1
16005 6 -1.5 0 S2_m1
16007 6 -1.5 0 S2_m1
16008 6 -1.5 101.994208964702 S2_m1
16011 6 -1.5 0 S2_m1
16013 6 -1.5 89.1398936197859 S2_m1
16014 6 -1.5 0 S2_m1
16015 6 -1.5 184.075844715382 S2_m1
16017 6 -1.5 35.7190855594257 S2_m1
16018 6 -1.5 0 S2_m1
16020 6 -1.5 0 S2_m1
16021 6 -1.5 108.332394024767 S2_m1
16001 7 -1.5 0 S2_m1
16002 7 -1.5 0 S2_m1
16003 7 -1.5 0 S2_m1
16004 7 -1.5 101.740242655628 S2_m1
16005 7 -1.5 0 S2_m1
16007 7 -1.5 0 S2_m1
16008 7 -1.5 0 S2_m1
16011 7 -1.5 0 S2_m1
16013 7 -1.5 0 S2_m1
16014 7 -1.5 0 S2_m1
16015 7 -1.5 108.699134336613 S2_m1
16017 7 -1.5 0 S2_m1
16018 7 -1.5 0 S2_m1
16020 7 -1.5 0 S2_m1
16021 7 -1.5 37.9812352618624 S2_m1
16001 8 -1.5 0 S2_m1
16002 8 -1.5 111.200105031424 S2_m1
16003 8 -1.5 3.29774335951012 S2_m1
16004 8 -1.5 201.499159936907 S2_m1
16005 8 -1.5 2.09038766993034 S2_m1
16007 8 -1.5 0 S2_m1
16008 8 -1.5 172.005652611524 S2_m1
16011 8 -1.5 0 S2_m1
16013 8 -1.5 197.817300210281 S2_m1
16014 8 -1.5 0 S2_m1
16015 8 -1.5 206.38850189128 S2_m1
16017 8 -1.5 63.0600015149421 S2_m1
16018 8 -1.5 0 S2_m1
16020 8 -1.5 0 S2_m1
16021 8 -1.5 127.404131767928 S2_m1
16001 9 -1.5 0 S2_m1
16002 9 -1.5 1.24102196718274 S2_m1
16003 9 -1.5 0 S2_m1
16004 9 -1.5 145.017308223479 S2_m1
16005 9 -1.5 0 S2_m1
16007 9 -1.5 0 S2_m1
16008 9 -1.5 70.3120940695151 S2_m1
16011 9 -1.5 0 S2_m1
16013 9 -1.5 48.8306345597608 S2_m1
16014 9 -1.5 0 S2_m1
16015 9 -1.5 150.160352338474 S2_m1
16017 9 -1.5 12.998749674146 S2_m1
16018 9 -1.5 0 S2_m1
16020 9 -1.5 0 S2_m1
16021 9 -1.5 79.8190765244612 S2_m1
16001 10 -1.5 0 S2_m1
16002 10 -1.5 91.3304691748368 S2_m1
16003 10 -1.5 0 S2_m1
16004 10 -1.5 195.42521444951 S2_m1
16005 10 -1.5 0 S2_m1
16007 10 -1.5 0 S2_m1
16008 10 -1.5 158.893752115762 S2_m1
16011 10 -1.5 0 S2_m1
16013 10 -1.5 179.930660176242 S2_m1
16014 10 -1.5 0 S2_m1
16015 10 -1.5 199.307235488231 S2_m1
16017 10 -1.5 54.9239265622857 S2_m1
16018 10 -1.5 0 S2_m1
16020 10 -1.5 0 S2_m1
16021 10 -1.5 118.912975337153 S2_m1
16001 11 -1.5 4.72049302408228 S2_m1
16002 11 -1.5 164.492248842271 S2_m1
16003 11 -1.5 17.3771083765316 S2_m1
16004 11 -1.5 128.794382077931 S2_m1
16005 11 -1.5 17.6072833634605 S2_m1
16007 11 -1.5 0 S2_m1
16008 11 -1.5 133.849885154853 S2_m1
16011 11 -1.5 0 S2_m1
16013 11 -1.5 211.481960648079 S2_m1
16014 11 -1.5 0 S2_m1
16015 11 -1.5 138.19031142575 S2_m1
16017 11 -1.5 33.5479706346216 S2_m1
16018 11 -1.5 0 S2_m1
16020 11 -1.5 0 S2_m1
16021 11 -1.5 76.5194174049974 S2_m1
16001 12 -1.5 71.5592367979901 S2_m1
16002 12 -1.5 374.932266394749 S2_m1
16003 12 -1.5 103.284238156453 S2_m1
16004 12 -1.5 207.505024906055 S2_m1
16005 12 -1.5 106.613644711097 S2_m1
16007 12 -1.5 0 S2_m1
16008 12 -1.5 193.481604136623 S2_m1
16011 12 -1.5 0 S2_m1
16013 12 -1.5 335.786135773601 S2_m1
16014 12 -1.5 0 S2_m1
16015 12 -1.5 221.07532985512 S2_m1
16017 12 -1.5 86.7899249029383 S2_m1
16018 12 -1.5 0 S2_m1
16020 12 -1.5 0 S2_m1
16021 12 -1.5 142.414533869518 S2_m1
16001 13 -1.5 0 S2_m1
16002 13 -1.5 0 S2_m1
16003 13 -1.5 0 S2_m1
16004 13 -1.5 89.8739844273874 S2_m1
16005 13 -1.5 0 S2_m1
16007 13 -1.5 0 S2_m1
16008 13 -1.5 7.77485385674218 S2_m1
16011 13 -1.5 0 S2_m1
16013 13 -1.5 0 S2_m1
16014 13 -1.5 0 S2_m1
16015 13 -1.5 102.117741600119 S2_m1
16017 13 -1.5 1.0602549274179 S2_m1
16018 13 -1.5 0 S2_m1
16020 13 -1.5 0 S2_m1
16021 13 -1.5 39.4818359638166 S2_m1
16001 14 -1.5 0 S2_m1
16002 14 -1.5 0 S2_m1
16003 14 -1.5 0 S2_m1
16004 14 -1.5 130.794817219715 S2_m1
16005 14 -1.5 0 S2_m1
16007 14 -1.5 0 S2_m1
16008 14 -1.5 1.60443557234027 S2_m1
16011 14 -1.5 0 S2_m1
16013 14 -1.5 0 S2_m1
16014 14 -1.5 0 S2_m1
16015 14 -1.5 135.036008564951 S2_m1
16017 14 -1.5 2.38229497714685 S2_m1
16018 14 -1.5 0 S2_m1
16020 14 -1.5 0 S2_m1
16021 14 -1.5 64.9792344852198 S2_m1
16001 15 -1.5 1.22999102046077 S2_m1
16002 15 -1.5 140.360020742863 S2_m1
16003 15 -1.5 13.9603522095136 S2_m1
16004 15 -1.5 261.85081244063 S2_m1
16005 15 -1.5 8.98666160505512 S2_m1
16007 15 -1.5 2.82958403630168 S2_m1
16008 15 -1.5 216.371042844001 S2_m1
16011 15 -1.5 2.43092335679148 S2_m1
16013 15 -1.5 243.772731930964 S2_m1
16014 15 -1.5 0 S2_m1
16015 15 -1.5 260.485806272072 S2_m1
16017 15 -1.5 101.326530656358 S2_m1
16018 15 -1.5 0 S2_m1
16020 15 -1.5 0 S2_m1
16021 15 -1.5 171.278556503431 S2_m1
16001 16 -1.5 45.3281796902049 S2_m1
16002 16 -1.5 236.706485120154 S2_m1
16003 16 -1.5 89.3718316262369 S2_m1
16004 16 -1.5 274.785102544946 S2_m1
16005 16 -1.5 82.1629587172119 S2_m1
16007 16 -1.5 9.94139134858162 S2_m1
16008 16 -1.5 260.012943033455 S2_m1
16011 16 -1.5 4.49202655669552 S2_m1
16013 16 -1.5 330.434809269557 S2_m1
16014 16 -1.5 3.0839016268182 S2_m1
16015 16 -1.5 276.055197690982 S2_m1
16017 16 -1.5 114.806897060402 S2_m1
16018 16 -1.5 0 S2_m1
16020 16 -1.5 0 S2_m1
16021 16 -1.5 185.873866393564 S2_m1
16001 17 -1.5 0 S2_m1
16002 17 -1.5 0 S2_m1
16003 17 -1.5 0 S2_m1
16004 17 -1.5 154.776554025937 S2_m1
16005 17 -1.5 0 S2_m1
16007 17 -1.5 0 S2_m1
16008 17 -1.5 56.4342481604935 S2_m1
16011 17 -1.5 0 S2_m1
16013 17 -1.5 22.715217655343 S2_m1
16014 17 -1.5 0 S2_m1
16015 17 -1.5 159.689904426477 S2_m1
16017 17 -1.5 15.3275005385305 S2_m1
16018 17 -1.5 0 S2_m1
16020 17 -1.5 0 S2_m1
16021 17 -1.5 89.5762054033193 S2_m1
16001 18 -1.5 63.3905514792848 S2_m1
16002 18 -1.5 304.488890177266 S2_m1
16003 18 -1.5 100.566407135248 S2_m1
16004 18 -1.5 237.354808170309 S2_m1
16005 18 -1.5 99.1920595563918 S2_m1
16007 18 -1.5 2.45963859486293 S2_m1
16008 18 -1.5 235.597921829919 S2_m1
16011 18 -1.5 1.35645714409152 S2_m1
16013 18 -1.5 348.182443940002 S2_m1
16014 18 -1.5 1.86214811087757 S2_m1
16015 18 -1.5 244.743028036111 S2_m1
16017 18 -1.5 94.2963235153372 S2_m1
16018 18 -1.5 0 S2_m1
16020 18 -1.5 0 S2_m1
16021 18 -1.5 159.40084890711 S2_m1
16001 19 -1.5 0 S2_m1
16002 19 -1.5 67.1417345121534 S2_m1
16003 19 -1.5 0 S2_m1
16004 19 -1.5 184.521122103116 S2_m1
16005 19 -1.5 0 S2_m1
16007 19 -1.5 0 S2_m1
16008 19 -1.5 140.949543656524 S2_m1
16011 19 -1.5 0 S2_m1
16013 19 -1.5 152.355486571979 S2_m1
16014 19 -1.5 0 S2_m1
16015 19 -1.5 188.794028299449 S2_m1
16017 19 -1.5 46.0860960073527 S2_m1
16018 19 -1.5 0 S2_m1
16020 19 -1.5 0 S2_m1
16021 19 -1.5 110.84084232817 S2_m1
16001 20 -1.5 19.4592866180236 S2_m1
16002 20 -1.5 194.795160735647 S2_m1
16003 20 -1.5 61.7763557324816 S2_m1
16004 20 -1.5 273.431269254189 S2_m1
16005 20 -1.5 51.5179734353727 S2_m1
16007 20 -1.5 8.23497584269548 S2_m1
16008 20 -1.5 246.914035563417 S2_m1
16011 20 -1.5 4.16187686634388 S2_m1
16013 20 -1.5 296.565400739767 S2_m1
16014 20 -1.5 1.47635503657681 S2_m1
16015 20 -1.5 273.404330942726 S2_m1
16017 20 -1.5 112.591412406445 S2_m1
16018 20 -1.5 0 S2_m1
16020 20 -1.5 0 S2_m1
16021 20 -1.5 183.47133653684 S2_m1
16001 21 -1.5 0 S2_m1
16002 21 -1.5 58.9706541551796 S2_m1
16003 21 -1.5 0 S2_m1
16004 21 -1.5 172.992758807167 S2_m1
16005 21 -1.5 0 S2_m1
16007 21 -1.5 0 S2_m1
16008 21 -1.5 131.352714254623 S2_m1
16011 21 -1.5 0 S2_m1
16013 21 -1.5 141.936468395488 S2_m1
16014 21 -1.5 0 S2_m1
16015 21 -1.5 177.754567941904 S2_m1
16017 21 -1.5 38.0089027412026 S2_m1
16018 21 -1.5 0 S2_m1
16020 21 -1.5 0 S2_m1
16021 21 -1.5 100.99971035373 S2_m1
16001 22 -1.5 71.6562340925134 S2_m1
16002 22 -1.5 302.840171410483 S2_m1
16003 22 -1.5 117.972036096907 S2_m1
16004 22 -1.5 292.784122721625 S2_m1
16005 22 -1.5 117.947379076116 S2_m1
16007 22 -1.5 12.5711014086898 S2_m1
16008 22 -1.5 285.118768089603 S2_m1
16011 22 -1.5 8.21795580233462 S2_m1
16013 22 -1.5 390.542591214628 S2_m1
16014 22 -1.5 8.03393836576452 S2_m1
16015 22 -1.5 292.227005288411 S2_m1
16017 22 -1.5 122.261191006546 S2_m1
16018 22 -1.5 0 S2_m1
16020 22 -1.5 0 S2_m1
16021 22 -1.5 195.244874695808 S2_m1
16001 23 -1.5 0 S2_m1
16002 23 -1.5 16.9007601497697 S2_m1
16003 23 -1.5 0 S2_m1
16004 23 -1.5 171.054390993691 S2_m1
16005 23 -1.5 0 S2_m1
16007 23 -1.5 0 S2_m1
16008 23 -1.5 108.091374830992 S2_m1
16011 23 -1.5 0 S2_m1
16013 23 -1.5 104.476415001398 S2_m1
16014 23 -1.5 0 S2_m1
16015 23 -1.5 174.300441612363 S2_m1
16017 23 -1.5 30.8644347863498 S2_m1
16018 23 -1.5 0 S2_m1
16020 23 -1.5 0 S2_m1
16021 23 -1.5 98.1773398318565 S2_m1
16001 24 -1.5 0 S2_m1
16002 24 -1.5 88.5489007229483 S2_m1
16003 24 -1.5 0 S2_m1
16004 24 -1.5 191.942134425807 S2_m1
16005 24 -1.5 0 S2_m1
16007 24 -1.5 0 S2_m1
16008 24 -1.5 156.031947112145 S2_m1
16011 24 -1.5 0 S2_m1
16013 24 -1.5 177.7970792076 S2_m1
16014 24 -1.5 0 S2_m1
16015 24 -1.5 195.625067415104 S2_m1
16017 24 -1.5 51.9934687799043 S2_m1
16018 24 -1.5 0 S2_m1
16020 24 -1.5 0 S2_m1
16021 24 -1.5 114.805093137233 S2_m1
16001 25 -1.5 0 S2_m1
16002 25 -1.5 0 S2_m1
16003 25 -1.5 0 S2_m1
16004 25 -1.5 123.966451187604 S2_m1
16005 25 -1.5 0 S2_m1
16007 25 -1.5 0 S2_m1
16008 25 -1.5 1.23007834233752 S2_m1
16011 25 -1.5 0 S2_m1
16013 25 -1.5 0 S2_m1
16014 25 -1.5 0 S2_m1
16015 25 -1.5 128.176840184632 S2_m1
16017 25 -1.5 1.6677575027477 S2_m1
16018 25 -1.5 0 S2_m1
16020 25 -1.5 0 S2_m1
16021 25 -1.5 58.1116939617405 S2_m1
16001 26 -1.5 42.9369717339503 S2_m1
16002 26 -1.5 238.098609970584 S2_m1
16003 26 -1.5 86.4311882637247 S2_m1
16004 26 -1.5 275.842932820664 S2_m1
16005 26 -1.5 81.5296544499456 S2_m1
16007 26 -1.5 9.00263324288049 S2_m1
16008 26 -1.5 261.528660591702 S2_m1
16011 26 -1.5 4.46164625582292 S2_m1
16013 26 -1.5 336.62966199343 S2_m1
16014 26 -1.5 3.04272856929734 S2_m1
16015 26 -1.5 276.144617081442 S2_m1
16017 26 -1.5 112.043128163096 S2_m1
16018 26 -1.5 0 S2_m1
16020 26 -1.5 0 S2_m1
16021 26 -1.5 183.406666192836 S2_m1
16001 27 -1.5 0 S2_m1
16002 27 -1.5 0 S2_m1
16003 27 -1.5 0 S2_m1
16004 27 -1.5 70.0033114348403 S2_m1
16005 27 -1.5 0 S2_m1
16007 27 -1.5 0 S2_m1
16008 27 -1.5 0 S2_m1
16011 27 -1.5 0 S2_m1
16013 27 -1.5 0 S2_m1
16014 27 -1.5 0 S2_m1
16015 27 -1.5 80.9562640802157 S2_m1
16017 27 -1.5 0 S2_m1
16018 27 -1.5 0 S2_m1
16020 27 -1.5 0 S2_m1
16021 27 -1.5 14.7539697708941 S2_m1
16001 28 -1.5 90.9282433061627 S2_m1
16002 28 -1.5 327.154375015375 S2_m1
16003 28 -1.5 143.962050269166 S2_m1
16004 28 -1.5 323.276489527989 S2_m1
16005 28 -1.5 141.72818786084 S2_m1
16007 28 -1.5 25.8305670330789 S2_m1
16008 28 -1.5 311.43238376821 S2_m1
16011 28 -1.5 21.7787088187332 S2_m1
16013 28 -1.5 418.131802925497 S2_m1
16014 28 -1.5 19.854501392081 S2_m1
16015 28 -1.5 320.466459735067 S2_m1
16017 28 -1.5 145.145873993353 S2_m1
16018 28 -1.5 0 S2_m1
16020 28 -1.5 1.88991874313063 S2_m1
16021 28 -1.5 220.665336119797 S2_m1
16001 29 -1.5 0 S2_m1
16002 29 -1.5 0 S2_m1
16003 29 -1.5 0 S2_m1
16004 29 -1.5 98.9512838430952 S2_m1
16005 29 -1.5 0 S2_m1
16007 29 -1.5 0 S2_m1
16008 29 -1.5 28.8832174506771 S2_m1
16011 29 -1.5 0 S2_m1
16013 29 -1.5 8.92524702988232 S2_m1
16014 29 -1.5 0 S2_m1
16015 29 -1.5 107.719544951248 S2_m1
16017 29 -1.5 1.91118240712009 S2_m1
16018 29 -1.5 0 S2_m1
16020 29 -1.5 0 S2_m1
16021 29 -1.5 46.0274046306259 S2_m1
16001 30 -1.5 0 S2_m1
16002 30 -1.5 0 S2_m1
16003 30 -1.5 0 S2_m1
16004 30 -1.5 121.396576180631 S2_m1
16005 30 -1.5 0 S2_m1
16007 30 -1.5 0 S2_m1
16008 30 -1.5 1.05146668529061 S2_m1
16011 30 -1.5 0 S2_m1
16013 30 -1.5 0 S2_m1
16014 30 -1.5 0 S2_m1
16015 30 -1.5 126.644298290957 S2_m1
16017 30 -1.5 1.54784307720519 S2_m1
16018 30 -1.5 0 S2_m1
16020 30 -1.5 0 S2_m1
16021 30 -1.5 57.2774958462909 S2_m1
16001 31 -1.5 0 S2_m1
16002 31 -1.5 0 S2_m1
16003 31 -1.5 0 S2_m1
16004 31 -1.5 125.365168139348 S2_m1
16005 31 -1.5 0 S2_m1
16007 31 -1.5 0 S2_m1
16008 31 -1.5 7.29206285639061 S2_m1
16011 31 -1.5 0 S2_m1
16013 31 -1.5 1.29655822018507 S2_m1
16014 31 -1.5 0 S2_m1
16015 31 -1.5 123.799186739954 S2_m1
16017 31 -1.5 1.64852295291948 S2_m1
16018 31 -1.5 0 S2_m1
16020 31 -1.5 0 S2_m1
16021 31 -1.5 47.5161523175527 S2_m1
16001 1 -3 0 S2_m1
16002 1 -3 79.9885149755331 S2_m1
16003 1 -3 0 S2_m1
16004 1 -3 57.3020964199646 S2_m1
16005 1 -3 0 S2_m1
16007 1 -3 0 S2_m1
16008 1 -3 56.33445929787 S2_m1
16011 1 -3 0 S2_m1
16013 1 -3 84.0321225439475 S2_m1
16014 1 -3 0 S2_m1
16015 1 -3 64.2955789148094 S2_m1
16017 1 -3 1.99067384771472 S2_m1
16018 1 -3 0 S2_m1
16020 1 -3 0 S2_m1
16021 1 -3 21.5716877101607 S2_m1
16001 2 -3 0 S2_m1
16002 2 -3 0 S2_m1
16003 2 -3 0 S2_m1
16004 2 -3 74.0293302812189 S2_m1
16005 2 -3 0 S2_m1
16007 2 -3 0 S2_m1
16008 2 -3 0 S2_m1
16011 2 -3 0 S2_m1
16013 2 -3 0 S2_m1
16014 2 -3 0 S2_m1
16015 2 -3 84.0676821004112 S2_m1
16017 2 -3 0 S2_m1
16018 2 -3 0 S2_m1
16020 2 -3 0 S2_m1
16021 2 -3 14.6388949070787 S2_m1
16001 3 -3 0 S2_m1
16002 3 -3 0 S2_m1
16003 3 -3 0 S2_m1
16004 3 -3 19.7871335620251 S2_m1
16005 3 -3 0 S2_m1
16007 3 -3 0 S2_m1
16008 3 -3 0 S2_m1
16011 3 -3 0 S2_m1
16013 3 -3 0 S2_m1
16014 3 -3 0 S2_m1
16015 3 -3 33.6586021628972 S2_m1
16017 3 -3 0 S2_m1
16018 3 -3 0 S2_m1
16020 3 -3 0 S2_m1
16021 3 -3 0 S2_m1
16001 4 -3 0 S2_m1
16002 4 -3 0 S2_m1
16003 4 -3 0 S2_m1
16004 4 -3 12.9217657572583 S2_m1
16005 4 -3 0 S2_m1
16007 4 -3 0 S2_m1
16008 4 -3 0 S2_m1
16011 4 -3 0 S2_m1
16013 4 -3 0 S2_m1
16014 4 -3 0 S2_m1
16015 4 -3 25.3277568171258 S2_m1
16017 4 -3 0 S2_m1
16018 4 -3 0 S2_m1
16020 4 -3 0 S2_m1
16021 4 -3 0 S2_m1
16001 5 -3 0 S2_m1
16002 5 -3 0 S2_m1
16003 5 -3 0 S2_m1
16004 5 -3 0 S2_m1
16005 5 -3 0 S2_m1
16007 5 -3 0 S2_m1
16008 5 -3 0 S2_m1
16011 5 -3 0 S2_m1
16013 5 -3 0 S2_m1
16014 5 -3 0 S2_m1
16015 5 -3 0 S2_m1
16017 5 -3 0 S2_m1
16018 5 -3 0 S2_m1
16020 5 -3 0 S2_m1
16021 5 -3 0 S2_m1
16001 6 -3 0 S2_m1
16002 6 -3 0 S2_m1
16003 6 -3 0 S2_m1
16004 6 -3 124.012165847539 S2_m1
16005 6 -3 0 S2_m1
16007 6 -3 0 S2_m1
16008 6 -3 49.1924018531233 S2_m1
16011 6 -3 0 S2_m1
16013 6 -3 25.4630245306513 S2_m1
16014 6 -3 0 S2_m1
16015 6 -3 128.347448705625 S2_m1
16017 6 -3 5.00142005083659 S2_m1
16018 6 -3 0 S2_m1
16020 6 -3 0 S2_m1
16021 6 -3 61.7931503023869 S2_m1
16001 7 -3 0 S2_m1
16002 7 -3 0 S2_m1
16003 7 -3 0 S2_m1
16004 7 -3 79.6178157848384 S2_m1
16005 7 -3 0 S2_m1
16007 7 -3 0 S2_m1
16008 7 -3 0 S2_m1
16011 7 -3 0 S2_m1
16013 7 -3 0 S2_m1
16014 7 -3 0 S2_m1
16015 7 -3 88.7072611690908 S2_m1
16017 7 -3 0 S2_m1
16018 7 -3 0 S2_m1
16020 7 -3 0 S2_m1
16021 7 -3 17.9437702615853 S2_m1
16001 8 -3 0 S2_m1
16002 8 -3 23.281766301548 S2_m1
16003 8 -3 0 S2_m1
16004 8 -3 85.6646750982927 S2_m1
16005 8 -3 0 S2_m1
16007 8 -3 0 S2_m1
16008 8 -3 65.7139226412727 S2_m1
16011 8 -3 0 S2_m1
16013 8 -3 68.0219203960054 S2_m1
16014 8 -3 0 S2_m1
16015 8 -3 93.0149421132327 S2_m1
16017 8 -3 2.52529655946545 S2_m1
16018 8 -3 0 S2_m1
16020 8 -3 0 S2_m1
16021 8 -3 37.9591267507968 S2_m1
16001 9 -3 0 S2_m1
16002 9 -3 0 S2_m1
16003 9 -3 0 S2_m1
16004 9 -3 55.6614450072439 S2_m1
16005 9 -3 0 S2_m1
16007 9 -3 0 S2_m1
16008 9 -3 3.91061750245934 S2_m1
16011 9 -3 0 S2_m1
16013 9 -3 0 S2_m1
16014 9 -3 0 S2_m1
16015 9 -3 66.1298070571183 S2_m1
16017 9 -3 0 S2_m1
16018 9 -3 0 S2_m1
16020 9 -3 0 S2_m1
16021 9 -3 10.7812986615768 S2_m1
16001 10 -3 0 S2_m1
16002 10 -3 7.51967695128318 S2_m1
16003 10 -3 0 S2_m1
16004 10 -3 73.834466032836 S2_m1
16005 10 -3 0 S2_m1
16007 10 -3 0 S2_m1
16008 10 -3 48.7524422361583 S2_m1
16011 10 -3 0 S2_m1
16013 10 -3 45.0025340803434 S2_m1
16014 10 -3 0 S2_m1
16015 10 -3 81.300669561419 S2_m1
16017 10 -3 0 S2_m1
16018 10 -3 0 S2_m1
16020 10 -3 0 S2_m1
16021 10 -3 26.7521323804638 S2_m1
16001 11 -3 0 S2_m1
16002 11 -3 0 S2_m1
16003 11 -3 0 S2_m1
16004 11 -3 0 S2_m1
16005 11 -3 0 S2_m1
16007 11 -3 0 S2_m1
16008 11 -3 0 S2_m1
16011 11 -3 0 S2_m1
16013 11 -3 0 S2_m1
16014 11 -3 0 S2_m1
16015 11 -3 0 S2_m1
16017 11 -3 0 S2_m1
16018 11 -3 0 S2_m1
16020 11 -3 0 S2_m1
16021 11 -3 0 S2_m1
16001 12 -3 0 S2_m1
16002 12 -3 10.6249333938663 S2_m1
16003 12 -3 0 S2_m1
16004 12 -3 0 S2_m1
16005 12 -3 0 S2_m1
16007 12 -3 0 S2_m1
16008 12 -3 0 S2_m1
16011 12 -3 0 S2_m1
16013 12 -3 1.0699302698104 S2_m1
16014 12 -3 0 S2_m1
16015 12 -3 1.77906750871396 S2_m1
16017 12 -3 0 S2_m1
16018 12 -3 0 S2_m1
16020 12 -3 0 S2_m1
16021 12 -3 0 S2_m1
16001 13 -3 0 S2_m1
16002 13 -3 0 S2_m1
16003 13 -3 0 S2_m1
16004 13 -3 18.1389205241431 S2_m1
16005 13 -3 0 S2_m1
16007 13 -3 0 S2_m1
16008 13 -3 0 S2_m1
16011 13 -3 0 S2_m1
16013 13 -3 0 S2_m1
16014 13 -3 0 S2_m1
16015 13 -3 35.6881261711378 S2_m1
16017 13 -3 0 S2_m1
16018 13 -3 0 S2_m1
16020 13 -3 0 S2_m1
16021 13 -3 1.35106613012128 S2_m1
16001 14 -3 0 S2_m1
16002 14 -3 0 S2_m1
16003 14 -3 0 S2_m1
16004 14 -3 101.147640586381 S2_m1
16005 14 -3 0 S2_m1
16007 14 -3 0 S2_m1
16008 14 -3 0 S2_m1
16011 14 -3 0 S2_m1
16013 14 -3 0 S2_m1
16014 14 -3 0 S2_m1
16015 14 -3 107.334331728306 S2_m1
16017 14 -3 0 S2_m1
16018 14 -3 0 S2_m1
16020 14 -3 0 S2_m1
16021 14 -3 37.0523773992528 S2_m1
16001 15 -3 0 S2_m1
16002 15 -3 96.4959494595825 S2_m1
16003 15 -3 1.36314764984004 S2_m1
16004 15 -3 197.459772140309 S2_m1
16005 15 -3 0 S2_m1
16007 15 -3 0 S2_m1
16008 15 -3 159.589644113416 S2_m1
16011 15 -3 0 S2_m1
16013 15 -3 177.442051043328 S2_m1
16014 15 -3 0 S2_m1
16015 15 -3 198.038325735747 S2_m1
16017 15 -3 60.0520669742246 S2_m1
16018 15 -3 0 S2_m1
16020 15 -3 0 S2_m1
16021 15 -3 120.639376274018 S2_m1
16001 16 -3 1.8471673125438 S2_m1
16002 16 -3 124.28968201022 S2_m1
16003 16 -3 9.30549050439857 S2_m1
16004 16 -3 144.615169289032 S2_m1
16005 16 -3 6.22140482573021 S2_m1
16007 16 -3 0 S2_m1
16008 16 -3 137.027098317047 S2_m1
16011 16 -3 0 S2_m1
16013 16 -3 173.169963606584 S2_m1
16014 16 -3 0 S2_m1
16015 16 -3 148.276916592846 S2_m1
16017 16 -3 37.7331958759689 S2_m1
16018 16 -3 0 S2_m1
16020 16 -3 0 S2_m1
16021 16 -3 86.9109068835384 S2_m1
16001 17 -3 0 S2_m1
16002 17 -3 0 S2_m1
16003 17 -3 0 S2_m1
16004 17 -3 113.951355057179 S2_m1
16005 17 -3 0 S2_m1
16007 17 -3 0 S2_m1
16008 17 -3 18.5118218246218 S2_m1
16011 17 -3 0 S2_m1
16013 17 -3 3.48990039498123 S2_m1
16014 17 -3 0 S2_m1
16015 17 -3 120.534481797636 S2_m1
16017 17 -3 2.35772081147079 S2_m1
16018 17 -3 0 S2_m1
16020 17 -3 0 S2_m1
16021 17 -3 53.7467117254381 S2_m1
16001 18 -3 0 S2_m1
16002 18 -3 54.6440525370401 S2_m1
16003 18 -3 0 S2_m1
16004 18 -3 30.4273514144673 S2_m1
16005 18 -3 0 S2_m1
16007 18 -3 0 S2_m1
16008 18 -3 27.4573664094575 S2_m1
16011 18 -3 0 S2_m1
16013 18 -3 45.5810882028834 S2_m1
16014 18 -3 0 S2_m1
16015 18 -3 41.3490233088947 S2_m1
16017 18 -3 0 S2_m1
16018 18 -3 0 S2_m1
16020 18 -3 0 S2_m1
16021 18 -3 6.64686851827281 S2_m1
16001 19 -3 0 S2_m1
16002 19 -3 2.49445686499935 S2_m1
16003 19 -3 0 S2_m1
16004 19 -3 72.6130930250641 S2_m1
16005 19 -3 0 S2_m1
16007 19 -3 0 S2_m1
16008 19 -3 39.917729893937 S2_m1
16011 19 -3 0 S2_m1
16013 19 -3 30.2269185431216 S2_m1
16014 19 -3 0 S2_m1
16015 19 -3 80.5626857349125 S2_m1
16017 19 -3 0 S2_m1
16018 19 -3 0 S2_m1
16020 19 -3 0 S2_m1
16021 19 -3 25.0093839221271 S2_m1
16001 20 -3 1.192482918059 S2_m1
16002 20 -3 124.281076041949 S2_m1
16003 20 -3 8.34769089732718 S2_m1
16004 20 -3 181.213012215354 S2_m1
16005 20 -3 5.20734641880185 S2_m1
16007 20 -3 0 S2_m1
16008 20 -3 161.73476259183 S2_m1
16011 20 -3 0 S2_m1
16013 20 -3 193.145896831242 S2_m1
16014 20 -3 0 S2_m1
16015 20 -3 183.824033136902 S2_m1
16017 20 -3 56.4762000408457 S2_m1
16018 20 -3 0 S2_m1
16020 20 -3 0 S2_m1
16021 20 -3 111.894602649797 S2_m1
16001 21 -3 0 S2_m1
16002 21 -3 0 S2_m1
16003 21 -3 0 S2_m1
16004 21 -3 50.4129251352457 S2_m1
16005 21 -3 0 S2_m1
16007 21 -3 0 S2_m1
16008 21 -3 19.9784375748692 S2_m1
16011 21 -3 0 S2_m1
16013 21 -3 11.6951072705152 S2_m1
16014 21 -3 0 S2_m1
16015 21 -3 60.1998695859358 S2_m1
16017 21 -3 0 S2_m1
16018 21 -3 0 S2_m1
16020 21 -3 0 S2_m1
16021 21 -3 10.1368245879551 S2_m1
16001 22 -3 1.8780629496322 S2_m1
16002 22 -3 119.264339592495 S2_m1
16003 22 -3 7.73895661116349 S2_m1
16004 22 -3 109.998613663531 S2_m1
16005 22 -3 6.63656867326746 S2_m1
16007 22 -3 0 S2_m1
16008 22 -3 108.976526391875 S2_m1
16011 22 -3 0 S2_m1
16013 22 -3 147.778255913425 S2_m1
16014 22 -3 0 S2_m1
16015 22 -3 113.327195518314 S2_m1
16017 22 -3 20.1829109669018 S2_m1
16018 22 -3 0 S2_m1
16020 22 -3 0 S2_m1
16021 22 -3 61.0171655595116 S2_m1
16001 23 -3 0 S2_m1
16002 23 -3 0 S2_m1
16003 23 -3 0 S2_m1
16004 23 -3 74.3534894423396 S2_m1
16005 23 -3 0 S2_m1
16007 23 -3 0 S2_m1
16008 23 -3 21.901783322418 S2_m1
16011 23 -3 0 S2_m1
16013 23 -3 8.90773359745814 S2_m1
16014 23 -3 0 S2_m1
16015 23 -3 81.7617293685109 S2_m1
16017 23 -3 0 S2_m1
16018 23 -3 0 S2_m1
16020 23 -3 0 S2_m1
16021 23 -3 23.2394445527488 S2_m1
16001 24 -3 0 S2_m1
16002 24 -3 4.39465990227492 S2_m1
16003 24 -3 0 S2_m1
16004 24 -3 63.9155897972469 S2_m1
16005 24 -3 0 S2_m1
16007 24 -3 0 S2_m1
16008 24 -3 39.485289102732 S2_m1
16011 24 -3 0 S2_m1
16013 24 -3 34.5160638306737 S2_m1
16014 24 -3 0 S2_m1
16015 24 -3 71.9002126805318 S2_m1
16017 24 -3 0 S2_m1
16018 24 -3 0 S2_m1
16020 24 -3 0 S2_m1
16021 24 -3 19.0443633933263 S2_m1
16001 25 -3 0 S2_m1
16002 25 -3 0 S2_m1
16003 25 -3 0 S2_m1
16004 25 -3 79.0965935038522 S2_m1
16005 25 -3 0 S2_m1
16007 25 -3 0 S2_m1
16008 25 -3 0 S2_m1
16011 25 -3 0 S2_m1
16013 25 -3 0 S2_m1
16014 25 -3 0 S2_m1
16015 25 -3 86.9788363712149 S2_m1
16017 25 -3 0 S2_m1
16018 25 -3 0 S2_m1
16020 25 -3 0 S2_m1
16021 25 -3 19.6484827097412 S2_m1
16001 26 -3 0 S2_m1
16002 26 -3 112.375255036804 S2_m1
16003 26 -3 4.87466644584297 S2_m1
16004 26 -3 130.491888174642 S2_m1
16005 26 -3 3.60527134412799 S2_m1
16007 26 -3 0 S2_m1
16008 26 -3 124.310161274271 S2_m1
16011 26 -3 0 S2_m1
16013 26 -3 158.132277166253 S2_m1
16014 26 -3 0 S2_m1
16015 26 -3 133.70808280721 S2_m1
16017 26 -3 27.785089583522 S2_m1
16018 26 -3 0 S2_m1
16020 26 -3 0 S2_m1
16021 26 -3 75.1678939852626 S2_m1
16001 27 -3 0 S2_m1
16002 27 -3 0 S2_m1
16003 27 -3 0 S2_m1
16004 27 -3 18.0263579837272 S2_m1
16005 27 -3 0 S2_m1
16007 27 -3 0 S2_m1
16008 27 -3 0 S2_m1
16011 27 -3 0 S2_m1
16013 27 -3 0 S2_m1
16014 27 -3 0 S2_m1
16015 27 -3 33.2962903781175 S2_m1
16017 27 -3 0 S2_m1
16018 27 -3 0 S2_m1
16020 27 -3 0 S2_m1
16021 27 -3 0 S2_m1
16001 28 -3 19.397746360797 S2_m1
16002 28 -3 181.517201166118 S2_m1
16003 28 -3 46.3648708934733 S2_m1
16004 28 -3 168.667448843809 S2_m1
16005 28 -3 41.6221636701227 S2_m1
16007 28 -3 0 S2_m1
16008 28 -3 164.708971735718 S2_m1
16011 28 -3 0 S2_m1
16013 28 -3 232.214617411631 S2_m1
16014 28 -3 0 S2_m1
16015 28 -3 170.998186076201 S2_m1
16017 28 -3 59.2996746486456 S2_m1
16018 28 -3 0 S2_m1
16020 28 -3 0 S2_m1
16021 28 -3 104.842801967715 S2_m1
16001 29 -3 0 S2_m1
16002 29 -3 0 S2_m1
16003 29 -3 0 S2_m1
16004 29 -3 3.84188244667456 S2_m1
16005 29 -3 0 S2_m1
16007 29 -3 0 S2_m1
16008 29 -3 0 S2_m1
16011 29 -3 0 S2_m1
16013 29 -3 0 S2_m1
16014 29 -3 0 S2_m1
16015 29 -3 11.9057382839271 S2_m1
16017 29 -3 0 S2_m1
16018 29 -3 0 S2_m1
16020 29 -3 0 S2_m1
16021 29 -3 0 S2_m1
16001 30 -3 0 S2_m1
16002 30 -3 0 S2_m1
16003 30 -3 0 S2_m1
16004 30 -3 83.4770764294074 S2_m1
16005 30 -3 0 S2_m1
16007 30 -3 0 S2_m1
16008 30 -3 0 S2_m1
16011 30 -3 0 S2_m1
16013 30 -3 0 S2_m1
16014 30 -3 0 S2_m1
16015 30 -3 91.7168633141437 S2_m1
16017 30 -3 0 S2_m1
16018 30 -3 0 S2_m1
16020 30 -3 0 S2_m1
16021 30 -3 23.4051457648439 S2_m1
16001 31 -3 0 S2_m1
16002 31 -3 0 S2_m1
16003 31 -3 0 S2_m1
16004 31 -3 42.4221145429277 S2_m1
16005 31 -3 0 S2_m1
16007 31 -3 0 S2_m1
16008 31 -3 0 S2_m1
16011 31 -3 0 S2_m1
16013 31 -3 0 S2_m1
16014 31 -3 0 S2_m1
16015 31 -3 49.784823667818 S2_m1
16017 31 -3 0 S2_m1
16018 31 -3 0 S2_m1
16020 31 -3 0 S2_m1
16021 31 -3 1.79840147730192 S2_m1
16001 1 -5 0 S2_m1
16002 1 -5 0 S2_m1
16003 1 -5 0 S2_m1
16004 1 -5 0 S2_m1
16005 1 -5 0 S2_m1
16007 1 -5 0 S2_m1
16008 1 -5 0 S2_m1
16011 1 -5 0 S2_m1
16013 1 -5 0 S2_m1
16014 1 -5 0 S2_m1
16015 1 -5 0 S2_m1
16017 1 -5 0 S2_m1
16018 1 -5 0 S2_m1
16020 1 -5 0 S2_m1
16021 1 -5 0 S2_m1
16001 2 -5 0 S2_m1
16002 2 -5 0 S2_m1
16003 2 -5 0 S2_m1
16004 2 -5 36.169504158667 S2_m1
16005 2 -5 0 S2_m1
16007 2 -5 0 S2_m1
16008 2 -5 0 S2_m1
16011 2 -5 0 S2_m1
16013 2 -5 0 S2_m1
16014 2 -5 0 S2_m1
16015 2 -5 51.4077882678493 S2_m1
16017 2 -5 0 S2_m1
16018 2 -5 0 S2_m1
16020 2 -5 0 S2_m1
16021 2 -5 2.20147196168383 S2_m1
16001 3 -5 0 S2_m1
16002 3 -5 0 S2_m1
16003 3 -5 0 S2_m1
16004 3 -5 0 S2_m1
16005 3 -5 0 S2_m1
16007 3 -5 0 S2_m1
16008 3 -5 0 S2_m1
16011 3 -5 0 S2_m1
16013 3 -5 0 S2_m1
16014 3 -5 0 S2_m1
16015 3 -5 0 S2_m1
16017 3 -5 0 S2_m1
16018 3 -5 0 S2_m1
16020 3 -5 0 S2_m1
16021 3 -5 0 S2_m1
16001 4 -5 0 S2_m1
16002 4 -5 0 S2_m1
16003 4 -5 0 S2_m1
16004 4 -5 0 S2_m1
16005 4 -5 0 S2_m1
16007 4 -5 0 S2_m1
16008 4 -5 0 S2_m1
16011 4 -5 0 S2_m1
16013 4 -5 0 S2_m1
16014 4 -5 0 S2_m1
16015 4 -5 0 S2_m1
16017 4 -5 0 S2_m1
16018 4 -5 0 S2_m1
16020 4 -5 0 S2_m1
16021 4 -5 0 S2_m1
16001 5 -5 0 S2_m1
16002 5 -5 0 S2_m1
16003 5 -5 0 S2_m1
16004 5 -5 0 S2_m1
16005 5 -5 0 S2_m1
16007 5 -5 0 S2_m1
16008 5 -5 0 S2_m1
16011 5 -5 0 S2_m1
16013 5 -5 0 S2_m1
16014 5 -5 0 S2_m1
16015 5 -5 0 S2_m1
16017 5 -5 0 S2_m1
16018 5 -5 0 S2_m1
16020 5 -5 0 S2_m1
16021 5 -5 0 S2_m1
16001 6 -5 0 S2_m1
16002 6 -5 0 S2_m1
16003 6 -5 0 S2_m1
16004 6 -5 51.4638674472625 S2_m1
16005 6 -5 0 S2_m1
16007 6 -5 0 S2_m1
16008 6 -5 3.08967933992728 S2_m1
16011 6 -5 0 S2_m1
16013 6 -5 0 S2_m1
16014 6 -5 0 S2_m1
16015 6 -5 62.8669436433008 S2_m1
16017 6 -5 0 S2_m1
16018 6 -5 0 S2_m1
16020 6 -5 0 S2_m1
16021 6 -5 8.78745170953602 S2_m1
16001 7 -5 0 S2_m1
16002 7 -5 0 S2_m1
16003 7 -5 0 S2_m1
16004 7 -5 44.1503335791209 S2_m1
16005 7 -5 0 S2_m1
16007 7 -5 0 S2_m1
16008 7 -5 0 S2_m1
16011 7 -5 0 S2_m1
16013 7 -5 0 S2_m1
16014 7 -5 0 S2_m1
16015 7 -5 58.357733280863 S2_m1
16017 7 -5 0 S2_m1
16018 7 -5 0 S2_m1
16020 7 -5 0 S2_m1
16021 7 -5 3.43683188870953 S2_m1
16001 8 -5 0 S2_m1
16002 8 -5 0 S2_m1
16003 8 -5 0 S2_m1
16004 8 -5 0 S2_m1
16005 8 -5 0 S2_m1
16007 8 -5 0 S2_m1
16008 8 -5 0 S2_m1
16011 8 -5 0 S2_m1
16013 8 -5 0 S2_m1
16014 8 -5 0 S2_m1
16015 8 -5 2.45591080924362 S2_m1
16017 8 -5 0 S2_m1
16018 8 -5 0 S2_m1
16020 8 -5 0 S2_m1
16021 8 -5 0 S2_m1
16001 9 -5 0 S2_m1
16002 9 -5 0 S2_m1
16003 9 -5 0 S2_m1
16004 9 -5 0 S2_m1
16005 9 -5 0 S2_m1
16007 9 -5 0 S2_m1
16008 9 -5 0 S2_m1
16011 9 -5 0 S2_m1
16013 9 -5 0 S2_m1
16014 9 -5 0 S2_m1
16015 9 -5 0 S2_m1
16017 9 -5 0 S2_m1
16018 9 -5 0 S2_m1
16020 9 -5 0 S2_m1
16021 9 -5 0 S2_m1
16001 10 -5 0 S2_m1
16002 10 -5 0 S2_m1
16003 10 -5 0 S2_m1
16004 10 -5 0 S2_m1
16005 10 -5 0 S2_m1
16007 10 -5 0 S2_m1
16008 10 -5 0 S2_m1
16011 10 -5 0 S2_m1
16013 10 -5 0 S2_m1
16014 10 -5 0 S2_m1
16015 10 -5 0 S2_m1
16017 10 -5 0 S2_m1
16018 10 -5 0 S2_m1
16020 10 -5 0 S2_m1
16021 10 -5 0 S2_m1
16001 11 -5 0 S2_m1
16002 11 -5 0 S2_m1
16003 11 -5 0 S2_m1
16004 11 -5 0 S2_m1
16005 11 -5 0 S2_m1
16007 11 -5 0 S2_m1
16008 11 -5 0 S2_m1
16011 11 -5 0 S2_m1
16013 11 -5 0 S2_m1
16014 11 -5 0 S2_m1
16015 11 -5 0 S2_m1
16017 11 -5 0 S2_m1
16018 11 -5 0 S2_m1
16020 11 -5 0 S2_m1
16021 11 -5 0 S2_m1
16001 12 -5 0 S2_m1
16002 12 -5 0 S2_m1
16003 12 -5 0 S2_m1
16004 12 -5 0 S2_m1
16005 12 -5 0 S2_m1
16007 12 -5 0 S2_m1
16008 12 -5 0 S2_m1
16011 12 -5 0 S2_m1
16013 12 -5 0 S2_m1
16014 12 -5 0 S2_m1
16015 12 -5 0 S2_m1
16017 12 -5 0 S2_m1
16018 12 -5 0 S2_m1
16020 12 -5 0 S2_m1
16021 12 -5 0 S2_m1
16001 13 -5 0 S2_m1
16002 13 -5 0 S2_m1
16003 13 -5 0 S2_m1
16004 13 -5 0 S2_m1
16005 13 -5 0 S2_m1
16007 13 -5 0 S2_m1
16008 13 -5 0 S2_m1
16011 13 -5 0 S2_m1
16013 13 -5 0 S2_m1
16014 13 -5 0 S2_m1
16015 13 -5 0 S2_m1
16017 13 -5 0 S2_m1
16018 13 -5 0 S2_m1
16020 13 -5 0 S2_m1
16021 13 -5 0 S2_m1
16001 14 -5 0 S2_m1
16002 14 -5 0 S2_m1
16003 14 -5 0 S2_m1
16004 14 -5 56.641980315936 S2_m1
16005 14 -5 0 S2_m1
16007 14 -5 0 S2_m1
16008 14 -5 0 S2_m1
16011 14 -5 0 S2_m1
16013 14 -5 0 S2_m1
16014 14 -5 0 S2_m1
16015 14 -5 68.5048348906079 S2_m1
16017 14 -5 0 S2_m1
16018 14 -5 0 S2_m1
16020 14 -5 0 S2_m1
16021 14 -5 7.87915070295341 S2_m1
16001 15 -5 0 S2_m1
16002 15 -5 38.7547866394838 S2_m1
16003 15 -5 0 S2_m1
16004 15 -5 120.501998647938 S2_m1
16005 15 -5 0 S2_m1
16007 15 -5 0 S2_m1
16008 15 -5 94.1937992965322 S2_m1
16011 15 -5 0 S2_m1
16013 15 -5 101.503610850691 S2_m1
16014 15 -5 0 S2_m1
16015 15 -5 124.011589993221 S2_m1
16017 15 -5 10.931628591915 S2_m1
16018 15 -5 0 S2_m1
16020 15 -5 0 S2_m1
16021 15 -5 63.525377983923 S2_m1
16001 16 -5 0 S2_m1
16002 16 -5 16.9252956401013 S2_m1
16003 16 -5 0 S2_m1
16004 16 -5 26.4403922598315 S2_m1
16005 16 -5 0 S2_m1
16007 16 -5 0 S2_m1
16008 16 -5 20.5775974711822 S2_m1
16011 16 -5 0 S2_m1
16013 16 -5 25.5566230900991 S2_m1
16014 16 -5 0 S2_m1
16015 16 -5 38.6856079860006 S2_m1
16017 16 -5 0 S2_m1
16018 16 -5 0 S2_m1
16020 16 -5 0 S2_m1
16021 16 -5 3.79234052820807 S2_m1
16001 17 -5 0 S2_m1
16002 17 -5 0 S2_m1
16003 17 -5 0 S2_m1
16004 17 -5 57.1745455255625 S2_m1
16005 17 -5 0 S2_m1
16007 17 -5 0 S2_m1
16008 17 -5 1.30880849522583 S2_m1
16011 17 -5 0 S2_m1
16013 17 -5 0 S2_m1
16014 17 -5 0 S2_m1
16015 17 -5 69.8062579055753 S2_m1
16017 17 -5 0 S2_m1
16018 17 -5 0 S2_m1
16020 17 -5 0 S2_m1
16021 17 -5 11.4155742985067 S2_m1
16001 18 -5 0 S2_m1
16002 18 -5 0 S2_m1
16003 18 -5 0 S2_m1
16004 18 -5 0 S2_m1
16005 18 -5 0 S2_m1
16007 18 -5 0 S2_m1
16008 18 -5 0 S2_m1
16011 18 -5 0 S2_m1
16013 18 -5 0 S2_m1
16014 18 -5 0 S2_m1
16015 18 -5 0 S2_m1
16017 18 -5 0 S2_m1
16018 18 -5 0 S2_m1
16020 18 -5 0 S2_m1
16021 18 -5 0 S2_m1
16001 19 -5 0 S2_m1
16002 19 -5 0 S2_m1
16003 19 -5 0 S2_m1
16004 19 -5 0 S2_m1
16005 19 -5 0 S2_m1
16007 19 -5 0 S2_m1
16008 19 -5 0 S2_m1
16011 19 -5 0 S2_m1
16013 19 -5 0 S2_m1
16014 19 -5 0 S2_m1
16015 19 -5 0 S2_m1
16017 19 -5 0 S2_m1
16018 19 -5 0 S2_m1
16020 19 -5 0 S2_m1
16021 19 -5 0 S2_m1
16001 20 -5 0 S2_m1
16002 20 -5 44.1991530790328 S2_m1
16003 20 -5 0 S2_m1
16004 20 -5 83.5441496812286 S2_m1
16005 20 -5 0 S2_m1
16007 20 -5 0 S2_m1
16008 20 -5 71.8435223676672 S2_m1
16011 20 -5 0 S2_m1
16013 20 -5 83.4324488290824 S2_m1
16014 20 -5 0 S2_m1
16015 20 -5 90.2752665240239 S2_m1
16017 20 -5 2.98900150458077 S2_m1
16018 20 -5 0 S2_m1
16020 20 -5 0 S2_m1
16021 20 -5 37.2681541507545 S2_m1
16001 21 -5 0 S2_m1
16002 21 -5 0 S2_m1
16003 21 -5 0 S2_m1
16004 21 -5 0 S2_m1
16005 21 -5 0 S2_m1
16007 21 -5 0 S2_m1
16008 21 -5 0 S2_m1
16011 21 -5 0 S2_m1
16013 21 -5 0 S2_m1
16014 21 -5 0 S2_m1
16015 21 -5 0 S2_m1
16017 21 -5 0 S2_m1
16018 21 -5 0 S2_m1
16020 21 -5 0 S2_m1
16021 21 -5 0 S2_m1
16001 22 -5 0 S2_m1
16002 22 -5 1.36991079403364 S2_m1
16003 22 -5 0 S2_m1
16004 22 -5 0 S2_m1
16005 22 -5 0 S2_m1
16007 22 -5 0 S2_m1
16008 22 -5 0 S2_m1
16011 22 -5 0 S2_m1
16013 22 -5 1.04378333375471 S2_m1
16014 22 -5 0 S2_m1
16015 22 -5 1.89282325246254 S2_m1
16017 22 -5 0 S2_m1
16018 22 -5 0 S2_m1
16020 22 -5 0 S2_m1
16021 22 -5 0 S2_m1
16001 23 -5 0 S2_m1
16002 23 -5 0 S2_m1
16003 23 -5 0 S2_m1
16004 23 -5 0 S2_m1
16005 23 -5 0 S2_m1
16007 23 -5 0 S2_m1
16008 23 -5 0 S2_m1
16011 23 -5 0 S2_m1
16013 23 -5 0 S2_m1
16014 23 -5 0 S2_m1
16015 23 -5 2.0095667172449 S2_m1
16017 23 -5 0 S2_m1
16018 23 -5 0 S2_m1
16020 23 -5 0 S2_m1
16021 23 -5 0 S2_m1
16001 24 -5 0 S2_m1
16002 24 -5 0 S2_m1
16003 24 -5 0 S2_m1
16004 24 -5 0 S2_m1
16005 24 -5 0 S2_m1
16007 24 -5 0 S2_m1
16008 24 -5 0 S2_m1
16011 24 -5 0 S2_m1
16013 24 -5 0 S2_m1
16014 24 -5 0 S2_m1
16015 24 -5 0 S2_m1
16017 24 -5 0 S2_m1
16018 24 -5 0 S2_m1
16020 24 -5 0 S2_m1
16021 24 -5 0 S2_m1
16001 25 -5 0 S2_m1
16002 25 -5 0 S2_m1
16003 25 -5 0 S2_m1
16004 25 -5 18.3527170521157 S2_m1
16005 25 -5 0 S2_m1
16007 25 -5 0 S2_m1
16008 25 -5 0 S2_m1
16011 25 -5 0 S2_m1
16013 25 -5 0 S2_m1
16014 25 -5 0 S2_m1
16015 25 -5 32.6277726895363 S2_m1
16017 25 -5 0 S2_m1
16018 25 -5 0 S2_m1
16020 25 -5 0 S2_m1
16021 25 -5 0 S2_m1
16001 26 -5 0 S2_m1
16002 26 -5 5.20505925240844 S2_m1
16003 26 -5 0 S2_m1
16004 26 -5 9.47387390762754 S2_m1
16005 26 -5 0 S2_m1
16007 26 -5 0 S2_m1
16008 26 -5 6.69054335932412 S2_m1
16011 26 -5 0 S2_m1
16013 26 -5 8.51691377882186 S2_m1
16014 26 -5 0 S2_m1
16015 26 -5 19.9064332897433 S2_m1
16017 26 -5 0 S2_m1
16018 26 -5 0 S2_m1
16020 26 -5 0 S2_m1
16021 26 -5 0 S2_m1
16001 27 -5 0 S2_m1
16002 27 -5 0 S2_m1
16003 27 -5 0 S2_m1
16004 27 -5 0 S2_m1
16005 27 -5 0 S2_m1
16007 27 -5 0 S2_m1
16008 27 -5 0 S2_m1
16011 27 -5 0 S2_m1
16013 27 -5 0 S2_m1
16014 27 -5 0 S2_m1
16015 27 -5 0 S2_m1
16017 27 -5 0 S2_m1
16018 27 -5 0 S2_m1
16020 27 -5 0 S2_m1
16021 27 -5 0 S2_m1
16001 28 -5 0 S2_m1
16002 28 -5 47.8225697682618 S2_m1
16003 28 -5 0 S2_m1
16004 28 -5 38.9739571355564 S2_m1
16005 28 -5 0 S2_m1
16007 28 -5 0 S2_m1
16008 28 -5 36.504072443547 S2_m1
16011 28 -5 0 S2_m1
16013 28 -5 53.9262997066271 S2_m1
16014 28 -5 0 S2_m1
16015 28 -5 48.7388209914905 S2_m1
16017 28 -5 0 S2_m1
16018 28 -5 0 S2_m1
16020 28 -5 0 S2_m1
16021 28 -5 8.669400127894 S2_m1
16001 29 -5 0 S2_m1
16002 29 -5 0 S2_m1
16003 29 -5 0 S2_m1
16004 29 -5 0 S2_m1
16005 29 -5 0 S2_m1
16007 29 -5 0 S2_m1
16008 29 -5 0 S2_m1
16011 29 -5 0 S2_m1
16013 29 -5 0 S2_m1
16014 29 -5 0 S2_m1
16015 29 -5 0 S2_m1
16017 29 -5 0 S2_m1
16018 29 -5 0 S2_m1
16020 29 -5 0 S2_m1
16021 29 -5 0 S2_m1
16001 30 -5 0 S2_m1
16002 30 -5 0 S2_m1
16003 30 -5 0 S2_m1
16004 30 -5 29.0901426971494 S2_m1
16005 30 -5 0 S2_m1
16007 30 -5 0 S2_m1
16008 30 -5 0 S2_m1
16011 30 -5 0 S2_m1
16013 30 -5 0 S2_m1
16014 30 -5 0 S2_m1
16015 30 -5 44.0252288903382 S2_m1
16017 30 -5 0 S2_m1
16018 30 -5 0 S2_m1
16020 30 -5 0 S2_m1
16021 30 -5 1.62535413890804 S2_m1
16001 31 -5 0 S2_m1
16002 31 -5 0 S2_m1
16003 31 -5 0 S2_m1
16004 31 -5 0 S2_m1
16005 31 -5 0 S2_m1
16007 31 -5 0 S2_m1
16008 31 -5 0 S2_m1
16011 31 -5 0 S2_m1
16013 31 -5 0 S2_m1
16014 31 -5 0 S2_m1
16015 31 -5 0 S2_m1
16017 31 -5 0 S2_m1
16018 31 -5 0 S2_m1
16020 31 -5 0 S2_m1
16021 31 -5 0 S2_m1
