speciesID lakeID variable value scenario
14037 1 -0.5 4.77218086628355 S2_Nm1_T1
14038 1 -0.5 147.133661606442 S2_Nm1_T1
14039 1 -0.5 0 S2_Nm1_T1
14042 1 -0.5 0 S2_Nm1_T1
14043 1 -0.5 0 S2_Nm1_T1
14046 1 -0.5 275.514202899978 S2_Nm1_T1
14047 1 -0.5 0 S2_Nm1_T1
14049 1 -0.5 0 S2_Nm1_T1
14053 1 -0.5 142.946382998278 S2_Nm1_T1
14054 1 -0.5 0 S2_Nm1_T1
14055 1 -0.5 128.633429283196 S2_Nm1_T1
14057 1 -0.5 17.4598488897446 S2_Nm1_T1
14060 1 -0.5 137.810469116209 S2_Nm1_T1
14061 1 -0.5 0 S2_Nm1_T1
14062 1 -0.5 160.894266128415 S2_Nm1_T1
14037 2 -0.5 0 S2_Nm1_T1
14038 2 -0.5 0 S2_Nm1_T1
14039 2 -0.5 0 S2_Nm1_T1
14042 2 -0.5 0 S2_Nm1_T1
14043 2 -0.5 0 S2_Nm1_T1
14046 2 -0.5 0 S2_Nm1_T1
14047 2 -0.5 0 S2_Nm1_T1
14049 2 -0.5 0 S2_Nm1_T1
14053 2 -0.5 0 S2_Nm1_T1
14054 2 -0.5 0 S2_Nm1_T1
14055 2 -0.5 0 S2_Nm1_T1
14057 2 -0.5 0 S2_Nm1_T1
14060 2 -0.5 0 S2_Nm1_T1
14061 2 -0.5 0 S2_Nm1_T1
14062 2 -0.5 0 S2_Nm1_T1
14037 3 -0.5 0 S2_Nm1_T1
14038 3 -0.5 0 S2_Nm1_T1
14039 3 -0.5 0 S2_Nm1_T1
14042 3 -0.5 0 S2_Nm1_T1
14043 3 -0.5 0 S2_Nm1_T1
14046 3 -0.5 0 S2_Nm1_T1
14047 3 -0.5 0 S2_Nm1_T1
14049 3 -0.5 0 S2_Nm1_T1
14053 3 -0.5 0 S2_Nm1_T1
14054 3 -0.5 0 S2_Nm1_T1
14055 3 -0.5 0 S2_Nm1_T1
14057 3 -0.5 0 S2_Nm1_T1
14060 3 -0.5 0 S2_Nm1_T1
14061 3 -0.5 0 S2_Nm1_T1
14062 3 -0.5 0 S2_Nm1_T1
14037 4 -0.5 0 S2_Nm1_T1
14038 4 -0.5 70.7911380945849 S2_Nm1_T1
14039 4 -0.5 0 S2_Nm1_T1
14042 4 -0.5 0 S2_Nm1_T1
14043 4 -0.5 0 S2_Nm1_T1
14046 4 -0.5 99.0206792214266 S2_Nm1_T1
14047 4 -0.5 0 S2_Nm1_T1
14049 4 -0.5 0 S2_Nm1_T1
14053 4 -0.5 49.3354174322927 S2_Nm1_T1
14054 4 -0.5 0 S2_Nm1_T1
14055 4 -0.5 11.0653001482871 S2_Nm1_T1
14057 4 -0.5 0 S2_Nm1_T1
14060 4 -0.5 7.39918659133536 S2_Nm1_T1
14061 4 -0.5 0 S2_Nm1_T1
14062 4 -0.5 42.9009933066248 S2_Nm1_T1
14037 5 -0.5 0 S2_Nm1_T1
14038 5 -0.5 0 S2_Nm1_T1
14039 5 -0.5 0 S2_Nm1_T1
14042 5 -0.5 0 S2_Nm1_T1
14043 5 -0.5 0 S2_Nm1_T1
14046 5 -0.5 0 S2_Nm1_T1
14047 5 -0.5 0 S2_Nm1_T1
14049 5 -0.5 0 S2_Nm1_T1
14053 5 -0.5 0 S2_Nm1_T1
14054 5 -0.5 0 S2_Nm1_T1
14055 5 -0.5 0 S2_Nm1_T1
14057 5 -0.5 0 S2_Nm1_T1
14060 5 -0.5 0 S2_Nm1_T1
14061 5 -0.5 0 S2_Nm1_T1
14062 5 -0.5 0 S2_Nm1_T1
14037 6 -0.5 0 S2_Nm1_T1
14038 6 -0.5 55.0542553134814 S2_Nm1_T1
14039 6 -0.5 0 S2_Nm1_T1
14042 6 -0.5 0 S2_Nm1_T1
14043 6 -0.5 0 S2_Nm1_T1
14046 6 -0.5 13.1663919368994 S2_Nm1_T1
14047 6 -0.5 0 S2_Nm1_T1
14049 6 -0.5 0 S2_Nm1_T1
14053 6 -0.5 26.0002215213189 S2_Nm1_T1
14054 6 -0.5 0 S2_Nm1_T1
14055 6 -0.5 0 S2_Nm1_T1
14057 6 -0.5 0 S2_Nm1_T1
14060 6 -0.5 0 S2_Nm1_T1
14061 6 -0.5 0 S2_Nm1_T1
14062 6 -0.5 4.58556611479852 S2_Nm1_T1
14037 7 -0.5 0 S2_Nm1_T1
14038 7 -0.5 0 S2_Nm1_T1
14039 7 -0.5 0 S2_Nm1_T1
14042 7 -0.5 0 S2_Nm1_T1
14043 7 -0.5 0 S2_Nm1_T1
14046 7 -0.5 0 S2_Nm1_T1
14047 7 -0.5 0 S2_Nm1_T1
14049 7 -0.5 0 S2_Nm1_T1
14053 7 -0.5 0 S2_Nm1_T1
14054 7 -0.5 0 S2_Nm1_T1
14055 7 -0.5 0 S2_Nm1_T1
14057 7 -0.5 0 S2_Nm1_T1
14060 7 -0.5 0 S2_Nm1_T1
14061 7 -0.5 0 S2_Nm1_T1
14062 7 -0.5 0 S2_Nm1_T1
14037 8 -0.5 2.45718129552416 S2_Nm1_T1
14038 8 -0.5 130.302656423006 S2_Nm1_T1
14039 8 -0.5 0 S2_Nm1_T1
14042 8 -0.5 0 S2_Nm1_T1
14043 8 -0.5 0 S2_Nm1_T1
14046 8 -0.5 246.348355970989 S2_Nm1_T1
14047 8 -0.5 0 S2_Nm1_T1
14049 8 -0.5 0 S2_Nm1_T1
14053 8 -0.5 123.657907711901 S2_Nm1_T1
14054 8 -0.5 0 S2_Nm1_T1
14055 8 -0.5 108.071149165482 S2_Nm1_T1
14057 8 -0.5 6.56966789130269 S2_Nm1_T1
14060 8 -0.5 108.990874083133 S2_Nm1_T1
14061 8 -0.5 0 S2_Nm1_T1
14062 8 -0.5 145.035350067183 S2_Nm1_T1
14037 9 -0.5 0 S2_Nm1_T1
14038 9 -0.5 45.0261562030878 S2_Nm1_T1
14039 9 -0.5 0 S2_Nm1_T1
14042 9 -0.5 0 S2_Nm1_T1
14043 9 -0.5 0 S2_Nm1_T1
14046 9 -0.5 5.97780125938065 S2_Nm1_T1
14047 9 -0.5 0 S2_Nm1_T1
14049 9 -0.5 0 S2_Nm1_T1
14053 9 -0.5 11.7437659192952 S2_Nm1_T1
14054 9 -0.5 0 S2_Nm1_T1
14055 9 -0.5 0 S2_Nm1_T1
14057 9 -0.5 0 S2_Nm1_T1
14060 9 -0.5 0 S2_Nm1_T1
14061 9 -0.5 0 S2_Nm1_T1
14062 9 -0.5 2.18615860213693 S2_Nm1_T1
14037 10 -0.5 4.16075659907698 S2_Nm1_T1
14038 10 -0.5 129.879364037522 S2_Nm1_T1
14039 10 -0.5 0 S2_Nm1_T1
14042 10 -0.5 0 S2_Nm1_T1
14043 10 -0.5 0 S2_Nm1_T1
14046 10 -0.5 251.021137632458 S2_Nm1_T1
14047 10 -0.5 0 S2_Nm1_T1
14049 10 -0.5 0 S2_Nm1_T1
14053 10 -0.5 127.314270024362 S2_Nm1_T1
14054 10 -0.5 0 S2_Nm1_T1
14055 10 -0.5 103.711849998892 S2_Nm1_T1
14057 10 -0.5 4.87155775742027 S2_Nm1_T1
14060 10 -0.5 101.784515520809 S2_Nm1_T1
14061 10 -0.5 0 S2_Nm1_T1
14062 10 -0.5 149.755674903185 S2_Nm1_T1
14037 11 -0.5 0 S2_Nm1_T1
14038 11 -0.5 120.73294783725 S2_Nm1_T1
14039 11 -0.5 0 S2_Nm1_T1
14042 11 -0.5 0 S2_Nm1_T1
14043 11 -0.5 0 S2_Nm1_T1
14046 11 -0.5 241.394464931875 S2_Nm1_T1
14047 11 -0.5 0 S2_Nm1_T1
14049 11 -0.5 0 S2_Nm1_T1
14053 11 -0.5 104.451417965095 S2_Nm1_T1
14054 11 -0.5 0 S2_Nm1_T1
14055 11 -0.5 98.7805150957894 S2_Nm1_T1
14057 11 -0.5 2.19908418766536 S2_Nm1_T1
14060 11 -0.5 106.951006405323 S2_Nm1_T1
14061 11 -0.5 0 S2_Nm1_T1
14062 11 -0.5 115.468853198463 S2_Nm1_T1
14037 12 -0.5 0 S2_Nm1_T1
14038 12 -0.5 114.023152547745 S2_Nm1_T1
14039 12 -0.5 0 S2_Nm1_T1
14042 12 -0.5 0 S2_Nm1_T1
14043 12 -0.5 0 S2_Nm1_T1
14046 12 -0.5 220.365476739705 S2_Nm1_T1
14047 12 -0.5 0 S2_Nm1_T1
14049 12 -0.5 0 S2_Nm1_T1
14053 12 -0.5 90.1067639992124 S2_Nm1_T1
14054 12 -0.5 0 S2_Nm1_T1
14055 12 -0.5 91.2618679035497 S2_Nm1_T1
14057 12 -0.5 2.1875632110858 S2_Nm1_T1
14060 12 -0.5 102.866981491058 S2_Nm1_T1
14061 12 -0.5 0 S2_Nm1_T1
14062 12 -0.5 99.1769656100084 S2_Nm1_T1
14037 13 -0.5 0 S2_Nm1_T1
14038 13 -0.5 0 S2_Nm1_T1
14039 13 -0.5 0 S2_Nm1_T1
14042 13 -0.5 0 S2_Nm1_T1
14043 13 -0.5 0 S2_Nm1_T1
14046 13 -0.5 0 S2_Nm1_T1
14047 13 -0.5 0 S2_Nm1_T1
14049 13 -0.5 0 S2_Nm1_T1
14053 13 -0.5 0 S2_Nm1_T1
14054 13 -0.5 0 S2_Nm1_T1
14055 13 -0.5 0 S2_Nm1_T1
14057 13 -0.5 0 S2_Nm1_T1
14060 13 -0.5 0 S2_Nm1_T1
14061 13 -0.5 0 S2_Nm1_T1
14062 13 -0.5 0 S2_Nm1_T1
14037 14 -0.5 0 S2_Nm1_T1
14038 14 -0.5 0 S2_Nm1_T1
14039 14 -0.5 0 S2_Nm1_T1
14042 14 -0.5 0 S2_Nm1_T1
14043 14 -0.5 0 S2_Nm1_T1
14046 14 -0.5 0 S2_Nm1_T1
14047 14 -0.5 0 S2_Nm1_T1
14049 14 -0.5 0 S2_Nm1_T1
14053 14 -0.5 0 S2_Nm1_T1
14054 14 -0.5 0 S2_Nm1_T1
14055 14 -0.5 0 S2_Nm1_T1
14057 14 -0.5 0 S2_Nm1_T1
14060 14 -0.5 0 S2_Nm1_T1
14061 14 -0.5 0 S2_Nm1_T1
14062 14 -0.5 0 S2_Nm1_T1
14037 15 -0.5 27.6414870267789 S2_Nm1_T1
14038 15 -0.5 147.566853461245 S2_Nm1_T1
14039 15 -0.5 0 S2_Nm1_T1
14042 15 -0.5 0 S2_Nm1_T1
14043 15 -0.5 0 S2_Nm1_T1
14046 15 -0.5 275.015554162778 S2_Nm1_T1
14047 15 -0.5 1.14953106412148 S2_Nm1_T1
14049 15 -0.5 0 S2_Nm1_T1
14053 15 -0.5 150.66838856751 S2_Nm1_T1
14054 15 -0.5 0 S2_Nm1_T1
14055 15 -0.5 122.675111692085 S2_Nm1_T1
14057 15 -0.5 19.6080197495073 S2_Nm1_T1
14060 15 -0.5 122.958787974995 S2_Nm1_T1
14061 15 -0.5 0 S2_Nm1_T1
14062 15 -0.5 176.8521732046 S2_Nm1_T1
14037 16 -0.5 8.24294341444507 S2_Nm1_T1
14038 16 -0.5 152.21241941727 S2_Nm1_T1
14039 16 -0.5 0 S2_Nm1_T1
14042 16 -0.5 0 S2_Nm1_T1
14043 16 -0.5 0 S2_Nm1_T1
14046 16 -0.5 274.964574267958 S2_Nm1_T1
14047 16 -0.5 0 S2_Nm1_T1
14049 16 -0.5 0 S2_Nm1_T1
14053 16 -0.5 147.088515555587 S2_Nm1_T1
14054 16 -0.5 0 S2_Nm1_T1
14055 16 -0.5 134.6478318881 S2_Nm1_T1
14057 16 -0.5 27.1521119415883 S2_Nm1_T1
14060 16 -0.5 144.289835464364 S2_Nm1_T1
14061 16 -0.5 0 S2_Nm1_T1
14062 16 -0.5 168.84533455868 S2_Nm1_T1
14037 17 -0.5 0 S2_Nm1_T1
14038 17 -0.5 3.50089217397514 S2_Nm1_T1
14039 17 -0.5 0 S2_Nm1_T1
14042 17 -0.5 0 S2_Nm1_T1
14043 17 -0.5 0 S2_Nm1_T1
14046 17 -0.5 0 S2_Nm1_T1
14047 17 -0.5 0 S2_Nm1_T1
14049 17 -0.5 0 S2_Nm1_T1
14053 17 -0.5 0 S2_Nm1_T1
14054 17 -0.5 0 S2_Nm1_T1
14055 17 -0.5 0 S2_Nm1_T1
14057 17 -0.5 0 S2_Nm1_T1
14060 17 -0.5 0 S2_Nm1_T1
14061 17 -0.5 0 S2_Nm1_T1
14062 17 -0.5 0 S2_Nm1_T1
14037 18 -0.5 0 S2_Nm1_T1
14038 18 -0.5 133.236176571499 S2_Nm1_T1
14039 18 -0.5 0 S2_Nm1_T1
14042 18 -0.5 0 S2_Nm1_T1
14043 18 -0.5 0 S2_Nm1_T1
14046 18 -0.5 247.599600814709 S2_Nm1_T1
14047 18 -0.5 0 S2_Nm1_T1
14049 18 -0.5 0 S2_Nm1_T1
14053 18 -0.5 119.46173113498 S2_Nm1_T1
14054 18 -0.5 0 S2_Nm1_T1
14055 18 -0.5 113.768112515598 S2_Nm1_T1
14057 18 -0.5 9.03500301461564 S2_Nm1_T1
14060 18 -0.5 123.797124999105 S2_Nm1_T1
14061 18 -0.5 0 S2_Nm1_T1
14062 18 -0.5 134.78890880469 S2_Nm1_T1
14037 19 -0.5 2.04681871187505 S2_Nm1_T1
14038 19 -0.5 118.437331893802 S2_Nm1_T1
14039 19 -0.5 0 S2_Nm1_T1
14042 19 -0.5 0 S2_Nm1_T1
14043 19 -0.5 0 S2_Nm1_T1
14046 19 -0.5 225.695990165325 S2_Nm1_T1
14047 19 -0.5 0 S2_Nm1_T1
14049 19 -0.5 0 S2_Nm1_T1
14053 19 -0.5 113.432811645918 S2_Nm1_T1
14054 19 -0.5 0 S2_Nm1_T1
14055 19 -0.5 85.908296417618 S2_Nm1_T1
14057 19 -0.5 2.09054310882064 S2_Nm1_T1
14060 19 -0.5 81.9475895981086 S2_Nm1_T1
14061 19 -0.5 0 S2_Nm1_T1
14062 19 -0.5 134.056157654023 S2_Nm1_T1
14037 20 -0.5 16.7093076120521 S2_Nm1_T1
14038 20 -0.5 154.486827507295 S2_Nm1_T1
14039 20 -0.5 0 S2_Nm1_T1
14042 20 -0.5 0 S2_Nm1_T1
14043 20 -0.5 0 S2_Nm1_T1
14046 20 -0.5 281.57161746942 S2_Nm1_T1
14047 20 -0.5 0 S2_Nm1_T1
14049 20 -0.5 0 S2_Nm1_T1
14053 20 -0.5 152.802516575004 S2_Nm1_T1
14054 20 -0.5 0 S2_Nm1_T1
14055 20 -0.5 136.175966268117 S2_Nm1_T1
14057 20 -0.5 28.6383616022329 S2_Nm1_T1
14060 20 -0.5 143.121723119738 S2_Nm1_T1
14061 20 -0.5 0 S2_Nm1_T1
14062 20 -0.5 177.057297661609 S2_Nm1_T1
14037 21 -0.5 2.09170532022356 S2_Nm1_T1
14038 21 -0.5 117.271356517655 S2_Nm1_T1
14039 21 -0.5 0 S2_Nm1_T1
14042 21 -0.5 0 S2_Nm1_T1
14043 21 -0.5 0 S2_Nm1_T1
14046 21 -0.5 227.339703016251 S2_Nm1_T1
14047 21 -0.5 0 S2_Nm1_T1
14049 21 -0.5 0 S2_Nm1_T1
14053 21 -0.5 113.335612042297 S2_Nm1_T1
14054 21 -0.5 0 S2_Nm1_T1
14055 21 -0.5 84.210075047703 S2_Nm1_T1
14057 21 -0.5 1.64639251726926 S2_Nm1_T1
14060 21 -0.5 80.0145851620479 S2_Nm1_T1
14061 21 -0.5 0 S2_Nm1_T1
14062 21 -0.5 133.486973743395 S2_Nm1_T1
14037 22 -0.5 13.7457036966275 S2_Nm1_T1
14038 22 -0.5 156.102672792559 S2_Nm1_T1
14039 22 -0.5 0 S2_Nm1_T1
14042 22 -0.5 0 S2_Nm1_T1
14043 22 -0.5 0 S2_Nm1_T1
14046 22 -0.5 287.571018851546 S2_Nm1_T1
14047 22 -0.5 0 S2_Nm1_T1
14049 22 -0.5 0 S2_Nm1_T1
14053 22 -0.5 155.388863019797 S2_Nm1_T1
14054 22 -0.5 0 S2_Nm1_T1
14055 22 -0.5 138.446798410894 S2_Nm1_T1
14057 22 -0.5 27.785506576396 S2_Nm1_T1
14060 22 -0.5 148.347011780209 S2_Nm1_T1
14061 22 -0.5 0 S2_Nm1_T1
14062 22 -0.5 175.892051720048 S2_Nm1_T1
14037 23 -0.5 0 S2_Nm1_T1
14038 23 -0.5 84.2467428557444 S2_Nm1_T1
14039 23 -0.5 0 S2_Nm1_T1
14042 23 -0.5 0 S2_Nm1_T1
14043 23 -0.5 0 S2_Nm1_T1
14046 23 -0.5 121.962456327388 S2_Nm1_T1
14047 23 -0.5 0 S2_Nm1_T1
14049 23 -0.5 0 S2_Nm1_T1
14053 23 -0.5 71.0393942238515 S2_Nm1_T1
14054 23 -0.5 0 S2_Nm1_T1
14055 23 -0.5 24.7732009355932 S2_Nm1_T1
14057 23 -0.5 0 S2_Nm1_T1
14060 23 -0.5 16.8859654876777 S2_Nm1_T1
14061 23 -0.5 0 S2_Nm1_T1
14062 23 -0.5 72.634555007961 S2_Nm1_T1
14037 24 -0.5 5.54488678446982 S2_Nm1_T1
14038 24 -0.5 130.724381962726 S2_Nm1_T1
14039 24 -0.5 0 S2_Nm1_T1
14042 24 -0.5 0 S2_Nm1_T1
14043 24 -0.5 0 S2_Nm1_T1
14046 24 -0.5 255.574529389589 S2_Nm1_T1
14047 24 -0.5 0 S2_Nm1_T1
14049 24 -0.5 0 S2_Nm1_T1
14053 24 -0.5 130.390572760559 S2_Nm1_T1
14054 24 -0.5 0 S2_Nm1_T1
14055 24 -0.5 104.479549272723 S2_Nm1_T1
14057 24 -0.5 4.64284803951348 S2_Nm1_T1
14060 24 -0.5 102.134971962005 S2_Nm1_T1
14061 24 -0.5 0 S2_Nm1_T1
14062 24 -0.5 152.769534529888 S2_Nm1_T1
14037 25 -0.5 0 S2_Nm1_T1
14038 25 -0.5 0 S2_Nm1_T1
14039 25 -0.5 0 S2_Nm1_T1
14042 25 -0.5 0 S2_Nm1_T1
14043 25 -0.5 0 S2_Nm1_T1
14046 25 -0.5 0 S2_Nm1_T1
14047 25 -0.5 0 S2_Nm1_T1
14049 25 -0.5 0 S2_Nm1_T1
14053 25 -0.5 0 S2_Nm1_T1
14054 25 -0.5 0 S2_Nm1_T1
14055 25 -0.5 0 S2_Nm1_T1
14057 25 -0.5 0 S2_Nm1_T1
14060 25 -0.5 0 S2_Nm1_T1
14061 25 -0.5 0 S2_Nm1_T1
14062 25 -0.5 0 S2_Nm1_T1
14037 26 -0.5 13.2470811428113 S2_Nm1_T1
14038 26 -0.5 155.741624457638 S2_Nm1_T1
14039 26 -0.5 0 S2_Nm1_T1
14042 26 -0.5 0 S2_Nm1_T1
14043 26 -0.5 0 S2_Nm1_T1
14046 26 -0.5 285.223351347352 S2_Nm1_T1
14047 26 -0.5 0 S2_Nm1_T1
14049 26 -0.5 0 S2_Nm1_T1
14053 26 -0.5 153.888584771172 S2_Nm1_T1
14054 26 -0.5 0 S2_Nm1_T1
14055 26 -0.5 138.14201502237 S2_Nm1_T1
14057 26 -0.5 28.2342996774112 S2_Nm1_T1
14060 26 -0.5 147.020407839977 S2_Nm1_T1
14061 26 -0.5 0 S2_Nm1_T1
14062 26 -0.5 175.864636633707 S2_Nm1_T1
14037 27 -0.5 0 S2_Nm1_T1
14038 27 -0.5 0 S2_Nm1_T1
14039 27 -0.5 0 S2_Nm1_T1
14042 27 -0.5 0 S2_Nm1_T1
14043 27 -0.5 0 S2_Nm1_T1
14046 27 -0.5 0 S2_Nm1_T1
14047 27 -0.5 0 S2_Nm1_T1
14049 27 -0.5 0 S2_Nm1_T1
14053 27 -0.5 0 S2_Nm1_T1
14054 27 -0.5 0 S2_Nm1_T1
14055 27 -0.5 0 S2_Nm1_T1
14057 27 -0.5 0 S2_Nm1_T1
14060 27 -0.5 0 S2_Nm1_T1
14061 27 -0.5 0 S2_Nm1_T1
14062 27 -0.5 0 S2_Nm1_T1
14037 28 -0.5 23.6227143990555 S2_Nm1_T1
14038 28 -0.5 162.737933760478 S2_Nm1_T1
14039 28 -0.5 0 S2_Nm1_T1
14042 28 -0.5 0 S2_Nm1_T1
14043 28 -0.5 0 S2_Nm1_T1
14046 28 -0.5 294.547343257627 S2_Nm1_T1
14047 28 -0.5 1.02813757013241 S2_Nm1_T1
14049 28 -0.5 0 S2_Nm1_T1
14053 28 -0.5 162.676884314251 S2_Nm1_T1
14054 28 -0.5 0 S2_Nm1_T1
14055 28 -0.5 145.406303456113 S2_Nm1_T1
14057 28 -0.5 36.6162470864759 S2_Nm1_T1
14060 28 -0.5 157.125194254029 S2_Nm1_T1
14061 28 -0.5 0 S2_Nm1_T1
14062 28 -0.5 184.798331984018 S2_Nm1_T1
14037 29 -0.5 0 S2_Nm1_T1
14038 29 -0.5 25.4068996215972 S2_Nm1_T1
14039 29 -0.5 0 S2_Nm1_T1
14042 29 -0.5 0 S2_Nm1_T1
14043 29 -0.5 0 S2_Nm1_T1
14046 29 -0.5 1.24191330761664 S2_Nm1_T1
14047 29 -0.5 0 S2_Nm1_T1
14049 29 -0.5 0 S2_Nm1_T1
14053 29 -0.5 1.70113878711075 S2_Nm1_T1
14054 29 -0.5 0 S2_Nm1_T1
14055 29 -0.5 0 S2_Nm1_T1
14057 29 -0.5 0 S2_Nm1_T1
14060 29 -0.5 0 S2_Nm1_T1
14061 29 -0.5 0 S2_Nm1_T1
14062 29 -0.5 0 S2_Nm1_T1
14037 30 -0.5 0 S2_Nm1_T1
14038 30 -0.5 0 S2_Nm1_T1
14039 30 -0.5 0 S2_Nm1_T1
14042 30 -0.5 0 S2_Nm1_T1
14043 30 -0.5 0 S2_Nm1_T1
14046 30 -0.5 0 S2_Nm1_T1
14047 30 -0.5 0 S2_Nm1_T1
14049 30 -0.5 0 S2_Nm1_T1
14053 30 -0.5 0 S2_Nm1_T1
14054 30 -0.5 0 S2_Nm1_T1
14055 30 -0.5 0 S2_Nm1_T1
14057 30 -0.5 0 S2_Nm1_T1
14060 30 -0.5 0 S2_Nm1_T1
14061 30 -0.5 0 S2_Nm1_T1
14062 30 -0.5 0 S2_Nm1_T1
14037 31 -0.5 0 S2_Nm1_T1
14038 31 -0.5 0 S2_Nm1_T1
14039 31 -0.5 0 S2_Nm1_T1
14042 31 -0.5 0 S2_Nm1_T1
14043 31 -0.5 0 S2_Nm1_T1
14046 31 -0.5 0 S2_Nm1_T1
14047 31 -0.5 0 S2_Nm1_T1
14049 31 -0.5 0 S2_Nm1_T1
14053 31 -0.5 0 S2_Nm1_T1
14054 31 -0.5 0 S2_Nm1_T1
14055 31 -0.5 0 S2_Nm1_T1
14057 31 -0.5 0 S2_Nm1_T1
14060 31 -0.5 0 S2_Nm1_T1
14061 31 -0.5 0 S2_Nm1_T1
14062 31 -0.5 0 S2_Nm1_T1
14037 1 -1.5 0 S2_Nm1_T1
14038 1 -1.5 37.1177685672843 S2_Nm1_T1
14039 1 -1.5 0 S2_Nm1_T1
14042 1 -1.5 0 S2_Nm1_T1
14043 1 -1.5 372.077542613201 S2_Nm1_T1
14046 1 -1.5 33.503529993432 S2_Nm1_T1
14047 1 -1.5 0 S2_Nm1_T1
14049 1 -1.5 0 S2_Nm1_T1
14053 1 -1.5 8.0132057142679 S2_Nm1_T1
14054 1 -1.5 0 S2_Nm1_T1
14055 1 -1.5 1.86213118463692 S2_Nm1_T1
14057 1 -1.5 0 S2_Nm1_T1
14060 1 -1.5 14.896681646978 S2_Nm1_T1
14061 1 -1.5 13.3533532178915 S2_Nm1_T1
14062 1 -1.5 4.04018333511843 S2_Nm1_T1
14037 2 -1.5 0 S2_Nm1_T1
14038 2 -1.5 0 S2_Nm1_T1
14039 2 -1.5 0 S2_Nm1_T1
14042 2 -1.5 0 S2_Nm1_T1
14043 2 -1.5 0 S2_Nm1_T1
14046 2 -1.5 0 S2_Nm1_T1
14047 2 -1.5 0 S2_Nm1_T1
14049 2 -1.5 0 S2_Nm1_T1
14053 2 -1.5 0 S2_Nm1_T1
14054 2 -1.5 0 S2_Nm1_T1
14055 2 -1.5 0 S2_Nm1_T1
14057 2 -1.5 0 S2_Nm1_T1
14060 2 -1.5 0 S2_Nm1_T1
14061 2 -1.5 0 S2_Nm1_T1
14062 2 -1.5 0 S2_Nm1_T1
14037 3 -1.5 0 S2_Nm1_T1
14038 3 -1.5 0 S2_Nm1_T1
14039 3 -1.5 0 S2_Nm1_T1
14042 3 -1.5 0 S2_Nm1_T1
14043 3 -1.5 0 S2_Nm1_T1
14046 3 -1.5 0 S2_Nm1_T1
14047 3 -1.5 0 S2_Nm1_T1
14049 3 -1.5 0 S2_Nm1_T1
14053 3 -1.5 0 S2_Nm1_T1
14054 3 -1.5 0 S2_Nm1_T1
14055 3 -1.5 0 S2_Nm1_T1
14057 3 -1.5 0 S2_Nm1_T1
14060 3 -1.5 0 S2_Nm1_T1
14061 3 -1.5 0 S2_Nm1_T1
14062 3 -1.5 0 S2_Nm1_T1
14037 4 -1.5 0 S2_Nm1_T1
14038 4 -1.5 8.30958191352731 S2_Nm1_T1
14039 4 -1.5 0 S2_Nm1_T1
14042 4 -1.5 0 S2_Nm1_T1
14043 4 -1.5 247.717574255723 S2_Nm1_T1
14046 4 -1.5 0 S2_Nm1_T1
14047 4 -1.5 0 S2_Nm1_T1
14049 4 -1.5 0 S2_Nm1_T1
14053 4 -1.5 0 S2_Nm1_T1
14054 4 -1.5 0 S2_Nm1_T1
14055 4 -1.5 0 S2_Nm1_T1
14057 4 -1.5 0 S2_Nm1_T1
14060 4 -1.5 0 S2_Nm1_T1
14061 4 -1.5 0 S2_Nm1_T1
14062 4 -1.5 0 S2_Nm1_T1
14037 5 -1.5 0 S2_Nm1_T1
14038 5 -1.5 0 S2_Nm1_T1
14039 5 -1.5 0 S2_Nm1_T1
14042 5 -1.5 0 S2_Nm1_T1
14043 5 -1.5 0 S2_Nm1_T1
14046 5 -1.5 0 S2_Nm1_T1
14047 5 -1.5 0 S2_Nm1_T1
14049 5 -1.5 0 S2_Nm1_T1
14053 5 -1.5 0 S2_Nm1_T1
14054 5 -1.5 0 S2_Nm1_T1
14055 5 -1.5 0 S2_Nm1_T1
14057 5 -1.5 0 S2_Nm1_T1
14060 5 -1.5 0 S2_Nm1_T1
14061 5 -1.5 0 S2_Nm1_T1
14062 5 -1.5 0 S2_Nm1_T1
14037 6 -1.5 0 S2_Nm1_T1
14038 6 -1.5 45.1226121943426 S2_Nm1_T1
14039 6 -1.5 0 S2_Nm1_T1
14042 6 -1.5 0 S2_Nm1_T1
14043 6 -1.5 273.310634236739 S2_Nm1_T1
14046 6 -1.5 0 S2_Nm1_T1
14047 6 -1.5 0 S2_Nm1_T1
14049 6 -1.5 0 S2_Nm1_T1
14053 6 -1.5 15.9438769652852 S2_Nm1_T1
14054 6 -1.5 0 S2_Nm1_T1
14055 6 -1.5 0 S2_Nm1_T1
14057 6 -1.5 0 S2_Nm1_T1
14060 6 -1.5 0 S2_Nm1_T1
14061 6 -1.5 16.9732080175755 S2_Nm1_T1
14062 6 -1.5 0 S2_Nm1_T1
14037 7 -1.5 0 S2_Nm1_T1
14038 7 -1.5 0 S2_Nm1_T1
14039 7 -1.5 0 S2_Nm1_T1
14042 7 -1.5 0 S2_Nm1_T1
14043 7 -1.5 0 S2_Nm1_T1
14046 7 -1.5 0 S2_Nm1_T1
14047 7 -1.5 0 S2_Nm1_T1
14049 7 -1.5 0 S2_Nm1_T1
14053 7 -1.5 0 S2_Nm1_T1
14054 7 -1.5 0 S2_Nm1_T1
14055 7 -1.5 0 S2_Nm1_T1
14057 7 -1.5 0 S2_Nm1_T1
14060 7 -1.5 0 S2_Nm1_T1
14061 7 -1.5 0 S2_Nm1_T1
14062 7 -1.5 0 S2_Nm1_T1
14037 8 -1.5 0 S2_Nm1_T1
14038 8 -1.5 74.6604499870604 S2_Nm1_T1
14039 8 -1.5 3.10451936486047 S2_Nm1_T1
14042 8 -1.5 0 S2_Nm1_T1
14043 8 -1.5 420.76118637492 S2_Nm1_T1
14046 8 -1.5 95.1813872831453 S2_Nm1_T1
14047 8 -1.5 0 S2_Nm1_T1
14049 8 -1.5 0 S2_Nm1_T1
14053 8 -1.5 53.7298610994582 S2_Nm1_T1
14054 8 -1.5 0 S2_Nm1_T1
14055 8 -1.5 18.5139520502537 S2_Nm1_T1
14057 8 -1.5 0 S2_Nm1_T1
14060 8 -1.5 35.198960909596 S2_Nm1_T1
14061 8 -1.5 45.1474362875032 S2_Nm1_T1
14062 8 -1.5 36.4767623038248 S2_Nm1_T1
14037 9 -1.5 0 S2_Nm1_T1
14038 9 -1.5 10.9095709818453 S2_Nm1_T1
14039 9 -1.5 0 S2_Nm1_T1
14042 9 -1.5 0 S2_Nm1_T1
14043 9 -1.5 214.980280557412 S2_Nm1_T1
14046 9 -1.5 0 S2_Nm1_T1
14047 9 -1.5 0 S2_Nm1_T1
14049 9 -1.5 0 S2_Nm1_T1
14053 9 -1.5 0 S2_Nm1_T1
14054 9 -1.5 0 S2_Nm1_T1
14055 9 -1.5 0 S2_Nm1_T1
14057 9 -1.5 0 S2_Nm1_T1
14060 9 -1.5 0 S2_Nm1_T1
14061 9 -1.5 0 S2_Nm1_T1
14062 9 -1.5 0 S2_Nm1_T1
14037 10 -1.5 0 S2_Nm1_T1
14038 10 -1.5 67.0338822132767 S2_Nm1_T1
14039 10 -1.5 1.43385167941549 S2_Nm1_T1
14042 10 -1.5 0 S2_Nm1_T1
14043 10 -1.5 416.702929445768 S2_Nm1_T1
14046 10 -1.5 87.9575313978316 S2_Nm1_T1
14047 10 -1.5 0 S2_Nm1_T1
14049 10 -1.5 0 S2_Nm1_T1
14053 10 -1.5 46.6954864678172 S2_Nm1_T1
14054 10 -1.5 0 S2_Nm1_T1
14055 10 -1.5 10.8899741168726 S2_Nm1_T1
14057 10 -1.5 0 S2_Nm1_T1
14060 10 -1.5 23.4555880196133 S2_Nm1_T1
14061 10 -1.5 36.4939811444178 S2_Nm1_T1
14062 10 -1.5 31.4631920826106 S2_Nm1_T1
14037 11 -1.5 0 S2_Nm1_T1
14038 11 -1.5 0 S2_Nm1_T1
14039 11 -1.5 0 S2_Nm1_T1
14042 11 -1.5 0 S2_Nm1_T1
14043 11 -1.5 204.04319165975 S2_Nm1_T1
14046 11 -1.5 0 S2_Nm1_T1
14047 11 -1.5 0 S2_Nm1_T1
14049 11 -1.5 0 S2_Nm1_T1
14053 11 -1.5 0 S2_Nm1_T1
14054 11 -1.5 0 S2_Nm1_T1
14055 11 -1.5 0 S2_Nm1_T1
14057 11 -1.5 0 S2_Nm1_T1
14060 11 -1.5 0 S2_Nm1_T1
14061 11 -1.5 0 S2_Nm1_T1
14062 11 -1.5 0 S2_Nm1_T1
14037 12 -1.5 0 S2_Nm1_T1
14038 12 -1.5 0 S2_Nm1_T1
14039 12 -1.5 0 S2_Nm1_T1
14042 12 -1.5 0 S2_Nm1_T1
14043 12 -1.5 202.153688541825 S2_Nm1_T1
14046 12 -1.5 0 S2_Nm1_T1
14047 12 -1.5 0 S2_Nm1_T1
14049 12 -1.5 0 S2_Nm1_T1
14053 12 -1.5 0 S2_Nm1_T1
14054 12 -1.5 0 S2_Nm1_T1
14055 12 -1.5 0 S2_Nm1_T1
14057 12 -1.5 0 S2_Nm1_T1
14060 12 -1.5 0 S2_Nm1_T1
14061 12 -1.5 0 S2_Nm1_T1
14062 12 -1.5 0 S2_Nm1_T1
14037 13 -1.5 0 S2_Nm1_T1
14038 13 -1.5 0 S2_Nm1_T1
14039 13 -1.5 0 S2_Nm1_T1
14042 13 -1.5 0 S2_Nm1_T1
14043 13 -1.5 61.446109810036 S2_Nm1_T1
14046 13 -1.5 0 S2_Nm1_T1
14047 13 -1.5 0 S2_Nm1_T1
14049 13 -1.5 0 S2_Nm1_T1
14053 13 -1.5 0 S2_Nm1_T1
14054 13 -1.5 0 S2_Nm1_T1
14055 13 -1.5 0 S2_Nm1_T1
14057 13 -1.5 0 S2_Nm1_T1
14060 13 -1.5 0 S2_Nm1_T1
14061 13 -1.5 0 S2_Nm1_T1
14062 13 -1.5 0 S2_Nm1_T1
14037 14 -1.5 0 S2_Nm1_T1
14038 14 -1.5 0 S2_Nm1_T1
14039 14 -1.5 0 S2_Nm1_T1
14042 14 -1.5 0 S2_Nm1_T1
14043 14 -1.5 0 S2_Nm1_T1
14046 14 -1.5 0 S2_Nm1_T1
14047 14 -1.5 0 S2_Nm1_T1
14049 14 -1.5 0 S2_Nm1_T1
14053 14 -1.5 0 S2_Nm1_T1
14054 14 -1.5 0 S2_Nm1_T1
14055 14 -1.5 0 S2_Nm1_T1
14057 14 -1.5 0 S2_Nm1_T1
14060 14 -1.5 0 S2_Nm1_T1
14061 14 -1.5 0 S2_Nm1_T1
14062 14 -1.5 0 S2_Nm1_T1
14037 15 -1.5 15.8746525116951 S2_Nm1_T1
14038 15 -1.5 135.153754159466 S2_Nm1_T1
14039 15 -1.5 63.1984568332169 S2_Nm1_T1
14042 15 -1.5 0 S2_Nm1_T1
14043 15 -1.5 571.031186117666 S2_Nm1_T1
14046 15 -1.5 189.874644682699 S2_Nm1_T1
14047 15 -1.5 1.47070163961357 S2_Nm1_T1
14049 15 -1.5 22.9028212930867 S2_Nm1_T1
14053 15 -1.5 138.77771746991 S2_Nm1_T1
14054 15 -1.5 0 S2_Nm1_T1
14055 15 -1.5 75.2433304711812 S2_Nm1_T1
14057 15 -1.5 1.64082046948907 S2_Nm1_T1
14060 15 -1.5 89.7207842779755 S2_Nm1_T1
14061 15 -1.5 119.703995420691 S2_Nm1_T1
14062 15 -1.5 131.262119203821 S2_Nm1_T1
14037 16 -1.5 0 S2_Nm1_T1
14038 16 -1.5 103.160642635358 S2_Nm1_T1
14039 16 -1.5 28.2794521367485 S2_Nm1_T1
14042 16 -1.5 0 S2_Nm1_T1
14043 16 -1.5 489.942664625354 S2_Nm1_T1
14046 16 -1.5 133.046943747552 S2_Nm1_T1
14047 16 -1.5 0 S2_Nm1_T1
14049 16 -1.5 1.78182839640756 S2_Nm1_T1
14053 16 -1.5 87.4710519485935 S2_Nm1_T1
14054 16 -1.5 0 S2_Nm1_T1
14055 16 -1.5 48.9093320022331 S2_Nm1_T1
14057 16 -1.5 0 S2_Nm1_T1
14060 16 -1.5 73.6489213137501 S2_Nm1_T1
14061 16 -1.5 83.3051644974613 S2_Nm1_T1
14062 16 -1.5 75.1463900788988 S2_Nm1_T1
14037 17 -1.5 0 S2_Nm1_T1
14038 17 -1.5 4.26704555500377 S2_Nm1_T1
14039 17 -1.5 0 S2_Nm1_T1
14042 17 -1.5 0 S2_Nm1_T1
14043 17 -1.5 135.831345758658 S2_Nm1_T1
14046 17 -1.5 0 S2_Nm1_T1
14047 17 -1.5 0 S2_Nm1_T1
14049 17 -1.5 0 S2_Nm1_T1
14053 17 -1.5 0 S2_Nm1_T1
14054 17 -1.5 0 S2_Nm1_T1
14055 17 -1.5 0 S2_Nm1_T1
14057 17 -1.5 0 S2_Nm1_T1
14060 17 -1.5 0 S2_Nm1_T1
14061 17 -1.5 0 S2_Nm1_T1
14062 17 -1.5 0 S2_Nm1_T1
14037 18 -1.5 0 S2_Nm1_T1
14038 18 -1.5 19.2985632341254 S2_Nm1_T1
14039 18 -1.5 0 S2_Nm1_T1
14042 18 -1.5 0 S2_Nm1_T1
14043 18 -1.5 317.510489993826 S2_Nm1_T1
14046 18 -1.5 8.21329910168514 S2_Nm1_T1
14047 18 -1.5 0 S2_Nm1_T1
14049 18 -1.5 0 S2_Nm1_T1
14053 18 -1.5 1.32878575453477 S2_Nm1_T1
14054 18 -1.5 0 S2_Nm1_T1
14055 18 -1.5 0 S2_Nm1_T1
14057 18 -1.5 0 S2_Nm1_T1
14060 18 -1.5 4.30534193107326 S2_Nm1_T1
14061 18 -1.5 2.60346377795162 S2_Nm1_T1
14062 18 -1.5 0 S2_Nm1_T1
14037 19 -1.5 0 S2_Nm1_T1
14038 19 -1.5 62.6829654300882 S2_Nm1_T1
14039 19 -1.5 0 S2_Nm1_T1
14042 19 -1.5 0 S2_Nm1_T1
14043 19 -1.5 396.987092906588 S2_Nm1_T1
14046 19 -1.5 77.3358408627325 S2_Nm1_T1
14047 19 -1.5 0 S2_Nm1_T1
14049 19 -1.5 0 S2_Nm1_T1
14053 19 -1.5 42.1262288222699 S2_Nm1_T1
14054 19 -1.5 0 S2_Nm1_T1
14055 19 -1.5 6.14254673606467 S2_Nm1_T1
14057 19 -1.5 0 S2_Nm1_T1
14060 19 -1.5 12.8770815332991 S2_Nm1_T1
14061 19 -1.5 30.3476773108997 S2_Nm1_T1
14062 19 -1.5 24.8394453491631 S2_Nm1_T1
14037 20 -1.5 3.86459630907498 S2_Nm1_T1
14038 20 -1.5 127.205536799325 S2_Nm1_T1
14039 20 -1.5 56.988652567827 S2_Nm1_T1
14042 20 -1.5 0 S2_Nm1_T1
14043 20 -1.5 546.28289690551 S2_Nm1_T1
14046 20 -1.5 171.842046183238 S2_Nm1_T1
14047 20 -1.5 0 S2_Nm1_T1
14049 20 -1.5 13.0766097639036 S2_Nm1_T1
14053 20 -1.5 121.619014459543 S2_Nm1_T1
14054 20 -1.5 0 S2_Nm1_T1
14055 20 -1.5 71.7111812981079 S2_Nm1_T1
14057 20 -1.5 1.30737080479339 S2_Nm1_T1
14060 20 -1.5 93.2669150220696 S2_Nm1_T1
14061 20 -1.5 110.758165151963 S2_Nm1_T1
14062 20 -1.5 112.691863458056 S2_Nm1_T1
14037 21 -1.5 0 S2_Nm1_T1
14038 21 -1.5 48.7305898329042 S2_Nm1_T1
14039 21 -1.5 0 S2_Nm1_T1
14042 21 -1.5 0 S2_Nm1_T1
14043 21 -1.5 374.698813638737 S2_Nm1_T1
14046 21 -1.5 56.9020772337355 S2_Nm1_T1
14047 21 -1.5 0 S2_Nm1_T1
14049 21 -1.5 0 S2_Nm1_T1
14053 21 -1.5 24.3254320513878 S2_Nm1_T1
14054 21 -1.5 0 S2_Nm1_T1
14055 21 -1.5 2.23327568032225 S2_Nm1_T1
14057 21 -1.5 0 S2_Nm1_T1
14060 21 -1.5 5.86795390260242 S2_Nm1_T1
14061 21 -1.5 15.7553416509267 S2_Nm1_T1
14062 21 -1.5 11.9858264950288 S2_Nm1_T1
14037 22 -1.5 0 S2_Nm1_T1
14038 22 -1.5 76.7201785083571 S2_Nm1_T1
14039 22 -1.5 6.57646855412924 S2_Nm1_T1
14042 22 -1.5 0 S2_Nm1_T1
14043 22 -1.5 452.562022034022 S2_Nm1_T1
14046 22 -1.5 98.3836654222384 S2_Nm1_T1
14047 22 -1.5 0 S2_Nm1_T1
14049 22 -1.5 0 S2_Nm1_T1
14053 22 -1.5 54.1721125781649 S2_Nm1_T1
14054 22 -1.5 0 S2_Nm1_T1
14055 22 -1.5 23.0804801574427 S2_Nm1_T1
14057 22 -1.5 0 S2_Nm1_T1
14060 22 -1.5 51.3523853303703 S2_Nm1_T1
14061 22 -1.5 56.2678400506536 S2_Nm1_T1
14062 22 -1.5 40.3492011552948 S2_Nm1_T1
14037 23 -1.5 0 S2_Nm1_T1
14038 23 -1.5 43.1517506730877 S2_Nm1_T1
14039 23 -1.5 0 S2_Nm1_T1
14042 23 -1.5 0 S2_Nm1_T1
14043 23 -1.5 323.999826958869 S2_Nm1_T1
14046 23 -1.5 15.7845685708968 S2_Nm1_T1
14047 23 -1.5 0 S2_Nm1_T1
14049 23 -1.5 0 S2_Nm1_T1
14053 23 -1.5 18.3968517968276 S2_Nm1_T1
14054 23 -1.5 0 S2_Nm1_T1
14055 23 -1.5 0 S2_Nm1_T1
14057 23 -1.5 0 S2_Nm1_T1
14060 23 -1.5 0 S2_Nm1_T1
14061 23 -1.5 11.8353376451088 S2_Nm1_T1
14062 23 -1.5 3.96582188912943 S2_Nm1_T1
14037 24 -1.5 0 S2_Nm1_T1
14038 24 -1.5 60.5336923128258 S2_Nm1_T1
14039 24 -1.5 0 S2_Nm1_T1
14042 24 -1.5 0 S2_Nm1_T1
14043 24 -1.5 409.812697826582 S2_Nm1_T1
14046 24 -1.5 80.2934446186206 S2_Nm1_T1
14047 24 -1.5 0 S2_Nm1_T1
14049 24 -1.5 0 S2_Nm1_T1
14053 24 -1.5 39.3772784715405 S2_Nm1_T1
14054 24 -1.5 0 S2_Nm1_T1
14055 24 -1.5 7.3929520321155 S2_Nm1_T1
14057 24 -1.5 0 S2_Nm1_T1
14060 24 -1.5 18.3779803505971 S2_Nm1_T1
14061 24 -1.5 29.9293473769378 S2_Nm1_T1
14062 24 -1.5 25.3494407799074 S2_Nm1_T1
14037 25 -1.5 0 S2_Nm1_T1
14038 25 -1.5 0 S2_Nm1_T1
14039 25 -1.5 0 S2_Nm1_T1
14042 25 -1.5 0 S2_Nm1_T1
14043 25 -1.5 0 S2_Nm1_T1
14046 25 -1.5 0 S2_Nm1_T1
14047 25 -1.5 0 S2_Nm1_T1
14049 25 -1.5 0 S2_Nm1_T1
14053 25 -1.5 0 S2_Nm1_T1
14054 25 -1.5 0 S2_Nm1_T1
14055 25 -1.5 0 S2_Nm1_T1
14057 25 -1.5 0 S2_Nm1_T1
14060 25 -1.5 0 S2_Nm1_T1
14061 25 -1.5 0 S2_Nm1_T1
14062 25 -1.5 0 S2_Nm1_T1
14037 26 -1.5 0 S2_Nm1_T1
14038 26 -1.5 96.1820602079545 S2_Nm1_T1
14039 26 -1.5 21.7284893028065 S2_Nm1_T1
14042 26 -1.5 0 S2_Nm1_T1
14043 26 -1.5 486.374698190585 S2_Nm1_T1
14046 26 -1.5 126.360652960236 S2_Nm1_T1
14047 26 -1.5 0 S2_Nm1_T1
14049 26 -1.5 1.05607116073351 S2_Nm1_T1
14053 26 -1.5 79.9224536238311 S2_Nm1_T1
14054 26 -1.5 0 S2_Nm1_T1
14055 26 -1.5 42.066843624269 S2_Nm1_T1
14057 26 -1.5 0 S2_Nm1_T1
14060 26 -1.5 67.3562273045521 S2_Nm1_T1
14061 26 -1.5 75.9226317366385 S2_Nm1_T1
14062 26 -1.5 68.0219230083466 S2_Nm1_T1
14037 27 -1.5 0 S2_Nm1_T1
14038 27 -1.5 0 S2_Nm1_T1
14039 27 -1.5 0 S2_Nm1_T1
14042 27 -1.5 0 S2_Nm1_T1
14043 27 -1.5 0 S2_Nm1_T1
14046 27 -1.5 0 S2_Nm1_T1
14047 27 -1.5 0 S2_Nm1_T1
14049 27 -1.5 0 S2_Nm1_T1
14053 27 -1.5 0 S2_Nm1_T1
14054 27 -1.5 0 S2_Nm1_T1
14055 27 -1.5 0 S2_Nm1_T1
14057 27 -1.5 0 S2_Nm1_T1
14060 27 -1.5 0 S2_Nm1_T1
14061 27 -1.5 0 S2_Nm1_T1
14062 27 -1.5 0 S2_Nm1_T1
14037 28 -1.5 1.09527467262018 S2_Nm1_T1
14038 28 -1.5 108.301204117341 S2_Nm1_T1
14039 28 -1.5 37.4908552833825 S2_Nm1_T1
14042 28 -1.5 0 S2_Nm1_T1
14043 28 -1.5 517.298452711798 S2_Nm1_T1
14046 28 -1.5 143.781107257409 S2_Nm1_T1
14047 28 -1.5 0 S2_Nm1_T1
14049 28 -1.5 2.79474697618295 S2_Nm1_T1
14053 28 -1.5 95.8239012108607 S2_Nm1_T1
14054 28 -1.5 0 S2_Nm1_T1
14055 28 -1.5 54.2932885073715 S2_Nm1_T1
14057 28 -1.5 0 S2_Nm1_T1
14060 28 -1.5 81.2913769688232 S2_Nm1_T1
14061 28 -1.5 92.8640214107955 S2_Nm1_T1
14062 28 -1.5 85.8890094595393 S2_Nm1_T1
14037 29 -1.5 0 S2_Nm1_T1
14038 29 -1.5 0 S2_Nm1_T1
14039 29 -1.5 0 S2_Nm1_T1
14042 29 -1.5 0 S2_Nm1_T1
14043 29 -1.5 144.445992916388 S2_Nm1_T1
14046 29 -1.5 0 S2_Nm1_T1
14047 29 -1.5 0 S2_Nm1_T1
14049 29 -1.5 0 S2_Nm1_T1
14053 29 -1.5 0 S2_Nm1_T1
14054 29 -1.5 0 S2_Nm1_T1
14055 29 -1.5 0 S2_Nm1_T1
14057 29 -1.5 0 S2_Nm1_T1
14060 29 -1.5 0 S2_Nm1_T1
14061 29 -1.5 0 S2_Nm1_T1
14062 29 -1.5 0 S2_Nm1_T1
14037 30 -1.5 0 S2_Nm1_T1
14038 30 -1.5 0 S2_Nm1_T1
14039 30 -1.5 0 S2_Nm1_T1
14042 30 -1.5 0 S2_Nm1_T1
14043 30 -1.5 0 S2_Nm1_T1
14046 30 -1.5 0 S2_Nm1_T1
14047 30 -1.5 0 S2_Nm1_T1
14049 30 -1.5 0 S2_Nm1_T1
14053 30 -1.5 0 S2_Nm1_T1
14054 30 -1.5 0 S2_Nm1_T1
14055 30 -1.5 0 S2_Nm1_T1
14057 30 -1.5 0 S2_Nm1_T1
14060 30 -1.5 0 S2_Nm1_T1
14061 30 -1.5 0 S2_Nm1_T1
14062 30 -1.5 0 S2_Nm1_T1
14037 31 -1.5 0 S2_Nm1_T1
14038 31 -1.5 0 S2_Nm1_T1
14039 31 -1.5 0 S2_Nm1_T1
14042 31 -1.5 0 S2_Nm1_T1
14043 31 -1.5 2.17622291066075 S2_Nm1_T1
14046 31 -1.5 0 S2_Nm1_T1
14047 31 -1.5 0 S2_Nm1_T1
14049 31 -1.5 0 S2_Nm1_T1
14053 31 -1.5 0 S2_Nm1_T1
14054 31 -1.5 0 S2_Nm1_T1
14055 31 -1.5 0 S2_Nm1_T1
14057 31 -1.5 0 S2_Nm1_T1
14060 31 -1.5 0 S2_Nm1_T1
14061 31 -1.5 0 S2_Nm1_T1
14062 31 -1.5 0 S2_Nm1_T1
14037 1 -3 0 S2_Nm1_T1
14038 1 -3 0 S2_Nm1_T1
14039 1 -3 0 S2_Nm1_T1
14042 1 -3 0 S2_Nm1_T1
14043 1 -3 27.3902887346959 S2_Nm1_T1
14046 1 -3 0 S2_Nm1_T1
14047 1 -3 0 S2_Nm1_T1
14049 1 -3 0 S2_Nm1_T1
14053 1 -3 0 S2_Nm1_T1
14054 1 -3 0 S2_Nm1_T1
14055 1 -3 0 S2_Nm1_T1
14057 1 -3 0 S2_Nm1_T1
14060 1 -3 0 S2_Nm1_T1
14061 1 -3 0 S2_Nm1_T1
14062 1 -3 0 S2_Nm1_T1
14037 2 -3 0 S2_Nm1_T1
14038 2 -3 0 S2_Nm1_T1
14039 2 -3 0 S2_Nm1_T1
14042 2 -3 0 S2_Nm1_T1
14043 2 -3 0 S2_Nm1_T1
14046 2 -3 0 S2_Nm1_T1
14047 2 -3 0 S2_Nm1_T1
14049 2 -3 0 S2_Nm1_T1
14053 2 -3 0 S2_Nm1_T1
14054 2 -3 0 S2_Nm1_T1
14055 2 -3 0 S2_Nm1_T1
14057 2 -3 0 S2_Nm1_T1
14060 2 -3 0 S2_Nm1_T1
14061 2 -3 0 S2_Nm1_T1
14062 2 -3 0 S2_Nm1_T1
14037 3 -3 0 S2_Nm1_T1
14038 3 -3 0 S2_Nm1_T1
14039 3 -3 0 S2_Nm1_T1
14042 3 -3 0 S2_Nm1_T1
14043 3 -3 0 S2_Nm1_T1
14046 3 -3 0 S2_Nm1_T1
14047 3 -3 0 S2_Nm1_T1
14049 3 -3 0 S2_Nm1_T1
14053 3 -3 0 S2_Nm1_T1
14054 3 -3 0 S2_Nm1_T1
14055 3 -3 0 S2_Nm1_T1
14057 3 -3 0 S2_Nm1_T1
14060 3 -3 0 S2_Nm1_T1
14061 3 -3 0 S2_Nm1_T1
14062 3 -3 0 S2_Nm1_T1
14037 4 -3 0 S2_Nm1_T1
14038 4 -3 0 S2_Nm1_T1
14039 4 -3 0 S2_Nm1_T1
14042 4 -3 0 S2_Nm1_T1
14043 4 -3 24.1730698220639 S2_Nm1_T1
14046 4 -3 0 S2_Nm1_T1
14047 4 -3 0 S2_Nm1_T1
14049 4 -3 0 S2_Nm1_T1
14053 4 -3 0 S2_Nm1_T1
14054 4 -3 0 S2_Nm1_T1
14055 4 -3 0 S2_Nm1_T1
14057 4 -3 0 S2_Nm1_T1
14060 4 -3 0 S2_Nm1_T1
14061 4 -3 0 S2_Nm1_T1
14062 4 -3 0 S2_Nm1_T1
14037 5 -3 0 S2_Nm1_T1
14038 5 -3 0 S2_Nm1_T1
14039 5 -3 0 S2_Nm1_T1
14042 5 -3 0 S2_Nm1_T1
14043 5 -3 0 S2_Nm1_T1
14046 5 -3 0 S2_Nm1_T1
14047 5 -3 0 S2_Nm1_T1
14049 5 -3 0 S2_Nm1_T1
14053 5 -3 0 S2_Nm1_T1
14054 5 -3 0 S2_Nm1_T1
14055 5 -3 0 S2_Nm1_T1
14057 5 -3 0 S2_Nm1_T1
14060 5 -3 0 S2_Nm1_T1
14061 5 -3 0 S2_Nm1_T1
14062 5 -3 0 S2_Nm1_T1
14037 6 -3 0 S2_Nm1_T1
14038 6 -3 2.26936167804649 S2_Nm1_T1
14039 6 -3 0 S2_Nm1_T1
14042 6 -3 0 S2_Nm1_T1
14043 6 -3 190.515709074493 S2_Nm1_T1
14046 6 -3 0 S2_Nm1_T1
14047 6 -3 0 S2_Nm1_T1
14049 6 -3 0 S2_Nm1_T1
14053 6 -3 0 S2_Nm1_T1
14054 6 -3 0 S2_Nm1_T1
14055 6 -3 0 S2_Nm1_T1
14057 6 -3 0 S2_Nm1_T1
14060 6 -3 0 S2_Nm1_T1
14061 6 -3 0 S2_Nm1_T1
14062 6 -3 0 S2_Nm1_T1
14037 7 -3 0 S2_Nm1_T1
14038 7 -3 0 S2_Nm1_T1
14039 7 -3 0 S2_Nm1_T1
14042 7 -3 0 S2_Nm1_T1
14043 7 -3 0 S2_Nm1_T1
14046 7 -3 0 S2_Nm1_T1
14047 7 -3 0 S2_Nm1_T1
14049 7 -3 0 S2_Nm1_T1
14053 7 -3 0 S2_Nm1_T1
14054 7 -3 0 S2_Nm1_T1
14055 7 -3 0 S2_Nm1_T1
14057 7 -3 0 S2_Nm1_T1
14060 7 -3 0 S2_Nm1_T1
14061 7 -3 0 S2_Nm1_T1
14062 7 -3 0 S2_Nm1_T1
14037 8 -3 0 S2_Nm1_T1
14038 8 -3 0 S2_Nm1_T1
14039 8 -3 0 S2_Nm1_T1
14042 8 -3 0 S2_Nm1_T1
14043 8 -3 176.299552552644 S2_Nm1_T1
14046 8 -3 0 S2_Nm1_T1
14047 8 -3 0 S2_Nm1_T1
14049 8 -3 0 S2_Nm1_T1
14053 8 -3 0 S2_Nm1_T1
14054 8 -3 0 S2_Nm1_T1
14055 8 -3 0 S2_Nm1_T1
14057 8 -3 0 S2_Nm1_T1
14060 8 -3 0 S2_Nm1_T1
14061 8 -3 0 S2_Nm1_T1
14062 8 -3 0 S2_Nm1_T1
14037 9 -3 0 S2_Nm1_T1
14038 9 -3 0 S2_Nm1_T1
14039 9 -3 0 S2_Nm1_T1
14042 9 -3 0 S2_Nm1_T1
14043 9 -3 76.0093607983465 S2_Nm1_T1
14046 9 -3 0 S2_Nm1_T1
14047 9 -3 0 S2_Nm1_T1
14049 9 -3 0 S2_Nm1_T1
14053 9 -3 0 S2_Nm1_T1
14054 9 -3 0 S2_Nm1_T1
14055 9 -3 0 S2_Nm1_T1
14057 9 -3 0 S2_Nm1_T1
14060 9 -3 0 S2_Nm1_T1
14061 9 -3 0 S2_Nm1_T1
14062 9 -3 0 S2_Nm1_T1
14037 10 -3 0 S2_Nm1_T1
14038 10 -3 0 S2_Nm1_T1
14039 10 -3 0 S2_Nm1_T1
14042 10 -3 0 S2_Nm1_T1
14043 10 -3 154.136095223886 S2_Nm1_T1
14046 10 -3 0 S2_Nm1_T1
14047 10 -3 0 S2_Nm1_T1
14049 10 -3 0 S2_Nm1_T1
14053 10 -3 0 S2_Nm1_T1
14054 10 -3 0 S2_Nm1_T1
14055 10 -3 0 S2_Nm1_T1
14057 10 -3 0 S2_Nm1_T1
14060 10 -3 0 S2_Nm1_T1
14061 10 -3 0 S2_Nm1_T1
14062 10 -3 0 S2_Nm1_T1
14037 11 -3 0 S2_Nm1_T1
14038 11 -3 0 S2_Nm1_T1
14039 11 -3 0 S2_Nm1_T1
14042 11 -3 0 S2_Nm1_T1
14043 11 -3 0 S2_Nm1_T1
14046 11 -3 0 S2_Nm1_T1
14047 11 -3 0 S2_Nm1_T1
14049 11 -3 0 S2_Nm1_T1
14053 11 -3 0 S2_Nm1_T1
14054 11 -3 0 S2_Nm1_T1
14055 11 -3 0 S2_Nm1_T1
14057 11 -3 0 S2_Nm1_T1
14060 11 -3 0 S2_Nm1_T1
14061 11 -3 0 S2_Nm1_T1
14062 11 -3 0 S2_Nm1_T1
14037 12 -3 0 S2_Nm1_T1
14038 12 -3 0 S2_Nm1_T1
14039 12 -3 0 S2_Nm1_T1
14042 12 -3 0 S2_Nm1_T1
14043 12 -3 0 S2_Nm1_T1
14046 12 -3 0 S2_Nm1_T1
14047 12 -3 0 S2_Nm1_T1
14049 12 -3 0 S2_Nm1_T1
14053 12 -3 0 S2_Nm1_T1
14054 12 -3 0 S2_Nm1_T1
14055 12 -3 0 S2_Nm1_T1
14057 12 -3 0 S2_Nm1_T1
14060 12 -3 0 S2_Nm1_T1
14061 12 -3 0 S2_Nm1_T1
14062 12 -3 0 S2_Nm1_T1
14037 13 -3 0 S2_Nm1_T1
14038 13 -3 0 S2_Nm1_T1
14039 13 -3 0 S2_Nm1_T1
14042 13 -3 0 S2_Nm1_T1
14043 13 -3 2.03169553592171 S2_Nm1_T1
14046 13 -3 0 S2_Nm1_T1
14047 13 -3 0 S2_Nm1_T1
14049 13 -3 0 S2_Nm1_T1
14053 13 -3 0 S2_Nm1_T1
14054 13 -3 0 S2_Nm1_T1
14055 13 -3 0 S2_Nm1_T1
14057 13 -3 0 S2_Nm1_T1
14060 13 -3 0 S2_Nm1_T1
14061 13 -3 0 S2_Nm1_T1
14062 13 -3 0 S2_Nm1_T1
14037 14 -3 0 S2_Nm1_T1
14038 14 -3 0 S2_Nm1_T1
14039 14 -3 0 S2_Nm1_T1
14042 14 -3 0 S2_Nm1_T1
14043 14 -3 0 S2_Nm1_T1
14046 14 -3 0 S2_Nm1_T1
14047 14 -3 0 S2_Nm1_T1
14049 14 -3 0 S2_Nm1_T1
14053 14 -3 0 S2_Nm1_T1
14054 14 -3 0 S2_Nm1_T1
14055 14 -3 0 S2_Nm1_T1
14057 14 -3 0 S2_Nm1_T1
14060 14 -3 0 S2_Nm1_T1
14061 14 -3 0 S2_Nm1_T1
14062 14 -3 0 S2_Nm1_T1
14037 15 -3 0 S2_Nm1_T1
14038 15 -3 71.4032566541808 S2_Nm1_T1
14039 15 -3 24.099546269688 S2_Nm1_T1
14042 15 -3 0 S2_Nm1_T1
14043 15 -3 443.560606002416 S2_Nm1_T1
14046 15 -3 92.7420863581469 S2_Nm1_T1
14047 15 -3 0 S2_Nm1_T1
14049 15 -3 0 S2_Nm1_T1
14053 15 -3 56.6276340281494 S2_Nm1_T1
14054 15 -3 0 S2_Nm1_T1
14055 15 -3 18.3741432637663 S2_Nm1_T1
14057 15 -3 0 S2_Nm1_T1
14060 15 -3 32.7018217844035 S2_Nm1_T1
14061 15 -3 61.2867038344819 S2_Nm1_T1
14062 15 -3 47.0839528507966 S2_Nm1_T1
14037 16 -3 0 S2_Nm1_T1
14038 16 -3 4.92267841560192 S2_Nm1_T1
14039 16 -3 0 S2_Nm1_T1
14042 16 -3 0 S2_Nm1_T1
14043 16 -3 249.022695740697 S2_Nm1_T1
14046 16 -3 1.51270566294017 S2_Nm1_T1
14047 16 -3 0 S2_Nm1_T1
14049 16 -3 0 S2_Nm1_T1
14053 16 -3 0 S2_Nm1_T1
14054 16 -3 0 S2_Nm1_T1
14055 16 -3 0 S2_Nm1_T1
14057 16 -3 0 S2_Nm1_T1
14060 16 -3 0 S2_Nm1_T1
14061 16 -3 0 S2_Nm1_T1
14062 16 -3 0 S2_Nm1_T1
14037 17 -3 0 S2_Nm1_T1
14038 17 -3 0 S2_Nm1_T1
14039 17 -3 0 S2_Nm1_T1
14042 17 -3 0 S2_Nm1_T1
14043 17 -3 102.036670305851 S2_Nm1_T1
14046 17 -3 0 S2_Nm1_T1
14047 17 -3 0 S2_Nm1_T1
14049 17 -3 0 S2_Nm1_T1
14053 17 -3 0 S2_Nm1_T1
14054 17 -3 0 S2_Nm1_T1
14055 17 -3 0 S2_Nm1_T1
14057 17 -3 0 S2_Nm1_T1
14060 17 -3 0 S2_Nm1_T1
14061 17 -3 0 S2_Nm1_T1
14062 17 -3 0 S2_Nm1_T1
14037 18 -3 0 S2_Nm1_T1
14038 18 -3 0 S2_Nm1_T1
14039 18 -3 0 S2_Nm1_T1
14042 18 -3 0 S2_Nm1_T1
14043 18 -3 2.46130096534533 S2_Nm1_T1
14046 18 -3 0 S2_Nm1_T1
14047 18 -3 0 S2_Nm1_T1
14049 18 -3 0 S2_Nm1_T1
14053 18 -3 0 S2_Nm1_T1
14054 18 -3 0 S2_Nm1_T1
14055 18 -3 0 S2_Nm1_T1
14057 18 -3 0 S2_Nm1_T1
14060 18 -3 0 S2_Nm1_T1
14061 18 -3 0 S2_Nm1_T1
14062 18 -3 0 S2_Nm1_T1
14037 19 -3 0 S2_Nm1_T1
14038 19 -3 0 S2_Nm1_T1
14039 19 -3 0 S2_Nm1_T1
14042 19 -3 0 S2_Nm1_T1
14043 19 -3 156.557508443802 S2_Nm1_T1
14046 19 -3 0 S2_Nm1_T1
14047 19 -3 0 S2_Nm1_T1
14049 19 -3 0 S2_Nm1_T1
14053 19 -3 0 S2_Nm1_T1
14054 19 -3 0 S2_Nm1_T1
14055 19 -3 0 S2_Nm1_T1
14057 19 -3 0 S2_Nm1_T1
14060 19 -3 0 S2_Nm1_T1
14061 19 -3 0 S2_Nm1_T1
14062 19 -3 0 S2_Nm1_T1
14037 20 -3 0 S2_Nm1_T1
14038 20 -3 44.7564504559979 S2_Nm1_T1
14039 20 -3 4.22937844794825 S2_Nm1_T1
14042 20 -3 0 S2_Nm1_T1
14043 20 -3 364.086719282695 S2_Nm1_T1
14046 20 -3 47.5821967126406 S2_Nm1_T1
14047 20 -3 0 S2_Nm1_T1
14049 20 -3 0 S2_Nm1_T1
14053 20 -3 16.1762478155642 S2_Nm1_T1
14054 20 -3 0 S2_Nm1_T1
14055 20 -3 3.54620455055579 S2_Nm1_T1
14057 20 -3 0 S2_Nm1_T1
14060 20 -3 16.1747151493208 S2_Nm1_T1
14061 20 -3 30.10334206977 S2_Nm1_T1
14062 20 -3 7.69290871809967 S2_Nm1_T1
14037 21 -3 0 S2_Nm1_T1
14038 21 -3 0 S2_Nm1_T1
14039 21 -3 0 S2_Nm1_T1
14042 21 -3 0 S2_Nm1_T1
14043 21 -3 109.053614423731 S2_Nm1_T1
14046 21 -3 0 S2_Nm1_T1
14047 21 -3 0 S2_Nm1_T1
14049 21 -3 0 S2_Nm1_T1
14053 21 -3 0 S2_Nm1_T1
14054 21 -3 0 S2_Nm1_T1
14055 21 -3 0 S2_Nm1_T1
14057 21 -3 0 S2_Nm1_T1
14060 21 -3 0 S2_Nm1_T1
14061 21 -3 0 S2_Nm1_T1
14062 21 -3 0 S2_Nm1_T1
14037 22 -3 0 S2_Nm1_T1
14038 22 -3 0 S2_Nm1_T1
14039 22 -3 0 S2_Nm1_T1
14042 22 -3 0 S2_Nm1_T1
14043 22 -3 145.107812525039 S2_Nm1_T1
14046 22 -3 0 S2_Nm1_T1
14047 22 -3 0 S2_Nm1_T1
14049 22 -3 0 S2_Nm1_T1
14053 22 -3 0 S2_Nm1_T1
14054 22 -3 0 S2_Nm1_T1
14055 22 -3 0 S2_Nm1_T1
14057 22 -3 0 S2_Nm1_T1
14060 22 -3 0 S2_Nm1_T1
14061 22 -3 0 S2_Nm1_T1
14062 22 -3 0 S2_Nm1_T1
14037 23 -3 0 S2_Nm1_T1
14038 23 -3 0 S2_Nm1_T1
14039 23 -3 0 S2_Nm1_T1
14042 23 -3 0 S2_Nm1_T1
14043 23 -3 138.851210456374 S2_Nm1_T1
14046 23 -3 0 S2_Nm1_T1
14047 23 -3 0 S2_Nm1_T1
14049 23 -3 0 S2_Nm1_T1
14053 23 -3 0 S2_Nm1_T1
14054 23 -3 0 S2_Nm1_T1
14055 23 -3 0 S2_Nm1_T1
14057 23 -3 0 S2_Nm1_T1
14060 23 -3 0 S2_Nm1_T1
14061 23 -3 0 S2_Nm1_T1
14062 23 -3 0 S2_Nm1_T1
14037 24 -3 0 S2_Nm1_T1
14038 24 -3 0 S2_Nm1_T1
14039 24 -3 0 S2_Nm1_T1
14042 24 -3 0 S2_Nm1_T1
14043 24 -3 131.609024728204 S2_Nm1_T1
14046 24 -3 0 S2_Nm1_T1
14047 24 -3 0 S2_Nm1_T1
14049 24 -3 0 S2_Nm1_T1
14053 24 -3 0 S2_Nm1_T1
14054 24 -3 0 S2_Nm1_T1
14055 24 -3 0 S2_Nm1_T1
14057 24 -3 0 S2_Nm1_T1
14060 24 -3 0 S2_Nm1_T1
14061 24 -3 0 S2_Nm1_T1
14062 24 -3 0 S2_Nm1_T1
14037 25 -3 0 S2_Nm1_T1
14038 25 -3 0 S2_Nm1_T1
14039 25 -3 0 S2_Nm1_T1
14042 25 -3 0 S2_Nm1_T1
14043 25 -3 0 S2_Nm1_T1
14046 25 -3 0 S2_Nm1_T1
14047 25 -3 0 S2_Nm1_T1
14049 25 -3 0 S2_Nm1_T1
14053 25 -3 0 S2_Nm1_T1
14054 25 -3 0 S2_Nm1_T1
14055 25 -3 0 S2_Nm1_T1
14057 25 -3 0 S2_Nm1_T1
14060 25 -3 0 S2_Nm1_T1
14061 25 -3 0 S2_Nm1_T1
14062 25 -3 0 S2_Nm1_T1
14037 26 -3 0 S2_Nm1_T1
14038 26 -3 1.12782063817912 S2_Nm1_T1
14039 26 -3 0 S2_Nm1_T1
14042 26 -3 0 S2_Nm1_T1
14043 26 -3 217.311062124159 S2_Nm1_T1
14046 26 -3 0 S2_Nm1_T1
14047 26 -3 0 S2_Nm1_T1
14049 26 -3 0 S2_Nm1_T1
14053 26 -3 0 S2_Nm1_T1
14054 26 -3 0 S2_Nm1_T1
14055 26 -3 0 S2_Nm1_T1
14057 26 -3 0 S2_Nm1_T1
14060 26 -3 0 S2_Nm1_T1
14061 26 -3 0 S2_Nm1_T1
14062 26 -3 0 S2_Nm1_T1
14037 27 -3 0 S2_Nm1_T1
14038 27 -3 0 S2_Nm1_T1
14039 27 -3 0 S2_Nm1_T1
14042 27 -3 0 S2_Nm1_T1
14043 27 -3 0 S2_Nm1_T1
14046 27 -3 0 S2_Nm1_T1
14047 27 -3 0 S2_Nm1_T1
14049 27 -3 0 S2_Nm1_T1
14053 27 -3 0 S2_Nm1_T1
14054 27 -3 0 S2_Nm1_T1
14055 27 -3 0 S2_Nm1_T1
14057 27 -3 0 S2_Nm1_T1
14060 27 -3 0 S2_Nm1_T1
14061 27 -3 0 S2_Nm1_T1
14062 27 -3 0 S2_Nm1_T1
14037 28 -3 0 S2_Nm1_T1
14038 28 -3 5.05873468937994 S2_Nm1_T1
14039 28 -3 0 S2_Nm1_T1
14042 28 -3 0 S2_Nm1_T1
14043 28 -3 255.850730287109 S2_Nm1_T1
14046 28 -3 1.73055145686842 S2_Nm1_T1
14047 28 -3 0 S2_Nm1_T1
14049 28 -3 0 S2_Nm1_T1
14053 28 -3 0 S2_Nm1_T1
14054 28 -3 0 S2_Nm1_T1
14055 28 -3 0 S2_Nm1_T1
14057 28 -3 0 S2_Nm1_T1
14060 28 -3 0 S2_Nm1_T1
14061 28 -3 1.12943898596916 S2_Nm1_T1
14062 28 -3 0 S2_Nm1_T1
14037 29 -3 0 S2_Nm1_T1
14038 29 -3 0 S2_Nm1_T1
14039 29 -3 0 S2_Nm1_T1
14042 29 -3 0 S2_Nm1_T1
14043 29 -3 1.34492725451899 S2_Nm1_T1
14046 29 -3 0 S2_Nm1_T1
14047 29 -3 0 S2_Nm1_T1
14049 29 -3 0 S2_Nm1_T1
14053 29 -3 0 S2_Nm1_T1
14054 29 -3 0 S2_Nm1_T1
14055 29 -3 0 S2_Nm1_T1
14057 29 -3 0 S2_Nm1_T1
14060 29 -3 0 S2_Nm1_T1
14061 29 -3 0 S2_Nm1_T1
14062 29 -3 0 S2_Nm1_T1
14037 30 -3 0 S2_Nm1_T1
14038 30 -3 0 S2_Nm1_T1
14039 30 -3 0 S2_Nm1_T1
14042 30 -3 0 S2_Nm1_T1
14043 30 -3 0 S2_Nm1_T1
14046 30 -3 0 S2_Nm1_T1
14047 30 -3 0 S2_Nm1_T1
14049 30 -3 0 S2_Nm1_T1
14053 30 -3 0 S2_Nm1_T1
14054 30 -3 0 S2_Nm1_T1
14055 30 -3 0 S2_Nm1_T1
14057 30 -3 0 S2_Nm1_T1
14060 30 -3 0 S2_Nm1_T1
14061 30 -3 0 S2_Nm1_T1
14062 30 -3 0 S2_Nm1_T1
14037 31 -3 0 S2_Nm1_T1
14038 31 -3 0 S2_Nm1_T1
14039 31 -3 0 S2_Nm1_T1
14042 31 -3 0 S2_Nm1_T1
14043 31 -3 0 S2_Nm1_T1
14046 31 -3 0 S2_Nm1_T1
14047 31 -3 0 S2_Nm1_T1
14049 31 -3 0 S2_Nm1_T1
14053 31 -3 0 S2_Nm1_T1
14054 31 -3 0 S2_Nm1_T1
14055 31 -3 0 S2_Nm1_T1
14057 31 -3 0 S2_Nm1_T1
14060 31 -3 0 S2_Nm1_T1
14061 31 -3 0 S2_Nm1_T1
14062 31 -3 0 S2_Nm1_T1
14037 1 -5 0 S2_Nm1_T1
14038 1 -5 0 S2_Nm1_T1
14039 1 -5 0 S2_Nm1_T1
14042 1 -5 0 S2_Nm1_T1
14043 1 -5 0 S2_Nm1_T1
14046 1 -5 0 S2_Nm1_T1
14047 1 -5 0 S2_Nm1_T1
14049 1 -5 0 S2_Nm1_T1
14053 1 -5 0 S2_Nm1_T1
14054 1 -5 0 S2_Nm1_T1
14055 1 -5 0 S2_Nm1_T1
14057 1 -5 0 S2_Nm1_T1
14060 1 -5 0 S2_Nm1_T1
14061 1 -5 0 S2_Nm1_T1
14062 1 -5 0 S2_Nm1_T1
14037 2 -5 0 S2_Nm1_T1
14038 2 -5 0 S2_Nm1_T1
14039 2 -5 0 S2_Nm1_T1
14042 2 -5 0 S2_Nm1_T1
14043 2 -5 0 S2_Nm1_T1
14046 2 -5 0 S2_Nm1_T1
14047 2 -5 0 S2_Nm1_T1
14049 2 -5 0 S2_Nm1_T1
14053 2 -5 0 S2_Nm1_T1
14054 2 -5 0 S2_Nm1_T1
14055 2 -5 0 S2_Nm1_T1
14057 2 -5 0 S2_Nm1_T1
14060 2 -5 0 S2_Nm1_T1
14061 2 -5 0 S2_Nm1_T1
14062 2 -5 0 S2_Nm1_T1
14037 3 -5 0 S2_Nm1_T1
14038 3 -5 0 S2_Nm1_T1
14039 3 -5 0 S2_Nm1_T1
14042 3 -5 0 S2_Nm1_T1
14043 3 -5 0 S2_Nm1_T1
14046 3 -5 0 S2_Nm1_T1
14047 3 -5 0 S2_Nm1_T1
14049 3 -5 0 S2_Nm1_T1
14053 3 -5 0 S2_Nm1_T1
14054 3 -5 0 S2_Nm1_T1
14055 3 -5 0 S2_Nm1_T1
14057 3 -5 0 S2_Nm1_T1
14060 3 -5 0 S2_Nm1_T1
14061 3 -5 0 S2_Nm1_T1
14062 3 -5 0 S2_Nm1_T1
14037 4 -5 0 S2_Nm1_T1
14038 4 -5 0 S2_Nm1_T1
14039 4 -5 0 S2_Nm1_T1
14042 4 -5 0 S2_Nm1_T1
14043 4 -5 0 S2_Nm1_T1
14046 4 -5 0 S2_Nm1_T1
14047 4 -5 0 S2_Nm1_T1
14049 4 -5 0 S2_Nm1_T1
14053 4 -5 0 S2_Nm1_T1
14054 4 -5 0 S2_Nm1_T1
14055 4 -5 0 S2_Nm1_T1
14057 4 -5 0 S2_Nm1_T1
14060 4 -5 0 S2_Nm1_T1
14061 4 -5 0 S2_Nm1_T1
14062 4 -5 0 S2_Nm1_T1
14037 5 -5 0 S2_Nm1_T1
14038 5 -5 0 S2_Nm1_T1
14039 5 -5 0 S2_Nm1_T1
14042 5 -5 0 S2_Nm1_T1
14043 5 -5 0 S2_Nm1_T1
14046 5 -5 0 S2_Nm1_T1
14047 5 -5 0 S2_Nm1_T1
14049 5 -5 0 S2_Nm1_T1
14053 5 -5 0 S2_Nm1_T1
14054 5 -5 0 S2_Nm1_T1
14055 5 -5 0 S2_Nm1_T1
14057 5 -5 0 S2_Nm1_T1
14060 5 -5 0 S2_Nm1_T1
14061 5 -5 0 S2_Nm1_T1
14062 5 -5 0 S2_Nm1_T1
14037 6 -5 0 S2_Nm1_T1
14038 6 -5 0 S2_Nm1_T1
14039 6 -5 0 S2_Nm1_T1
14042 6 -5 0 S2_Nm1_T1
14043 6 -5 67.2295294672813 S2_Nm1_T1
14046 6 -5 0 S2_Nm1_T1
14047 6 -5 0 S2_Nm1_T1
14049 6 -5 0 S2_Nm1_T1
14053 6 -5 0 S2_Nm1_T1
14054 6 -5 0 S2_Nm1_T1
14055 6 -5 0 S2_Nm1_T1
14057 6 -5 0 S2_Nm1_T1
14060 6 -5 0 S2_Nm1_T1
14061 6 -5 0 S2_Nm1_T1
14062 6 -5 0 S2_Nm1_T1
14037 7 -5 0 S2_Nm1_T1
14038 7 -5 0 S2_Nm1_T1
14039 7 -5 0 S2_Nm1_T1
14042 7 -5 0 S2_Nm1_T1
14043 7 -5 0 S2_Nm1_T1
14046 7 -5 0 S2_Nm1_T1
14047 7 -5 0 S2_Nm1_T1
14049 7 -5 0 S2_Nm1_T1
14053 7 -5 0 S2_Nm1_T1
14054 7 -5 0 S2_Nm1_T1
14055 7 -5 0 S2_Nm1_T1
14057 7 -5 0 S2_Nm1_T1
14060 7 -5 0 S2_Nm1_T1
14061 7 -5 0 S2_Nm1_T1
14062 7 -5 0 S2_Nm1_T1
14037 8 -5 0 S2_Nm1_T1
14038 8 -5 0 S2_Nm1_T1
14039 8 -5 0 S2_Nm1_T1
14042 8 -5 0 S2_Nm1_T1
14043 8 -5 0 S2_Nm1_T1
14046 8 -5 0 S2_Nm1_T1
14047 8 -5 0 S2_Nm1_T1
14049 8 -5 0 S2_Nm1_T1
14053 8 -5 0 S2_Nm1_T1
14054 8 -5 0 S2_Nm1_T1
14055 8 -5 0 S2_Nm1_T1
14057 8 -5 0 S2_Nm1_T1
14060 8 -5 0 S2_Nm1_T1
14061 8 -5 0 S2_Nm1_T1
14062 8 -5 0 S2_Nm1_T1
14037 9 -5 0 S2_Nm1_T1
14038 9 -5 0 S2_Nm1_T1
14039 9 -5 0 S2_Nm1_T1
14042 9 -5 0 S2_Nm1_T1
14043 9 -5 0 S2_Nm1_T1
14046 9 -5 0 S2_Nm1_T1
14047 9 -5 0 S2_Nm1_T1
14049 9 -5 0 S2_Nm1_T1
14053 9 -5 0 S2_Nm1_T1
14054 9 -5 0 S2_Nm1_T1
14055 9 -5 0 S2_Nm1_T1
14057 9 -5 0 S2_Nm1_T1
14060 9 -5 0 S2_Nm1_T1
14061 9 -5 0 S2_Nm1_T1
14062 9 -5 0 S2_Nm1_T1
14037 10 -5 0 S2_Nm1_T1
14038 10 -5 0 S2_Nm1_T1
14039 10 -5 0 S2_Nm1_T1
14042 10 -5 0 S2_Nm1_T1
14043 10 -5 0 S2_Nm1_T1
14046 10 -5 0 S2_Nm1_T1
14047 10 -5 0 S2_Nm1_T1
14049 10 -5 0 S2_Nm1_T1
14053 10 -5 0 S2_Nm1_T1
14054 10 -5 0 S2_Nm1_T1
14055 10 -5 0 S2_Nm1_T1
14057 10 -5 0 S2_Nm1_T1
14060 10 -5 0 S2_Nm1_T1
14061 10 -5 0 S2_Nm1_T1
14062 10 -5 0 S2_Nm1_T1
14037 11 -5 0 S2_Nm1_T1
14038 11 -5 0 S2_Nm1_T1
14039 11 -5 0 S2_Nm1_T1
14042 11 -5 0 S2_Nm1_T1
14043 11 -5 0 S2_Nm1_T1
14046 11 -5 0 S2_Nm1_T1
14047 11 -5 0 S2_Nm1_T1
14049 11 -5 0 S2_Nm1_T1
14053 11 -5 0 S2_Nm1_T1
14054 11 -5 0 S2_Nm1_T1
14055 11 -5 0 S2_Nm1_T1
14057 11 -5 0 S2_Nm1_T1
14060 11 -5 0 S2_Nm1_T1
14061 11 -5 0 S2_Nm1_T1
14062 11 -5 0 S2_Nm1_T1
14037 12 -5 0 S2_Nm1_T1
14038 12 -5 0 S2_Nm1_T1
14039 12 -5 0 S2_Nm1_T1
14042 12 -5 0 S2_Nm1_T1
14043 12 -5 0 S2_Nm1_T1
14046 12 -5 0 S2_Nm1_T1
14047 12 -5 0 S2_Nm1_T1
14049 12 -5 0 S2_Nm1_T1
14053 12 -5 0 S2_Nm1_T1
14054 12 -5 0 S2_Nm1_T1
14055 12 -5 0 S2_Nm1_T1
14057 12 -5 0 S2_Nm1_T1
14060 12 -5 0 S2_Nm1_T1
14061 12 -5 0 S2_Nm1_T1
14062 12 -5 0 S2_Nm1_T1
14037 13 -5 0 S2_Nm1_T1
14038 13 -5 0 S2_Nm1_T1
14039 13 -5 0 S2_Nm1_T1
14042 13 -5 0 S2_Nm1_T1
14043 13 -5 0 S2_Nm1_T1
14046 13 -5 0 S2_Nm1_T1
14047 13 -5 0 S2_Nm1_T1
14049 13 -5 0 S2_Nm1_T1
14053 13 -5 0 S2_Nm1_T1
14054 13 -5 0 S2_Nm1_T1
14055 13 -5 0 S2_Nm1_T1
14057 13 -5 0 S2_Nm1_T1
14060 13 -5 0 S2_Nm1_T1
14061 13 -5 0 S2_Nm1_T1
14062 13 -5 0 S2_Nm1_T1
14037 14 -5 0 S2_Nm1_T1
14038 14 -5 0 S2_Nm1_T1
14039 14 -5 0 S2_Nm1_T1
14042 14 -5 0 S2_Nm1_T1
14043 14 -5 0 S2_Nm1_T1
14046 14 -5 0 S2_Nm1_T1
14047 14 -5 0 S2_Nm1_T1
14049 14 -5 0 S2_Nm1_T1
14053 14 -5 0 S2_Nm1_T1
14054 14 -5 0 S2_Nm1_T1
14055 14 -5 0 S2_Nm1_T1
14057 14 -5 0 S2_Nm1_T1
14060 14 -5 0 S2_Nm1_T1
14061 14 -5 0 S2_Nm1_T1
14062 14 -5 0 S2_Nm1_T1
14037 15 -5 0 S2_Nm1_T1
14038 15 -5 5.8503977495933 S2_Nm1_T1
14039 15 -5 0 S2_Nm1_T1
14042 15 -5 0 S2_Nm1_T1
14043 15 -5 237.484134030149 S2_Nm1_T1
14046 15 -5 2.86782242727483 S2_Nm1_T1
14047 15 -5 0 S2_Nm1_T1
14049 15 -5 0 S2_Nm1_T1
14053 15 -5 0 S2_Nm1_T1
14054 15 -5 0 S2_Nm1_T1
14055 15 -5 0 S2_Nm1_T1
14057 15 -5 0 S2_Nm1_T1
14060 15 -5 0 S2_Nm1_T1
14061 15 -5 0 S2_Nm1_T1
14062 15 -5 0 S2_Nm1_T1
14037 16 -5 0 S2_Nm1_T1
14038 16 -5 0 S2_Nm1_T1
14039 16 -5 0 S2_Nm1_T1
14042 16 -5 0 S2_Nm1_T1
14043 16 -5 19.6826138426758 S2_Nm1_T1
14046 16 -5 0 S2_Nm1_T1
14047 16 -5 0 S2_Nm1_T1
14049 16 -5 0 S2_Nm1_T1
14053 16 -5 0 S2_Nm1_T1
14054 16 -5 0 S2_Nm1_T1
14055 16 -5 0 S2_Nm1_T1
14057 16 -5 0 S2_Nm1_T1
14060 16 -5 0 S2_Nm1_T1
14061 16 -5 0 S2_Nm1_T1
14062 16 -5 0 S2_Nm1_T1
14037 17 -5 0 S2_Nm1_T1
14038 17 -5 0 S2_Nm1_T1
14039 17 -5 0 S2_Nm1_T1
14042 17 -5 0 S2_Nm1_T1
14043 17 -5 30.9061715293963 S2_Nm1_T1
14046 17 -5 0 S2_Nm1_T1
14047 17 -5 0 S2_Nm1_T1
14049 17 -5 0 S2_Nm1_T1
14053 17 -5 0 S2_Nm1_T1
14054 17 -5 0 S2_Nm1_T1
14055 17 -5 0 S2_Nm1_T1
14057 17 -5 0 S2_Nm1_T1
14060 17 -5 0 S2_Nm1_T1
14061 17 -5 0 S2_Nm1_T1
14062 17 -5 0 S2_Nm1_T1
14037 18 -5 0 S2_Nm1_T1
14038 18 -5 0 S2_Nm1_T1
14039 18 -5 0 S2_Nm1_T1
14042 18 -5 0 S2_Nm1_T1
14043 18 -5 0 S2_Nm1_T1
14046 18 -5 0 S2_Nm1_T1
14047 18 -5 0 S2_Nm1_T1
14049 18 -5 0 S2_Nm1_T1
14053 18 -5 0 S2_Nm1_T1
14054 18 -5 0 S2_Nm1_T1
14055 18 -5 0 S2_Nm1_T1
14057 18 -5 0 S2_Nm1_T1
14060 18 -5 0 S2_Nm1_T1
14061 18 -5 0 S2_Nm1_T1
14062 18 -5 0 S2_Nm1_T1
14037 19 -5 0 S2_Nm1_T1
14038 19 -5 0 S2_Nm1_T1
14039 19 -5 0 S2_Nm1_T1
14042 19 -5 0 S2_Nm1_T1
14043 19 -5 0 S2_Nm1_T1
14046 19 -5 0 S2_Nm1_T1
14047 19 -5 0 S2_Nm1_T1
14049 19 -5 0 S2_Nm1_T1
14053 19 -5 0 S2_Nm1_T1
14054 19 -5 0 S2_Nm1_T1
14055 19 -5 0 S2_Nm1_T1
14057 19 -5 0 S2_Nm1_T1
14060 19 -5 0 S2_Nm1_T1
14061 19 -5 0 S2_Nm1_T1
14062 19 -5 0 S2_Nm1_T1
14037 20 -5 0 S2_Nm1_T1
14038 20 -5 0 S2_Nm1_T1
14039 20 -5 0 S2_Nm1_T1
14042 20 -5 0 S2_Nm1_T1
14043 20 -5 135.775027524877 S2_Nm1_T1
14046 20 -5 0 S2_Nm1_T1
14047 20 -5 0 S2_Nm1_T1
14049 20 -5 0 S2_Nm1_T1
14053 20 -5 0 S2_Nm1_T1
14054 20 -5 0 S2_Nm1_T1
14055 20 -5 0 S2_Nm1_T1
14057 20 -5 0 S2_Nm1_T1
14060 20 -5 0 S2_Nm1_T1
14061 20 -5 0 S2_Nm1_T1
14062 20 -5 0 S2_Nm1_T1
14037 21 -5 0 S2_Nm1_T1
14038 21 -5 0 S2_Nm1_T1
14039 21 -5 0 S2_Nm1_T1
14042 21 -5 0 S2_Nm1_T1
14043 21 -5 0 S2_Nm1_T1
14046 21 -5 0 S2_Nm1_T1
14047 21 -5 0 S2_Nm1_T1
14049 21 -5 0 S2_Nm1_T1
14053 21 -5 0 S2_Nm1_T1
14054 21 -5 0 S2_Nm1_T1
14055 21 -5 0 S2_Nm1_T1
14057 21 -5 0 S2_Nm1_T1
14060 21 -5 0 S2_Nm1_T1
14061 21 -5 0 S2_Nm1_T1
14062 21 -5 0 S2_Nm1_T1
14037 22 -5 0 S2_Nm1_T1
14038 22 -5 0 S2_Nm1_T1
14039 22 -5 0 S2_Nm1_T1
14042 22 -5 0 S2_Nm1_T1
14043 22 -5 0 S2_Nm1_T1
14046 22 -5 0 S2_Nm1_T1
14047 22 -5 0 S2_Nm1_T1
14049 22 -5 0 S2_Nm1_T1
14053 22 -5 0 S2_Nm1_T1
14054 22 -5 0 S2_Nm1_T1
14055 22 -5 0 S2_Nm1_T1
14057 22 -5 0 S2_Nm1_T1
14060 22 -5 0 S2_Nm1_T1
14061 22 -5 0 S2_Nm1_T1
14062 22 -5 0 S2_Nm1_T1
14037 23 -5 0 S2_Nm1_T1
14038 23 -5 0 S2_Nm1_T1
14039 23 -5 0 S2_Nm1_T1
14042 23 -5 0 S2_Nm1_T1
14043 23 -5 0 S2_Nm1_T1
14046 23 -5 0 S2_Nm1_T1
14047 23 -5 0 S2_Nm1_T1
14049 23 -5 0 S2_Nm1_T1
14053 23 -5 0 S2_Nm1_T1
14054 23 -5 0 S2_Nm1_T1
14055 23 -5 0 S2_Nm1_T1
14057 23 -5 0 S2_Nm1_T1
14060 23 -5 0 S2_Nm1_T1
14061 23 -5 0 S2_Nm1_T1
14062 23 -5 0 S2_Nm1_T1
14037 24 -5 0 S2_Nm1_T1
14038 24 -5 0 S2_Nm1_T1
14039 24 -5 0 S2_Nm1_T1
14042 24 -5 0 S2_Nm1_T1
14043 24 -5 0 S2_Nm1_T1
14046 24 -5 0 S2_Nm1_T1
14047 24 -5 0 S2_Nm1_T1
14049 24 -5 0 S2_Nm1_T1
14053 24 -5 0 S2_Nm1_T1
14054 24 -5 0 S2_Nm1_T1
14055 24 -5 0 S2_Nm1_T1
14057 24 -5 0 S2_Nm1_T1
14060 24 -5 0 S2_Nm1_T1
14061 24 -5 0 S2_Nm1_T1
14062 24 -5 0 S2_Nm1_T1
14037 25 -5 0 S2_Nm1_T1
14038 25 -5 0 S2_Nm1_T1
14039 25 -5 0 S2_Nm1_T1
14042 25 -5 0 S2_Nm1_T1
14043 25 -5 0 S2_Nm1_T1
14046 25 -5 0 S2_Nm1_T1
14047 25 -5 0 S2_Nm1_T1
14049 25 -5 0 S2_Nm1_T1
14053 25 -5 0 S2_Nm1_T1
14054 25 -5 0 S2_Nm1_T1
14055 25 -5 0 S2_Nm1_T1
14057 25 -5 0 S2_Nm1_T1
14060 25 -5 0 S2_Nm1_T1
14061 25 -5 0 S2_Nm1_T1
14062 25 -5 0 S2_Nm1_T1
14037 26 -5 0 S2_Nm1_T1
14038 26 -5 0 S2_Nm1_T1
14039 26 -5 0 S2_Nm1_T1
14042 26 -5 0 S2_Nm1_T1
14043 26 -5 1.53274272989036 S2_Nm1_T1
14046 26 -5 0 S2_Nm1_T1
14047 26 -5 0 S2_Nm1_T1
14049 26 -5 0 S2_Nm1_T1
14053 26 -5 0 S2_Nm1_T1
14054 26 -5 0 S2_Nm1_T1
14055 26 -5 0 S2_Nm1_T1
14057 26 -5 0 S2_Nm1_T1
14060 26 -5 0 S2_Nm1_T1
14061 26 -5 0 S2_Nm1_T1
14062 26 -5 0 S2_Nm1_T1
14037 27 -5 0 S2_Nm1_T1
14038 27 -5 0 S2_Nm1_T1
14039 27 -5 0 S2_Nm1_T1
14042 27 -5 0 S2_Nm1_T1
14043 27 -5 0 S2_Nm1_T1
14046 27 -5 0 S2_Nm1_T1
14047 27 -5 0 S2_Nm1_T1
14049 27 -5 0 S2_Nm1_T1
14053 27 -5 0 S2_Nm1_T1
14054 27 -5 0 S2_Nm1_T1
14055 27 -5 0 S2_Nm1_T1
14057 27 -5 0 S2_Nm1_T1
14060 27 -5 0 S2_Nm1_T1
14061 27 -5 0 S2_Nm1_T1
14062 27 -5 0 S2_Nm1_T1
14037 28 -5 0 S2_Nm1_T1
14038 28 -5 0 S2_Nm1_T1
14039 28 -5 0 S2_Nm1_T1
14042 28 -5 0 S2_Nm1_T1
14043 28 -5 16.9879337816966 S2_Nm1_T1
14046 28 -5 0 S2_Nm1_T1
14047 28 -5 0 S2_Nm1_T1
14049 28 -5 0 S2_Nm1_T1
14053 28 -5 0 S2_Nm1_T1
14054 28 -5 0 S2_Nm1_T1
14055 28 -5 0 S2_Nm1_T1
14057 28 -5 0 S2_Nm1_T1
14060 28 -5 0 S2_Nm1_T1
14061 28 -5 0 S2_Nm1_T1
14062 28 -5 0 S2_Nm1_T1
14037 29 -5 0 S2_Nm1_T1
14038 29 -5 0 S2_Nm1_T1
14039 29 -5 0 S2_Nm1_T1
14042 29 -5 0 S2_Nm1_T1
14043 29 -5 0 S2_Nm1_T1
14046 29 -5 0 S2_Nm1_T1
14047 29 -5 0 S2_Nm1_T1
14049 29 -5 0 S2_Nm1_T1
14053 29 -5 0 S2_Nm1_T1
14054 29 -5 0 S2_Nm1_T1
14055 29 -5 0 S2_Nm1_T1
14057 29 -5 0 S2_Nm1_T1
14060 29 -5 0 S2_Nm1_T1
14061 29 -5 0 S2_Nm1_T1
14062 29 -5 0 S2_Nm1_T1
14037 30 -5 0 S2_Nm1_T1
14038 30 -5 0 S2_Nm1_T1
14039 30 -5 0 S2_Nm1_T1
14042 30 -5 0 S2_Nm1_T1
14043 30 -5 0 S2_Nm1_T1
14046 30 -5 0 S2_Nm1_T1
14047 30 -5 0 S2_Nm1_T1
14049 30 -5 0 S2_Nm1_T1
14053 30 -5 0 S2_Nm1_T1
14054 30 -5 0 S2_Nm1_T1
14055 30 -5 0 S2_Nm1_T1
14057 30 -5 0 S2_Nm1_T1
14060 30 -5 0 S2_Nm1_T1
14061 30 -5 0 S2_Nm1_T1
14062 30 -5 0 S2_Nm1_T1
14037 31 -5 0 S2_Nm1_T1
14038 31 -5 0 S2_Nm1_T1
14039 31 -5 0 S2_Nm1_T1
14042 31 -5 0 S2_Nm1_T1
14043 31 -5 0 S2_Nm1_T1
14046 31 -5 0 S2_Nm1_T1
14047 31 -5 0 S2_Nm1_T1
14049 31 -5 0 S2_Nm1_T1
14053 31 -5 0 S2_Nm1_T1
14054 31 -5 0 S2_Nm1_T1
14055 31 -5 0 S2_Nm1_T1
14057 31 -5 0 S2_Nm1_T1
14060 31 -5 0 S2_Nm1_T1
14061 31 -5 0 S2_Nm1_T1
14062 31 -5 0 S2_Nm1_T1
