speciesID lakeID variable value scenario
16046 1 -0.5 145.471616316053 S2_N1_T0
16047 1 -0.5 358.695427844697 S2_N1_T0
16049 1 -0.5 124.392538751379 S2_N1_T0
16050 1 -0.5 448.182401491944 S2_N1_T0
16052 1 -0.5 746.411952329596 S2_N1_T0
16053 1 -0.5 0 S2_N1_T0
16054 1 -0.5 225.932800221299 S2_N1_T0
16055 1 -0.5 1279.62672272672 S2_N1_T0
16056 1 -0.5 0 S2_N1_T0
16057 1 -0.5 524.417067251504 S2_N1_T0
16058 1 -0.5 0 S2_N1_T0
16059 1 -0.5 16.9462867396996 S2_N1_T0
16060 1 -0.5 70.8318443177542 S2_N1_T0
16062 1 -0.5 170.068818053025 S2_N1_T0
16063 1 -0.5 70.9563573796651 S2_N1_T0
16046 2 -0.5 1.38720338660075 S2_N1_T0
16047 2 -0.5 80.9630893439208 S2_N1_T0
16049 2 -0.5 8.82373233546744 S2_N1_T0
16050 2 -0.5 0 S2_N1_T0
16052 2 -0.5 39.6883114433626 S2_N1_T0
16053 2 -0.5 0 S2_N1_T0
16054 2 -0.5 3.73243334115087 S2_N1_T0
16055 2 -0.5 92.1049049726432 S2_N1_T0
16056 2 -0.5 0 S2_N1_T0
16057 2 -0.5 163.523736852999 S2_N1_T0
16058 2 -0.5 0 S2_N1_T0
16059 2 -0.5 0 S2_N1_T0
16060 2 -0.5 0 S2_N1_T0
16062 2 -0.5 9.7487893054627 S2_N1_T0
16063 2 -0.5 0 S2_N1_T0
16046 3 -0.5 14.1875762004738 S2_N1_T0
16047 3 -0.5 130.094272366873 S2_N1_T0
16049 3 -0.5 32.0754741219744 S2_N1_T0
16050 3 -0.5 19.7317134840774 S2_N1_T0
16052 3 -0.5 181.61460302181 S2_N1_T0
16053 3 -0.5 0 S2_N1_T0
16054 3 -0.5 48.8540343668499 S2_N1_T0
16055 3 -0.5 240.195409102799 S2_N1_T0
16056 3 -0.5 0 S2_N1_T0
16057 3 -0.5 219.788009608389 S2_N1_T0
16058 3 -0.5 0 S2_N1_T0
16059 3 -0.5 0 S2_N1_T0
16060 3 -0.5 0 S2_N1_T0
16062 3 -0.5 39.356335972029 S2_N1_T0
16063 3 -0.5 0 S2_N1_T0
16046 4 -0.5 49.854001535262 S2_N1_T0
16047 4 -0.5 182.958487983848 S2_N1_T0
16049 4 -0.5 56.2908486460529 S2_N1_T0
16050 4 -0.5 140.617305328818 S2_N1_T0
16052 4 -0.5 340.50542502552 S2_N1_T0
16053 4 -0.5 0 S2_N1_T0
16054 4 -0.5 93.5522053465446 S2_N1_T0
16055 4 -0.5 464.920887153182 S2_N1_T0
16056 4 -0.5 0 S2_N1_T0
16057 4 -0.5 288.550516180095 S2_N1_T0
16058 4 -0.5 0 S2_N1_T0
16059 4 -0.5 0 S2_N1_T0
16060 4 -0.5 0 S2_N1_T0
16062 4 -0.5 71.0777887322832 S2_N1_T0
16063 4 -0.5 0 S2_N1_T0
16046 5 -0.5 0 S2_N1_T0
16047 5 -0.5 0 S2_N1_T0
16049 5 -0.5 0 S2_N1_T0
16050 5 -0.5 0 S2_N1_T0
16052 5 -0.5 0 S2_N1_T0
16053 5 -0.5 0 S2_N1_T0
16054 5 -0.5 0 S2_N1_T0
16055 5 -0.5 0 S2_N1_T0
16056 5 -0.5 0 S2_N1_T0
16057 5 -0.5 61.1925331200171 S2_N1_T0
16058 5 -0.5 0 S2_N1_T0
16059 5 -0.5 0 S2_N1_T0
16060 5 -0.5 0 S2_N1_T0
16062 5 -0.5 0 S2_N1_T0
16063 5 -0.5 0 S2_N1_T0
16046 6 -0.5 58.9338020087516 S2_N1_T0
16047 6 -0.5 183.337763033726 S2_N1_T0
16049 6 -0.5 64.4264657426511 S2_N1_T0
16050 6 -0.5 120.296090011764 S2_N1_T0
16052 6 -0.5 306.051684573166 S2_N1_T0
16053 6 -0.5 0 S2_N1_T0
16054 6 -0.5 95.2057493408088 S2_N1_T0
16055 6 -0.5 402.889595330598 S2_N1_T0
16056 6 -0.5 0 S2_N1_T0
16057 6 -0.5 283.467618210565 S2_N1_T0
16058 6 -0.5 0 S2_N1_T0
16059 6 -0.5 0 S2_N1_T0
16060 6 -0.5 0 S2_N1_T0
16062 6 -0.5 77.8884472027367 S2_N1_T0
16063 6 -0.5 0 S2_N1_T0
16046 7 -0.5 1.56799723714622 S2_N1_T0
16047 7 -0.5 83.4881078265335 S2_N1_T0
16049 7 -0.5 9.74214748776163 S2_N1_T0
16050 7 -0.5 0 S2_N1_T0
16052 7 -0.5 42.5143450354092 S2_N1_T0
16053 7 -0.5 0 S2_N1_T0
16054 7 -0.5 4.65599093062117 S2_N1_T0
16055 7 -0.5 94.0270976398 S2_N1_T0
16056 7 -0.5 0 S2_N1_T0
16057 7 -0.5 165.475607934304 S2_N1_T0
16058 7 -0.5 0 S2_N1_T0
16059 7 -0.5 0 S2_N1_T0
16060 7 -0.5 0 S2_N1_T0
16062 7 -0.5 10.7269434696309 S2_N1_T0
16063 7 -0.5 0 S2_N1_T0
16046 8 -0.5 89.9945710315212 S2_N1_T0
16047 8 -0.5 236.842780141196 S2_N1_T0
16049 8 -0.5 84.4134549700207 S2_N1_T0
16050 8 -0.5 247.468679885905 S2_N1_T0
16052 8 -0.5 485.595573218007 S2_N1_T0
16053 8 -0.5 0 S2_N1_T0
16054 8 -0.5 135.289920134515 S2_N1_T0
16055 8 -0.5 711.992264111415 S2_N1_T0
16056 8 -0.5 0 S2_N1_T0
16057 8 -0.5 361.121673078971 S2_N1_T0
16058 8 -0.5 0 S2_N1_T0
16059 8 -0.5 2.40116588902564 S2_N1_T0
16060 8 -0.5 5.09465239905785 S2_N1_T0
16062 8 -0.5 108.030587940953 S2_N1_T0
16063 8 -0.5 9.83476691649589 S2_N1_T0
16046 9 -0.5 45.503123330487 S2_N1_T0
16047 9 -0.5 172.309604733527 S2_N1_T0
16049 9 -0.5 55.0020738025743 S2_N1_T0
16050 9 -0.5 110.251430399508 S2_N1_T0
16052 9 -0.5 295.507296837751 S2_N1_T0
16053 9 -0.5 0 S2_N1_T0
16054 9 -0.5 84.7969830356501 S2_N1_T0
16055 9 -0.5 393.714788746636 S2_N1_T0
16056 9 -0.5 0 S2_N1_T0
16057 9 -0.5 272.675848125548 S2_N1_T0
16058 9 -0.5 0 S2_N1_T0
16059 9 -0.5 0 S2_N1_T0
16060 9 -0.5 0 S2_N1_T0
16062 9 -0.5 67.9802519125678 S2_N1_T0
16063 9 -0.5 0 S2_N1_T0
16046 10 -0.5 90.8272473773689 S2_N1_T0
16047 10 -0.5 238.637217907924 S2_N1_T0
16049 10 -0.5 83.6203292404912 S2_N1_T0
16050 10 -0.5 240.557788114146 S2_N1_T0
16052 10 -0.5 478.252512228898 S2_N1_T0
16053 10 -0.5 0 S2_N1_T0
16054 10 -0.5 139.415782685786 S2_N1_T0
16055 10 -0.5 685.168349301402 S2_N1_T0
16056 10 -0.5 0 S2_N1_T0
16057 10 -0.5 358.274594629564 S2_N1_T0
16058 10 -0.5 0 S2_N1_T0
16059 10 -0.5 2.57137627213726 S2_N1_T0
16060 10 -0.5 3.27535450134805 S2_N1_T0
16062 10 -0.5 106.00115242019 S2_N1_T0
16063 10 -0.5 18.789731634834 S2_N1_T0
16046 11 -0.5 99.928751991258 S2_N1_T0
16047 11 -0.5 301.600394910841 S2_N1_T0
16049 11 -0.5 89.6420586607329 S2_N1_T0
16050 11 -0.5 380.533423579538 S2_N1_T0
16052 11 -0.5 667.721242970479 S2_N1_T0
16053 11 -0.5 0 S2_N1_T0
16054 11 -0.5 170.657776052013 S2_N1_T0
16055 11 -0.5 1125.63794636645 S2_N1_T0
16056 11 -0.5 0 S2_N1_T0
16057 11 -0.5 457.759542148648 S2_N1_T0
16058 11 -0.5 0 S2_N1_T0
16059 11 -0.5 2.95320589542506 S2_N1_T0
16060 11 -0.5 32.3420452046585 S2_N1_T0
16062 11 -0.5 129.00172034751 S2_N1_T0
16063 11 -0.5 37.5482759003811 S2_N1_T0
16046 12 -0.5 132.242993362368 S2_N1_T0
16047 12 -0.5 370.752221844496 S2_N1_T0
16049 12 -0.5 117.04612617441 S2_N1_T0
16050 12 -0.5 445.761260741533 S2_N1_T0
16052 12 -0.5 737.063462570765 S2_N1_T0
16053 12 -0.5 0 S2_N1_T0
16054 12 -0.5 212.749469728592 S2_N1_T0
16055 12 -0.5 1368.11606131481 S2_N1_T0
16056 12 -0.5 0 S2_N1_T0
16057 12 -0.5 565.270767702534 S2_N1_T0
16058 12 -0.5 0 S2_N1_T0
16059 12 -0.5 8.53406680279594 S2_N1_T0
16060 12 -0.5 60.2192006382596 S2_N1_T0
16062 12 -0.5 174.282495572712 S2_N1_T0
16063 12 -0.5 49.9903317858876 S2_N1_T0
16046 13 -0.5 3.9543420465642 S2_N1_T0
16047 13 -0.5 99.6931351632292 S2_N1_T0
16049 13 -0.5 18.503141019742 S2_N1_T0
16050 13 -0.5 17.4229029776819 S2_N1_T0
16052 13 -0.5 175.069673281739 S2_N1_T0
16053 13 -0.5 0 S2_N1_T0
16054 13 -0.5 20.4226907188366 S2_N1_T0
16055 13 -0.5 246.907449249297 S2_N1_T0
16056 13 -0.5 0 S2_N1_T0
16057 13 -0.5 201.660305010277 S2_N1_T0
16058 13 -0.5 0 S2_N1_T0
16059 13 -0.5 0 S2_N1_T0
16060 13 -0.5 0 S2_N1_T0
16062 13 -0.5 27.7965615046944 S2_N1_T0
16063 13 -0.5 0 S2_N1_T0
16046 14 -0.5 8.96296515926901 S2_N1_T0
16047 14 -0.5 117.265425205665 S2_N1_T0
16049 14 -0.5 28.0990294404401 S2_N1_T0
16050 14 -0.5 0 S2_N1_T0
16052 14 -0.5 129.139868250189 S2_N1_T0
16053 14 -0.5 0 S2_N1_T0
16054 14 -0.5 33.6347971319179 S2_N1_T0
16055 14 -0.5 173.14538963682 S2_N1_T0
16056 14 -0.5 0 S2_N1_T0
16057 14 -0.5 201.980162262606 S2_N1_T0
16058 14 -0.5 0 S2_N1_T0
16059 14 -0.5 0 S2_N1_T0
16060 14 -0.5 0 S2_N1_T0
16062 14 -0.5 33.0649386260712 S2_N1_T0
16063 14 -0.5 0 S2_N1_T0
16046 15 -0.5 114.626326777698 S2_N1_T0
16047 15 -0.5 260.628613236994 S2_N1_T0
16049 15 -0.5 100.988886947331 S2_N1_T0
16050 15 -0.5 261.94118001931 S2_N1_T0
16052 15 -0.5 502.516309073035 S2_N1_T0
16053 15 -0.5 0 S2_N1_T0
16054 15 -0.5 163.812352274116 S2_N1_T0
16055 15 -0.5 709.055527202825 S2_N1_T0
16056 15 -0.5 0 S2_N1_T0
16057 15 -0.5 379.913125348197 S2_N1_T0
16058 15 -0.5 0 S2_N1_T0
16059 15 -0.5 7.98478549814627 S2_N1_T0
16060 15 -0.5 9.74422822545199 S2_N1_T0
16062 15 -0.5 123.911933888467 S2_N1_T0
16063 15 -0.5 37.8655275880791 S2_N1_T0
16046 16 -0.5 128.64752470099 S2_N1_T0
16047 16 -0.5 301.008362182744 S2_N1_T0
16049 16 -0.5 112.985774420068 S2_N1_T0
16050 16 -0.5 352.18460695787 S2_N1_T0
16052 16 -0.5 626.094688747212 S2_N1_T0
16053 16 -0.5 0 S2_N1_T0
16054 16 -0.5 186.092918251994 S2_N1_T0
16055 16 -0.5 984.400423672042 S2_N1_T0
16056 16 -0.5 0 S2_N1_T0
16057 16 -0.5 443.878541287933 S2_N1_T0
16058 16 -0.5 0 S2_N1_T0
16059 16 -0.5 11.6276254748658 S2_N1_T0
16060 16 -0.5 46.9488970413791 S2_N1_T0
16062 16 -0.5 145.998944581134 S2_N1_T0
16063 16 -0.5 45.3541723019026 S2_N1_T0
16046 17 -0.5 26.8025612781373 S2_N1_T0
16047 17 -0.5 145.77132321975 S2_N1_T0
16049 17 -0.5 45.9927244291148 S2_N1_T0
16050 17 -0.5 59.9681974299183 S2_N1_T0
16052 17 -0.5 228.651270413366 S2_N1_T0
16053 17 -0.5 0 S2_N1_T0
16054 17 -0.5 59.9391855625141 S2_N1_T0
16055 17 -0.5 301.987549721611 S2_N1_T0
16056 17 -0.5 0 S2_N1_T0
16057 17 -0.5 242.641400228889 S2_N1_T0
16058 17 -0.5 0 S2_N1_T0
16059 17 -0.5 0 S2_N1_T0
16060 17 -0.5 0 S2_N1_T0
16062 17 -0.5 57.1872362426737 S2_N1_T0
16063 17 -0.5 0 S2_N1_T0
16046 18 -0.5 129.268730584226 S2_N1_T0
16047 18 -0.5 334.703804099541 S2_N1_T0
16049 18 -0.5 113.922663415646 S2_N1_T0
16050 18 -0.5 413.338206129438 S2_N1_T0
16052 18 -0.5 703.094118740752 S2_N1_T0
16053 18 -0.5 0 S2_N1_T0
16054 18 -0.5 198.573408954644 S2_N1_T0
16055 18 -0.5 1217.46964140749 S2_N1_T0
16056 18 -0.5 0 S2_N1_T0
16057 18 -0.5 502.061393270144 S2_N1_T0
16058 18 -0.5 0 S2_N1_T0
16059 18 -0.5 9.57443826452616 S2_N1_T0
16060 18 -0.5 58.823653597947 S2_N1_T0
16062 18 -0.5 158.307018700002 S2_N1_T0
16063 18 -0.5 48.331209893187 S2_N1_T0
16046 19 -0.5 81.4939656779563 S2_N1_T0
16047 19 -0.5 222.797192215932 S2_N1_T0
16049 19 -0.5 77.4402300478741 S2_N1_T0
16050 19 -0.5 210.749723653306 S2_N1_T0
16052 19 -0.5 436.534497773412 S2_N1_T0
16053 19 -0.5 0 S2_N1_T0
16054 19 -0.5 126.380882215305 S2_N1_T0
16055 19 -0.5 614.234986409145 S2_N1_T0
16056 19 -0.5 0 S2_N1_T0
16057 19 -0.5 337.999231699815 S2_N1_T0
16058 19 -0.5 0 S2_N1_T0
16059 19 -0.5 1.7024579570422 S2_N1_T0
16060 19 -0.5 1.16364805233502 S2_N1_T0
16062 19 -0.5 97.4657548878739 S2_N1_T0
16063 19 -0.5 8.99876697729194 S2_N1_T0
16046 20 -0.5 123.241877119557 S2_N1_T0
16047 20 -0.5 282.290875800662 S2_N1_T0
16049 20 -0.5 108.524174161807 S2_N1_T0
16050 20 -0.5 312.759409247719 S2_N1_T0
16052 20 -0.5 573.585777602642 S2_N1_T0
16053 20 -0.5 0 S2_N1_T0
16054 20 -0.5 175.655597880255 S2_N1_T0
16055 20 -0.5 859.835907544165 S2_N1_T0
16056 20 -0.5 0 S2_N1_T0
16057 20 -0.5 414.429524919592 S2_N1_T0
16058 20 -0.5 0 S2_N1_T0
16059 20 -0.5 10.3089005492665 S2_N1_T0
16060 20 -0.5 31.0160406178431 S2_N1_T0
16062 20 -0.5 136.695783743262 S2_N1_T0
16063 20 -0.5 40.8434810971699 S2_N1_T0
16046 21 -0.5 80.1991930873379 S2_N1_T0
16047 21 -0.5 223.793801772745 S2_N1_T0
16049 21 -0.5 75.7535117718308 S2_N1_T0
16050 21 -0.5 213.284959373475 S2_N1_T0
16052 21 -0.5 440.609743542792 S2_N1_T0
16053 21 -0.5 0 S2_N1_T0
16054 21 -0.5 128.306991290819 S2_N1_T0
16055 21 -0.5 619.64187986585 S2_N1_T0
16056 21 -0.5 0 S2_N1_T0
16057 21 -0.5 338.731942643422 S2_N1_T0
16058 21 -0.5 0 S2_N1_T0
16059 21 -0.5 1.57636165579977 S2_N1_T0
16060 21 -0.5 1.06278445298015 S2_N1_T0
16062 21 -0.5 95.9761183660664 S2_N1_T0
16063 21 -0.5 12.2825377924403 S2_N1_T0
16046 22 -0.5 146.136939157654 S2_N1_T0
16047 22 -0.5 344.028170214564 S2_N1_T0
16049 22 -0.5 124.74279795036 S2_N1_T0
16050 22 -0.5 423.562105883283 S2_N1_T0
16052 22 -0.5 715.982392420144 S2_N1_T0
16053 22 -0.5 0 S2_N1_T0
16054 22 -0.5 221.292412237073 S2_N1_T0
16055 22 -0.5 1177.89905837982 S2_N1_T0
16056 22 -0.5 0 S2_N1_T0
16057 22 -0.5 499.160662862283 S2_N1_T0
16058 22 -0.5 0 S2_N1_T0
16059 22 -0.5 19.0453243226684 S2_N1_T0
16060 22 -0.5 68.7539258043184 S2_N1_T0
16062 22 -0.5 165.382798218817 S2_N1_T0
16063 22 -0.5 70.822442765078 S2_N1_T0
16046 23 -0.5 69.1657348040734 S2_N1_T0
16047 23 -0.5 201.46024904155 S2_N1_T0
16049 23 -0.5 68.548811381431 S2_N1_T0
16050 23 -0.5 159.546020400572 S2_N1_T0
16052 23 -0.5 361.351641420985 S2_N1_T0
16053 23 -0.5 0 S2_N1_T0
16054 23 -0.5 113.72520726824 S2_N1_T0
16055 23 -0.5 484.392063378863 S2_N1_T0
16056 23 -0.5 0 S2_N1_T0
16057 23 -0.5 306.052907917716 S2_N1_T0
16058 23 -0.5 0 S2_N1_T0
16059 23 -0.5 1.00659503558751 S2_N1_T0
16060 23 -0.5 0 S2_N1_T0
16062 23 -0.5 84.4697640814368 S2_N1_T0
16063 23 -0.5 5.51667915574904 S2_N1_T0
16046 24 -0.5 92.1333141250839 S2_N1_T0
16047 24 -0.5 242.011886685061 S2_N1_T0
16049 24 -0.5 83.8195633397954 S2_N1_T0
16050 24 -0.5 246.090655521203 S2_N1_T0
16052 24 -0.5 484.904529705479 S2_N1_T0
16053 24 -0.5 0 S2_N1_T0
16054 24 -0.5 144.424254919567 S2_N1_T0
16055 24 -0.5 692.705396891847 S2_N1_T0
16056 24 -0.5 0 S2_N1_T0
16057 24 -0.5 361.253965849025 S2_N1_T0
16058 24 -0.5 0 S2_N1_T0
16059 24 -0.5 2.7311434745731 S2_N1_T0
16060 24 -0.5 3.42596853804154 S2_N1_T0
16062 24 -0.5 106.572819962021 S2_N1_T0
16063 24 -0.5 25.1402408019861 S2_N1_T0
16046 25 -0.5 10.4227660583749 S2_N1_T0
16047 25 -0.5 120.642267725831 S2_N1_T0
16049 25 -0.5 28.998728377461 S2_N1_T0
16050 25 -0.5 0 S2_N1_T0
16052 25 -0.5 132.657216661509 S2_N1_T0
16053 25 -0.5 0 S2_N1_T0
16054 25 -0.5 39.6483289831681 S2_N1_T0
16055 25 -0.5 176.206579130469 S2_N1_T0
16056 25 -0.5 0 S2_N1_T0
16057 25 -0.5 204.241849385814 S2_N1_T0
16058 25 -0.5 0 S2_N1_T0
16059 25 -0.5 0 S2_N1_T0
16060 25 -0.5 0 S2_N1_T0
16062 25 -0.5 33.9325146238447 S2_N1_T0
16063 25 -0.5 0 S2_N1_T0
16046 26 -0.5 132.789977209572 S2_N1_T0
16047 26 -0.5 311.007589726946 S2_N1_T0
16049 26 -0.5 115.156101320444 S2_N1_T0
16050 26 -0.5 367.132112026126 S2_N1_T0
16052 26 -0.5 646.841663815975 S2_N1_T0
16053 26 -0.5 0 S2_N1_T0
16054 26 -0.5 195.673973245729 S2_N1_T0
16055 26 -0.5 1016.43071362587 S2_N1_T0
16056 26 -0.5 0 S2_N1_T0
16057 26 -0.5 453.9640637029 S2_N1_T0
16058 26 -0.5 0 S2_N1_T0
16059 26 -0.5 13.5312210571623 S2_N1_T0
16060 26 -0.5 50.4444596469132 S2_N1_T0
16062 26 -0.5 149.080049637906 S2_N1_T0
16063 26 -0.5 55.0038168675136 S2_N1_T0
16046 27 -0.5 0 S2_N1_T0
16047 27 -0.5 71.0124591634884 S2_N1_T0
16049 27 -0.5 5.43875535112529 S2_N1_T0
16050 27 -0.5 0 S2_N1_T0
16052 27 -0.5 30.2899232015927 S2_N1_T0
16053 27 -0.5 0 S2_N1_T0
16054 27 -0.5 1.85311482304858 S2_N1_T0
16055 27 -0.5 84.018059843516 S2_N1_T0
16056 27 -0.5 0 S2_N1_T0
16057 27 -0.5 154.695449828797 S2_N1_T0
16058 27 -0.5 0 S2_N1_T0
16059 27 -0.5 0 S2_N1_T0
16060 27 -0.5 0 S2_N1_T0
16062 27 -0.5 5.96761060799165 S2_N1_T0
16063 27 -0.5 0 S2_N1_T0
16046 28 -0.5 154.683681282047 S2_N1_T0
16047 28 -0.5 350.560974547463 S2_N1_T0
16049 28 -0.5 131.712880054493 S2_N1_T0
16050 28 -0.5 427.419852751723 S2_N1_T0
16052 28 -0.5 721.956365152574 S2_N1_T0
16053 28 -0.5 0 S2_N1_T0
16054 28 -0.5 227.677572414346 S2_N1_T0
16055 28 -0.5 1184.1139429268 S2_N1_T0
16056 28 -0.5 0 S2_N1_T0
16057 28 -0.5 506.120705111929 S2_N1_T0
16058 28 -0.5 0 S2_N1_T0
16059 28 -0.5 24.3473802630667 S2_N1_T0
16060 28 -0.5 76.3784842909768 S2_N1_T0
16062 28 -0.5 172.176336878321 S2_N1_T0
16063 28 -0.5 74.2487688928621 S2_N1_T0
16046 29 -0.5 20.1630991996776 S2_N1_T0
16047 29 -0.5 143.030926415481 S2_N1_T0
16049 29 -0.5 37.9757858226802 S2_N1_T0
16050 29 -0.5 83.0903111836868 S2_N1_T0
16052 29 -0.5 260.305494732346 S2_N1_T0
16053 29 -0.5 0 S2_N1_T0
16054 29 -0.5 57.6627718706099 S2_N1_T0
16055 29 -0.5 357.67955508276 S2_N1_T0
16056 29 -0.5 0 S2_N1_T0
16057 29 -0.5 245.326333361462 S2_N1_T0
16058 29 -0.5 0 S2_N1_T0
16059 29 -0.5 0 S2_N1_T0
16060 29 -0.5 0 S2_N1_T0
16062 29 -0.5 49.7373524548315 S2_N1_T0
16063 29 -0.5 0 S2_N1_T0
16046 30 -0.5 7.21005991215502 S2_N1_T0
16047 30 -0.5 112.928465308129 S2_N1_T0
16049 30 -0.5 25.080199338346 S2_N1_T0
16050 30 -0.5 0 S2_N1_T0
16052 30 -0.5 124.761767580079 S2_N1_T0
16053 30 -0.5 0 S2_N1_T0
16054 30 -0.5 29.4704526184898 S2_N1_T0
16055 30 -0.5 169.416890391956 S2_N1_T0
16056 30 -0.5 0 S2_N1_T0
16057 30 -0.5 198.040589345437 S2_N1_T0
16058 30 -0.5 0 S2_N1_T0
16059 30 -0.5 0 S2_N1_T0
16060 30 -0.5 0 S2_N1_T0
16062 30 -0.5 29.7197114028131 S2_N1_T0
16063 30 -0.5 0 S2_N1_T0
16046 31 -0.5 26.0893347937721 S2_N1_T0
16047 31 -0.5 141.422146413248 S2_N1_T0
16049 31 -0.5 27.3029916806778 S2_N1_T0
16050 31 -0.5 30.8040502769799 S2_N1_T0
16052 31 -0.5 194.434263826922 S2_N1_T0
16053 31 -0.5 0 S2_N1_T0
16054 31 -0.5 60.2545471718753 S2_N1_T0
16055 31 -0.5 247.586441833704 S2_N1_T0
16056 31 -0.5 0 S2_N1_T0
16057 31 -0.5 221.500450265382 S2_N1_T0
16058 31 -0.5 0 S2_N1_T0
16059 31 -0.5 0 S2_N1_T0
16060 31 -0.5 0 S2_N1_T0
16062 31 -0.5 37.2037767816223 S2_N1_T0
16063 31 -0.5 0 S2_N1_T0
16046 1 -1.5 16.0510146744169 S2_N1_T0
16047 1 -1.5 166.776347260611 S2_N1_T0
16049 1 -1.5 26.2090482373699 S2_N1_T0
16050 1 -1.5 526.56871897526 S2_N1_T0
16052 1 -1.5 508.504736694132 S2_N1_T0
16053 1 -1.5 314.346793931623 S2_N1_T0
16054 1 -1.5 367.810565783127 S2_N1_T0
16055 1 -1.5 1205.15762780006 S2_N1_T0
16056 1 -1.5 207.007653637334 S2_N1_T0
16057 1 -1.5 301.25840969811 S2_N1_T0
16058 1 -1.5 96.5804349472262 S2_N1_T0
16059 1 -1.5 0 S2_N1_T0
16060 1 -1.5 0 S2_N1_T0
16062 1 -1.5 43.9546554393254 S2_N1_T0
16063 1 -1.5 242.981218544871 S2_N1_T0
16046 2 -1.5 0 S2_N1_T0
16047 2 -1.5 65.8874594700586 S2_N1_T0
16049 2 -1.5 3.596965240592 S2_N1_T0
16050 2 -1.5 0 S2_N1_T0
16052 2 -1.5 17.8626991903665 S2_N1_T0
16053 2 -1.5 7.54476217680369 S2_N1_T0
16054 2 -1.5 155.351490961564 S2_N1_T0
16055 2 -1.5 84.2528195791108 S2_N1_T0
16056 2 -1.5 121.121605561531 S2_N1_T0
16057 2 -1.5 137.097874989419 S2_N1_T0
16058 2 -1.5 0 S2_N1_T0
16059 2 -1.5 0 S2_N1_T0
16060 2 -1.5 0 S2_N1_T0
16062 2 -1.5 2.98090723591558 S2_N1_T0
16063 2 -1.5 160.86386820681 S2_N1_T0
16046 3 -1.5 0 S2_N1_T0
16047 3 -1.5 55.2829476780806 S2_N1_T0
16049 3 -1.5 1.52530240037851 S2_N1_T0
16050 3 -1.5 29.4049688688561 S2_N1_T0
16052 3 -1.5 85.8857346326707 S2_N1_T0
16053 3 -1.5 56.6678324732823 S2_N1_T0
16054 3 -1.5 140.693944740164 S2_N1_T0
16055 3 -1.5 159.407938024274 S2_N1_T0
16056 3 -1.5 101.154569902434 S2_N1_T0
16057 3 -1.5 121.146869758269 S2_N1_T0
16058 3 -1.5 0 S2_N1_T0
16059 3 -1.5 0 S2_N1_T0
16060 3 -1.5 0 S2_N1_T0
16062 3 -1.5 1.56669264619854 S2_N1_T0
16063 3 -1.5 138.242776782919 S2_N1_T0
16046 4 -1.5 0 S2_N1_T0
16047 4 -1.5 67.0089692240341 S2_N1_T0
16049 4 -1.5 2.30004864722511 S2_N1_T0
16050 4 -1.5 109.947866262848 S2_N1_T0
16052 4 -1.5 171.604083657042 S2_N1_T0
16053 4 -1.5 113.970684438755 S2_N1_T0
16054 4 -1.5 159.405140418779 S2_N1_T0
16055 4 -1.5 337.900460096222 S2_N1_T0
16056 4 -1.5 108.871841058106 S2_N1_T0
16057 4 -1.5 135.571258706564 S2_N1_T0
16058 4 -1.5 0 S2_N1_T0
16059 4 -1.5 0 S2_N1_T0
16060 4 -1.5 0 S2_N1_T0
16062 4 -1.5 3.30701261412359 S2_N1_T0
16063 4 -1.5 139.071357496505 S2_N1_T0
16046 5 -1.5 0 S2_N1_T0
16047 5 -1.5 0 S2_N1_T0
16049 5 -1.5 0 S2_N1_T0
16050 5 -1.5 0 S2_N1_T0
16052 5 -1.5 0 S2_N1_T0
16053 5 -1.5 0 S2_N1_T0
16054 5 -1.5 19.0108485600002 S2_N1_T0
16055 5 -1.5 0 S2_N1_T0
16056 5 -1.5 1.05238615289463 S2_N1_T0
16057 5 -1.5 29.2678457445082 S2_N1_T0
16058 5 -1.5 0 S2_N1_T0
16059 5 -1.5 0 S2_N1_T0
16060 5 -1.5 0 S2_N1_T0
16062 5 -1.5 0 S2_N1_T0
16063 5 -1.5 32.5580125945549 S2_N1_T0
16046 6 -1.5 16.36069426083 S2_N1_T0
16047 6 -1.5 138.332101054453 S2_N1_T0
16049 6 -1.5 34.9996238690606 S2_N1_T0
16050 6 -1.5 164.143552628343 S2_N1_T0
16052 6 -1.5 230.527878400584 S2_N1_T0
16053 6 -1.5 184.012283296493 S2_N1_T0
16054 6 -1.5 252.890046230087 S2_N1_T0
16055 6 -1.5 351.655416313202 S2_N1_T0
16056 6 -1.5 209.079001811992 S2_N1_T0
16057 6 -1.5 218.4795139045 S2_N1_T0
16058 6 -1.5 6.96626884007268 S2_N1_T0
16059 6 -1.5 0 S2_N1_T0
16060 6 -1.5 0 S2_N1_T0
16062 6 -1.5 41.7747881622096 S2_N1_T0
16063 6 -1.5 235.577613603542 S2_N1_T0
16046 7 -1.5 0 S2_N1_T0
16047 7 -1.5 70.3505590612176 S2_N1_T0
16049 7 -1.5 4.39026513188361 S2_N1_T0
16050 7 -1.5 0 S2_N1_T0
16052 7 -1.5 21.0600134998326 S2_N1_T0
16053 7 -1.5 9.43158571203894 S2_N1_T0
16054 7 -1.5 159.837688685124 S2_N1_T0
16055 7 -1.5 87.6273426539145 S2_N1_T0
16056 7 -1.5 127.666179437612 S2_N1_T0
16057 7 -1.5 140.595362383458 S2_N1_T0
16058 7 -1.5 0 S2_N1_T0
16059 7 -1.5 0 S2_N1_T0
16060 7 -1.5 0 S2_N1_T0
16062 7 -1.5 3.65515821972576 S2_N1_T0
16063 7 -1.5 165.762565300796 S2_N1_T0
16046 8 -1.5 12.2007011356674 S2_N1_T0
16047 8 -1.5 137.487580778799 S2_N1_T0
16049 8 -1.5 27.4584882317312 S2_N1_T0
16050 8 -1.5 276.776677013067 S2_N1_T0
16052 8 -1.5 337.092000262541 S2_N1_T0
16053 8 -1.5 235.015403499198 S2_N1_T0
16054 8 -1.5 270.617360347361 S2_N1_T0
16055 8 -1.5 627.895250100646 S2_N1_T0
16056 8 -1.5 190.443730433053 S2_N1_T0
16057 8 -1.5 233.992475248445 S2_N1_T0
16058 8 -1.5 55.4986822316905 S2_N1_T0
16059 8 -1.5 0 S2_N1_T0
16060 8 -1.5 0 S2_N1_T0
16062 8 -1.5 38.6754878871425 S2_N1_T0
16063 8 -1.5 220.461078862361 S2_N1_T0
16046 9 -1.5 2.0013472510065 S2_N1_T0
16047 9 -1.5 93.5044404774024 S2_N1_T0
16049 9 -1.5 9.40660210893551 S2_N1_T0
16050 9 -1.5 118.473592513695 S2_N1_T0
16052 9 -1.5 181.770250288009 S2_N1_T0
16053 9 -1.5 132.785778322821 S2_N1_T0
16054 9 -1.5 196.124871043564 S2_N1_T0
16055 9 -1.5 307.59887867674 S2_N1_T0
16056 9 -1.5 147.513971426354 S2_N1_T0
16057 9 -1.5 168.375309633201 S2_N1_T0
16058 9 -1.5 0 S2_N1_T0
16059 9 -1.5 0 S2_N1_T0
16060 9 -1.5 0 S2_N1_T0
16062 9 -1.5 12.0998300088411 S2_N1_T0
16063 9 -1.5 178.640368899251 S2_N1_T0
16046 10 -1.5 9.53634253140121 S2_N1_T0
16047 10 -1.5 129.803270869433 S2_N1_T0
16049 10 -1.5 23.0822457789358 S2_N1_T0
16050 10 -1.5 256.142780947793 S2_N1_T0
16052 10 -1.5 321.575957981956 S2_N1_T0
16053 10 -1.5 224.957211118033 S2_N1_T0
16054 10 -1.5 261.701520336669 S2_N1_T0
16055 10 -1.5 591.214583053576 S2_N1_T0
16056 10 -1.5 187.548196969269 S2_N1_T0
16057 10 -1.5 221.878477691712 S2_N1_T0
16058 10 -1.5 43.6133191927167 S2_N1_T0
16059 10 -1.5 0 S2_N1_T0
16060 10 -1.5 0 S2_N1_T0
16062 10 -1.5 32.5874558184372 S2_N1_T0
16063 10 -1.5 219.724280766892 S2_N1_T0
16046 11 -1.5 0 S2_N1_T0
16047 11 -1.5 36.4736516372433 S2_N1_T0
16049 11 -1.5 0 S2_N1_T0
16050 11 -1.5 255.851181989721 S2_N1_T0
16052 11 -1.5 246.95474504571 S2_N1_T0
16053 11 -1.5 97.0936210705564 S2_N1_T0
16054 11 -1.5 107.506186581739 S2_N1_T0
16055 11 -1.5 963.037646851038 S2_N1_T0
16056 11 -1.5 46.8064414720674 S2_N1_T0
16057 11 -1.5 87.5545794704531 S2_N1_T0
16058 11 -1.5 7.75072508644263 S2_N1_T0
16059 11 -1.5 0 S2_N1_T0
16060 11 -1.5 0 S2_N1_T0
16062 11 -1.5 0 S2_N1_T0
16063 11 -1.5 74.2936419378227 S2_N1_T0
16046 12 -1.5 0 S2_N1_T0
16047 12 -1.5 72.7858360136375 S2_N1_T0
16049 12 -1.5 1.43259929428926 S2_N1_T0
16050 12 -1.5 438.578693782215 S2_N1_T0
16052 12 -1.5 356.09907719566 S2_N1_T0
16053 12 -1.5 123.930754350583 S2_N1_T0
16054 12 -1.5 213.468958867793 S2_N1_T0
16055 12 -1.5 1259.26869266076 S2_N1_T0
16056 12 -1.5 82.7207439435312 S2_N1_T0
16057 12 -1.5 172.135920279015 S2_N1_T0
16058 12 -1.5 35.4212137843845 S2_N1_T0
16059 12 -1.5 0 S2_N1_T0
16060 12 -1.5 0 S2_N1_T0
16062 12 -1.5 6.49003250310553 S2_N1_T0
16063 12 -1.5 98.7540668680894 S2_N1_T0
16046 13 -1.5 0 S2_N1_T0
16047 13 -1.5 38.7720784367752 S2_N1_T0
16049 13 -1.5 0 S2_N1_T0
16050 13 -1.5 40.2856803608139 S2_N1_T0
16052 13 -1.5 92.1120716253051 S2_N1_T0
16053 13 -1.5 56.0130706413576 S2_N1_T0
16054 13 -1.5 129.776917581671 S2_N1_T0
16055 13 -1.5 178.346706331921 S2_N1_T0
16056 13 -1.5 65.2695433154427 S2_N1_T0
16057 13 -1.5 119.555009422952 S2_N1_T0
16058 13 -1.5 0 S2_N1_T0
16059 13 -1.5 0 S2_N1_T0
16060 13 -1.5 0 S2_N1_T0
16062 13 -1.5 1.31399551532422 S2_N1_T0
16063 13 -1.5 110.252066717216 S2_N1_T0
16046 14 -1.5 2.33580139244852 S2_N1_T0
16047 14 -1.5 97.8700686512113 S2_N1_T0
16049 14 -1.5 13.7497603515889 S2_N1_T0
16050 14 -1.5 32.3191048043748 S2_N1_T0
16052 14 -1.5 98.788777808524 S2_N1_T0
16053 14 -1.5 74.3553534951687 S2_N1_T0
16054 14 -1.5 192.082520352207 S2_N1_T0
16055 14 -1.5 153.974150118384 S2_N1_T0
16056 14 -1.5 162.645804630442 S2_N1_T0
16057 14 -1.5 166.978601777925 S2_N1_T0
16058 14 -1.5 0 S2_N1_T0
16059 14 -1.5 0 S2_N1_T0
16060 14 -1.5 0 S2_N1_T0
16062 14 -1.5 13.7230049206881 S2_N1_T0
16063 14 -1.5 192.892441550818 S2_N1_T0
16046 15 -1.5 73.2612432236386 S2_N1_T0
16047 15 -1.5 211.598440681466 S2_N1_T0
16049 15 -1.5 72.7961219605652 S2_N1_T0
16050 15 -1.5 338.518997602481 S2_N1_T0
16052 15 -1.5 409.2289400946 S2_N1_T0
16053 15 -1.5 324.29394475873 S2_N1_T0
16054 15 -1.5 362.574064334095 S2_N1_T0
16055 15 -1.5 667.864981169449 S2_N1_T0
16056 15 -1.5 301.835986511415 S2_N1_T0
16057 15 -1.5 311.034684637504 S2_N1_T0
16058 15 -1.5 108.368205317604 S2_N1_T0
16059 15 -1.5 3.34662520806706 S2_N1_T0
16060 15 -1.5 1.23081848362118 S2_N1_T0
16062 15 -1.5 87.6871092352005 S2_N1_T0
16063 15 -1.5 320.387128321899 S2_N1_T0
16046 16 -1.5 52.2375383732123 S2_N1_T0
16047 16 -1.5 206.249899982581 S2_N1_T0
16049 16 -1.5 57.0327535144236 S2_N1_T0
16050 16 -1.5 438.928036444758 S2_N1_T0
16052 16 -1.5 478.746795015429 S2_N1_T0
16053 16 -1.5 342.651017686772 S2_N1_T0
16054 16 -1.5 375.518475125276 S2_N1_T0
16055 16 -1.5 933.100754998725 S2_N1_T0
16056 16 -1.5 273.736155515262 S2_N1_T0
16057 16 -1.5 323.134112472714 S2_N1_T0
16058 16 -1.5 124.96336858289 S2_N1_T0
16059 16 -1.5 1.00562998356537 S2_N1_T0
16060 16 -1.5 2.61129011263596 S2_N1_T0
16062 16 -1.5 75.426094331262 S2_N1_T0
16063 16 -1.5 296.674089195992 S2_N1_T0
16046 17 -1.5 6.23542766979144 S2_N1_T0
16047 17 -1.5 116.113878939071 S2_N1_T0
16049 17 -1.5 24.2429706366342 S2_N1_T0
16050 17 -1.5 116.613964258019 S2_N1_T0
16052 17 -1.5 175.853000752672 S2_N1_T0
16053 17 -1.5 140.83986682917 S2_N1_T0
16054 17 -1.5 220.360837330223 S2_N1_T0
16055 17 -1.5 265.458097609474 S2_N1_T0
16056 17 -1.5 178.088383428561 S2_N1_T0
16057 17 -1.5 194.289574190578 S2_N1_T0
16058 17 -1.5 0 S2_N1_T0
16059 17 -1.5 0 S2_N1_T0
16060 17 -1.5 0 S2_N1_T0
16062 17 -1.5 28.8509499709263 S2_N1_T0
16063 17 -1.5 204.644323573193 S2_N1_T0
16046 18 -1.5 4.99835046418999 S2_N1_T0
16047 18 -1.5 125.375594129758 S2_N1_T0
16049 18 -1.5 13.6244767302534 S2_N1_T0
16050 18 -1.5 461.38946025974 S2_N1_T0
16052 18 -1.5 444.200030699384 S2_N1_T0
16053 18 -1.5 242.345477346485 S2_N1_T0
16054 18 -1.5 302.327717025597 S2_N1_T0
16055 18 -1.5 1130.15101834893 S2_N1_T0
16056 18 -1.5 152.359218283446 S2_N1_T0
16057 18 -1.5 254.601798303982 S2_N1_T0
16058 18 -1.5 72.683439639568 S2_N1_T0
16059 18 -1.5 0 S2_N1_T0
16060 18 -1.5 0 S2_N1_T0
16062 18 -1.5 28.582328175368 S2_N1_T0
16063 18 -1.5 175.711350435794 S2_N1_T0
16046 19 -1.5 7.50177278869675 S2_N1_T0
16047 19 -1.5 122.695950185079 S2_N1_T0
16049 19 -1.5 20.8022898971611 S2_N1_T0
16050 19 -1.5 223.474565549567 S2_N1_T0
16052 19 -1.5 290.780949999025 S2_N1_T0
16053 19 -1.5 205.247734589219 S2_N1_T0
16054 19 -1.5 247.409925998186 S2_N1_T0
16055 19 -1.5 521.38081180469 S2_N1_T0
16056 19 -1.5 179.748752624277 S2_N1_T0
16057 19 -1.5 210.932273326132 S2_N1_T0
16058 19 -1.5 30.046753080569 S2_N1_T0
16059 19 -1.5 0 S2_N1_T0
16060 19 -1.5 0 S2_N1_T0
16062 19 -1.5 28.982445959047 S2_N1_T0
16063 19 -1.5 211.3686475129 S2_N1_T0
16046 20 -1.5 67.6699883976341 S2_N1_T0
16047 20 -1.5 215.225609175133 S2_N1_T0
16049 20 -1.5 68.7501701616604 S2_N1_T0
16050 20 -1.5 399.354304071753 S2_N1_T0
16052 20 -1.5 456.785976353415 S2_N1_T0
16053 20 -1.5 344.365482839119 S2_N1_T0
16054 20 -1.5 376.113535224601 S2_N1_T0
16055 20 -1.5 816.503846087375 S2_N1_T0
16056 20 -1.5 294.672410222252 S2_N1_T0
16057 20 -1.5 324.653942391669 S2_N1_T0
16058 20 -1.5 125.246339868391 S2_N1_T0
16059 20 -1.5 2.35126765441887 S2_N1_T0
16060 20 -1.5 3.07082288989644 S2_N1_T0
16062 20 -1.5 86.1770602591911 S2_N1_T0
16063 20 -1.5 314.213262487912 S2_N1_T0
16046 21 -1.5 3.74818907800285 S2_N1_T0
16047 21 -1.5 107.167320857465 S2_N1_T0
16049 21 -1.5 12.9550198958663 S2_N1_T0
16050 21 -1.5 208.480369394325 S2_N1_T0
16052 21 -1.5 275.429081031622 S2_N1_T0
16053 21 -1.5 187.212683936398 S2_N1_T0
16054 21 -1.5 228.110811765136 S2_N1_T0
16055 21 -1.5 512.080658935926 S2_N1_T0
16056 21 -1.5 161.596963024358 S2_N1_T0
16057 21 -1.5 192.049590532436 S2_N1_T0
16058 21 -1.5 20.1252999553262 S2_N1_T0
16059 21 -1.5 0 S2_N1_T0
16060 21 -1.5 0 S2_N1_T0
16062 21 -1.5 19.3917343805569 S2_N1_T0
16063 21 -1.5 192.560771396254 S2_N1_T0
16046 22 -1.5 42.8990647599943 S2_N1_T0
16047 22 -1.5 207.031238674291 S2_N1_T0
16049 22 -1.5 47.2117202673009 S2_N1_T0
16050 22 -1.5 517.411348191736 S2_N1_T0
16052 22 -1.5 527.867897267162 S2_N1_T0
16053 22 -1.5 364.978404429442 S2_N1_T0
16054 22 -1.5 402.688871237742 S2_N1_T0
16055 22 -1.5 1119.537757711 S2_N1_T0
16056 22 -1.5 275.042712660273 S2_N1_T0
16057 22 -1.5 334.770846784264 S2_N1_T0
16058 22 -1.5 129.495400682289 S2_N1_T0
16059 22 -1.5 0 S2_N1_T0
16060 22 -1.5 2.138005454258 S2_N1_T0
16062 22 -1.5 66.5824629740508 S2_N1_T0
16063 22 -1.5 302.088423201759 S2_N1_T0
16046 23 -1.5 6.09684175633304 S2_N1_T0
16047 23 -1.5 115.954499672284 S2_N1_T0
16049 23 -1.5 18.7557030377351 S2_N1_T0
16050 23 -1.5 169.118954159185 S2_N1_T0
16052 23 -1.5 237.648915565914 S2_N1_T0
16053 23 -1.5 176.284088381619 S2_N1_T0
16054 23 -1.5 232.506789205274 S2_N1_T0
16055 23 -1.5 396.664332076359 S2_N1_T0
16056 23 -1.5 181.060886330511 S2_N1_T0
16057 23 -1.5 196.032419802127 S2_N1_T0
16058 23 -1.5 7.56585299373656 S2_N1_T0
16059 23 -1.5 0 S2_N1_T0
16060 23 -1.5 0 S2_N1_T0
16062 23 -1.5 24.582091076656 S2_N1_T0
16063 23 -1.5 212.189930068487 S2_N1_T0
16046 24 -1.5 7.51894208620111 S2_N1_T0
16047 24 -1.5 123.450990234872 S2_N1_T0
16049 24 -1.5 19.5991537547486 S2_N1_T0
16050 24 -1.5 252.893245259168 S2_N1_T0
16052 24 -1.5 318.270100684527 S2_N1_T0
16053 24 -1.5 220.666505517751 S2_N1_T0
16054 24 -1.5 256.1103245027 S2_N1_T0
16055 24 -1.5 591.424714138073 S2_N1_T0
16056 24 -1.5 182.835307276359 S2_N1_T0
16057 24 -1.5 214.489184135569 S2_N1_T0
16058 24 -1.5 40.238453926256 S2_N1_T0
16059 24 -1.5 0 S2_N1_T0
16060 24 -1.5 0 S2_N1_T0
16062 24 -1.5 28.56006254701 S2_N1_T0
16063 24 -1.5 215.323597382261 S2_N1_T0
16046 25 -1.5 1.39758197532335 S2_N1_T0
16047 25 -1.5 87.6266863355092 S2_N1_T0
16049 25 -1.5 8.53376385000026 S2_N1_T0
16050 25 -1.5 23.9509346211081 S2_N1_T0
16052 25 -1.5 87.9462823691259 S2_N1_T0
16053 25 -1.5 64.2503653406759 S2_N1_T0
16054 25 -1.5 180.241425932559 S2_N1_T0
16055 25 -1.5 144.447155432346 S2_N1_T0
16056 25 -1.5 151.689102812473 S2_N1_T0
16057 25 -1.5 154.762642116224 S2_N1_T0
16058 25 -1.5 0 S2_N1_T0
16059 25 -1.5 0 S2_N1_T0
16060 25 -1.5 0 S2_N1_T0
16062 25 -1.5 8.21268011488135 S2_N1_T0
16063 25 -1.5 183.779569221853 S2_N1_T0
16046 26 -1.5 47.9175713626666 S2_N1_T0
16047 26 -1.5 203.302795439145 S2_N1_T0
16049 26 -1.5 52.620841275808 S2_N1_T0
16050 26 -1.5 449.341408332198 S2_N1_T0
16052 26 -1.5 486.935810519526 S2_N1_T0
16053 26 -1.5 347.582382048161 S2_N1_T0
16054 26 -1.5 377.758278752477 S2_N1_T0
16055 26 -1.5 958.307065642734 S2_N1_T0
16056 26 -1.5 274.062354915798 S2_N1_T0
16057 26 -1.5 320.030176386944 S2_N1_T0
16058 26 -1.5 121.191298563698 S2_N1_T0
16059 26 -1.5 0 S2_N1_T0
16060 26 -1.5 1.95653539402861 S2_N1_T0
16062 26 -1.5 70.4620759674952 S2_N1_T0
16063 26 -1.5 299.275902103318 S2_N1_T0
16046 27 -1.5 0 S2_N1_T0
16047 27 -1.5 28.6452574555293 S2_N1_T0
16049 27 -1.5 0 S2_N1_T0
16050 27 -1.5 0 S2_N1_T0
16052 27 -1.5 3.43690155170783 S2_N1_T0
16053 27 -1.5 1.0609438650758 S2_N1_T0
16054 27 -1.5 113.620722867649 S2_N1_T0
16055 27 -1.5 50.8569697644538 S2_N1_T0
16056 27 -1.5 65.0926316023148 S2_N1_T0
16057 27 -1.5 101.975289662062 S2_N1_T0
16058 27 -1.5 0 S2_N1_T0
16059 27 -1.5 0 S2_N1_T0
16060 27 -1.5 0 S2_N1_T0
16062 27 -1.5 0 S2_N1_T0
16063 27 -1.5 119.124804558743 S2_N1_T0
16046 28 -1.5 73.454584777788 S2_N1_T0
16047 28 -1.5 246.867663258798 S2_N1_T0
16049 28 -1.5 69.4016542911547 S2_N1_T0
16050 28 -1.5 548.191187020749 S2_N1_T0
16052 28 -1.5 565.112090820895 S2_N1_T0
16053 28 -1.5 409.497320929292 S2_N1_T0
16054 28 -1.5 448.341059788938 S2_N1_T0
16055 28 -1.5 1150.83284491236 S2_N1_T0
16056 28 -1.5 328.505185600365 S2_N1_T0
16057 28 -1.5 377.560285082666 S2_N1_T0
16058 28 -1.5 164.14755670074 S2_N1_T0
16059 28 -1.5 2.44133258029708 S2_N1_T0
16060 28 -1.5 10.8296711663749 S2_N1_T0
16062 28 -1.5 92.2924310802005 S2_N1_T0
16063 28 -1.5 347.989722265284 S2_N1_T0
16046 29 -1.5 0 S2_N1_T0
16047 29 -1.5 40.7579505590954 S2_N1_T0
16049 29 -1.5 0 S2_N1_T0
16050 29 -1.5 63.0911086995358 S2_N1_T0
16052 29 -1.5 112.060176008459 S2_N1_T0
16053 29 -1.5 71.9815398363393 S2_N1_T0
16054 29 -1.5 122.610782317277 S2_N1_T0
16055 29 -1.5 235.531509474832 S2_N1_T0
16056 29 -1.5 67.2730490637752 S2_N1_T0
16057 29 -1.5 108.349316775783 S2_N1_T0
16058 29 -1.5 0 S2_N1_T0
16059 29 -1.5 0 S2_N1_T0
16060 29 -1.5 0 S2_N1_T0
16062 29 -1.5 0 S2_N1_T0
16063 29 -1.5 107.636780982439 S2_N1_T0
16046 30 -1.5 1.29670094236525 S2_N1_T0
16047 30 -1.5 86.3680492152134 S2_N1_T0
16049 30 -1.5 8.55391919625998 S2_N1_T0
16050 30 -1.5 22.1954736346576 S2_N1_T0
16052 30 -1.5 86.3605267885329 S2_N1_T0
16053 30 -1.5 60.7207614622495 S2_N1_T0
16054 30 -1.5 178.624400806093 S2_N1_T0
16055 30 -1.5 143.998583728591 S2_N1_T0
16056 30 -1.5 146.267189847546 S2_N1_T0
16057 30 -1.5 155.652183660774 S2_N1_T0
16058 30 -1.5 0 S2_N1_T0
16059 30 -1.5 0 S2_N1_T0
16060 30 -1.5 0 S2_N1_T0
16062 30 -1.5 8.32084374067067 S2_N1_T0
16063 30 -1.5 179.281418188876 S2_N1_T0
16046 31 -1.5 0 S2_N1_T0
16047 31 -1.5 72.5185476119122 S2_N1_T0
16049 31 -1.5 1.71485879177697 S2_N1_T0
16050 31 -1.5 51.6331659893993 S2_N1_T0
16052 31 -1.5 106.575135577986 S2_N1_T0
16053 31 -1.5 92.2930087987999 S2_N1_T0
16054 31 -1.5 176.337246832328 S2_N1_T0
16055 31 -1.5 175.962018710706 S2_N1_T0
16056 31 -1.5 161.709411112265 S2_N1_T0
16057 31 -1.5 132.516169510005 S2_N1_T0
16058 31 -1.5 0 S2_N1_T0
16059 31 -1.5 0 S2_N1_T0
16060 31 -1.5 0 S2_N1_T0
16062 31 -1.5 2.17370297255217 S2_N1_T0
16063 31 -1.5 183.306387256724 S2_N1_T0
16046 1 -3 0 S2_N1_T0
16047 1 -3 0 S2_N1_T0
16049 1 -3 0 S2_N1_T0
16050 1 -3 38.5662277676436 S2_N1_T0
16052 1 -3 35.9377543277886 S2_N1_T0
16053 1 -3 7.02731898930069 S2_N1_T0
16054 1 -3 14.445991177014 S2_N1_T0
16055 1 -3 256.396433033302 S2_N1_T0
16056 1 -3 0 S2_N1_T0
16057 1 -3 14.2485489183283 S2_N1_T0
16058 1 -3 0 S2_N1_T0
16059 1 -3 0 S2_N1_T0
16060 1 -3 0 S2_N1_T0
16062 1 -3 0 S2_N1_T0
16063 1 -3 12.190892823214 S2_N1_T0
16046 2 -3 0 S2_N1_T0
16047 2 -3 28.2641142146136 S2_N1_T0
16049 2 -3 0 S2_N1_T0
16050 2 -3 0 S2_N1_T0
16052 2 -3 3.34290794961706 S2_N1_T0
16053 2 -3 1.34434199572811 S2_N1_T0
16054 2 -3 115.691764113395 S2_N1_T0
16055 2 -3 50.503851549185 S2_N1_T0
16056 2 -3 65.5503096417741 S2_N1_T0
16057 2 -3 101.191373770144 S2_N1_T0
16058 2 -3 0 S2_N1_T0
16059 2 -3 0 S2_N1_T0
16060 2 -3 0 S2_N1_T0
16062 2 -3 0 S2_N1_T0
16063 2 -3 167.017609805578 S2_N1_T0
16046 3 -3 0 S2_N1_T0
16047 3 -3 0 S2_N1_T0
16049 3 -3 0 S2_N1_T0
16050 3 -3 0 S2_N1_T0
16052 3 -3 0 S2_N1_T0
16053 3 -3 0 S2_N1_T0
16054 3 -3 14.7442557636401 S2_N1_T0
16055 3 -3 29.7562031465495 S2_N1_T0
16056 3 -3 0 S2_N1_T0
16057 3 -3 18.9524024315431 S2_N1_T0
16058 3 -3 0 S2_N1_T0
16059 3 -3 0 S2_N1_T0
16060 3 -3 0 S2_N1_T0
16062 3 -3 0 S2_N1_T0
16063 3 -3 41.0687162298178 S2_N1_T0
16046 4 -3 0 S2_N1_T0
16047 4 -3 0 S2_N1_T0
16049 4 -3 0 S2_N1_T0
16050 4 -3 0 S2_N1_T0
16052 4 -3 1.91865559452821 S2_N1_T0
16053 4 -3 0 S2_N1_T0
16054 4 -3 2.14797472449721 S2_N1_T0
16055 4 -3 49.7217231288424 S2_N1_T0
16056 4 -3 0 S2_N1_T0
16057 4 -3 3.71258544971926 S2_N1_T0
16058 4 -3 0 S2_N1_T0
16059 4 -3 0 S2_N1_T0
16060 4 -3 0 S2_N1_T0
16062 4 -3 0 S2_N1_T0
16063 4 -3 6.4470450665031 S2_N1_T0
16046 5 -3 0 S2_N1_T0
16047 5 -3 0 S2_N1_T0
16049 5 -3 0 S2_N1_T0
16050 5 -3 0 S2_N1_T0
16052 5 -3 0 S2_N1_T0
16053 5 -3 0 S2_N1_T0
16054 5 -3 0 S2_N1_T0
16055 5 -3 0 S2_N1_T0
16056 5 -3 0 S2_N1_T0
16057 5 -3 1.32748726024242 S2_N1_T0
16058 5 -3 0 S2_N1_T0
16059 5 -3 0 S2_N1_T0
16060 5 -3 0 S2_N1_T0
16062 5 -3 0 S2_N1_T0
16063 5 -3 11.4298631429153 S2_N1_T0
16046 6 -3 0 S2_N1_T0
16047 6 -3 64.8642398774198 S2_N1_T0
16049 6 -3 2.46664202136583 S2_N1_T0
16050 6 -3 88.6346090721708 S2_N1_T0
16052 6 -3 134.628919878558 S2_N1_T0
16053 6 -3 103.817149788646 S2_N1_T0
16054 6 -3 149.717902711304 S2_N1_T0
16055 6 -3 232.582661720217 S2_N1_T0
16056 6 -3 108.428774358563 S2_N1_T0
16057 6 -3 124.887796455554 S2_N1_T0
16058 6 -3 8.84013510107989 S2_N1_T0
16059 6 -3 0 S2_N1_T0
16060 6 -3 0 S2_N1_T0
16062 6 -3 3.11443539080721 S2_N1_T0
16063 6 -3 190.637379326946 S2_N1_T0
16046 7 -3 0 S2_N1_T0
16047 7 -3 34.827618831014 S2_N1_T0
16049 7 -3 0 S2_N1_T0
16050 7 -3 0 S2_N1_T0
16052 7 -3 4.70205217754738 S2_N1_T0
16053 7 -3 1.97078252356936 S2_N1_T0
16054 7 -3 122.970331807168 S2_N1_T0
16055 7 -3 56.7092214390909 S2_N1_T0
16056 7 -3 76.8285405211316 S2_N1_T0
16057 7 -3 106.855263571759 S2_N1_T0
16058 7 -3 0 S2_N1_T0
16059 7 -3 0 S2_N1_T0
16060 7 -3 0 S2_N1_T0
16062 7 -3 0 S2_N1_T0
16063 7 -3 175.462214174429 S2_N1_T0
16046 8 -3 0 S2_N1_T0
16047 8 -3 9.33010332331513 S2_N1_T0
16049 8 -3 0 S2_N1_T0
16050 8 -3 75.9740127057701 S2_N1_T0
16052 8 -3 99.0886229530397 S2_N1_T0
16053 8 -3 59.555008868072 S2_N1_T0
16054 8 -3 73.433571313589 S2_N1_T0
16055 8 -3 306.767391981543 S2_N1_T0
16056 8 -3 13.1078364937447 S2_N1_T0
16057 8 -3 63.0326405961152 S2_N1_T0
16058 8 -3 6.90071957009338 S2_N1_T0
16059 8 -3 0 S2_N1_T0
16060 8 -3 0 S2_N1_T0
16062 8 -3 0 S2_N1_T0
16063 8 -3 89.6095385798624 S2_N1_T0
16046 9 -3 0 S2_N1_T0
16047 9 -3 2.13423408731192 S2_N1_T0
16049 9 -3 0 S2_N1_T0
16050 9 -3 8.21361566479377 S2_N1_T0
16052 9 -3 36.2493028772073 S2_N1_T0
16053 9 -3 12.4196436635046 S2_N1_T0
16054 9 -3 50.6795757649771 S2_N1_T0
16055 9 -3 107.763213491578 S2_N1_T0
16056 9 -3 5.12715015584533 S2_N1_T0
16057 9 -3 46.4130517583457 S2_N1_T0
16058 9 -3 0 S2_N1_T0
16059 9 -3 0 S2_N1_T0
16060 9 -3 0 S2_N1_T0
16062 9 -3 0 S2_N1_T0
16063 9 -3 77.9878525757746 S2_N1_T0
16046 10 -3 0 S2_N1_T0
16047 10 -3 3.84381912956721 S2_N1_T0
16049 10 -3 0 S2_N1_T0
16050 10 -3 54.0681980881936 S2_N1_T0
16052 10 -3 77.7355879436707 S2_N1_T0
16053 10 -3 42.4526826072185 S2_N1_T0
16054 10 -3 57.468537639385 S2_N1_T0
16055 10 -3 234.048197375423 S2_N1_T0
16056 10 -3 7.05029011897603 S2_N1_T0
16057 10 -3 49.5256793688123 S2_N1_T0
16058 10 -3 1.64186327147338 S2_N1_T0
16059 10 -3 0 S2_N1_T0
16060 10 -3 0 S2_N1_T0
16062 10 -3 0 S2_N1_T0
16063 10 -3 75.7522359171799 S2_N1_T0
16046 11 -3 0 S2_N1_T0
16047 11 -3 0 S2_N1_T0
16049 11 -3 0 S2_N1_T0
16050 11 -3 0 S2_N1_T0
16052 11 -3 0 S2_N1_T0
16053 11 -3 0 S2_N1_T0
16054 11 -3 0 S2_N1_T0
16055 11 -3 0 S2_N1_T0
16056 11 -3 0 S2_N1_T0
16057 11 -3 0 S2_N1_T0
16058 11 -3 0 S2_N1_T0
16059 11 -3 0 S2_N1_T0
16060 11 -3 0 S2_N1_T0
16062 11 -3 0 S2_N1_T0
16063 11 -3 0 S2_N1_T0
16046 12 -3 0 S2_N1_T0
16047 12 -3 0 S2_N1_T0
16049 12 -3 0 S2_N1_T0
16050 12 -3 0 S2_N1_T0
16052 12 -3 0 S2_N1_T0
16053 12 -3 0 S2_N1_T0
16054 12 -3 0 S2_N1_T0
16055 12 -3 3.06725736204493 S2_N1_T0
16056 12 -3 0 S2_N1_T0
16057 12 -3 0 S2_N1_T0
16058 12 -3 0 S2_N1_T0
16059 12 -3 0 S2_N1_T0
16060 12 -3 0 S2_N1_T0
16062 12 -3 0 S2_N1_T0
16063 12 -3 0 S2_N1_T0
16046 13 -3 0 S2_N1_T0
16047 13 -3 0 S2_N1_T0
16049 13 -3 0 S2_N1_T0
16050 13 -3 0 S2_N1_T0
16052 13 -3 2.93094195469375 S2_N1_T0
16053 13 -3 0 S2_N1_T0
16054 13 -3 20.5007833266198 S2_N1_T0
16055 13 -3 56.846878139469 S2_N1_T0
16056 13 -3 0 S2_N1_T0
16057 13 -3 28.4014862345148 S2_N1_T0
16058 13 -3 0 S2_N1_T0
16059 13 -3 0 S2_N1_T0
16060 13 -3 0 S2_N1_T0
16062 13 -3 0 S2_N1_T0
16063 13 -3 35.5569951729242 S2_N1_T0
16046 14 -3 0 S2_N1_T0
16047 14 -3 54.1003907379001 S2_N1_T0
16049 14 -3 1.7783068201565 S2_N1_T0
16050 14 -3 6.46659867892831 S2_N1_T0
16052 14 -3 50.5046622244323 S2_N1_T0
16053 14 -3 30.7340489110685 S2_N1_T0
16054 14 -3 140.735539452075 S2_N1_T0
16055 14 -3 111.658738273402 S2_N1_T0
16056 14 -3 102.638917134626 S2_N1_T0
16057 14 -3 119.813686644359 S2_N1_T0
16058 14 -3 0 S2_N1_T0
16059 14 -3 0 S2_N1_T0
16060 14 -3 0 S2_N1_T0
16062 14 -3 1.58695189819141 S2_N1_T0
16063 14 -3 191.814289698382 S2_N1_T0
16046 15 -3 14.7080976734346 S2_N1_T0
16047 15 -3 131.981015219227 S2_N1_T0
16049 15 -3 28.8552841366614 S2_N1_T0
16050 15 -3 236.264616232137 S2_N1_T0
16052 15 -3 288.173808954178 S2_N1_T0
16053 15 -3 219.647571019028 S2_N1_T0
16054 15 -3 247.618387221073 S2_N1_T0
16055 15 -3 520.765610682173 S2_N1_T0
16056 15 -3 195.602399397228 S2_N1_T0
16057 15 -3 205.175378920082 S2_N1_T0
16058 15 -3 110.102849179593 S2_N1_T0
16059 15 -3 0 S2_N1_T0
16060 15 -3 0 S2_N1_T0
16062 15 -3 38.7843143809234 S2_N1_T0
16063 15 -3 292.600680472124 S2_N1_T0
16046 16 -3 0 S2_N1_T0
16047 16 -3 60.5098968718673 S2_N1_T0
16049 16 -3 1.20730302378964 S2_N1_T0
16050 16 -3 193.58610341098 S2_N1_T0
16052 16 -3 212.608109409626 S2_N1_T0
16053 16 -3 131.420598623715 S2_N1_T0
16054 16 -3 141.213289522617 S2_N1_T0
16055 16 -3 660.810647591719 S2_N1_T0
16056 16 -3 84.4086393121197 S2_N1_T0
16057 16 -3 114.560674885794 S2_N1_T0
16058 16 -3 70.074831982446 S2_N1_T0
16059 16 -3 0 S2_N1_T0
16060 16 -3 0 S2_N1_T0
16062 16 -3 2.93745686557459 S2_N1_T0
16063 16 -3 154.891989400454 S2_N1_T0
16046 17 -3 0 S2_N1_T0
16047 17 -3 60.4416281652376 S2_N1_T0
16049 17 -3 2.45419549661181 S2_N1_T0
16050 17 -3 63.131734311514 S2_N1_T0
16052 17 -3 113.088388006352 S2_N1_T0
16053 17 -3 84.1729247405571 S2_N1_T0
16054 17 -3 147.970728675433 S2_N1_T0
16055 17 -3 187.218787982463 S2_N1_T0
16056 17 -3 100.92304993972 S2_N1_T0
16057 17 -3 127.142610876514 S2_N1_T0
16058 17 -3 2.2432857635976 S2_N1_T0
16059 17 -3 0 S2_N1_T0
16060 17 -3 0 S2_N1_T0
16062 17 -3 2.90710148146549 S2_N1_T0
16063 17 -3 187.163579901731 S2_N1_T0
16046 18 -3 0 S2_N1_T0
16047 18 -3 0 S2_N1_T0
16049 18 -3 0 S2_N1_T0
16050 18 -3 9.07297869226249 S2_N1_T0
16052 18 -3 7.08854785601069 S2_N1_T0
16053 18 -3 0 S2_N1_T0
16054 18 -3 1.48505734019411 S2_N1_T0
16055 18 -3 91.3659766627152 S2_N1_T0
16056 18 -3 0 S2_N1_T0
16057 18 -3 2.20711409665094 S2_N1_T0
16058 18 -3 0 S2_N1_T0
16059 18 -3 0 S2_N1_T0
16060 18 -3 0 S2_N1_T0
16062 18 -3 0 S2_N1_T0
16063 18 -3 0 S2_N1_T0
16046 19 -3 0 S2_N1_T0
16047 19 -3 4.27102761298483 S2_N1_T0
16049 19 -3 0 S2_N1_T0
16050 19 -3 47.9823702319508 S2_N1_T0
16052 19 -3 75.0142262807353 S2_N1_T0
16053 19 -3 40.4552608649206 S2_N1_T0
16054 19 -3 59.7291811510949 S2_N1_T0
16055 19 -3 204.592118070721 S2_N1_T0
16056 19 -3 7.9675535651276 S2_N1_T0
16057 19 -3 51.8622801495286 S2_N1_T0
16058 19 -3 1.07715531144171 S2_N1_T0
16059 19 -3 0 S2_N1_T0
16060 19 -3 0 S2_N1_T0
16062 19 -3 0 S2_N1_T0
16063 19 -3 80.1616848424508 S2_N1_T0
16046 20 -3 4.0603679531969 S2_N1_T0
16047 20 -3 105.897860567017 S2_N1_T0
16049 20 -3 12.9773024219495 S2_N1_T0
16050 20 -3 244.307983051689 S2_N1_T0
16052 20 -3 282.502872354004 S2_N1_T0
16053 20 -3 191.510616105891 S2_N1_T0
16054 20 -3 211.279087851336 S2_N1_T0
16055 20 -3 617.990701796082 S2_N1_T0
16056 20 -3 151.886982694397 S2_N1_T0
16057 20 -3 173.811414810432 S2_N1_T0
16058 20 -3 104.357486317293 S2_N1_T0
16059 20 -3 0 S2_N1_T0
16060 20 -3 0 S2_N1_T0
16062 20 -3 21.8062636094139 S2_N1_T0
16063 20 -3 238.442683630507 S2_N1_T0
16046 21 -3 0 S2_N1_T0
16047 21 -3 0 S2_N1_T0
16049 21 -3 0 S2_N1_T0
16050 21 -3 19.2562136622924 S2_N1_T0
16052 21 -3 40.8453791217122 S2_N1_T0
16053 21 -3 12.9388366410381 S2_N1_T0
16054 21 -3 29.394552901727 S2_N1_T0
16055 21 -3 125.217954439397 S2_N1_T0
16056 21 -3 1.24599383806017 S2_N1_T0
16057 21 -3 28.4779600101312 S2_N1_T0
16058 21 -3 0 S2_N1_T0
16059 21 -3 0 S2_N1_T0
16060 21 -3 0 S2_N1_T0
16062 21 -3 0 S2_N1_T0
16063 21 -3 45.8007438714317 S2_N1_T0
16046 22 -3 0 S2_N1_T0
16047 22 -3 17.3740210612906 S2_N1_T0
16049 22 -3 0 S2_N1_T0
16050 22 -3 115.860892793045 S2_N1_T0
16052 22 -3 121.340907800517 S2_N1_T0
16053 22 -3 77.0260040591292 S2_N1_T0
16054 22 -3 83.3834900557848 S2_N1_T0
16055 22 -3 735.895345447074 S2_N1_T0
16056 22 -3 24.9497983658503 S2_N1_T0
16057 22 -3 66.1851479952013 S2_N1_T0
16058 22 -3 31.875889431861 S2_N1_T0
16059 22 -3 0 S2_N1_T0
16060 22 -3 0 S2_N1_T0
16062 22 -3 0 S2_N1_T0
16063 22 -3 91.2999563509818 S2_N1_T0
16046 23 -3 0 S2_N1_T0
16047 23 -3 6.71451087620396 S2_N1_T0
16049 23 -3 0 S2_N1_T0
16050 23 -3 34.3853759591871 S2_N1_T0
16052 23 -3 68.6836748093087 S2_N1_T0
16053 23 -3 39.1689022227782 S2_N1_T0
16054 23 -3 69.1311389766886 S2_N1_T0
16055 23 -3 155.858248135423 S2_N1_T0
16056 23 -3 17.4717947870224 S2_N1_T0
16057 23 -3 58.4069264919678 S2_N1_T0
16058 23 -3 0 S2_N1_T0
16059 23 -3 0 S2_N1_T0
16060 23 -3 0 S2_N1_T0
16062 23 -3 0 S2_N1_T0
16063 23 -3 97.4649468066955 S2_N1_T0
16046 24 -3 0 S2_N1_T0
16047 24 -3 1.51298810804263 S2_N1_T0
16049 24 -3 0 S2_N1_T0
16050 24 -3 40.1861979273117 S2_N1_T0
16052 24 -3 61.9804699062531 S2_N1_T0
16053 24 -3 29.0325119265874 S2_N1_T0
16054 24 -3 43.5641976463024 S2_N1_T0
16055 24 -3 188.041279341679 S2_N1_T0
16056 24 -3 3.32153676451539 S2_N1_T0
16057 24 -3 38.38810822969 S2_N1_T0
16058 24 -3 0 S2_N1_T0
16059 24 -3 0 S2_N1_T0
16060 24 -3 0 S2_N1_T0
16062 24 -3 0 S2_N1_T0
16063 24 -3 60.7111615755882 S2_N1_T0
16046 25 -3 0 S2_N1_T0
16047 25 -3 24.8773864142051 S2_N1_T0
16049 25 -3 0 S2_N1_T0
16050 25 -3 1.22710508041143 S2_N1_T0
16052 25 -3 20.7921203904762 S2_N1_T0
16053 25 -3 9.06830630289052 S2_N1_T0
16054 25 -3 105.702574204006 S2_N1_T0
16055 25 -3 83.068764295727 S2_N1_T0
16056 25 -3 61.1890158034396 S2_N1_T0
16057 25 -3 89.7171027703684 S2_N1_T0
16058 25 -3 0 S2_N1_T0
16059 25 -3 0 S2_N1_T0
16060 25 -3 0 S2_N1_T0
16062 25 -3 0 S2_N1_T0
16063 25 -3 154.269841378768 S2_N1_T0
16046 26 -3 0 S2_N1_T0
16047 26 -3 43.6941834613512 S2_N1_T0
16049 26 -3 0 S2_N1_T0
16050 26 -3 158.379846001202 S2_N1_T0
16052 26 -3 173.62373357823 S2_N1_T0
16053 26 -3 111.855273197161 S2_N1_T0
16054 26 -3 118.456025941955 S2_N1_T0
16055 26 -3 651.709051155677 S2_N1_T0
16056 26 -3 63.8105688320519 S2_N1_T0
16057 26 -3 94.8507770549255 S2_N1_T0
16058 26 -3 53.4299975916926 S2_N1_T0
16059 26 -3 0 S2_N1_T0
16060 26 -3 0 S2_N1_T0
16062 26 -3 0 S2_N1_T0
16063 26 -3 132.486004326795 S2_N1_T0
16046 27 -3 0 S2_N1_T0
16047 27 -3 0 S2_N1_T0
16049 27 -3 0 S2_N1_T0
16050 27 -3 0 S2_N1_T0
16052 27 -3 0 S2_N1_T0
16053 27 -3 0 S2_N1_T0
16054 27 -3 32.8880423634572 S2_N1_T0
16055 27 -3 2.69121703609928 S2_N1_T0
16056 27 -3 1.79866131763132 S2_N1_T0
16057 27 -3 36.8553628760197 S2_N1_T0
16058 27 -3 0 S2_N1_T0
16059 27 -3 0 S2_N1_T0
16060 27 -3 0 S2_N1_T0
16062 27 -3 0 S2_N1_T0
16063 27 -3 74.0452520689777 S2_N1_T0
16046 28 -3 0 S2_N1_T0
16047 28 -3 76.9760237535343 S2_N1_T0
16049 28 -3 2.52458258231406 S2_N1_T0
16050 28 -3 266.636514412268 S2_N1_T0
16052 28 -3 267.821875290472 S2_N1_T0
16053 28 -3 153.616441111115 S2_N1_T0
16054 28 -3 164.92880734291 S2_N1_T0
16055 28 -3 869.18139636904 S2_N1_T0
16056 28 -3 110.100926067548 S2_N1_T0
16057 28 -3 129.691027529703 S2_N1_T0
16058 28 -3 91.4869971958649 S2_N1_T0
16059 28 -3 0 S2_N1_T0
16060 28 -3 0 S2_N1_T0
16062 28 -3 7.03398605822155 S2_N1_T0
16063 28 -3 175.955678825608 S2_N1_T0
16046 29 -3 0 S2_N1_T0
16047 29 -3 0 S2_N1_T0
16049 29 -3 0 S2_N1_T0
16050 29 -3 0 S2_N1_T0
16052 29 -3 0 S2_N1_T0
16053 29 -3 0 S2_N1_T0
16054 29 -3 0 S2_N1_T0
16055 29 -3 23.0427730043756 S2_N1_T0
16056 29 -3 0 S2_N1_T0
16057 29 -3 1.4302195370479 S2_N1_T0
16058 29 -3 0 S2_N1_T0
16059 29 -3 0 S2_N1_T0
16060 29 -3 0 S2_N1_T0
16062 29 -3 0 S2_N1_T0
16063 29 -3 1.85534146681728 S2_N1_T0
16046 30 -3 0 S2_N1_T0
16047 30 -3 31.4083753412671 S2_N1_T0
16049 30 -3 0 S2_N1_T0
16050 30 -3 1.90808337693504 S2_N1_T0
16052 30 -3 26.8852544975582 S2_N1_T0
16053 30 -3 12.1128338620585 S2_N1_T0
16054 30 -3 115.134550797961 S2_N1_T0
16055 30 -3 91.6014508118037 S2_N1_T0
16056 30 -3 67.5783024395478 S2_N1_T0
16057 30 -3 99.049066965804 S2_N1_T0
16058 30 -3 0 S2_N1_T0
16059 30 -3 0 S2_N1_T0
16060 30 -3 0 S2_N1_T0
16062 30 -3 0 S2_N1_T0
16063 30 -3 162.721429463063 S2_N1_T0
16046 31 -3 0 S2_N1_T0
16047 31 -3 0 S2_N1_T0
16049 31 -3 0 S2_N1_T0
16050 31 -3 0 S2_N1_T0
16052 31 -3 4.89430981686835 S2_N1_T0
16053 31 -3 2.38009671445694 S2_N1_T0
16054 31 -3 45.5581964793068 S2_N1_T0
16055 31 -3 53.1611071850582 S2_N1_T0
16056 31 -3 13.9297172759371 S2_N1_T0
16057 31 -3 33.5091151930617 S2_N1_T0
16058 31 -3 0 S2_N1_T0
16059 31 -3 0 S2_N1_T0
16060 31 -3 0 S2_N1_T0
16062 31 -3 0 S2_N1_T0
16063 31 -3 92.5898478772816 S2_N1_T0
16046 1 -5 0 S2_N1_T0
16047 1 -5 0 S2_N1_T0
16049 1 -5 0 S2_N1_T0
16050 1 -5 0 S2_N1_T0
16052 1 -5 0 S2_N1_T0
16053 1 -5 0 S2_N1_T0
16054 1 -5 0 S2_N1_T0
16055 1 -5 0 S2_N1_T0
16056 1 -5 0 S2_N1_T0
16057 1 -5 0 S2_N1_T0
16058 1 -5 0 S2_N1_T0
16059 1 -5 0 S2_N1_T0
16060 1 -5 0 S2_N1_T0
16062 1 -5 0 S2_N1_T0
16063 1 -5 0 S2_N1_T0
16046 2 -5 0 S2_N1_T0
16047 2 -5 2.61478143221668 S2_N1_T0
16049 2 -5 0 S2_N1_T0
16050 2 -5 0 S2_N1_T0
16052 2 -5 0 S2_N1_T0
16053 2 -5 0 S2_N1_T0
16054 2 -5 62.0907508824581 S2_N1_T0
16055 2 -5 11.1294543689545 S2_N1_T0
16056 2 -5 9.05148182241586 S2_N1_T0
16057 2 -5 59.1841827379976 S2_N1_T0
16058 2 -5 0 S2_N1_T0
16059 2 -5 0 S2_N1_T0
16060 2 -5 0 S2_N1_T0
16062 2 -5 0 S2_N1_T0
16063 2 -5 118.090318105149 S2_N1_T0
16046 3 -5 0 S2_N1_T0
16047 3 -5 0 S2_N1_T0
16049 3 -5 0 S2_N1_T0
16050 3 -5 0 S2_N1_T0
16052 3 -5 0 S2_N1_T0
16053 3 -5 0 S2_N1_T0
16054 3 -5 0 S2_N1_T0
16055 3 -5 0 S2_N1_T0
16056 3 -5 0 S2_N1_T0
16057 3 -5 0 S2_N1_T0
16058 3 -5 0 S2_N1_T0
16059 3 -5 0 S2_N1_T0
16060 3 -5 0 S2_N1_T0
16062 3 -5 0 S2_N1_T0
16063 3 -5 0 S2_N1_T0
16046 4 -5 0 S2_N1_T0
16047 4 -5 0 S2_N1_T0
16049 4 -5 0 S2_N1_T0
16050 4 -5 0 S2_N1_T0
16052 4 -5 0 S2_N1_T0
16053 4 -5 0 S2_N1_T0
16054 4 -5 0 S2_N1_T0
16055 4 -5 0 S2_N1_T0
16056 4 -5 0 S2_N1_T0
16057 4 -5 0 S2_N1_T0
16058 4 -5 0 S2_N1_T0
16059 4 -5 0 S2_N1_T0
16060 4 -5 0 S2_N1_T0
16062 4 -5 0 S2_N1_T0
16063 4 -5 0 S2_N1_T0
16046 5 -5 0 S2_N1_T0
16047 5 -5 0 S2_N1_T0
16049 5 -5 0 S2_N1_T0
16050 5 -5 0 S2_N1_T0
16052 5 -5 0 S2_N1_T0
16053 5 -5 0 S2_N1_T0
16054 5 -5 0 S2_N1_T0
16055 5 -5 0 S2_N1_T0
16056 5 -5 0 S2_N1_T0
16057 5 -5 0 S2_N1_T0
16058 5 -5 0 S2_N1_T0
16059 5 -5 0 S2_N1_T0
16060 5 -5 0 S2_N1_T0
16062 5 -5 0 S2_N1_T0
16063 5 -5 0 S2_N1_T0
16046 6 -5 0 S2_N1_T0
16047 6 -5 1.51134766438018 S2_N1_T0
16049 6 -5 0 S2_N1_T0
16050 6 -5 5.76036579959077 S2_N1_T0
16052 6 -5 29.7653893381278 S2_N1_T0
16053 6 -5 9.29569655680043 S2_N1_T0
16054 6 -5 45.398219266638 S2_N1_T0
16055 6 -5 98.6067706641074 S2_N1_T0
16056 6 -5 3.65461273163883 S2_N1_T0
16057 6 -5 42.6190673156963 S2_N1_T0
16058 6 -5 0 S2_N1_T0
16059 6 -5 0 S2_N1_T0
16060 6 -5 0 S2_N1_T0
16062 6 -5 0 S2_N1_T0
16063 6 -5 81.7737032809816 S2_N1_T0
16046 7 -5 0 S2_N1_T0
16047 7 -5 4.76088974063226 S2_N1_T0
16049 7 -5 0 S2_N1_T0
16050 7 -5 0 S2_N1_T0
16052 7 -5 0 S2_N1_T0
16053 7 -5 0 S2_N1_T0
16054 7 -5 73.016003835124 S2_N1_T0
16055 7 -5 17.0671695374903 S2_N1_T0
16056 7 -5 15.9958890023162 S2_N1_T0
16057 7 -5 67.147511511188 S2_N1_T0
16058 7 -5 0 S2_N1_T0
16059 7 -5 0 S2_N1_T0
16060 7 -5 0 S2_N1_T0
16062 7 -5 0 S2_N1_T0
16063 7 -5 130.434446254669 S2_N1_T0
16046 8 -5 0 S2_N1_T0
16047 8 -5 0 S2_N1_T0
16049 8 -5 0 S2_N1_T0
16050 8 -5 0 S2_N1_T0
16052 8 -5 0 S2_N1_T0
16053 8 -5 0 S2_N1_T0
16054 8 -5 0 S2_N1_T0
16055 8 -5 11.6214416729991 S2_N1_T0
16056 8 -5 0 S2_N1_T0
16057 8 -5 0 S2_N1_T0
16058 8 -5 0 S2_N1_T0
16059 8 -5 0 S2_N1_T0
16060 8 -5 0 S2_N1_T0
16062 8 -5 0 S2_N1_T0
16063 8 -5 0 S2_N1_T0
16046 9 -5 0 S2_N1_T0
16047 9 -5 0 S2_N1_T0
16049 9 -5 0 S2_N1_T0
16050 9 -5 0 S2_N1_T0
16052 9 -5 0 S2_N1_T0
16053 9 -5 0 S2_N1_T0
16054 9 -5 0 S2_N1_T0
16055 9 -5 0 S2_N1_T0
16056 9 -5 0 S2_N1_T0
16057 9 -5 0 S2_N1_T0
16058 9 -5 0 S2_N1_T0
16059 9 -5 0 S2_N1_T0
16060 9 -5 0 S2_N1_T0
16062 9 -5 0 S2_N1_T0
16063 9 -5 0 S2_N1_T0
16046 10 -5 0 S2_N1_T0
16047 10 -5 0 S2_N1_T0
16049 10 -5 0 S2_N1_T0
16050 10 -5 0 S2_N1_T0
16052 10 -5 0 S2_N1_T0
16053 10 -5 0 S2_N1_T0
16054 10 -5 0 S2_N1_T0
16055 10 -5 1.48835668342195 S2_N1_T0
16056 10 -5 0 S2_N1_T0
16057 10 -5 0 S2_N1_T0
16058 10 -5 0 S2_N1_T0
16059 10 -5 0 S2_N1_T0
16060 10 -5 0 S2_N1_T0
16062 10 -5 0 S2_N1_T0
16063 10 -5 0 S2_N1_T0
16046 11 -5 0 S2_N1_T0
16047 11 -5 0 S2_N1_T0
16049 11 -5 0 S2_N1_T0
16050 11 -5 0 S2_N1_T0
16052 11 -5 0 S2_N1_T0
16053 11 -5 0 S2_N1_T0
16054 11 -5 0 S2_N1_T0
16055 11 -5 0 S2_N1_T0
16056 11 -5 0 S2_N1_T0
16057 11 -5 0 S2_N1_T0
16058 11 -5 0 S2_N1_T0
16059 11 -5 0 S2_N1_T0
16060 11 -5 0 S2_N1_T0
16062 11 -5 0 S2_N1_T0
16063 11 -5 0 S2_N1_T0
16046 12 -5 0 S2_N1_T0
16047 12 -5 0 S2_N1_T0
16049 12 -5 0 S2_N1_T0
16050 12 -5 0 S2_N1_T0
16052 12 -5 0 S2_N1_T0
16053 12 -5 0 S2_N1_T0
16054 12 -5 0 S2_N1_T0
16055 12 -5 0 S2_N1_T0
16056 12 -5 0 S2_N1_T0
16057 12 -5 0 S2_N1_T0
16058 12 -5 0 S2_N1_T0
16059 12 -5 0 S2_N1_T0
16060 12 -5 0 S2_N1_T0
16062 12 -5 0 S2_N1_T0
16063 12 -5 0 S2_N1_T0
16046 13 -5 0 S2_N1_T0
16047 13 -5 0 S2_N1_T0
16049 13 -5 0 S2_N1_T0
16050 13 -5 0 S2_N1_T0
16052 13 -5 0 S2_N1_T0
16053 13 -5 0 S2_N1_T0
16054 13 -5 0 S2_N1_T0
16055 13 -5 0 S2_N1_T0
16056 13 -5 0 S2_N1_T0
16057 13 -5 0 S2_N1_T0
16058 13 -5 0 S2_N1_T0
16059 13 -5 0 S2_N1_T0
16060 13 -5 0 S2_N1_T0
16062 13 -5 0 S2_N1_T0
16063 13 -5 0 S2_N1_T0
16046 14 -5 0 S2_N1_T0
16047 14 -5 6.96885276160369 S2_N1_T0
16049 14 -5 0 S2_N1_T0
16050 14 -5 0 S2_N1_T0
16052 14 -5 5.52414652529391 S2_N1_T0
16053 14 -5 1.74251897182451 S2_N1_T0
16054 14 -5 76.566402406827 S2_N1_T0
16055 14 -5 58.5433006306934 S2_N1_T0
16056 14 -5 20.8235058478393 S2_N1_T0
16057 14 -5 68.2363540798471 S2_N1_T0
16058 14 -5 0 S2_N1_T0
16059 14 -5 0 S2_N1_T0
16060 14 -5 0 S2_N1_T0
16062 14 -5 0 S2_N1_T0
16063 14 -5 129.658698420332 S2_N1_T0
16046 15 -5 0 S2_N1_T0
16047 15 -5 45.416095673284 S2_N1_T0
16049 15 -5 0 S2_N1_T0
16050 15 -5 115.140266319422 S2_N1_T0
16052 15 -5 144.306641589441 S2_N1_T0
16053 15 -5 108.460583528004 S2_N1_T0
16054 15 -5 121.63216759902 S2_N1_T0
16055 15 -5 272.30877640766 S2_N1_T0
16056 15 -5 75.7524851935412 S2_N1_T0
16057 15 -5 98.6678532864271 S2_N1_T0
16058 15 -5 37.8937501336036 S2_N1_T0
16059 15 -5 0 S2_N1_T0
16060 15 -5 0 S2_N1_T0
16062 15 -5 1.02049463943408 S2_N1_T0
16063 15 -5 158.275035816165 S2_N1_T0
16046 16 -5 0 S2_N1_T0
16047 16 -5 0 S2_N1_T0
16049 16 -5 0 S2_N1_T0
16050 16 -5 7.16359409957218 S2_N1_T0
16052 16 -5 9.72520595271847 S2_N1_T0
16053 16 -5 1.01445033874993 S2_N1_T0
16054 16 -5 2.14696675880685 S2_N1_T0
16055 16 -5 88.7277569835659 S2_N1_T0
16056 16 -5 0 S2_N1_T0
16057 16 -5 3.31394524814303 S2_N1_T0
16058 16 -5 0 S2_N1_T0
16059 16 -5 0 S2_N1_T0
16060 16 -5 0 S2_N1_T0
16062 16 -5 0 S2_N1_T0
16063 16 -5 4.11388603908771 S2_N1_T0
16046 17 -5 0 S2_N1_T0
16047 17 -5 4.14532985899374 S2_N1_T0
16049 17 -5 0 S2_N1_T0
16050 17 -5 4.84825301190851 S2_N1_T0
16052 17 -5 31.4531737911295 S2_N1_T0
16053 17 -5 10.5845800133288 S2_N1_T0
16054 17 -5 65.3760850910904 S2_N1_T0
16055 17 -5 100.781057847836 S2_N1_T0
16056 17 -5 8.85875766886281 S2_N1_T0
16057 17 -5 60.439082938293 S2_N1_T0
16058 17 -5 0 S2_N1_T0
16059 17 -5 0 S2_N1_T0
16060 17 -5 0 S2_N1_T0
16062 17 -5 0 S2_N1_T0
16063 17 -5 105.413160437168 S2_N1_T0
16046 18 -5 0 S2_N1_T0
16047 18 -5 0 S2_N1_T0
16049 18 -5 0 S2_N1_T0
16050 18 -5 0 S2_N1_T0
16052 18 -5 0 S2_N1_T0
16053 18 -5 0 S2_N1_T0
16054 18 -5 0 S2_N1_T0
16055 18 -5 0 S2_N1_T0
16056 18 -5 0 S2_N1_T0
16057 18 -5 0 S2_N1_T0
16058 18 -5 0 S2_N1_T0
16059 18 -5 0 S2_N1_T0
16060 18 -5 0 S2_N1_T0
16062 18 -5 0 S2_N1_T0
16063 18 -5 0 S2_N1_T0
16046 19 -5 0 S2_N1_T0
16047 19 -5 0 S2_N1_T0
16049 19 -5 0 S2_N1_T0
16050 19 -5 0 S2_N1_T0
16052 19 -5 0 S2_N1_T0
16053 19 -5 0 S2_N1_T0
16054 19 -5 0 S2_N1_T0
16055 19 -5 2.07015597959042 S2_N1_T0
16056 19 -5 0 S2_N1_T0
16057 19 -5 0 S2_N1_T0
16058 19 -5 0 S2_N1_T0
16059 19 -5 0 S2_N1_T0
16060 19 -5 0 S2_N1_T0
16062 19 -5 0 S2_N1_T0
16063 19 -5 0 S2_N1_T0
16046 20 -5 0 S2_N1_T0
16047 20 -5 5.84211212517912 S2_N1_T0
16049 20 -5 0 S2_N1_T0
16050 20 -5 74.556453059099 S2_N1_T0
16052 20 -5 91.5131103945484 S2_N1_T0
16053 20 -5 53.7225337813129 S2_N1_T0
16054 20 -5 63.6520404473174 S2_N1_T0
16055 20 -5 213.182407294346 S2_N1_T0
16056 20 -5 8.26067227187119 S2_N1_T0
16057 20 -5 54.2220279292581 S2_N1_T0
16058 20 -5 10.7125936541367 S2_N1_T0
16059 20 -5 0 S2_N1_T0
16060 20 -5 0 S2_N1_T0
16062 20 -5 0 S2_N1_T0
16063 20 -5 86.2293476212821 S2_N1_T0
16046 21 -5 0 S2_N1_T0
16047 21 -5 0 S2_N1_T0
16049 21 -5 0 S2_N1_T0
16050 21 -5 0 S2_N1_T0
16052 21 -5 0 S2_N1_T0
16053 21 -5 0 S2_N1_T0
16054 21 -5 0 S2_N1_T0
16055 21 -5 0 S2_N1_T0
16056 21 -5 0 S2_N1_T0
16057 21 -5 0 S2_N1_T0
16058 21 -5 0 S2_N1_T0
16059 21 -5 0 S2_N1_T0
16060 21 -5 0 S2_N1_T0
16062 21 -5 0 S2_N1_T0
16063 21 -5 0 S2_N1_T0
16046 22 -5 0 S2_N1_T0
16047 22 -5 0 S2_N1_T0
16049 22 -5 0 S2_N1_T0
16050 22 -5 0 S2_N1_T0
16052 22 -5 0 S2_N1_T0
16053 22 -5 0 S2_N1_T0
16054 22 -5 0 S2_N1_T0
16055 22 -5 7.22588697719934 S2_N1_T0
16056 22 -5 0 S2_N1_T0
16057 22 -5 0 S2_N1_T0
16058 22 -5 0 S2_N1_T0
16059 22 -5 0 S2_N1_T0
16060 22 -5 0 S2_N1_T0
16062 22 -5 0 S2_N1_T0
16063 22 -5 0 S2_N1_T0
16046 23 -5 0 S2_N1_T0
16047 23 -5 0 S2_N1_T0
16049 23 -5 0 S2_N1_T0
16050 23 -5 0 S2_N1_T0
16052 23 -5 0 S2_N1_T0
16053 23 -5 0 S2_N1_T0
16054 23 -5 0 S2_N1_T0
16055 23 -5 2.96108630908528 S2_N1_T0
16056 23 -5 0 S2_N1_T0
16057 23 -5 0 S2_N1_T0
16058 23 -5 0 S2_N1_T0
16059 23 -5 0 S2_N1_T0
16060 23 -5 0 S2_N1_T0
16062 23 -5 0 S2_N1_T0
16063 23 -5 0 S2_N1_T0
16046 24 -5 0 S2_N1_T0
16047 24 -5 0 S2_N1_T0
16049 24 -5 0 S2_N1_T0
16050 24 -5 0 S2_N1_T0
16052 24 -5 0 S2_N1_T0
16053 24 -5 0 S2_N1_T0
16054 24 -5 0 S2_N1_T0
16055 24 -5 0 S2_N1_T0
16056 24 -5 0 S2_N1_T0
16057 24 -5 0 S2_N1_T0
16058 24 -5 0 S2_N1_T0
16059 24 -5 0 S2_N1_T0
16060 24 -5 0 S2_N1_T0
16062 24 -5 0 S2_N1_T0
16063 24 -5 0 S2_N1_T0
16046 25 -5 0 S2_N1_T0
16047 25 -5 0 S2_N1_T0
16049 25 -5 0 S2_N1_T0
16050 25 -5 0 S2_N1_T0
16052 25 -5 0 S2_N1_T0
16053 25 -5 0 S2_N1_T0
16054 25 -5 19.464248046903 S2_N1_T0
16055 25 -5 10.9886386834207 S2_N1_T0
16056 25 -5 0 S2_N1_T0
16057 25 -5 23.4432008389607 S2_N1_T0
16058 25 -5 0 S2_N1_T0
16059 25 -5 0 S2_N1_T0
16060 25 -5 0 S2_N1_T0
16062 25 -5 0 S2_N1_T0
16063 25 -5 63.1474784888319 S2_N1_T0
16046 26 -5 0 S2_N1_T0
16047 26 -5 0 S2_N1_T0
16049 26 -5 0 S2_N1_T0
16050 26 -5 0 S2_N1_T0
16052 26 -5 1.21451464852377 S2_N1_T0
16053 26 -5 0 S2_N1_T0
16054 26 -5 0 S2_N1_T0
16055 26 -5 54.7221419835063 S2_N1_T0
16056 26 -5 0 S2_N1_T0
16057 26 -5 0 S2_N1_T0
16058 26 -5 0 S2_N1_T0
16059 26 -5 0 S2_N1_T0
16060 26 -5 0 S2_N1_T0
16062 26 -5 0 S2_N1_T0
16063 26 -5 0 S2_N1_T0
16046 27 -5 0 S2_N1_T0
16047 27 -5 0 S2_N1_T0
16049 27 -5 0 S2_N1_T0
16050 27 -5 0 S2_N1_T0
16052 27 -5 0 S2_N1_T0
16053 27 -5 0 S2_N1_T0
16054 27 -5 0 S2_N1_T0
16055 27 -5 0 S2_N1_T0
16056 27 -5 0 S2_N1_T0
16057 27 -5 0 S2_N1_T0
16058 27 -5 0 S2_N1_T0
16059 27 -5 0 S2_N1_T0
16060 27 -5 0 S2_N1_T0
16062 27 -5 0 S2_N1_T0
16063 27 -5 1.04898608967131 S2_N1_T0
16046 28 -5 0 S2_N1_T0
16047 28 -5 0 S2_N1_T0
16049 28 -5 0 S2_N1_T0
16050 28 -5 16.0453905257923 S2_N1_T0
16052 28 -5 16.3138705489795 S2_N1_T0
16053 28 -5 2.03184917449245 S2_N1_T0
16054 28 -5 4.19343063382535 S2_N1_T0
16055 28 -5 100.454799135932 S2_N1_T0
16056 28 -5 0 S2_N1_T0
16057 28 -5 5.20439868709461 S2_N1_T0
16058 28 -5 0 S2_N1_T0
16059 28 -5 0 S2_N1_T0
16060 28 -5 0 S2_N1_T0
16062 28 -5 0 S2_N1_T0
16063 28 -5 6.8075630611459 S2_N1_T0
16046 29 -5 0 S2_N1_T0
16047 29 -5 0 S2_N1_T0
16049 29 -5 0 S2_N1_T0
16050 29 -5 0 S2_N1_T0
16052 29 -5 0 S2_N1_T0
16053 29 -5 0 S2_N1_T0
16054 29 -5 0 S2_N1_T0
16055 29 -5 0 S2_N1_T0
16056 29 -5 0 S2_N1_T0
16057 29 -5 0 S2_N1_T0
16058 29 -5 0 S2_N1_T0
16059 29 -5 0 S2_N1_T0
16060 29 -5 0 S2_N1_T0
16062 29 -5 0 S2_N1_T0
16063 29 -5 0 S2_N1_T0
16046 30 -5 0 S2_N1_T0
16047 30 -5 0 S2_N1_T0
16049 30 -5 0 S2_N1_T0
16050 30 -5 0 S2_N1_T0
16052 30 -5 0 S2_N1_T0
16053 30 -5 0 S2_N1_T0
16054 30 -5 37.7621844262002 S2_N1_T0
16055 30 -5 25.1717090717109 S2_N1_T0
16056 30 -5 2.48054353543257 S2_N1_T0
16057 30 -5 39.1721716765954 S2_N1_T0
16058 30 -5 0 S2_N1_T0
16059 30 -5 0 S2_N1_T0
16060 30 -5 0 S2_N1_T0
16062 30 -5 0 S2_N1_T0
16063 30 -5 85.2291150933843 S2_N1_T0
16046 31 -5 0 S2_N1_T0
16047 31 -5 0 S2_N1_T0
16049 31 -5 0 S2_N1_T0
16050 31 -5 0 S2_N1_T0
16052 31 -5 0 S2_N1_T0
16053 31 -5 0 S2_N1_T0
16054 31 -5 0 S2_N1_T0
16055 31 -5 0 S2_N1_T0
16056 31 -5 0 S2_N1_T0
16057 31 -5 0 S2_N1_T0
16058 31 -5 0 S2_N1_T0
16059 31 -5 0 S2_N1_T0
16060 31 -5 0 S2_N1_T0
16062 31 -5 0 S2_N1_T0
16063 31 -5 0 S2_N1_T0
