speciesID lakeID variable value scenario
15042 1 -0.5 92.6037763464113 S2_N1_T0
15045 1 -0.5 0 S2_N1_T0
15048 1 -0.5 33.2297533513123 S2_N1_T0
15049 1 -0.5 31.1331236968059 S2_N1_T0
15051 1 -0.5 515.669408732602 S2_N1_T0
15053 1 -0.5 623.952398826479 S2_N1_T0
15054 1 -0.5 0 S2_N1_T0
15055 1 -0.5 0 S2_N1_T0
15056 1 -0.5 0 S2_N1_T0
15057 1 -0.5 0 S2_N1_T0
15059 1 -0.5 301.129092239971 S2_N1_T0
15060 1 -0.5 0 S2_N1_T0
15063 1 -0.5 47.0587239166609 S2_N1_T0
15066 1 -0.5 0 S2_N1_T0
15069 1 -0.5 334.901759692684 S2_N1_T0
15042 2 -0.5 0 S2_N1_T0
15045 2 -0.5 0 S2_N1_T0
15048 2 -0.5 0 S2_N1_T0
15049 2 -0.5 0 S2_N1_T0
15051 2 -0.5 0 S2_N1_T0
15053 2 -0.5 0 S2_N1_T0
15054 2 -0.5 0 S2_N1_T0
15055 2 -0.5 0 S2_N1_T0
15056 2 -0.5 0 S2_N1_T0
15057 2 -0.5 0 S2_N1_T0
15059 2 -0.5 0 S2_N1_T0
15060 2 -0.5 0 S2_N1_T0
15063 2 -0.5 0 S2_N1_T0
15066 2 -0.5 0 S2_N1_T0
15069 2 -0.5 0 S2_N1_T0
15042 3 -0.5 1.22573138976151 S2_N1_T0
15045 3 -0.5 0 S2_N1_T0
15048 3 -0.5 17.5322806011201 S2_N1_T0
15049 3 -0.5 0 S2_N1_T0
15051 3 -0.5 22.7387487838497 S2_N1_T0
15053 3 -0.5 2.67625061519924 S2_N1_T0
15054 3 -0.5 0 S2_N1_T0
15055 3 -0.5 0 S2_N1_T0
15056 3 -0.5 0 S2_N1_T0
15057 3 -0.5 0 S2_N1_T0
15059 3 -0.5 17.0584350489822 S2_N1_T0
15060 3 -0.5 0 S2_N1_T0
15063 3 -0.5 0 S2_N1_T0
15066 3 -0.5 0 S2_N1_T0
15069 3 -0.5 0 S2_N1_T0
15042 4 -0.5 64.4907703599185 S2_N1_T0
15045 4 -0.5 0 S2_N1_T0
15048 4 -0.5 23.1463845882107 S2_N1_T0
15049 4 -0.5 0 S2_N1_T0
15051 4 -0.5 197.076192005479 S2_N1_T0
15053 4 -0.5 240.954937883796 S2_N1_T0
15054 4 -0.5 0 S2_N1_T0
15055 4 -0.5 0 S2_N1_T0
15056 4 -0.5 0 S2_N1_T0
15057 4 -0.5 0 S2_N1_T0
15059 4 -0.5 205.27397567387 S2_N1_T0
15060 4 -0.5 0 S2_N1_T0
15063 4 -0.5 13.8441749871443 S2_N1_T0
15066 4 -0.5 0 S2_N1_T0
15069 4 -0.5 169.978992899434 S2_N1_T0
15042 5 -0.5 0 S2_N1_T0
15045 5 -0.5 0 S2_N1_T0
15048 5 -0.5 0 S2_N1_T0
15049 5 -0.5 0 S2_N1_T0
15051 5 -0.5 0 S2_N1_T0
15053 5 -0.5 0 S2_N1_T0
15054 5 -0.5 0 S2_N1_T0
15055 5 -0.5 0 S2_N1_T0
15056 5 -0.5 0 S2_N1_T0
15057 5 -0.5 0 S2_N1_T0
15059 5 -0.5 0 S2_N1_T0
15060 5 -0.5 0 S2_N1_T0
15063 5 -0.5 0 S2_N1_T0
15066 5 -0.5 0 S2_N1_T0
15069 5 -0.5 0 S2_N1_T0
15042 6 -0.5 71.2731756910173 S2_N1_T0
15045 6 -0.5 0 S2_N1_T0
15048 6 -0.5 34.6214441273011 S2_N1_T0
15049 6 -0.5 0 S2_N1_T0
15051 6 -0.5 168.136004956896 S2_N1_T0
15053 6 -0.5 185.402188896897 S2_N1_T0
15054 6 -0.5 0 S2_N1_T0
15055 6 -0.5 0 S2_N1_T0
15056 6 -0.5 0 S2_N1_T0
15057 6 -0.5 0 S2_N1_T0
15059 6 -0.5 180.357117465326 S2_N1_T0
15060 6 -0.5 0 S2_N1_T0
15063 6 -0.5 16.0375743628779 S2_N1_T0
15066 6 -0.5 0 S2_N1_T0
15069 6 -0.5 129.46259269527 S2_N1_T0
15042 7 -0.5 0 S2_N1_T0
15045 7 -0.5 0 S2_N1_T0
15048 7 -0.5 0 S2_N1_T0
15049 7 -0.5 0 S2_N1_T0
15051 7 -0.5 0 S2_N1_T0
15053 7 -0.5 0 S2_N1_T0
15054 7 -0.5 0 S2_N1_T0
15055 7 -0.5 0 S2_N1_T0
15056 7 -0.5 0 S2_N1_T0
15057 7 -0.5 0 S2_N1_T0
15059 7 -0.5 0 S2_N1_T0
15060 7 -0.5 0 S2_N1_T0
15063 7 -0.5 0 S2_N1_T0
15066 7 -0.5 0 S2_N1_T0
15069 7 -0.5 0 S2_N1_T0
15042 8 -0.5 91.0931463800551 S2_N1_T0
15045 8 -0.5 0 S2_N1_T0
15048 8 -0.5 17.48495515899 S2_N1_T0
15049 8 -0.5 5.48359177243419 S2_N1_T0
15051 8 -0.5 343.964953182175 S2_N1_T0
15053 8 -0.5 449.769729609556 S2_N1_T0
15054 8 -0.5 0 S2_N1_T0
15055 8 -0.5 0 S2_N1_T0
15056 8 -0.5 0 S2_N1_T0
15057 8 -0.5 0 S2_N1_T0
15059 8 -0.5 270.012253439907 S2_N1_T0
15060 8 -0.5 0 S2_N1_T0
15063 8 -0.5 36.6764832854212 S2_N1_T0
15066 8 -0.5 0 S2_N1_T0
15069 8 -0.5 285.302313526054 S2_N1_T0
15042 9 -0.5 56.2824625865647 S2_N1_T0
15045 9 -0.5 0 S2_N1_T0
15048 9 -0.5 25.9662891611847 S2_N1_T0
15049 9 -0.5 0 S2_N1_T0
15051 9 -0.5 154.164368477973 S2_N1_T0
15053 9 -0.5 172.250279481619 S2_N1_T0
15054 9 -0.5 0 S2_N1_T0
15055 9 -0.5 0 S2_N1_T0
15056 9 -0.5 0 S2_N1_T0
15057 9 -0.5 0 S2_N1_T0
15059 9 -0.5 169.302647285629 S2_N1_T0
15060 9 -0.5 0 S2_N1_T0
15063 9 -0.5 9.04163602855804 S2_N1_T0
15066 9 -0.5 0 S2_N1_T0
15069 9 -0.5 117.301277739846 S2_N1_T0
15042 10 -0.5 96.2392507871138 S2_N1_T0
15045 10 -0.5 0 S2_N1_T0
15048 10 -0.5 32.596574625629 S2_N1_T0
15049 10 -0.5 3.65067385377987 S2_N1_T0
15051 10 -0.5 334.302669681641 S2_N1_T0
15053 10 -0.5 434.03171723733 S2_N1_T0
15054 10 -0.5 0 S2_N1_T0
15055 10 -0.5 0 S2_N1_T0
15056 10 -0.5 0 S2_N1_T0
15057 10 -0.5 0 S2_N1_T0
15059 10 -0.5 276.947004929726 S2_N1_T0
15060 10 -0.5 0 S2_N1_T0
15063 10 -0.5 43.2774011227731 S2_N1_T0
15066 10 -0.5 0 S2_N1_T0
15069 10 -0.5 284.112547011694 S2_N1_T0
15042 11 -0.5 58.6957649349758 S2_N1_T0
15045 11 -0.5 0 S2_N1_T0
15048 11 -0.5 6.81190002774007 S2_N1_T0
15049 11 -0.5 7.16395700158767 S2_N1_T0
15051 11 -0.5 452.994998650405 S2_N1_T0
15053 11 -0.5 571.506539651376 S2_N1_T0
15054 11 -0.5 0 S2_N1_T0
15055 11 -0.5 0 S2_N1_T0
15056 11 -0.5 0 S2_N1_T0
15057 11 -0.5 0 S2_N1_T0
15059 11 -0.5 267.838946956376 S2_N1_T0
15060 11 -0.5 0 S2_N1_T0
15063 11 -0.5 17.7234093811543 S2_N1_T0
15066 11 -0.5 0 S2_N1_T0
15069 11 -0.5 297.672772595487 S2_N1_T0
15042 12 -0.5 50.3718356773373 S2_N1_T0
15045 12 -0.5 0 S2_N1_T0
15048 12 -0.5 0 S2_N1_T0
15049 12 -0.5 3.83642513570278 S2_N1_T0
15051 12 -0.5 461.743268825726 S2_N1_T0
15053 12 -0.5 557.210944678463 S2_N1_T0
15054 12 -0.5 0 S2_N1_T0
15055 12 -0.5 0 S2_N1_T0
15056 12 -0.5 0 S2_N1_T0
15057 12 -0.5 0 S2_N1_T0
15059 12 -0.5 250.638249531407 S2_N1_T0
15060 12 -0.5 0 S2_N1_T0
15063 12 -0.5 11.790714271235 S2_N1_T0
15066 12 -0.5 0 S2_N1_T0
15069 12 -0.5 281.916955209954 S2_N1_T0
15042 13 -0.5 3.7773669378284 S2_N1_T0
15045 13 -0.5 0 S2_N1_T0
15048 13 -0.5 0 S2_N1_T0
15049 13 -0.5 0 S2_N1_T0
15051 13 -0.5 45.0347233804816 S2_N1_T0
15053 13 -0.5 39.0956282743963 S2_N1_T0
15054 13 -0.5 0 S2_N1_T0
15055 13 -0.5 0 S2_N1_T0
15056 13 -0.5 0 S2_N1_T0
15057 13 -0.5 0 S2_N1_T0
15059 13 -0.5 64.8573652679283 S2_N1_T0
15060 13 -0.5 0 S2_N1_T0
15063 13 -0.5 0 S2_N1_T0
15066 13 -0.5 0 S2_N1_T0
15069 13 -0.5 4.11858583208677 S2_N1_T0
15042 14 -0.5 0 S2_N1_T0
15045 14 -0.5 0 S2_N1_T0
15048 14 -0.5 5.2869256225018 S2_N1_T0
15049 14 -0.5 0 S2_N1_T0
15051 14 -0.5 0 S2_N1_T0
15053 14 -0.5 0 S2_N1_T0
15054 14 -0.5 0 S2_N1_T0
15055 14 -0.5 0 S2_N1_T0
15056 14 -0.5 0 S2_N1_T0
15057 14 -0.5 0 S2_N1_T0
15059 14 -0.5 0 S2_N1_T0
15060 14 -0.5 0 S2_N1_T0
15063 14 -0.5 0 S2_N1_T0
15066 14 -0.5 0 S2_N1_T0
15069 14 -0.5 0 S2_N1_T0
15042 15 -0.5 122.099737796721 S2_N1_T0
15045 15 -0.5 0 S2_N1_T0
15048 15 -0.5 52.0798986669968 S2_N1_T0
15049 15 -0.5 14.2098059073178 S2_N1_T0
15051 15 -0.5 362.641443586021 S2_N1_T0
15053 15 -0.5 460.73903205251 S2_N1_T0
15054 15 -0.5 0 S2_N1_T0
15055 15 -0.5 0 S2_N1_T0
15056 15 -0.5 0 S2_N1_T0
15057 15 -0.5 0 S2_N1_T0
15059 15 -0.5 299.259967211385 S2_N1_T0
15060 15 -0.5 0 S2_N1_T0
15063 15 -0.5 68.7346893232077 S2_N1_T0
15066 15 -0.5 0 S2_N1_T0
15069 15 -0.5 308.401353686179 S2_N1_T0
15042 16 -0.5 105.571276454859 S2_N1_T0
15045 16 -0.5 0 S2_N1_T0
15048 16 -0.5 28.968941322838 S2_N1_T0
15049 16 -0.5 33.8887242562917 S2_N1_T0
15051 16 -0.5 453.245910550057 S2_N1_T0
15053 16 -0.5 570.408801684296 S2_N1_T0
15054 16 -0.5 0 S2_N1_T0
15055 16 -0.5 0 S2_N1_T0
15056 16 -0.5 0 S2_N1_T0
15057 16 -0.5 0 S2_N1_T0
15059 16 -0.5 298.175763618797 S2_N1_T0
15060 16 -0.5 0 S2_N1_T0
15063 16 -0.5 55.050623394444 S2_N1_T0
15066 16 -0.5 0 S2_N1_T0
15069 16 -0.5 329.612550530809 S2_N1_T0
15042 17 -0.5 23.2439450517023 S2_N1_T0
15045 17 -0.5 0 S2_N1_T0
15048 17 -0.5 10.3447351744479 S2_N1_T0
15049 17 -0.5 0 S2_N1_T0
15051 17 -0.5 92.8232775900481 S2_N1_T0
15053 17 -0.5 86.6638014162003 S2_N1_T0
15054 17 -0.5 0 S2_N1_T0
15055 17 -0.5 0 S2_N1_T0
15056 17 -0.5 0 S2_N1_T0
15057 17 -0.5 0 S2_N1_T0
15059 17 -0.5 105.46063249208 S2_N1_T0
15060 17 -0.5 0 S2_N1_T0
15063 17 -0.5 1.66415921177393 S2_N1_T0
15066 17 -0.5 0 S2_N1_T0
15069 17 -0.5 28.0863384800788 S2_N1_T0
15042 18 -0.5 75.011856875721 S2_N1_T0
15045 18 -0.5 0 S2_N1_T0
15048 18 -0.5 7.91851010937643 S2_N1_T0
15049 18 -0.5 13.7230462666688 S2_N1_T0
15051 18 -0.5 474.608977480611 S2_N1_T0
15053 18 -0.5 580.350820475743 S2_N1_T0
15054 18 -0.5 0 S2_N1_T0
15055 18 -0.5 0 S2_N1_T0
15056 18 -0.5 0 S2_N1_T0
15057 18 -0.5 0 S2_N1_T0
15059 18 -0.5 275.051869011987 S2_N1_T0
15060 18 -0.5 0 S2_N1_T0
15063 18 -0.5 28.4690137679653 S2_N1_T0
15066 18 -0.5 0 S2_N1_T0
15069 18 -0.5 307.911842890993 S2_N1_T0
15042 19 -0.5 92.0257242911664 S2_N1_T0
15045 19 -0.5 0 S2_N1_T0
15048 19 -0.5 29.875185767347 S2_N1_T0
15049 19 -0.5 0 S2_N1_T0
15051 19 -0.5 295.966929984637 S2_N1_T0
15053 19 -0.5 380.985019921307 S2_N1_T0
15054 19 -0.5 0 S2_N1_T0
15055 19 -0.5 0 S2_N1_T0
15056 19 -0.5 0 S2_N1_T0
15057 19 -0.5 0 S2_N1_T0
15059 19 -0.5 262.107218829285 S2_N1_T0
15060 19 -0.5 0 S2_N1_T0
15063 19 -0.5 37.3048187240571 S2_N1_T0
15066 19 -0.5 0 S2_N1_T0
15069 19 -0.5 258.942773169889 S2_N1_T0
15042 20 -0.5 114.80877326994 S2_N1_T0
15045 20 -0.5 0 S2_N1_T0
15048 20 -0.5 37.4830506758274 S2_N1_T0
15049 20 -0.5 34.1913013851881 S2_N1_T0
15051 20 -0.5 420.655673890841 S2_N1_T0
15053 20 -0.5 536.88462824104 S2_N1_T0
15054 20 -0.5 0 S2_N1_T0
15055 20 -0.5 0 S2_N1_T0
15056 20 -0.5 0 S2_N1_T0
15057 20 -0.5 0 S2_N1_T0
15059 20 -0.5 302.192749854953 S2_N1_T0
15060 20 -0.5 0 S2_N1_T0
15063 20 -0.5 62.8611668847931 S2_N1_T0
15066 20 -0.5 0 S2_N1_T0
15069 20 -0.5 328.207852163904 S2_N1_T0
15042 21 -0.5 90.2529312005315 S2_N1_T0
15045 21 -0.5 0 S2_N1_T0
15048 21 -0.5 33.2848335746042 S2_N1_T0
15049 21 -0.5 0 S2_N1_T0
15051 21 -0.5 297.594147617801 S2_N1_T0
15053 21 -0.5 383.550680526202 S2_N1_T0
15054 21 -0.5 0 S2_N1_T0
15055 21 -0.5 0 S2_N1_T0
15056 21 -0.5 0 S2_N1_T0
15057 21 -0.5 0 S2_N1_T0
15059 21 -0.5 263.691909335382 S2_N1_T0
15060 21 -0.5 0 S2_N1_T0
15063 21 -0.5 36.7892137197449 S2_N1_T0
15066 21 -0.5 0 S2_N1_T0
15069 21 -0.5 259.616572401181 S2_N1_T0
15042 22 -0.5 106.417328984268 S2_N1_T0
15045 22 -0.5 0 S2_N1_T0
15048 22 -0.5 43.0483683924864 S2_N1_T0
15049 22 -0.5 42.8746056418609 S2_N1_T0
15051 22 -0.5 510.286944689005 S2_N1_T0
15053 22 -0.5 624.212065772425 S2_N1_T0
15054 22 -0.5 0 S2_N1_T0
15055 22 -0.5 0 S2_N1_T0
15056 22 -0.5 0 S2_N1_T0
15057 22 -0.5 0 S2_N1_T0
15059 22 -0.5 311.838727023791 S2_N1_T0
15060 22 -0.5 0 S2_N1_T0
15063 22 -0.5 59.6617451776141 S2_N1_T0
15066 22 -0.5 0 S2_N1_T0
15069 22 -0.5 345.737058151374 S2_N1_T0
15042 23 -0.5 84.9566979155273 S2_N1_T0
15045 23 -0.5 0 S2_N1_T0
15048 23 -0.5 42.8884021056907 S2_N1_T0
15049 23 -0.5 0 S2_N1_T0
15051 23 -0.5 219.889748900107 S2_N1_T0
15053 23 -0.5 262.338713657049 S2_N1_T0
15054 23 -0.5 0 S2_N1_T0
15055 23 -0.5 0 S2_N1_T0
15056 23 -0.5 0 S2_N1_T0
15057 23 -0.5 0 S2_N1_T0
15059 23 -0.5 224.471568971454 S2_N1_T0
15060 23 -0.5 0 S2_N1_T0
15063 23 -0.5 29.2632589969113 S2_N1_T0
15066 23 -0.5 0 S2_N1_T0
15069 23 -0.5 189.325441069685 S2_N1_T0
15042 24 -0.5 97.5096168245633 S2_N1_T0
15045 24 -0.5 0 S2_N1_T0
15048 24 -0.5 38.6929424422427 S2_N1_T0
15049 24 -0.5 4.31094924563348 S2_N1_T0
15051 24 -0.5 339.643468650532 S2_N1_T0
15053 24 -0.5 440.102575942523 S2_N1_T0
15054 24 -0.5 0 S2_N1_T0
15055 24 -0.5 0 S2_N1_T0
15056 24 -0.5 0 S2_N1_T0
15057 24 -0.5 0 S2_N1_T0
15059 24 -0.5 281.199407375667 S2_N1_T0
15060 24 -0.5 0 S2_N1_T0
15063 24 -0.5 45.5410936250792 S2_N1_T0
15066 24 -0.5 0 S2_N1_T0
15069 24 -0.5 287.782897202893 S2_N1_T0
15042 25 -0.5 0 S2_N1_T0
15045 25 -0.5 0 S2_N1_T0
15048 25 -0.5 12.3946149593756 S2_N1_T0
15049 25 -0.5 0 S2_N1_T0
15051 25 -0.5 0 S2_N1_T0
15053 25 -0.5 0 S2_N1_T0
15054 25 -0.5 0 S2_N1_T0
15055 25 -0.5 0 S2_N1_T0
15056 25 -0.5 0 S2_N1_T0
15057 25 -0.5 0 S2_N1_T0
15059 25 -0.5 0 S2_N1_T0
15060 25 -0.5 0 S2_N1_T0
15063 25 -0.5 0 S2_N1_T0
15066 25 -0.5 0 S2_N1_T0
15069 25 -0.5 0 S2_N1_T0
15042 26 -0.5 108.886017574291 S2_N1_T0
15045 26 -0.5 0 S2_N1_T0
15048 26 -0.5 38.7104974521337 S2_N1_T0
15049 26 -0.5 40.0146207001112 S2_N1_T0
15051 26 -0.5 469.616603009302 S2_N1_T0
15053 26 -0.5 589.280602432962 S2_N1_T0
15054 26 -0.5 0 S2_N1_T0
15055 26 -0.5 0 S2_N1_T0
15056 26 -0.5 0 S2_N1_T0
15057 26 -0.5 0 S2_N1_T0
15059 26 -0.5 307.661469630032 S2_N1_T0
15060 26 -0.5 0 S2_N1_T0
15063 26 -0.5 60.098145606234 S2_N1_T0
15066 26 -0.5 0 S2_N1_T0
15069 26 -0.5 339.096866993645 S2_N1_T0
15042 27 -0.5 0 S2_N1_T0
15045 27 -0.5 0 S2_N1_T0
15048 27 -0.5 0 S2_N1_T0
15049 27 -0.5 0 S2_N1_T0
15051 27 -0.5 0 S2_N1_T0
15053 27 -0.5 0 S2_N1_T0
15054 27 -0.5 0 S2_N1_T0
15055 27 -0.5 0 S2_N1_T0
15056 27 -0.5 0 S2_N1_T0
15057 27 -0.5 0 S2_N1_T0
15059 27 -0.5 0 S2_N1_T0
15060 27 -0.5 0 S2_N1_T0
15063 27 -0.5 0 S2_N1_T0
15066 27 -0.5 0 S2_N1_T0
15069 27 -0.5 0 S2_N1_T0
15042 28 -0.5 115.780113578652 S2_N1_T0
15045 28 -0.5 0 S2_N1_T0
15048 28 -0.5 46.9926856917969 S2_N1_T0
15049 28 -0.5 51.1194658506843 S2_N1_T0
15051 28 -0.5 517.52198088993 S2_N1_T0
15053 28 -0.5 630.938153688351 S2_N1_T0
15054 28 -0.5 0 S2_N1_T0
15055 28 -0.5 0 S2_N1_T0
15056 28 -0.5 0 S2_N1_T0
15057 28 -0.5 0 S2_N1_T0
15059 28 -0.5 318.311907367316 S2_N1_T0
15060 28 -0.5 0 S2_N1_T0
15063 28 -0.5 68.2702508768981 S2_N1_T0
15066 28 -0.5 0 S2_N1_T0
15069 28 -0.5 353.242711512689 S2_N1_T0
15042 29 -0.5 28.8686448927771 S2_N1_T0
15045 29 -0.5 0 S2_N1_T0
15048 29 -0.5 2.31828295868793 S2_N1_T0
15049 29 -0.5 0 S2_N1_T0
15051 29 -0.5 122.834345215872 S2_N1_T0
15053 29 -0.5 142.51339552603 S2_N1_T0
15054 29 -0.5 0 S2_N1_T0
15055 29 -0.5 0 S2_N1_T0
15056 29 -0.5 0 S2_N1_T0
15057 29 -0.5 0 S2_N1_T0
15059 29 -0.5 141.810340657783 S2_N1_T0
15060 29 -0.5 0 S2_N1_T0
15063 29 -0.5 2.1690804329721 S2_N1_T0
15066 29 -0.5 0 S2_N1_T0
15069 29 -0.5 91.4736046471933 S2_N1_T0
15042 30 -0.5 0 S2_N1_T0
15045 30 -0.5 0 S2_N1_T0
15048 30 -0.5 3.09154660783889 S2_N1_T0
15049 30 -0.5 0 S2_N1_T0
15051 30 -0.5 0 S2_N1_T0
15053 30 -0.5 0 S2_N1_T0
15054 30 -0.5 0 S2_N1_T0
15055 30 -0.5 0 S2_N1_T0
15056 30 -0.5 0 S2_N1_T0
15057 30 -0.5 0 S2_N1_T0
15059 30 -0.5 0 S2_N1_T0
15060 30 -0.5 0 S2_N1_T0
15063 30 -0.5 0 S2_N1_T0
15066 30 -0.5 0 S2_N1_T0
15069 30 -0.5 0 S2_N1_T0
15042 31 -0.5 1.78347713491302 S2_N1_T0
15045 31 -0.5 0 S2_N1_T0
15048 31 -0.5 36.7863394013253 S2_N1_T0
15049 31 -0.5 0 S2_N1_T0
15051 31 -0.5 32.6156609156242 S2_N1_T0
15053 31 -0.5 4.81862672617759 S2_N1_T0
15054 31 -0.5 0 S2_N1_T0
15055 31 -0.5 0 S2_N1_T0
15056 31 -0.5 0 S2_N1_T0
15057 31 -0.5 0 S2_N1_T0
15059 31 -0.5 22.2638947914547 S2_N1_T0
15060 31 -0.5 0 S2_N1_T0
15063 31 -0.5 0 S2_N1_T0
15066 31 -0.5 0 S2_N1_T0
15069 31 -0.5 0 S2_N1_T0
15042 1 -1.5 1.15301509707356 S2_N1_T0
15045 1 -1.5 14.6254468170945 S2_N1_T0
15048 1 -1.5 424.430112806349 S2_N1_T0
15049 1 -1.5 0 S2_N1_T0
15051 1 -1.5 268.253019851405 S2_N1_T0
15053 1 -1.5 362.67028024988 S2_N1_T0
15054 1 -1.5 0 S2_N1_T0
15055 1 -1.5 0 S2_N1_T0
15056 1 -1.5 0 S2_N1_T0
15057 1 -1.5 43.9379573890624 S2_N1_T0
15059 1 -1.5 194.109566245166 S2_N1_T0
15060 1 -1.5 123.704523633526 S2_N1_T0
15063 1 -1.5 0 S2_N1_T0
15066 1 -1.5 139.3172931695 S2_N1_T0
15069 1 -1.5 176.156742116584 S2_N1_T0
15042 2 -1.5 0 S2_N1_T0
15045 2 -1.5 0 S2_N1_T0
15048 2 -1.5 409.663049039805 S2_N1_T0
15049 2 -1.5 0 S2_N1_T0
15051 2 -1.5 0 S2_N1_T0
15053 2 -1.5 0 S2_N1_T0
15054 2 -1.5 0 S2_N1_T0
15055 2 -1.5 0 S2_N1_T0
15056 2 -1.5 0 S2_N1_T0
15057 2 -1.5 0 S2_N1_T0
15059 2 -1.5 0 S2_N1_T0
15060 2 -1.5 0 S2_N1_T0
15063 2 -1.5 0 S2_N1_T0
15066 2 -1.5 0 S2_N1_T0
15069 2 -1.5 0 S2_N1_T0
15042 3 -1.5 0 S2_N1_T0
15045 3 -1.5 0 S2_N1_T0
15048 3 -1.5 500.364919885686 S2_N1_T0
15049 3 -1.5 0 S2_N1_T0
15051 3 -1.5 0 S2_N1_T0
15053 3 -1.5 0 S2_N1_T0
15054 3 -1.5 0 S2_N1_T0
15055 3 -1.5 0 S2_N1_T0
15056 3 -1.5 0 S2_N1_T0
15057 3 -1.5 1.6833159331389 S2_N1_T0
15059 3 -1.5 7.57906791716752 S2_N1_T0
15060 3 -1.5 0 S2_N1_T0
15063 3 -1.5 0 S2_N1_T0
15066 3 -1.5 0 S2_N1_T0
15069 3 -1.5 0 S2_N1_T0
15042 4 -1.5 0 S2_N1_T0
15045 4 -1.5 5.64788685454584 S2_N1_T0
15048 4 -1.5 459.844729652822 S2_N1_T0
15049 4 -1.5 0 S2_N1_T0
15051 4 -1.5 82.1256400186777 S2_N1_T0
15053 4 -1.5 103.3914550228 S2_N1_T0
15054 4 -1.5 0 S2_N1_T0
15055 4 -1.5 0 S2_N1_T0
15056 4 -1.5 0 S2_N1_T0
15057 4 -1.5 45.3026448181068 S2_N1_T0
15059 4 -1.5 136.593939707588 S2_N1_T0
15060 4 -1.5 18.9782872317058 S2_N1_T0
15063 4 -1.5 0 S2_N1_T0
15066 4 -1.5 105.716506155137 S2_N1_T0
15069 4 -1.5 85.0515802864482 S2_N1_T0
15042 5 -1.5 0 S2_N1_T0
15045 5 -1.5 0 S2_N1_T0
15048 5 -1.5 0 S2_N1_T0
15049 5 -1.5 0 S2_N1_T0
15051 5 -1.5 0 S2_N1_T0
15053 5 -1.5 0 S2_N1_T0
15054 5 -1.5 0 S2_N1_T0
15055 5 -1.5 0 S2_N1_T0
15056 5 -1.5 0 S2_N1_T0
15057 5 -1.5 0 S2_N1_T0
15059 5 -1.5 0 S2_N1_T0
15060 5 -1.5 0 S2_N1_T0
15063 5 -1.5 0 S2_N1_T0
15066 5 -1.5 0 S2_N1_T0
15069 5 -1.5 0 S2_N1_T0
15042 6 -1.5 23.2550991592082 S2_N1_T0
15045 6 -1.5 64.1357433810645 S2_N1_T0
15048 6 -1.5 616.871439517478 S2_N1_T0
15049 6 -1.5 0 S2_N1_T0
15051 6 -1.5 129.029278710374 S2_N1_T0
15053 6 -1.5 137.362198343794 S2_N1_T0
15054 6 -1.5 9.57209028368491 S2_N1_T0
15055 6 -1.5 0 S2_N1_T0
15056 6 -1.5 14.9169828673615 S2_N1_T0
15057 6 -1.5 108.508656783232 S2_N1_T0
15059 6 -1.5 189.520102452532 S2_N1_T0
15060 6 -1.5 61.2439030293404 S2_N1_T0
15063 6 -1.5 2.02778526768397 S2_N1_T0
15066 6 -1.5 187.085764461322 S2_N1_T0
15069 6 -1.5 112.863365335865 S2_N1_T0
15042 7 -1.5 0 S2_N1_T0
15045 7 -1.5 0 S2_N1_T0
15048 7 -1.5 416.925736334951 S2_N1_T0
15049 7 -1.5 0 S2_N1_T0
15051 7 -1.5 0 S2_N1_T0
15053 7 -1.5 0 S2_N1_T0
15054 7 -1.5 0 S2_N1_T0
15055 7 -1.5 0 S2_N1_T0
15056 7 -1.5 0 S2_N1_T0
15057 7 -1.5 0 S2_N1_T0
15059 7 -1.5 0 S2_N1_T0
15060 7 -1.5 0 S2_N1_T0
15063 7 -1.5 0 S2_N1_T0
15066 7 -1.5 0 S2_N1_T0
15069 7 -1.5 0 S2_N1_T0
15042 8 -1.5 10.8355533236243 S2_N1_T0
15045 8 -1.5 49.2062924324505 S2_N1_T0
15048 8 -1.5 508.112311152138 S2_N1_T0
15049 8 -1.5 0 S2_N1_T0
15051 8 -1.5 222.184025793164 S2_N1_T0
15053 8 -1.5 304.780606085773 S2_N1_T0
15054 8 -1.5 0 S2_N1_T0
15055 8 -1.5 0 S2_N1_T0
15056 8 -1.5 4.11382673460956 S2_N1_T0
15057 8 -1.5 84.8616955559619 S2_N1_T0
15059 8 -1.5 238.055923305839 S2_N1_T0
15060 8 -1.5 142.068389272807 S2_N1_T0
15063 8 -1.5 1.04097980916547 S2_N1_T0
15066 8 -1.5 202.43798920311 S2_N1_T0
15069 8 -1.5 208.17354473751 S2_N1_T0
15042 9 -1.5 2.83351923516725 S2_N1_T0
15045 9 -1.5 16.7637998369999 S2_N1_T0
15048 9 -1.5 538.365127070711 S2_N1_T0
15049 9 -1.5 0 S2_N1_T0
15051 9 -1.5 83.0287811737261 S2_N1_T0
15053 9 -1.5 90.6398664394445 S2_N1_T0
15054 9 -1.5 0 S2_N1_T0
15055 9 -1.5 0 S2_N1_T0
15056 9 -1.5 1.28772310356512 S2_N1_T0
15057 9 -1.5 67.4786758671934 S2_N1_T0
15059 9 -1.5 142.460948879749 S2_N1_T0
15060 9 -1.5 14.3335506825038 S2_N1_T0
15063 9 -1.5 0 S2_N1_T0
15066 9 -1.5 119.169876881809 S2_N1_T0
15069 9 -1.5 71.7541878700609 S2_N1_T0
15042 10 -1.5 10.2870696238631 S2_N1_T0
15045 10 -1.5 47.5115524262966 S2_N1_T0
15048 10 -1.5 529.379604697476 S2_N1_T0
15049 10 -1.5 0 S2_N1_T0
15051 10 -1.5 202.287367332926 S2_N1_T0
15053 10 -1.5 278.436028465014 S2_N1_T0
15054 10 -1.5 0 S2_N1_T0
15055 10 -1.5 0 S2_N1_T0
15056 10 -1.5 4.05447542392505 S2_N1_T0
15057 10 -1.5 84.3135949941764 S2_N1_T0
15059 10 -1.5 234.466198528651 S2_N1_T0
15060 10 -1.5 130.720923612489 S2_N1_T0
15063 10 -1.5 0 S2_N1_T0
15066 10 -1.5 201.179385367684 S2_N1_T0
15069 10 -1.5 196.608653169213 S2_N1_T0
15042 11 -1.5 0 S2_N1_T0
15045 11 -1.5 0 S2_N1_T0
15048 11 -1.5 153.542684369571 S2_N1_T0
15049 11 -1.5 0 S2_N1_T0
15051 11 -1.5 99.2240032731605 S2_N1_T0
15053 11 -1.5 128.880353005055 S2_N1_T0
15054 11 -1.5 0 S2_N1_T0
15055 11 -1.5 0 S2_N1_T0
15056 11 -1.5 0 S2_N1_T0
15057 11 -1.5 0 S2_N1_T0
15059 11 -1.5 75.1964059687642 S2_N1_T0
15060 11 -1.5 14.5146736157 S2_N1_T0
15063 11 -1.5 0 S2_N1_T0
15066 11 -1.5 9.76507458108303 S2_N1_T0
15069 11 -1.5 68.969454434183 S2_N1_T0
15042 12 -1.5 0 S2_N1_T0
15045 12 -1.5 0 S2_N1_T0
15048 12 -1.5 156.816226173823 S2_N1_T0
15049 12 -1.5 0 S2_N1_T0
15051 12 -1.5 115.33431392073 S2_N1_T0
15053 12 -1.5 140.264256558501 S2_N1_T0
15054 12 -1.5 0 S2_N1_T0
15055 12 -1.5 0 S2_N1_T0
15056 12 -1.5 0 S2_N1_T0
15057 12 -1.5 0 S2_N1_T0
15059 12 -1.5 77.7176356529073 S2_N1_T0
15060 12 -1.5 17.7929706973219 S2_N1_T0
15063 12 -1.5 0 S2_N1_T0
15066 12 -1.5 9.09156050743974 S2_N1_T0
15069 12 -1.5 72.09530081049 S2_N1_T0
15042 13 -1.5 0 S2_N1_T0
15045 13 -1.5 0 S2_N1_T0
15048 13 -1.5 410.844439793825 S2_N1_T0
15049 13 -1.5 0 S2_N1_T0
15051 13 -1.5 5.58837601858347 S2_N1_T0
15053 13 -1.5 2.87551889414706 S2_N1_T0
15054 13 -1.5 0 S2_N1_T0
15055 13 -1.5 0 S2_N1_T0
15056 13 -1.5 0 S2_N1_T0
15057 13 -1.5 9.65149833060111 S2_N1_T0
15059 13 -1.5 53.9629831669149 S2_N1_T0
15060 13 -1.5 0 S2_N1_T0
15063 13 -1.5 0 S2_N1_T0
15066 13 -1.5 3.93188491163045 S2_N1_T0
15069 13 -1.5 0 S2_N1_T0
15042 14 -1.5 0 S2_N1_T0
15045 14 -1.5 0 S2_N1_T0
15048 14 -1.5 552.097905613209 S2_N1_T0
15049 14 -1.5 0 S2_N1_T0
15051 14 -1.5 0 S2_N1_T0
15053 14 -1.5 0 S2_N1_T0
15054 14 -1.5 2.01561239714209 S2_N1_T0
15055 14 -1.5 0 S2_N1_T0
15056 14 -1.5 0 S2_N1_T0
15057 14 -1.5 0 S2_N1_T0
15059 14 -1.5 0 S2_N1_T0
15060 14 -1.5 0 S2_N1_T0
15063 14 -1.5 0 S2_N1_T0
15066 14 -1.5 0 S2_N1_T0
15069 14 -1.5 0 S2_N1_T0
15042 15 -1.5 79.1893909787482 S2_N1_T0
15045 15 -1.5 133.233550071859 S2_N1_T0
15048 15 -1.5 668.163614223576 S2_N1_T0
15049 15 -1.5 14.2516121478668 S2_N1_T0
15051 15 -1.5 310.684018751006 S2_N1_T0
15053 15 -1.5 388.908026202002 S2_N1_T0
15054 15 -1.5 20.6863776140196 S2_N1_T0
15055 15 -1.5 19.5895580618135 S2_N1_T0
15056 15 -1.5 54.5199772214021 S2_N1_T0
15057 15 -1.5 154.212677045951 S2_N1_T0
15059 15 -1.5 324.396221491905 S2_N1_T0
15060 15 -1.5 228.152702319326 S2_N1_T0
15063 15 -1.5 30.6453627949964 S2_N1_T0
15066 15 -1.5 333.946329297365 S2_N1_T0
15069 15 -1.5 289.128238751239 S2_N1_T0
15042 16 -1.5 28.0603489005859 S2_N1_T0
15045 16 -1.5 81.1180371293674 S2_N1_T0
15048 16 -1.5 556.656511199551 S2_N1_T0
15049 16 -1.5 9.15594727368863 S2_N1_T0
15051 16 -1.5 337.153369318176 S2_N1_T0
15053 16 -1.5 435.063880746371 S2_N1_T0
15054 16 -1.5 1.59666356352412 S2_N1_T0
15055 16 -1.5 1.21939283243414 S2_N1_T0
15056 16 -1.5 15.1971198964649 S2_N1_T0
15057 16 -1.5 104.955957205327 S2_N1_T0
15059 16 -1.5 282.83449900881 S2_N1_T0
15060 16 -1.5 203.469503717497 S2_N1_T0
15063 16 -1.5 4.4003326456084 S2_N1_T0
15066 16 -1.5 248.087356794768 S2_N1_T0
15069 16 -1.5 264.46191225302 S2_N1_T0
15042 17 -1.5 4.65188128583836 S2_N1_T0
15045 17 -1.5 24.8157261099538 S2_N1_T0
15048 17 -1.5 571.852391998922 S2_N1_T0
15049 17 -1.5 0 S2_N1_T0
15051 17 -1.5 69.1119463124766 S2_N1_T0
15053 17 -1.5 54.3218663215597 S2_N1_T0
15054 17 -1.5 7.12402005869119 S2_N1_T0
15055 17 -1.5 0 S2_N1_T0
15056 17 -1.5 3.41313665743132 S2_N1_T0
15057 17 -1.5 74.0462025253821 S2_N1_T0
15059 17 -1.5 124.270176687628 S2_N1_T0
15060 17 -1.5 3.02937671578605 S2_N1_T0
15063 17 -1.5 0 S2_N1_T0
15066 17 -1.5 86.9307936399976 S2_N1_T0
15069 17 -1.5 25.4512001387736 S2_N1_T0
15042 18 -1.5 0 S2_N1_T0
15045 18 -1.5 3.41854430378072 S2_N1_T0
15048 18 -1.5 334.421901424976 S2_N1_T0
15049 18 -1.5 0 S2_N1_T0
15051 18 -1.5 208.790497350272 S2_N1_T0
15053 18 -1.5 290.210585229994 S2_N1_T0
15054 18 -1.5 0 S2_N1_T0
15055 18 -1.5 0 S2_N1_T0
15056 18 -1.5 0 S2_N1_T0
15057 18 -1.5 22.728018097095 S2_N1_T0
15059 18 -1.5 152.724320130501 S2_N1_T0
15060 18 -1.5 91.0367385364181 S2_N1_T0
15063 18 -1.5 0 S2_N1_T0
15066 18 -1.5 94.7034509838393 S2_N1_T0
15069 18 -1.5 142.412603690344 S2_N1_T0
15042 19 -1.5 10.2838976424949 S2_N1_T0
15045 19 -1.5 45.6467761091547 S2_N1_T0
15048 19 -1.5 532.442841684696 S2_N1_T0
15049 19 -1.5 0 S2_N1_T0
15051 19 -1.5 179.743159355682 S2_N1_T0
15053 19 -1.5 240.247460864401 S2_N1_T0
15054 19 -1.5 0 S2_N1_T0
15055 19 -1.5 0 S2_N1_T0
15056 19 -1.5 4.03724612303298 S2_N1_T0
15057 19 -1.5 85.6654779200635 S2_N1_T0
15059 19 -1.5 224.973673213666 S2_N1_T0
15060 19 -1.5 116.469868052633 S2_N1_T0
15063 19 -1.5 0 S2_N1_T0
15066 19 -1.5 197.340248825237 S2_N1_T0
15069 19 -1.5 180.794639021164 S2_N1_T0
15042 20 -1.5 57.1619627721542 S2_N1_T0
15045 20 -1.5 112.520035940695 S2_N1_T0
15048 20 -1.5 613.56551840774 S2_N1_T0
15049 20 -1.5 21.3908750226051 S2_N1_T0
15051 20 -1.5 342.826564140323 S2_N1_T0
15053 20 -1.5 438.544855314775 S2_N1_T0
15054 20 -1.5 7.67796895043732 S2_N1_T0
15055 20 -1.5 6.80026016085196 S2_N1_T0
15056 20 -1.5 36.9508367278913 S2_N1_T0
15057 20 -1.5 132.800929080804 S2_N1_T0
15059 20 -1.5 313.174364094463 S2_N1_T0
15060 20 -1.5 231.318600619852 S2_N1_T0
15063 20 -1.5 15.7030909453535 S2_N1_T0
15066 20 -1.5 299.996796493434 S2_N1_T0
15069 20 -1.5 291.469680349372 S2_N1_T0
15042 21 -1.5 5.11706126360332 S2_N1_T0
15045 21 -1.5 31.0694721206024 S2_N1_T0
15048 21 -1.5 510.342018286011 S2_N1_T0
15049 21 -1.5 0 S2_N1_T0
15051 21 -1.5 162.010983422378 S2_N1_T0
15053 21 -1.5 218.458833849766 S2_N1_T0
15054 21 -1.5 0 S2_N1_T0
15055 21 -1.5 0 S2_N1_T0
15056 21 -1.5 1.74238142986252 S2_N1_T0
15057 21 -1.5 72.6486582546507 S2_N1_T0
15059 21 -1.5 207.127784558452 S2_N1_T0
15060 21 -1.5 100.181840741774 S2_N1_T0
15063 21 -1.5 0 S2_N1_T0
15066 21 -1.5 175.5377400636 S2_N1_T0
15069 21 -1.5 163.848683561134 S2_N1_T0
15042 22 -1.5 11.1463456233622 S2_N1_T0
15045 22 -1.5 56.0163434607524 S2_N1_T0
15048 22 -1.5 529.327701868877 S2_N1_T0
15049 22 -1.5 3.49602833358615 S2_N1_T0
15051 22 -1.5 336.764414289549 S2_N1_T0
15053 22 -1.5 436.443209743923 S2_N1_T0
15054 22 -1.5 0 S2_N1_T0
15055 22 -1.5 0 S2_N1_T0
15056 22 -1.5 4.89958786534157 S2_N1_T0
15057 22 -1.5 81.2832004167164 S2_N1_T0
15059 22 -1.5 257.557864364731 S2_N1_T0
15060 22 -1.5 177.377442425785 S2_N1_T0
15063 22 -1.5 1.3858830571883 S2_N1_T0
15066 22 -1.5 209.326780886269 S2_N1_T0
15069 22 -1.5 238.044908728286 S2_N1_T0
15042 23 -1.5 10.9444923004397 S2_N1_T0
15045 23 -1.5 44.1676324246177 S2_N1_T0
15048 23 -1.5 576.054160580035 S2_N1_T0
15049 23 -1.5 0 S2_N1_T0
15051 23 -1.5 133.834751071509 S2_N1_T0
15053 23 -1.5 157.916893576929 S2_N1_T0
15054 23 -1.5 1.41407317646505 S2_N1_T0
15055 23 -1.5 0 S2_N1_T0
15056 23 -1.5 4.99173956316871 S2_N1_T0
15057 23 -1.5 89.0237617616168 S2_N1_T0
15059 23 -1.5 194.880320945386 S2_N1_T0
15060 23 -1.5 74.5024650452186 S2_N1_T0
15063 23 -1.5 0 S2_N1_T0
15066 23 -1.5 183.107865463087 S2_N1_T0
15069 23 -1.5 132.383770106162 S2_N1_T0
15042 24 -1.5 8.12634672470094 S2_N1_T0
15045 24 -1.5 42.4914557815082 S2_N1_T0
15048 24 -1.5 526.582251729513 S2_N1_T0
15049 24 -1.5 0 S2_N1_T0
15051 24 -1.5 195.162858296851 S2_N1_T0
15053 24 -1.5 271.19326240449 S2_N1_T0
15054 24 -1.5 0 S2_N1_T0
15055 24 -1.5 0 S2_N1_T0
15056 24 -1.5 3.02473032280448 S2_N1_T0
15057 24 -1.5 79.1374600055034 S2_N1_T0
15059 24 -1.5 228.220322117599 S2_N1_T0
15060 24 -1.5 124.749107523406 S2_N1_T0
15063 24 -1.5 0 S2_N1_T0
15066 24 -1.5 194.141896674288 S2_N1_T0
15069 24 -1.5 189.664980379439 S2_N1_T0
15042 25 -1.5 0 S2_N1_T0
15045 25 -1.5 0 S2_N1_T0
15048 25 -1.5 547.038673951647 S2_N1_T0
15049 25 -1.5 0 S2_N1_T0
15051 25 -1.5 0 S2_N1_T0
15053 25 -1.5 0 S2_N1_T0
15054 25 -1.5 1.01024149218251 S2_N1_T0
15055 25 -1.5 0 S2_N1_T0
15056 25 -1.5 0 S2_N1_T0
15057 25 -1.5 0 S2_N1_T0
15059 25 -1.5 0 S2_N1_T0
15060 25 -1.5 0 S2_N1_T0
15063 25 -1.5 0 S2_N1_T0
15066 25 -1.5 0 S2_N1_T0
15069 25 -1.5 0 S2_N1_T0
15042 26 -1.5 23.9748342128491 S2_N1_T0
15045 26 -1.5 75.9549007714034 S2_N1_T0
15048 26 -1.5 561.512165651694 S2_N1_T0
15049 26 -1.5 7.84987153707717 S2_N1_T0
15051 26 -1.5 335.512764385235 S2_N1_T0
15053 26 -1.5 437.336639846251 S2_N1_T0
15054 26 -1.5 1.10662446922583 S2_N1_T0
15055 26 -1.5 1.10568700147339 S2_N1_T0
15056 26 -1.5 12.686458954762 S2_N1_T0
15057 26 -1.5 99.8341759191857 S2_N1_T0
15059 26 -1.5 280.185184072232 S2_N1_T0
15060 26 -1.5 197.262904849648 S2_N1_T0
15063 26 -1.5 3.63303780609257 S2_N1_T0
15066 26 -1.5 241.943811902999 S2_N1_T0
15069 26 -1.5 260.027829848983 S2_N1_T0
15042 27 -1.5 0 S2_N1_T0
15045 27 -1.5 0 S2_N1_T0
15048 27 -1.5 349.663360385576 S2_N1_T0
15049 27 -1.5 0 S2_N1_T0
15051 27 -1.5 0 S2_N1_T0
15053 27 -1.5 0 S2_N1_T0
15054 27 -1.5 0 S2_N1_T0
15055 27 -1.5 0 S2_N1_T0
15056 27 -1.5 0 S2_N1_T0
15057 27 -1.5 0 S2_N1_T0
15059 27 -1.5 0 S2_N1_T0
15060 27 -1.5 0 S2_N1_T0
15063 27 -1.5 0 S2_N1_T0
15066 27 -1.5 0 S2_N1_T0
15069 27 -1.5 0 S2_N1_T0
15042 28 -1.5 35.8387579777227 S2_N1_T0
15045 28 -1.5 91.5923854954856 S2_N1_T0
15048 28 -1.5 591.10612268466 S2_N1_T0
15049 28 -1.5 16.6471756444868 S2_N1_T0
15051 28 -1.5 391.829638711123 S2_N1_T0
15053 28 -1.5 488.773341142992 S2_N1_T0
15054 28 -1.5 2.02804336011697 S2_N1_T0
15055 28 -1.5 2.9035071599633 S2_N1_T0
15056 28 -1.5 21.5456922004864 S2_N1_T0
15057 28 -1.5 110.467134927003 S2_N1_T0
15059 28 -1.5 299.706776435885 S2_N1_T0
15060 28 -1.5 225.280646119572 S2_N1_T0
15063 28 -1.5 7.44016478396783 S2_N1_T0
15066 28 -1.5 267.220920092005 S2_N1_T0
15069 28 -1.5 282.346633952481 S2_N1_T0
15042 29 -1.5 0 S2_N1_T0
15045 29 -1.5 0 S2_N1_T0
15048 29 -1.5 402.781089091612 S2_N1_T0
15049 29 -1.5 0 S2_N1_T0
15051 29 -1.5 29.8820613749555 S2_N1_T0
15053 29 -1.5 36.3304684172307 S2_N1_T0
15054 29 -1.5 0 S2_N1_T0
15055 29 -1.5 0 S2_N1_T0
15056 29 -1.5 0 S2_N1_T0
15057 29 -1.5 20.3235486789692 S2_N1_T0
15059 29 -1.5 89.3501182374393 S2_N1_T0
15060 29 -1.5 0 S2_N1_T0
15063 29 -1.5 0 S2_N1_T0
15066 29 -1.5 33.0502071379959 S2_N1_T0
15069 29 -1.5 23.9509286501839 S2_N1_T0
15042 30 -1.5 0 S2_N1_T0
15045 30 -1.5 0 S2_N1_T0
15048 30 -1.5 531.515265564925 S2_N1_T0
15049 30 -1.5 0 S2_N1_T0
15051 30 -1.5 0 S2_N1_T0
15053 30 -1.5 0 S2_N1_T0
15054 30 -1.5 1.06438565236805 S2_N1_T0
15055 30 -1.5 0 S2_N1_T0
15056 30 -1.5 0 S2_N1_T0
15057 30 -1.5 0 S2_N1_T0
15059 30 -1.5 0 S2_N1_T0
15060 30 -1.5 0 S2_N1_T0
15063 30 -1.5 0 S2_N1_T0
15066 30 -1.5 0 S2_N1_T0
15069 30 -1.5 0 S2_N1_T0
15042 31 -1.5 0 S2_N1_T0
15045 31 -1.5 0 S2_N1_T0
15048 31 -1.5 596.216117044334 S2_N1_T0
15049 31 -1.5 0 S2_N1_T0
15051 31 -1.5 2.33618763015555 S2_N1_T0
15053 31 -1.5 0 S2_N1_T0
15054 31 -1.5 0 S2_N1_T0
15055 31 -1.5 0 S2_N1_T0
15056 31 -1.5 0 S2_N1_T0
15057 31 -1.5 3.32919367069748 S2_N1_T0
15059 31 -1.5 15.4130411019557 S2_N1_T0
15060 31 -1.5 0 S2_N1_T0
15063 31 -1.5 0 S2_N1_T0
15066 31 -1.5 0 S2_N1_T0
15069 31 -1.5 0 S2_N1_T0
15042 1 -3 0 S2_N1_T0
15045 1 -3 0 S2_N1_T0
15048 1 -3 31.3329981347992 S2_N1_T0
15049 1 -3 0 S2_N1_T0
15051 1 -3 9.03786668345638 S2_N1_T0
15053 1 -3 19.680505738145 S2_N1_T0
15054 1 -3 0 S2_N1_T0
15055 1 -3 0 S2_N1_T0
15056 1 -3 0 S2_N1_T0
15057 1 -3 0 S2_N1_T0
15059 1 -3 2.23043780877066 S2_N1_T0
15060 1 -3 0 S2_N1_T0
15063 1 -3 0 S2_N1_T0
15066 1 -3 0 S2_N1_T0
15069 1 -3 1.59982439492182 S2_N1_T0
15042 2 -3 0 S2_N1_T0
15045 2 -3 0 S2_N1_T0
15048 2 -3 342.096324808835 S2_N1_T0
15049 2 -3 0 S2_N1_T0
15051 2 -3 0 S2_N1_T0
15053 2 -3 0 S2_N1_T0
15054 2 -3 0 S2_N1_T0
15055 2 -3 0 S2_N1_T0
15056 2 -3 0 S2_N1_T0
15057 2 -3 0 S2_N1_T0
15059 2 -3 0 S2_N1_T0
15060 2 -3 0 S2_N1_T0
15063 2 -3 0 S2_N1_T0
15066 2 -3 0 S2_N1_T0
15069 2 -3 0 S2_N1_T0
15042 3 -3 0 S2_N1_T0
15045 3 -3 0 S2_N1_T0
15048 3 -3 176.272059477815 S2_N1_T0
15049 3 -3 0 S2_N1_T0
15051 3 -3 0 S2_N1_T0
15053 3 -3 0 S2_N1_T0
15054 3 -3 0 S2_N1_T0
15055 3 -3 0 S2_N1_T0
15056 3 -3 0 S2_N1_T0
15057 3 -3 0 S2_N1_T0
15059 3 -3 0 S2_N1_T0
15060 3 -3 0 S2_N1_T0
15063 3 -3 0 S2_N1_T0
15066 3 -3 0 S2_N1_T0
15069 3 -3 0 S2_N1_T0
15042 4 -3 0 S2_N1_T0
15045 4 -3 0 S2_N1_T0
15048 4 -3 84.9113852522732 S2_N1_T0
15049 4 -3 0 S2_N1_T0
15051 4 -3 0 S2_N1_T0
15053 4 -3 0 S2_N1_T0
15054 4 -3 0 S2_N1_T0
15055 4 -3 0 S2_N1_T0
15056 4 -3 0 S2_N1_T0
15057 4 -3 0 S2_N1_T0
15059 4 -3 2.1255963927973 S2_N1_T0
15060 4 -3 0 S2_N1_T0
15063 4 -3 0 S2_N1_T0
15066 4 -3 0 S2_N1_T0
15069 4 -3 0 S2_N1_T0
15042 5 -3 0 S2_N1_T0
15045 5 -3 0 S2_N1_T0
15048 5 -3 0 S2_N1_T0
15049 5 -3 0 S2_N1_T0
15051 5 -3 0 S2_N1_T0
15053 5 -3 0 S2_N1_T0
15054 5 -3 0 S2_N1_T0
15055 5 -3 0 S2_N1_T0
15056 5 -3 0 S2_N1_T0
15057 5 -3 0 S2_N1_T0
15059 5 -3 0 S2_N1_T0
15060 5 -3 0 S2_N1_T0
15063 5 -3 0 S2_N1_T0
15066 5 -3 0 S2_N1_T0
15069 5 -3 0 S2_N1_T0
15042 6 -3 0 S2_N1_T0
15045 6 -3 4.30397617494879 S2_N1_T0
15048 6 -3 421.156943438196 S2_N1_T0
15049 6 -3 0 S2_N1_T0
15051 6 -3 56.3714965760923 S2_N1_T0
15053 6 -3 62.0338793937178 S2_N1_T0
15054 6 -3 0 S2_N1_T0
15055 6 -3 0 S2_N1_T0
15056 6 -3 8.8262586342599 S2_N1_T0
15057 6 -3 47.1519266436873 S2_N1_T0
15059 6 -3 112.290266786611 S2_N1_T0
15060 6 -3 4.93378611143231 S2_N1_T0
15063 6 -3 0 S2_N1_T0
15066 6 -3 75.7112719289373 S2_N1_T0
15069 6 -3 47.3411735831654 S2_N1_T0
15042 7 -3 0 S2_N1_T0
15045 7 -3 0 S2_N1_T0
15048 7 -3 354.739030105977 S2_N1_T0
15049 7 -3 0 S2_N1_T0
15051 7 -3 0 S2_N1_T0
15053 7 -3 0 S2_N1_T0
15054 7 -3 0 S2_N1_T0
15055 7 -3 0 S2_N1_T0
15056 7 -3 0 S2_N1_T0
15057 7 -3 0 S2_N1_T0
15059 7 -3 0 S2_N1_T0
15060 7 -3 0 S2_N1_T0
15063 7 -3 0 S2_N1_T0
15066 7 -3 0 S2_N1_T0
15069 7 -3 0 S2_N1_T0
15042 8 -3 0 S2_N1_T0
15045 8 -3 0 S2_N1_T0
15048 8 -3 172.323331428691 S2_N1_T0
15049 8 -3 0 S2_N1_T0
15051 8 -3 60.197888079288 S2_N1_T0
15053 8 -3 92.8437031916119 S2_N1_T0
15054 8 -3 0 S2_N1_T0
15055 8 -3 0 S2_N1_T0
15056 8 -3 0 S2_N1_T0
15057 8 -3 1.64021465267488 S2_N1_T0
15059 8 -3 73.4697477662585 S2_N1_T0
15060 8 -3 6.54731833851319 S2_N1_T0
15063 8 -3 0 S2_N1_T0
15066 8 -3 10.3492506036378 S2_N1_T0
15069 8 -3 60.6508841385915 S2_N1_T0
15042 9 -3 0 S2_N1_T0
15045 9 -3 0 S2_N1_T0
15048 9 -3 206.044695181583 S2_N1_T0
15049 9 -3 0 S2_N1_T0
15051 9 -3 1.19151781223587 S2_N1_T0
15053 9 -3 1.61680908713213 S2_N1_T0
15054 9 -3 0 S2_N1_T0
15055 9 -3 0 S2_N1_T0
15056 9 -3 0 S2_N1_T0
15057 9 -3 1.02810418998727 S2_N1_T0
15059 9 -3 28.2856188813398 S2_N1_T0
15060 9 -3 0 S2_N1_T0
15063 9 -3 0 S2_N1_T0
15066 9 -3 0 S2_N1_T0
15069 9 -3 1.04349825827253 S2_N1_T0
15042 10 -3 0 S2_N1_T0
15045 10 -3 0 S2_N1_T0
15048 10 -3 157.57067762532 S2_N1_T0
15049 10 -3 0 S2_N1_T0
15051 10 -3 39.9852200742177 S2_N1_T0
15053 10 -3 69.5436138510376 S2_N1_T0
15054 10 -3 0 S2_N1_T0
15055 10 -3 0 S2_N1_T0
15056 10 -3 0 S2_N1_T0
15057 10 -3 0 S2_N1_T0
15059 10 -3 60.8453080226646 S2_N1_T0
15060 10 -3 2.20615202385176 S2_N1_T0
15063 10 -3 0 S2_N1_T0
15066 10 -3 5.83644773067026 S2_N1_T0
15069 10 -3 44.7222931842617 S2_N1_T0
15042 11 -3 0 S2_N1_T0
15045 11 -3 0 S2_N1_T0
15048 11 -3 0 S2_N1_T0
15049 11 -3 0 S2_N1_T0
15051 11 -3 0 S2_N1_T0
15053 11 -3 0 S2_N1_T0
15054 11 -3 0 S2_N1_T0
15055 11 -3 0 S2_N1_T0
15056 11 -3 0 S2_N1_T0
15057 11 -3 0 S2_N1_T0
15059 11 -3 0 S2_N1_T0
15060 11 -3 0 S2_N1_T0
15063 11 -3 0 S2_N1_T0
15066 11 -3 0 S2_N1_T0
15069 11 -3 0 S2_N1_T0
15042 12 -3 0 S2_N1_T0
15045 12 -3 0 S2_N1_T0
15048 12 -3 0 S2_N1_T0
15049 12 -3 0 S2_N1_T0
15051 12 -3 0 S2_N1_T0
15053 12 -3 0 S2_N1_T0
15054 12 -3 0 S2_N1_T0
15055 12 -3 0 S2_N1_T0
15056 12 -3 0 S2_N1_T0
15057 12 -3 0 S2_N1_T0
15059 12 -3 0 S2_N1_T0
15060 12 -3 0 S2_N1_T0
15063 12 -3 0 S2_N1_T0
15066 12 -3 0 S2_N1_T0
15069 12 -3 0 S2_N1_T0
15042 13 -3 0 S2_N1_T0
15045 13 -3 0 S2_N1_T0
15048 13 -3 174.995063295987 S2_N1_T0
15049 13 -3 0 S2_N1_T0
15051 13 -3 0 S2_N1_T0
15053 13 -3 0 S2_N1_T0
15054 13 -3 0 S2_N1_T0
15055 13 -3 0 S2_N1_T0
15056 13 -3 0 S2_N1_T0
15057 13 -3 0 S2_N1_T0
15059 13 -3 0 S2_N1_T0
15060 13 -3 0 S2_N1_T0
15063 13 -3 0 S2_N1_T0
15066 13 -3 0 S2_N1_T0
15069 13 -3 0 S2_N1_T0
15042 14 -3 0 S2_N1_T0
15045 14 -3 0 S2_N1_T0
15048 14 -3 450.400692852367 S2_N1_T0
15049 14 -3 0 S2_N1_T0
15051 14 -3 0 S2_N1_T0
15053 14 -3 0 S2_N1_T0
15054 14 -3 0 S2_N1_T0
15055 14 -3 0 S2_N1_T0
15056 14 -3 0 S2_N1_T0
15057 14 -3 0 S2_N1_T0
15059 14 -3 0 S2_N1_T0
15060 14 -3 0 S2_N1_T0
15063 14 -3 0 S2_N1_T0
15066 14 -3 0 S2_N1_T0
15069 14 -3 0 S2_N1_T0
15042 15 -3 16.7224637513729 S2_N1_T0
15045 15 -3 60.1753191405719 S2_N1_T0
15048 15 -3 491.693176321406 S2_N1_T0
15049 15 -3 0 S2_N1_T0
15051 15 -3 206.723169732514 S2_N1_T0
15053 15 -3 261.591054954591 S2_N1_T0
15054 15 -3 0 S2_N1_T0
15055 15 -3 38.0250922402094 S2_N1_T0
15056 15 -3 49.0770970700728 S2_N1_T0
15057 15 -3 97.8150180750145 S2_N1_T0
15059 15 -3 223.869542099265 S2_N1_T0
15060 15 -3 149.324587832298 S2_N1_T0
15063 15 -3 1.78181524239598 S2_N1_T0
15066 15 -3 212.045586215824 S2_N1_T0
15069 15 -3 198.94435427691 S2_N1_T0
15042 16 -3 0 S2_N1_T0
15045 16 -3 0 S2_N1_T0
15048 16 -3 231.21687262292 S2_N1_T0
15049 16 -3 0 S2_N1_T0
15051 16 -3 134.530054960581 S2_N1_T0
15053 16 -3 170.338224606836 S2_N1_T0
15054 16 -3 0 S2_N1_T0
15055 16 -3 0 S2_N1_T0
15056 16 -3 0 S2_N1_T0
15057 16 -3 10.8243155869035 S2_N1_T0
15059 16 -3 114.69512300389 S2_N1_T0
15060 16 -3 59.745753221215 S2_N1_T0
15063 16 -3 0 S2_N1_T0
15066 16 -3 56.6634796572265 S2_N1_T0
15069 16 -3 108.937378977335 S2_N1_T0
15042 17 -3 0 S2_N1_T0
15045 17 -3 1.63418033329733 S2_N1_T0
15048 17 -3 433.892527129489 S2_N1_T0
15049 17 -3 0 S2_N1_T0
15051 17 -3 17.3741089686406 S2_N1_T0
15053 17 -3 8.51093271360386 S2_N1_T0
15054 17 -3 0 S2_N1_T0
15055 17 -3 0 S2_N1_T0
15056 17 -3 5.53096318951747 S2_N1_T0
15057 17 -3 27.6505924513821 S2_N1_T0
15059 17 -3 72.4352977311865 S2_N1_T0
15060 17 -3 0 S2_N1_T0
15063 17 -3 0 S2_N1_T0
15066 17 -3 12.4364004323977 S2_N1_T0
15069 17 -3 2.62694252672245 S2_N1_T0
15042 18 -3 0 S2_N1_T0
15045 18 -3 0 S2_N1_T0
15048 18 -3 4.25235283154903 S2_N1_T0
15049 18 -3 0 S2_N1_T0
15051 18 -3 0 S2_N1_T0
15053 18 -3 2.29284324875453 S2_N1_T0
15054 18 -3 0 S2_N1_T0
15055 18 -3 0 S2_N1_T0
15056 18 -3 0 S2_N1_T0
15057 18 -3 0 S2_N1_T0
15059 18 -3 0 S2_N1_T0
15060 18 -3 0 S2_N1_T0
15063 18 -3 0 S2_N1_T0
15066 18 -3 0 S2_N1_T0
15069 18 -3 0 S2_N1_T0
15042 19 -3 0 S2_N1_T0
15045 19 -3 0 S2_N1_T0
15048 19 -3 172.787026206023 S2_N1_T0
15049 19 -3 0 S2_N1_T0
15051 19 -3 33.4368631645055 S2_N1_T0
15053 19 -3 61.2541438236756 S2_N1_T0
15054 19 -3 0 S2_N1_T0
15055 19 -3 0 S2_N1_T0
15056 19 -3 0 S2_N1_T0
15057 19 -3 1.3830575006291 S2_N1_T0
15059 19 -3 63.6080474061833 S2_N1_T0
15060 19 -3 1.67815368750196 S2_N1_T0
15063 19 -3 0 S2_N1_T0
15066 19 -3 7.56588818997848 S2_N1_T0
15069 19 -3 41.8786390386804 S2_N1_T0
15042 20 -3 1.97327796617451 S2_N1_T0
15045 20 -3 18.4813833709877 S2_N1_T0
15048 20 -3 376.012501748253 S2_N1_T0
15049 20 -3 0 S2_N1_T0
15051 20 -3 190.252618557844 S2_N1_T0
15053 20 -3 246.144360280962 S2_N1_T0
15054 20 -3 0 S2_N1_T0
15055 20 -3 7.24893793473935 S2_N1_T0
15056 20 -3 15.6117808388686 S2_N1_T0
15057 20 -3 58.3579179309703 S2_N1_T0
15059 20 -3 179.208600354588 S2_N1_T0
15060 20 -3 121.482060412293 S2_N1_T0
15063 20 -3 0 S2_N1_T0
15066 20 -3 148.395240001887 S2_N1_T0
15069 20 -3 168.205815240182 S2_N1_T0
15042 21 -3 0 S2_N1_T0
15045 21 -3 0 S2_N1_T0
15048 21 -3 126.114333818042 S2_N1_T0
15049 21 -3 0 S2_N1_T0
15051 21 -3 9.39016050179741 S2_N1_T0
15053 21 -3 29.2697855331606 S2_N1_T0
15054 21 -3 0 S2_N1_T0
15055 21 -3 0 S2_N1_T0
15056 21 -3 0 S2_N1_T0
15057 21 -3 0 S2_N1_T0
15059 21 -3 34.7166013742706 S2_N1_T0
15060 21 -3 0 S2_N1_T0
15063 21 -3 0 S2_N1_T0
15066 21 -3 1.1134236061511 S2_N1_T0
15069 21 -3 15.6587566268616 S2_N1_T0
15042 22 -3 0 S2_N1_T0
15045 22 -3 0 S2_N1_T0
15048 22 -3 130.699009147118 S2_N1_T0
15049 22 -3 0 S2_N1_T0
15051 22 -3 78.8105669304456 S2_N1_T0
15053 22 -3 100.9521019525 S2_N1_T0
15054 22 -3 0 S2_N1_T0
15055 22 -3 0 S2_N1_T0
15056 22 -3 0 S2_N1_T0
15057 22 -3 0 S2_N1_T0
15059 22 -3 55.8753655003438 S2_N1_T0
15060 22 -3 7.14618242345756 S2_N1_T0
15063 22 -3 0 S2_N1_T0
15066 22 -3 3.47546695935682 S2_N1_T0
15069 22 -3 51.6902309633538 S2_N1_T0
15042 23 -3 0 S2_N1_T0
15045 23 -3 0 S2_N1_T0
15048 23 -3 220.224553434913 S2_N1_T0
15049 23 -3 0 S2_N1_T0
15051 23 -3 15.7228131149389 S2_N1_T0
15053 23 -3 28.7492309050411 S2_N1_T0
15054 23 -3 0 S2_N1_T0
15055 23 -3 0 S2_N1_T0
15056 23 -3 0 S2_N1_T0
15057 23 -3 3.33556002898618 S2_N1_T0
15059 23 -3 62.0431690067049 S2_N1_T0
15060 23 -3 0 S2_N1_T0
15063 23 -3 0 S2_N1_T0
15066 23 -3 10.5596710615432 S2_N1_T0
15069 23 -3 21.0275467631272 S2_N1_T0
15042 24 -3 0 S2_N1_T0
15045 24 -3 0 S2_N1_T0
15048 24 -3 136.60336261543 S2_N1_T0
15049 24 -3 0 S2_N1_T0
15051 24 -3 27.011835237069 S2_N1_T0
15053 24 -3 54.5863355534559 S2_N1_T0
15054 24 -3 0 S2_N1_T0
15055 24 -3 0 S2_N1_T0
15056 24 -3 0 S2_N1_T0
15057 24 -3 0 S2_N1_T0
15059 24 -3 47.5465197732401 S2_N1_T0
15060 24 -3 0 S2_N1_T0
15063 24 -3 0 S2_N1_T0
15066 24 -3 2.58996314570542 S2_N1_T0
15069 24 -3 31.8496493659718 S2_N1_T0
15042 25 -3 0 S2_N1_T0
15045 25 -3 0 S2_N1_T0
15048 25 -3 385.904264267937 S2_N1_T0
15049 25 -3 0 S2_N1_T0
15051 25 -3 0 S2_N1_T0
15053 25 -3 0 S2_N1_T0
15054 25 -3 0 S2_N1_T0
15055 25 -3 0 S2_N1_T0
15056 25 -3 0 S2_N1_T0
15057 25 -3 0 S2_N1_T0
15059 25 -3 0 S2_N1_T0
15060 25 -3 0 S2_N1_T0
15063 25 -3 0 S2_N1_T0
15066 25 -3 0 S2_N1_T0
15069 25 -3 0 S2_N1_T0
15042 26 -3 0 S2_N1_T0
15045 26 -3 0 S2_N1_T0
15048 26 -3 197.932242662649 S2_N1_T0
15049 26 -3 0 S2_N1_T0
15051 26 -3 114.496538578802 S2_N1_T0
15053 26 -3 145.900423634443 S2_N1_T0
15054 26 -3 0 S2_N1_T0
15055 26 -3 0 S2_N1_T0
15056 26 -3 0 S2_N1_T0
15057 26 -3 4.34872981456887 S2_N1_T0
15059 26 -3 96.4626889933371 S2_N1_T0
15060 26 -3 39.5998891546757 S2_N1_T0
15063 26 -3 0 S2_N1_T0
15066 26 -3 33.6408142745094 S2_N1_T0
15069 26 -3 90.9992345585096 S2_N1_T0
15042 27 -3 0 S2_N1_T0
15045 27 -3 0 S2_N1_T0
15048 27 -3 198.67172942958 S2_N1_T0
15049 27 -3 0 S2_N1_T0
15051 27 -3 0 S2_N1_T0
15053 27 -3 0 S2_N1_T0
15054 27 -3 0 S2_N1_T0
15055 27 -3 0 S2_N1_T0
15056 27 -3 0 S2_N1_T0
15057 27 -3 0 S2_N1_T0
15059 27 -3 0 S2_N1_T0
15060 27 -3 0 S2_N1_T0
15063 27 -3 0 S2_N1_T0
15066 27 -3 0 S2_N1_T0
15069 27 -3 0 S2_N1_T0
15042 28 -3 0 S2_N1_T0
15045 28 -3 1.03755782389026 S2_N1_T0
15048 28 -3 235.545687463182 S2_N1_T0
15049 28 -3 0 S2_N1_T0
15051 28 -3 152.46046939196 S2_N1_T0
15053 28 -3 184.607015618682 S2_N1_T0
15054 28 -3 0 S2_N1_T0
15055 28 -3 0 S2_N1_T0
15056 28 -3 0 S2_N1_T0
15057 28 -3 12.0061463235263 S2_N1_T0
15059 28 -3 118.164621056173 S2_N1_T0
15060 28 -3 70.813519207359 S2_N1_T0
15063 28 -3 0 S2_N1_T0
15066 28 -3 66.9407535480305 S2_N1_T0
15069 28 -3 114.143907949042 S2_N1_T0
15042 29 -3 0 S2_N1_T0
15045 29 -3 0 S2_N1_T0
15048 29 -3 75.5907123106551 S2_N1_T0
15049 29 -3 0 S2_N1_T0
15051 29 -3 0 S2_N1_T0
15053 29 -3 0 S2_N1_T0
15054 29 -3 0 S2_N1_T0
15055 29 -3 0 S2_N1_T0
15056 29 -3 0 S2_N1_T0
15057 29 -3 0 S2_N1_T0
15059 29 -3 0 S2_N1_T0
15060 29 -3 0 S2_N1_T0
15063 29 -3 0 S2_N1_T0
15066 29 -3 0 S2_N1_T0
15069 29 -3 0 S2_N1_T0
15042 30 -3 0 S2_N1_T0
15045 30 -3 0 S2_N1_T0
15048 30 -3 400.433202077238 S2_N1_T0
15049 30 -3 0 S2_N1_T0
15051 30 -3 0 S2_N1_T0
15053 30 -3 0 S2_N1_T0
15054 30 -3 0 S2_N1_T0
15055 30 -3 0 S2_N1_T0
15056 30 -3 0 S2_N1_T0
15057 30 -3 0 S2_N1_T0
15059 30 -3 0 S2_N1_T0
15060 30 -3 0 S2_N1_T0
15063 30 -3 0 S2_N1_T0
15066 30 -3 0 S2_N1_T0
15069 30 -3 0 S2_N1_T0
15042 31 -3 0 S2_N1_T0
15045 31 -3 0 S2_N1_T0
15048 31 -3 257.375001815292 S2_N1_T0
15049 31 -3 0 S2_N1_T0
15051 31 -3 0 S2_N1_T0
15053 31 -3 0 S2_N1_T0
15054 31 -3 0 S2_N1_T0
15055 31 -3 0 S2_N1_T0
15056 31 -3 0 S2_N1_T0
15057 31 -3 0 S2_N1_T0
15059 31 -3 0 S2_N1_T0
15060 31 -3 0 S2_N1_T0
15063 31 -3 0 S2_N1_T0
15066 31 -3 0 S2_N1_T0
15069 31 -3 0 S2_N1_T0
15042 1 -5 0 S2_N1_T0
15045 1 -5 0 S2_N1_T0
15048 1 -5 0 S2_N1_T0
15049 1 -5 0 S2_N1_T0
15051 1 -5 0 S2_N1_T0
15053 1 -5 0 S2_N1_T0
15054 1 -5 0 S2_N1_T0
15055 1 -5 0 S2_N1_T0
15056 1 -5 0 S2_N1_T0
15057 1 -5 0 S2_N1_T0
15059 1 -5 0 S2_N1_T0
15060 1 -5 0 S2_N1_T0
15063 1 -5 0 S2_N1_T0
15066 1 -5 0 S2_N1_T0
15069 1 -5 0 S2_N1_T0
15042 2 -5 0 S2_N1_T0
15045 2 -5 0 S2_N1_T0
15048 2 -5 242.651531616744 S2_N1_T0
15049 2 -5 0 S2_N1_T0
15051 2 -5 0 S2_N1_T0
15053 2 -5 0 S2_N1_T0
15054 2 -5 0 S2_N1_T0
15055 2 -5 0 S2_N1_T0
15056 2 -5 0 S2_N1_T0
15057 2 -5 0 S2_N1_T0
15059 2 -5 0 S2_N1_T0
15060 2 -5 0 S2_N1_T0
15063 2 -5 0 S2_N1_T0
15066 2 -5 0 S2_N1_T0
15069 2 -5 0 S2_N1_T0
15042 3 -5 0 S2_N1_T0
15045 3 -5 0 S2_N1_T0
15048 3 -5 1.41872765870687 S2_N1_T0
15049 3 -5 0 S2_N1_T0
15051 3 -5 0 S2_N1_T0
15053 3 -5 0 S2_N1_T0
15054 3 -5 0 S2_N1_T0
15055 3 -5 0 S2_N1_T0
15056 3 -5 0 S2_N1_T0
15057 3 -5 0 S2_N1_T0
15059 3 -5 0 S2_N1_T0
15060 3 -5 0 S2_N1_T0
15063 3 -5 0 S2_N1_T0
15066 3 -5 0 S2_N1_T0
15069 3 -5 0 S2_N1_T0
15042 4 -5 0 S2_N1_T0
15045 4 -5 0 S2_N1_T0
15048 4 -5 0 S2_N1_T0
15049 4 -5 0 S2_N1_T0
15051 4 -5 0 S2_N1_T0
15053 4 -5 0 S2_N1_T0
15054 4 -5 0 S2_N1_T0
15055 4 -5 0 S2_N1_T0
15056 4 -5 0 S2_N1_T0
15057 4 -5 0 S2_N1_T0
15059 4 -5 0 S2_N1_T0
15060 4 -5 0 S2_N1_T0
15063 4 -5 0 S2_N1_T0
15066 4 -5 0 S2_N1_T0
15069 4 -5 0 S2_N1_T0
15042 5 -5 0 S2_N1_T0
15045 5 -5 0 S2_N1_T0
15048 5 -5 0 S2_N1_T0
15049 5 -5 0 S2_N1_T0
15051 5 -5 0 S2_N1_T0
15053 5 -5 0 S2_N1_T0
15054 5 -5 0 S2_N1_T0
15055 5 -5 0 S2_N1_T0
15056 5 -5 0 S2_N1_T0
15057 5 -5 0 S2_N1_T0
15059 5 -5 0 S2_N1_T0
15060 5 -5 0 S2_N1_T0
15063 5 -5 0 S2_N1_T0
15066 5 -5 0 S2_N1_T0
15069 5 -5 0 S2_N1_T0
15042 6 -5 0 S2_N1_T0
15045 6 -5 0 S2_N1_T0
15048 6 -5 192.474474789131 S2_N1_T0
15049 6 -5 0 S2_N1_T0
15051 6 -5 0 S2_N1_T0
15053 6 -5 1.19628511626984 S2_N1_T0
15054 6 -5 0 S2_N1_T0
15055 6 -5 0 S2_N1_T0
15056 6 -5 0 S2_N1_T0
15057 6 -5 0 S2_N1_T0
15059 6 -5 23.8970697572432 S2_N1_T0
15060 6 -5 0 S2_N1_T0
15063 6 -5 0 S2_N1_T0
15066 6 -5 0 S2_N1_T0
15069 6 -5 0 S2_N1_T0
15042 7 -5 0 S2_N1_T0
15045 7 -5 0 S2_N1_T0
15048 7 -5 260.155611558103 S2_N1_T0
15049 7 -5 0 S2_N1_T0
15051 7 -5 0 S2_N1_T0
15053 7 -5 0 S2_N1_T0
15054 7 -5 0 S2_N1_T0
15055 7 -5 0 S2_N1_T0
15056 7 -5 0 S2_N1_T0
15057 7 -5 0 S2_N1_T0
15059 7 -5 0 S2_N1_T0
15060 7 -5 0 S2_N1_T0
15063 7 -5 0 S2_N1_T0
15066 7 -5 0 S2_N1_T0
15069 7 -5 0 S2_N1_T0
15042 8 -5 0 S2_N1_T0
15045 8 -5 0 S2_N1_T0
15048 8 -5 0 S2_N1_T0
15049 8 -5 0 S2_N1_T0
15051 8 -5 0 S2_N1_T0
15053 8 -5 0 S2_N1_T0
15054 8 -5 0 S2_N1_T0
15055 8 -5 0 S2_N1_T0
15056 8 -5 0 S2_N1_T0
15057 8 -5 0 S2_N1_T0
15059 8 -5 0 S2_N1_T0
15060 8 -5 0 S2_N1_T0
15063 8 -5 0 S2_N1_T0
15066 8 -5 0 S2_N1_T0
15069 8 -5 0 S2_N1_T0
15042 9 -5 0 S2_N1_T0
15045 9 -5 0 S2_N1_T0
15048 9 -5 7.57386588037411 S2_N1_T0
15049 9 -5 0 S2_N1_T0
15051 9 -5 0 S2_N1_T0
15053 9 -5 0 S2_N1_T0
15054 9 -5 0 S2_N1_T0
15055 9 -5 0 S2_N1_T0
15056 9 -5 0 S2_N1_T0
15057 9 -5 0 S2_N1_T0
15059 9 -5 0 S2_N1_T0
15060 9 -5 0 S2_N1_T0
15063 9 -5 0 S2_N1_T0
15066 9 -5 0 S2_N1_T0
15069 9 -5 0 S2_N1_T0
15042 10 -5 0 S2_N1_T0
15045 10 -5 0 S2_N1_T0
15048 10 -5 0 S2_N1_T0
15049 10 -5 0 S2_N1_T0
15051 10 -5 0 S2_N1_T0
15053 10 -5 0 S2_N1_T0
15054 10 -5 0 S2_N1_T0
15055 10 -5 0 S2_N1_T0
15056 10 -5 0 S2_N1_T0
15057 10 -5 0 S2_N1_T0
15059 10 -5 0 S2_N1_T0
15060 10 -5 0 S2_N1_T0
15063 10 -5 0 S2_N1_T0
15066 10 -5 0 S2_N1_T0
15069 10 -5 0 S2_N1_T0
15042 11 -5 0 S2_N1_T0
15045 11 -5 0 S2_N1_T0
15048 11 -5 0 S2_N1_T0
15049 11 -5 0 S2_N1_T0
15051 11 -5 0 S2_N1_T0
15053 11 -5 0 S2_N1_T0
15054 11 -5 0 S2_N1_T0
15055 11 -5 0 S2_N1_T0
15056 11 -5 0 S2_N1_T0
15057 11 -5 0 S2_N1_T0
15059 11 -5 0 S2_N1_T0
15060 11 -5 0 S2_N1_T0
15063 11 -5 0 S2_N1_T0
15066 11 -5 0 S2_N1_T0
15069 11 -5 0 S2_N1_T0
15042 12 -5 0 S2_N1_T0
15045 12 -5 0 S2_N1_T0
15048 12 -5 0 S2_N1_T0
15049 12 -5 0 S2_N1_T0
15051 12 -5 0 S2_N1_T0
15053 12 -5 0 S2_N1_T0
15054 12 -5 0 S2_N1_T0
15055 12 -5 0 S2_N1_T0
15056 12 -5 0 S2_N1_T0
15057 12 -5 0 S2_N1_T0
15059 12 -5 0 S2_N1_T0
15060 12 -5 0 S2_N1_T0
15063 12 -5 0 S2_N1_T0
15066 12 -5 0 S2_N1_T0
15069 12 -5 0 S2_N1_T0
15042 13 -5 0 S2_N1_T0
15045 13 -5 0 S2_N1_T0
15048 13 -5 5.89242470968946 S2_N1_T0
15049 13 -5 0 S2_N1_T0
15051 13 -5 0 S2_N1_T0
15053 13 -5 0 S2_N1_T0
15054 13 -5 0 S2_N1_T0
15055 13 -5 0 S2_N1_T0
15056 13 -5 0 S2_N1_T0
15057 13 -5 0 S2_N1_T0
15059 13 -5 0 S2_N1_T0
15060 13 -5 0 S2_N1_T0
15063 13 -5 0 S2_N1_T0
15066 13 -5 0 S2_N1_T0
15069 13 -5 0 S2_N1_T0
15042 14 -5 0 S2_N1_T0
15045 14 -5 0 S2_N1_T0
15048 14 -5 299.796617151422 S2_N1_T0
15049 14 -5 0 S2_N1_T0
15051 14 -5 0 S2_N1_T0
15053 14 -5 0 S2_N1_T0
15054 14 -5 0 S2_N1_T0
15055 14 -5 0 S2_N1_T0
15056 14 -5 0 S2_N1_T0
15057 14 -5 0 S2_N1_T0
15059 14 -5 0 S2_N1_T0
15060 14 -5 0 S2_N1_T0
15063 14 -5 0 S2_N1_T0
15066 14 -5 0 S2_N1_T0
15069 14 -5 0 S2_N1_T0
15042 15 -5 0 S2_N1_T0
15045 15 -5 1.41303059318295 S2_N1_T0
15048 15 -5 255.66710550946 S2_N1_T0
15049 15 -5 0 S2_N1_T0
15051 15 -5 102.611263774886 S2_N1_T0
15053 15 -5 136.14376461249 S2_N1_T0
15054 15 -5 0 S2_N1_T0
15055 15 -5 0 S2_N1_T0
15056 15 -5 2.17803837729796 S2_N1_T0
15057 15 -5 20.8987045896288 S2_N1_T0
15059 15 -5 119.580315341076 S2_N1_T0
15060 15 -5 44.9546287267593 S2_N1_T0
15063 15 -5 0 S2_N1_T0
15066 15 -5 78.8477172299465 S2_N1_T0
15069 15 -5 103.357027223566 S2_N1_T0
15042 16 -5 0 S2_N1_T0
15045 16 -5 0 S2_N1_T0
15048 16 -5 22.5670855120905 S2_N1_T0
15049 16 -5 0 S2_N1_T0
15051 16 -5 1.85810841604982 S2_N1_T0
15053 16 -5 7.65653492405724 S2_N1_T0
15054 16 -5 0 S2_N1_T0
15055 16 -5 0 S2_N1_T0
15056 16 -5 0 S2_N1_T0
15057 16 -5 0 S2_N1_T0
15059 16 -5 1.20826545368042 S2_N1_T0
15060 16 -5 0 S2_N1_T0
15063 16 -5 0 S2_N1_T0
15066 16 -5 0 S2_N1_T0
15069 16 -5 0 S2_N1_T0
15042 17 -5 0 S2_N1_T0
15045 17 -5 0 S2_N1_T0
15048 17 -5 247.38355050783 S2_N1_T0
15049 17 -5 0 S2_N1_T0
15051 17 -5 0 S2_N1_T0
15053 17 -5 0 S2_N1_T0
15054 17 -5 0 S2_N1_T0
15055 17 -5 0 S2_N1_T0
15056 17 -5 0 S2_N1_T0
15057 17 -5 0 S2_N1_T0
15059 17 -5 10.3730839531773 S2_N1_T0
15060 17 -5 0 S2_N1_T0
15063 17 -5 0 S2_N1_T0
15066 17 -5 0 S2_N1_T0
15069 17 -5 0 S2_N1_T0
15042 18 -5 0 S2_N1_T0
15045 18 -5 0 S2_N1_T0
15048 18 -5 0 S2_N1_T0
15049 18 -5 0 S2_N1_T0
15051 18 -5 0 S2_N1_T0
15053 18 -5 0 S2_N1_T0
15054 18 -5 0 S2_N1_T0
15055 18 -5 0 S2_N1_T0
15056 18 -5 0 S2_N1_T0
15057 18 -5 0 S2_N1_T0
15059 18 -5 0 S2_N1_T0
15060 18 -5 0 S2_N1_T0
15063 18 -5 0 S2_N1_T0
15066 18 -5 0 S2_N1_T0
15069 18 -5 0 S2_N1_T0
15042 19 -5 0 S2_N1_T0
15045 19 -5 0 S2_N1_T0
15048 19 -5 0 S2_N1_T0
15049 19 -5 0 S2_N1_T0
15051 19 -5 0 S2_N1_T0
15053 19 -5 0 S2_N1_T0
15054 19 -5 0 S2_N1_T0
15055 19 -5 0 S2_N1_T0
15056 19 -5 0 S2_N1_T0
15057 19 -5 0 S2_N1_T0
15059 19 -5 0 S2_N1_T0
15060 19 -5 0 S2_N1_T0
15063 19 -5 0 S2_N1_T0
15066 19 -5 0 S2_N1_T0
15069 19 -5 0 S2_N1_T0
15042 20 -5 0 S2_N1_T0
15045 20 -5 0 S2_N1_T0
15048 20 -5 140.599617953574 S2_N1_T0
15049 20 -5 0 S2_N1_T0
15051 20 -5 59.0603581835724 S2_N1_T0
15053 20 -5 88.0363440843042 S2_N1_T0
15054 20 -5 0 S2_N1_T0
15055 20 -5 0 S2_N1_T0
15056 20 -5 0 S2_N1_T0
15057 20 -5 0 S2_N1_T0
15059 20 -5 58.6046584838003 S2_N1_T0
15060 20 -5 4.448460721594 S2_N1_T0
15063 20 -5 0 S2_N1_T0
15066 20 -5 3.94195131165367 S2_N1_T0
15069 20 -5 50.9854361343397 S2_N1_T0
15042 21 -5 0 S2_N1_T0
15045 21 -5 0 S2_N1_T0
15048 21 -5 0 S2_N1_T0
15049 21 -5 0 S2_N1_T0
15051 21 -5 0 S2_N1_T0
15053 21 -5 0 S2_N1_T0
15054 21 -5 0 S2_N1_T0
15055 21 -5 0 S2_N1_T0
15056 21 -5 0 S2_N1_T0
15057 21 -5 0 S2_N1_T0
15059 21 -5 0 S2_N1_T0
15060 21 -5 0 S2_N1_T0
15063 21 -5 0 S2_N1_T0
15066 21 -5 0 S2_N1_T0
15069 21 -5 0 S2_N1_T0
15042 22 -5 0 S2_N1_T0
15045 22 -5 0 S2_N1_T0
15048 22 -5 0 S2_N1_T0
15049 22 -5 0 S2_N1_T0
15051 22 -5 0 S2_N1_T0
15053 22 -5 0 S2_N1_T0
15054 22 -5 0 S2_N1_T0
15055 22 -5 0 S2_N1_T0
15056 22 -5 0 S2_N1_T0
15057 22 -5 0 S2_N1_T0
15059 22 -5 0 S2_N1_T0
15060 22 -5 0 S2_N1_T0
15063 22 -5 0 S2_N1_T0
15066 22 -5 0 S2_N1_T0
15069 22 -5 0 S2_N1_T0
15042 23 -5 0 S2_N1_T0
15045 23 -5 0 S2_N1_T0
15048 23 -5 11.5584284509379 S2_N1_T0
15049 23 -5 0 S2_N1_T0
15051 23 -5 0 S2_N1_T0
15053 23 -5 0 S2_N1_T0
15054 23 -5 0 S2_N1_T0
15055 23 -5 0 S2_N1_T0
15056 23 -5 0 S2_N1_T0
15057 23 -5 0 S2_N1_T0
15059 23 -5 0 S2_N1_T0
15060 23 -5 0 S2_N1_T0
15063 23 -5 0 S2_N1_T0
15066 23 -5 0 S2_N1_T0
15069 23 -5 0 S2_N1_T0
15042 24 -5 0 S2_N1_T0
15045 24 -5 0 S2_N1_T0
15048 24 -5 0 S2_N1_T0
15049 24 -5 0 S2_N1_T0
15051 24 -5 0 S2_N1_T0
15053 24 -5 0 S2_N1_T0
15054 24 -5 0 S2_N1_T0
15055 24 -5 0 S2_N1_T0
15056 24 -5 0 S2_N1_T0
15057 24 -5 0 S2_N1_T0
15059 24 -5 0 S2_N1_T0
15060 24 -5 0 S2_N1_T0
15063 24 -5 0 S2_N1_T0
15066 24 -5 0 S2_N1_T0
15069 24 -5 0 S2_N1_T0
15042 25 -5 0 S2_N1_T0
15045 25 -5 0 S2_N1_T0
15048 25 -5 193.926868917301 S2_N1_T0
15049 25 -5 0 S2_N1_T0
15051 25 -5 0 S2_N1_T0
15053 25 -5 0 S2_N1_T0
15054 25 -5 0 S2_N1_T0
15055 25 -5 0 S2_N1_T0
15056 25 -5 0 S2_N1_T0
15057 25 -5 0 S2_N1_T0
15059 25 -5 0 S2_N1_T0
15060 25 -5 0 S2_N1_T0
15063 25 -5 0 S2_N1_T0
15066 25 -5 0 S2_N1_T0
15069 25 -5 0 S2_N1_T0
15042 26 -5 0 S2_N1_T0
15045 26 -5 0 S2_N1_T0
15048 26 -5 3.23082269554224 S2_N1_T0
15049 26 -5 0 S2_N1_T0
15051 26 -5 0 S2_N1_T0
15053 26 -5 0 S2_N1_T0
15054 26 -5 0 S2_N1_T0
15055 26 -5 0 S2_N1_T0
15056 26 -5 0 S2_N1_T0
15057 26 -5 0 S2_N1_T0
15059 26 -5 0 S2_N1_T0
15060 26 -5 0 S2_N1_T0
15063 26 -5 0 S2_N1_T0
15066 26 -5 0 S2_N1_T0
15069 26 -5 0 S2_N1_T0
15042 27 -5 0 S2_N1_T0
15045 27 -5 0 S2_N1_T0
15048 27 -5 52.2089110907557 S2_N1_T0
15049 27 -5 0 S2_N1_T0
15051 27 -5 0 S2_N1_T0
15053 27 -5 0 S2_N1_T0
15054 27 -5 0 S2_N1_T0
15055 27 -5 0 S2_N1_T0
15056 27 -5 0 S2_N1_T0
15057 27 -5 0 S2_N1_T0
15059 27 -5 0 S2_N1_T0
15060 27 -5 0 S2_N1_T0
15063 27 -5 0 S2_N1_T0
15066 27 -5 0 S2_N1_T0
15069 27 -5 0 S2_N1_T0
15042 28 -5 0 S2_N1_T0
15045 28 -5 0 S2_N1_T0
15048 28 -5 20.5874289730062 S2_N1_T0
15049 28 -5 0 S2_N1_T0
15051 28 -5 3.287217985281 S2_N1_T0
15053 28 -5 9.73698525221401 S2_N1_T0
15054 28 -5 0 S2_N1_T0
15055 28 -5 0 S2_N1_T0
15056 28 -5 0 S2_N1_T0
15057 28 -5 0 S2_N1_T0
15059 28 -5 1.03750430982004 S2_N1_T0
15060 28 -5 0 S2_N1_T0
15063 28 -5 0 S2_N1_T0
15066 28 -5 0 S2_N1_T0
15069 28 -5 0 S2_N1_T0
15042 29 -5 0 S2_N1_T0
15045 29 -5 0 S2_N1_T0
15048 29 -5 0 S2_N1_T0
15049 29 -5 0 S2_N1_T0
15051 29 -5 0 S2_N1_T0
15053 29 -5 0 S2_N1_T0
15054 29 -5 0 S2_N1_T0
15055 29 -5 0 S2_N1_T0
15056 29 -5 0 S2_N1_T0
15057 29 -5 0 S2_N1_T0
15059 29 -5 0 S2_N1_T0
15060 29 -5 0 S2_N1_T0
15063 29 -5 0 S2_N1_T0
15066 29 -5 0 S2_N1_T0
15069 29 -5 0 S2_N1_T0
15042 30 -5 0 S2_N1_T0
15045 30 -5 0 S2_N1_T0
15048 30 -5 228.501449715837 S2_N1_T0
15049 30 -5 0 S2_N1_T0
15051 30 -5 0 S2_N1_T0
15053 30 -5 0 S2_N1_T0
15054 30 -5 0 S2_N1_T0
15055 30 -5 0 S2_N1_T0
15056 30 -5 0 S2_N1_T0
15057 30 -5 0 S2_N1_T0
15059 30 -5 0 S2_N1_T0
15060 30 -5 0 S2_N1_T0
15063 30 -5 0 S2_N1_T0
15066 30 -5 0 S2_N1_T0
15069 30 -5 0 S2_N1_T0
15042 31 -5 0 S2_N1_T0
15045 31 -5 0 S2_N1_T0
15048 31 -5 35.2529312463192 S2_N1_T0
15049 31 -5 0 S2_N1_T0
15051 31 -5 0 S2_N1_T0
15053 31 -5 0 S2_N1_T0
15054 31 -5 0 S2_N1_T0
15055 31 -5 0 S2_N1_T0
15056 31 -5 0 S2_N1_T0
15057 31 -5 0 S2_N1_T0
15059 31 -5 0 S2_N1_T0
15060 31 -5 0 S2_N1_T0
15063 31 -5 0 S2_N1_T0
15066 31 -5 0 S2_N1_T0
15069 31 -5 0 S2_N1_T0
