speciesID lakeID variable value scenario
14011 1 -0.5 31.7447479235697 S2_Nm1_T0
14012 1 -0.5 37.3321293391535 S2_Nm1_T0
14013 1 -0.5 131.984036375201 S2_Nm1_T0
14015 1 -0.5 0 S2_Nm1_T0
14017 1 -0.5 250.941866528107 S2_Nm1_T0
14018 1 -0.5 0 S2_Nm1_T0
14022 1 -0.5 255.657509840061 S2_Nm1_T0
14023 1 -0.5 0 S2_Nm1_T0
14025 1 -0.5 0 S2_Nm1_T0
14027 1 -0.5 62.79375538696 S2_Nm1_T0
14029 1 -0.5 132.779368840508 S2_Nm1_T0
14030 1 -0.5 1.65641004590492 S2_Nm1_T0
14031 1 -0.5 0 S2_Nm1_T0
14032 1 -0.5 307.970053119759 S2_Nm1_T0
14033 1 -0.5 0 S2_Nm1_T0
14011 2 -0.5 0 S2_Nm1_T0
14012 2 -0.5 0 S2_Nm1_T0
14013 2 -0.5 0 S2_Nm1_T0
14015 2 -0.5 0 S2_Nm1_T0
14017 2 -0.5 0 S2_Nm1_T0
14018 2 -0.5 0 S2_Nm1_T0
14022 2 -0.5 0 S2_Nm1_T0
14023 2 -0.5 0 S2_Nm1_T0
14025 2 -0.5 0 S2_Nm1_T0
14027 2 -0.5 0 S2_Nm1_T0
14029 2 -0.5 0 S2_Nm1_T0
14030 2 -0.5 0 S2_Nm1_T0
14031 2 -0.5 0 S2_Nm1_T0
14032 2 -0.5 0 S2_Nm1_T0
14033 2 -0.5 0 S2_Nm1_T0
14011 3 -0.5 0 S2_Nm1_T0
14012 3 -0.5 0 S2_Nm1_T0
14013 3 -0.5 0 S2_Nm1_T0
14015 3 -0.5 0 S2_Nm1_T0
14017 3 -0.5 0 S2_Nm1_T0
14018 3 -0.5 0 S2_Nm1_T0
14022 3 -0.5 0 S2_Nm1_T0
14023 3 -0.5 0 S2_Nm1_T0
14025 3 -0.5 0 S2_Nm1_T0
14027 3 -0.5 0 S2_Nm1_T0
14029 3 -0.5 0 S2_Nm1_T0
14030 3 -0.5 0 S2_Nm1_T0
14031 3 -0.5 0 S2_Nm1_T0
14032 3 -0.5 0 S2_Nm1_T0
14033 3 -0.5 0 S2_Nm1_T0
14011 4 -0.5 0 S2_Nm1_T0
14012 4 -0.5 0 S2_Nm1_T0
14013 4 -0.5 36.2688060255388 S2_Nm1_T0
14015 4 -0.5 0 S2_Nm1_T0
14017 4 -0.5 7.86252094326163 S2_Nm1_T0
14018 4 -0.5 0 S2_Nm1_T0
14022 4 -0.5 156.143390852946 S2_Nm1_T0
14023 4 -0.5 0 S2_Nm1_T0
14025 4 -0.5 0 S2_Nm1_T0
14027 4 -0.5 0 S2_Nm1_T0
14029 4 -0.5 17.6031050956038 S2_Nm1_T0
14030 4 -0.5 0 S2_Nm1_T0
14031 4 -0.5 0 S2_Nm1_T0
14032 4 -0.5 116.76797095667 S2_Nm1_T0
14033 4 -0.5 0 S2_Nm1_T0
14011 5 -0.5 0 S2_Nm1_T0
14012 5 -0.5 0 S2_Nm1_T0
14013 5 -0.5 0 S2_Nm1_T0
14015 5 -0.5 0 S2_Nm1_T0
14017 5 -0.5 0 S2_Nm1_T0
14018 5 -0.5 0 S2_Nm1_T0
14022 5 -0.5 0 S2_Nm1_T0
14023 5 -0.5 0 S2_Nm1_T0
14025 5 -0.5 0 S2_Nm1_T0
14027 5 -0.5 0 S2_Nm1_T0
14029 5 -0.5 0 S2_Nm1_T0
14030 5 -0.5 0 S2_Nm1_T0
14031 5 -0.5 0 S2_Nm1_T0
14032 5 -0.5 0 S2_Nm1_T0
14033 5 -0.5 0 S2_Nm1_T0
14011 6 -0.5 0 S2_Nm1_T0
14012 6 -0.5 0 S2_Nm1_T0
14013 6 -0.5 9.41286468368787 S2_Nm1_T0
14015 6 -0.5 0 S2_Nm1_T0
14017 6 -0.5 0 S2_Nm1_T0
14018 6 -0.5 0 S2_Nm1_T0
14022 6 -0.5 101.469411250349 S2_Nm1_T0
14023 6 -0.5 0 S2_Nm1_T0
14025 6 -0.5 0 S2_Nm1_T0
14027 6 -0.5 0 S2_Nm1_T0
14029 6 -0.5 2.99348037944374 S2_Nm1_T0
14030 6 -0.5 0 S2_Nm1_T0
14031 6 -0.5 0 S2_Nm1_T0
14032 6 -0.5 42.5261826524642 S2_Nm1_T0
14033 6 -0.5 0 S2_Nm1_T0
14011 7 -0.5 0 S2_Nm1_T0
14012 7 -0.5 0 S2_Nm1_T0
14013 7 -0.5 0 S2_Nm1_T0
14015 7 -0.5 0 S2_Nm1_T0
14017 7 -0.5 0 S2_Nm1_T0
14018 7 -0.5 0 S2_Nm1_T0
14022 7 -0.5 0 S2_Nm1_T0
14023 7 -0.5 0 S2_Nm1_T0
14025 7 -0.5 0 S2_Nm1_T0
14027 7 -0.5 0 S2_Nm1_T0
14029 7 -0.5 0 S2_Nm1_T0
14030 7 -0.5 0 S2_Nm1_T0
14031 7 -0.5 0 S2_Nm1_T0
14032 7 -0.5 0 S2_Nm1_T0
14033 7 -0.5 0 S2_Nm1_T0
14011 8 -0.5 12.685705925015 S2_Nm1_T0
14012 8 -0.5 16.4600870164687 S2_Nm1_T0
14013 8 -0.5 108.561053127832 S2_Nm1_T0
14015 8 -0.5 0 S2_Nm1_T0
14017 8 -0.5 169.176250675441 S2_Nm1_T0
14018 8 -0.5 0 S2_Nm1_T0
14022 8 -0.5 230.504761277521 S2_Nm1_T0
14023 8 -0.5 0 S2_Nm1_T0
14025 8 -0.5 0 S2_Nm1_T0
14027 8 -0.5 35.5235227022378 S2_Nm1_T0
14029 8 -0.5 105.873218060345 S2_Nm1_T0
14030 8 -0.5 0 S2_Nm1_T0
14031 8 -0.5 0 S2_Nm1_T0
14032 8 -0.5 265.625992031199 S2_Nm1_T0
14033 8 -0.5 0 S2_Nm1_T0
14011 9 -0.5 0 S2_Nm1_T0
14012 9 -0.5 0 S2_Nm1_T0
14013 9 -0.5 4.8920157430338 S2_Nm1_T0
14015 9 -0.5 0 S2_Nm1_T0
14017 9 -0.5 0 S2_Nm1_T0
14018 9 -0.5 0 S2_Nm1_T0
14022 9 -0.5 94.3999912111184 S2_Nm1_T0
14023 9 -0.5 0 S2_Nm1_T0
14025 9 -0.5 0 S2_Nm1_T0
14027 9 -0.5 0 S2_Nm1_T0
14029 9 -0.5 1.38808831846077 S2_Nm1_T0
14030 9 -0.5 0 S2_Nm1_T0
14031 9 -0.5 0 S2_Nm1_T0
14032 9 -0.5 32.3803113601333 S2_Nm1_T0
14033 9 -0.5 0 S2_Nm1_T0
14011 10 -0.5 10.1967210027025 S2_Nm1_T0
14012 10 -0.5 12.5524030572386 S2_Nm1_T0
14013 10 -0.5 109.584663583719 S2_Nm1_T0
14015 10 -0.5 0 S2_Nm1_T0
14017 10 -0.5 178.718993086433 S2_Nm1_T0
14018 10 -0.5 0 S2_Nm1_T0
14022 10 -0.5 238.507796648951 S2_Nm1_T0
14023 10 -0.5 0 S2_Nm1_T0
14025 10 -0.5 0 S2_Nm1_T0
14027 10 -0.5 31.0550137404354 S2_Nm1_T0
14029 10 -0.5 114.21779396636 S2_Nm1_T0
14030 10 -0.5 0 S2_Nm1_T0
14031 10 -0.5 0 S2_Nm1_T0
14032 10 -0.5 263.792550959569 S2_Nm1_T0
14033 10 -0.5 0 S2_Nm1_T0
14011 11 -0.5 9.99951105388626 S2_Nm1_T0
14012 11 -0.5 15.5156835543961 S2_Nm1_T0
14013 11 -0.5 103.636413061059 S2_Nm1_T0
14015 11 -0.5 0 S2_Nm1_T0
14017 11 -0.5 182.959798405463 S2_Nm1_T0
14018 11 -0.5 0 S2_Nm1_T0
14022 11 -0.5 233.331964145467 S2_Nm1_T0
14023 11 -0.5 0 S2_Nm1_T0
14025 11 -0.5 0 S2_Nm1_T0
14027 11 -0.5 38.1404386612089 S2_Nm1_T0
14029 11 -0.5 79.7934095717799 S2_Nm1_T0
14030 11 -0.5 0 S2_Nm1_T0
14031 11 -0.5 0 S2_Nm1_T0
14032 11 -0.5 265.233890173884 S2_Nm1_T0
14033 11 -0.5 0 S2_Nm1_T0
14011 12 -0.5 9.25759426699319 S2_Nm1_T0
14012 12 -0.5 12.7160766419698 S2_Nm1_T0
14013 12 -0.5 93.6729958114105 S2_Nm1_T0
14015 12 -0.5 0 S2_Nm1_T0
14017 12 -0.5 145.534035934742 S2_Nm1_T0
14018 12 -0.5 0 S2_Nm1_T0
14022 12 -0.5 215.837187021959 S2_Nm1_T0
14023 12 -0.5 0 S2_Nm1_T0
14025 12 -0.5 0 S2_Nm1_T0
14027 12 -0.5 32.5961657383661 S2_Nm1_T0
14029 12 -0.5 56.6772833610664 S2_Nm1_T0
14030 12 -0.5 0 S2_Nm1_T0
14031 12 -0.5 0 S2_Nm1_T0
14032 12 -0.5 248.842122909287 S2_Nm1_T0
14033 12 -0.5 0 S2_Nm1_T0
14011 13 -0.5 0 S2_Nm1_T0
14012 13 -0.5 0 S2_Nm1_T0
14013 13 -0.5 0 S2_Nm1_T0
14015 13 -0.5 0 S2_Nm1_T0
14017 13 -0.5 0 S2_Nm1_T0
14018 13 -0.5 0 S2_Nm1_T0
14022 13 -0.5 0 S2_Nm1_T0
14023 13 -0.5 0 S2_Nm1_T0
14025 13 -0.5 0 S2_Nm1_T0
14027 13 -0.5 0 S2_Nm1_T0
14029 13 -0.5 0 S2_Nm1_T0
14030 13 -0.5 0 S2_Nm1_T0
14031 13 -0.5 0 S2_Nm1_T0
14032 13 -0.5 0 S2_Nm1_T0
14033 13 -0.5 0 S2_Nm1_T0
14011 14 -0.5 0 S2_Nm1_T0
14012 14 -0.5 0 S2_Nm1_T0
14013 14 -0.5 0 S2_Nm1_T0
14015 14 -0.5 0 S2_Nm1_T0
14017 14 -0.5 0 S2_Nm1_T0
14018 14 -0.5 0 S2_Nm1_T0
14022 14 -0.5 0 S2_Nm1_T0
14023 14 -0.5 0 S2_Nm1_T0
14025 14 -0.5 0 S2_Nm1_T0
14027 14 -0.5 0 S2_Nm1_T0
14029 14 -0.5 0 S2_Nm1_T0
14030 14 -0.5 0 S2_Nm1_T0
14031 14 -0.5 0 S2_Nm1_T0
14032 14 -0.5 0 S2_Nm1_T0
14033 14 -0.5 0 S2_Nm1_T0
14011 15 -0.5 25.2844370853446 S2_Nm1_T0
14012 15 -0.5 27.6880172239214 S2_Nm1_T0
14013 15 -0.5 128.112264389855 S2_Nm1_T0
14015 15 -0.5 0 S2_Nm1_T0
14017 15 -0.5 227.357734123125 S2_Nm1_T0
14018 15 -0.5 0 S2_Nm1_T0
14022 15 -0.5 254.742023423094 S2_Nm1_T0
14023 15 -0.5 0 S2_Nm1_T0
14025 15 -0.5 0 S2_Nm1_T0
14027 15 -0.5 48.405400739067 S2_Nm1_T0
14029 15 -0.5 143.155252698433 S2_Nm1_T0
14030 15 -0.5 2.11175080266964 S2_Nm1_T0
14031 15 -0.5 0 S2_Nm1_T0
14032 15 -0.5 295.439790562188 S2_Nm1_T0
14033 15 -0.5 0 S2_Nm1_T0
14011 16 -0.5 37.4232088299218 S2_Nm1_T0
14012 16 -0.5 42.0846140091293 S2_Nm1_T0
14013 16 -0.5 133.623173002159 S2_Nm1_T0
14015 16 -0.5 0 S2_Nm1_T0
14017 16 -0.5 240.728784888397 S2_Nm1_T0
14018 16 -0.5 0 S2_Nm1_T0
14022 16 -0.5 250.892415151649 S2_Nm1_T0
14023 16 -0.5 0 S2_Nm1_T0
14025 16 -0.5 0 S2_Nm1_T0
14027 16 -0.5 63.8689771973253 S2_Nm1_T0
14029 16 -0.5 134.020865538612 S2_Nm1_T0
14030 16 -0.5 1.17099690007788 S2_Nm1_T0
14031 16 -0.5 0 S2_Nm1_T0
14032 16 -0.5 311.775950163125 S2_Nm1_T0
14033 16 -0.5 0 S2_Nm1_T0
14011 17 -0.5 0 S2_Nm1_T0
14012 17 -0.5 0 S2_Nm1_T0
14013 17 -0.5 0 S2_Nm1_T0
14015 17 -0.5 0 S2_Nm1_T0
14017 17 -0.5 0 S2_Nm1_T0
14018 17 -0.5 0 S2_Nm1_T0
14022 17 -0.5 0 S2_Nm1_T0
14023 17 -0.5 0 S2_Nm1_T0
14025 17 -0.5 0 S2_Nm1_T0
14027 17 -0.5 0 S2_Nm1_T0
14029 17 -0.5 0 S2_Nm1_T0
14030 17 -0.5 0 S2_Nm1_T0
14031 17 -0.5 0 S2_Nm1_T0
14032 17 -0.5 0 S2_Nm1_T0
14033 17 -0.5 0 S2_Nm1_T0
14011 18 -0.5 21.3015304591629 S2_Nm1_T0
14012 18 -0.5 26.4944748233819 S2_Nm1_T0
14013 18 -0.5 114.515436153501 S2_Nm1_T0
14015 18 -0.5 0 S2_Nm1_T0
14017 18 -0.5 196.681814032038 S2_Nm1_T0
14018 18 -0.5 0 S2_Nm1_T0
14022 18 -0.5 233.669034530717 S2_Nm1_T0
14023 18 -0.5 0 S2_Nm1_T0
14025 18 -0.5 0 S2_Nm1_T0
14027 18 -0.5 49.1427812607652 S2_Nm1_T0
14029 18 -0.5 97.2244243370032 S2_Nm1_T0
14030 18 -0.5 0 S2_Nm1_T0
14031 18 -0.5 0 S2_Nm1_T0
14032 18 -0.5 278.81808504112 S2_Nm1_T0
14033 18 -0.5 0 S2_Nm1_T0
14011 19 -0.5 4.65650550880107 S2_Nm1_T0
14012 19 -0.5 4.31206404422522 S2_Nm1_T0
14013 19 -0.5 95.9750526880859 S2_Nm1_T0
14015 19 -0.5 0 S2_Nm1_T0
14017 19 -0.5 132.956851021873 S2_Nm1_T0
14018 19 -0.5 0 S2_Nm1_T0
14022 19 -0.5 223.747804710665 S2_Nm1_T0
14023 19 -0.5 0 S2_Nm1_T0
14025 19 -0.5 0 S2_Nm1_T0
14027 19 -0.5 12.7853853773099 S2_Nm1_T0
14029 19 -0.5 97.720832710965 S2_Nm1_T0
14030 19 -0.5 0 S2_Nm1_T0
14031 19 -0.5 0 S2_Nm1_T0
14032 19 -0.5 233.312565689805 S2_Nm1_T0
14033 19 -0.5 0 S2_Nm1_T0
14011 20 -0.5 37.1432851356768 S2_Nm1_T0
14012 20 -0.5 41.7171152028423 S2_Nm1_T0
14013 20 -0.5 135.565182859825 S2_Nm1_T0
14015 20 -0.5 0 S2_Nm1_T0
14017 20 -0.5 244.378774079165 S2_Nm1_T0
14018 20 -0.5 0 S2_Nm1_T0
14022 20 -0.5 255.443190299526 S2_Nm1_T0
14023 20 -0.5 0 S2_Nm1_T0
14025 20 -0.5 0 S2_Nm1_T0
14027 20 -0.5 62.6823847556105 S2_Nm1_T0
14029 20 -0.5 141.807211837289 S2_Nm1_T0
14030 20 -0.5 1.63063846201022 S2_Nm1_T0
14031 20 -0.5 0 S2_Nm1_T0
14032 20 -0.5 315.398097509042 S2_Nm1_T0
14033 20 -0.5 0 S2_Nm1_T0
14011 21 -0.5 4.07593826053641 S2_Nm1_T0
14012 21 -0.5 3.91126812619862 S2_Nm1_T0
14013 21 -0.5 95.6782812715486 S2_Nm1_T0
14015 21 -0.5 0 S2_Nm1_T0
14017 21 -0.5 140.559285278054 S2_Nm1_T0
14018 21 -0.5 0 S2_Nm1_T0
14022 21 -0.5 226.170277499154 S2_Nm1_T0
14023 21 -0.5 0 S2_Nm1_T0
14025 21 -0.5 0 S2_Nm1_T0
14027 21 -0.5 12.4546318891544 S2_Nm1_T0
14029 21 -0.5 99.1920754991667 S2_Nm1_T0
14030 21 -0.5 0 S2_Nm1_T0
14031 21 -0.5 0 S2_Nm1_T0
14032 21 -0.5 233.938460946842 S2_Nm1_T0
14033 21 -0.5 0 S2_Nm1_T0
14011 22 -0.5 40.229022318951 S2_Nm1_T0
14012 22 -0.5 45.0221590173655 S2_Nm1_T0
14013 22 -0.5 141.003264009707 S2_Nm1_T0
14015 22 -0.5 0 S2_Nm1_T0
14017 22 -0.5 271.261908958219 S2_Nm1_T0
14018 22 -0.5 0 S2_Nm1_T0
14022 22 -0.5 263.389175520476 S2_Nm1_T0
14023 22 -0.5 0 S2_Nm1_T0
14025 22 -0.5 0 S2_Nm1_T0
14027 22 -0.5 70.4845279902298 S2_Nm1_T0
14029 22 -0.5 148.153797213767 S2_Nm1_T0
14030 22 -0.5 3.00723458527792 S2_Nm1_T0
14031 22 -0.5 0 S2_Nm1_T0
14032 22 -0.5 324.271391432805 S2_Nm1_T0
14033 22 -0.5 0 S2_Nm1_T0
14011 23 -0.5 0 S2_Nm1_T0
14012 23 -0.5 0 S2_Nm1_T0
14013 23 -0.5 55.1996520139144 S2_Nm1_T0
14015 23 -0.5 0 S2_Nm1_T0
14017 23 -0.5 24.3455451114549 S2_Nm1_T0
14018 23 -0.5 0 S2_Nm1_T0
14022 23 -0.5 170.572536646281 S2_Nm1_T0
14023 23 -0.5 0 S2_Nm1_T0
14025 23 -0.5 0 S2_Nm1_T0
14027 23 -0.5 0 S2_Nm1_T0
14029 23 -0.5 46.8594618041469 S2_Nm1_T0
14030 23 -0.5 0 S2_Nm1_T0
14031 23 -0.5 0 S2_Nm1_T0
14032 23 -0.5 136.303384679365 S2_Nm1_T0
14033 23 -0.5 0 S2_Nm1_T0
14011 24 -0.5 10.1859514040566 S2_Nm1_T0
14012 24 -0.5 12.9381151259734 S2_Nm1_T0
14013 24 -0.5 111.521518282421 S2_Nm1_T0
14015 24 -0.5 0 S2_Nm1_T0
14017 24 -0.5 191.639116924584 S2_Nm1_T0
14018 24 -0.5 0 S2_Nm1_T0
14022 24 -0.5 242.731401010199 S2_Nm1_T0
14023 24 -0.5 0 S2_Nm1_T0
14025 24 -0.5 0 S2_Nm1_T0
14027 24 -0.5 32.6661526616566 S2_Nm1_T0
14029 24 -0.5 120.04777402237 S2_Nm1_T0
14030 24 -0.5 0 S2_Nm1_T0
14031 24 -0.5 0 S2_Nm1_T0
14032 24 -0.5 267.733643989801 S2_Nm1_T0
14033 24 -0.5 0 S2_Nm1_T0
14011 25 -0.5 0 S2_Nm1_T0
14012 25 -0.5 0 S2_Nm1_T0
14013 25 -0.5 0 S2_Nm1_T0
14015 25 -0.5 0 S2_Nm1_T0
14017 25 -0.5 0 S2_Nm1_T0
14018 25 -0.5 0 S2_Nm1_T0
14022 25 -0.5 0 S2_Nm1_T0
14023 25 -0.5 0 S2_Nm1_T0
14025 25 -0.5 0 S2_Nm1_T0
14027 25 -0.5 0 S2_Nm1_T0
14029 25 -0.5 0 S2_Nm1_T0
14030 25 -0.5 0 S2_Nm1_T0
14031 25 -0.5 0 S2_Nm1_T0
14032 25 -0.5 0 S2_Nm1_T0
14033 25 -0.5 0 S2_Nm1_T0
14011 26 -0.5 39.2299126634762 S2_Nm1_T0
14012 26 -0.5 44.1981693659547 S2_Nm1_T0
14013 26 -0.5 138.941536089401 S2_Nm1_T0
14015 26 -0.5 0 S2_Nm1_T0
14017 26 -0.5 258.930076399938 S2_Nm1_T0
14018 26 -0.5 0 S2_Nm1_T0
14022 26 -0.5 260.089682803997 S2_Nm1_T0
14023 26 -0.5 0 S2_Nm1_T0
14025 26 -0.5 0 S2_Nm1_T0
14027 26 -0.5 67.5312764435326 S2_Nm1_T0
14029 26 -0.5 144.137175889506 S2_Nm1_T0
14030 26 -0.5 2.13993475172588 S2_Nm1_T0
14031 26 -0.5 0 S2_Nm1_T0
14032 26 -0.5 321.275225172696 S2_Nm1_T0
14033 26 -0.5 0 S2_Nm1_T0
14011 27 -0.5 0 S2_Nm1_T0
14012 27 -0.5 0 S2_Nm1_T0
14013 27 -0.5 0 S2_Nm1_T0
14015 27 -0.5 0 S2_Nm1_T0
14017 27 -0.5 0 S2_Nm1_T0
14018 27 -0.5 0 S2_Nm1_T0
14022 27 -0.5 0 S2_Nm1_T0
14023 27 -0.5 0 S2_Nm1_T0
14025 27 -0.5 0 S2_Nm1_T0
14027 27 -0.5 0 S2_Nm1_T0
14029 27 -0.5 0 S2_Nm1_T0
14030 27 -0.5 0 S2_Nm1_T0
14031 27 -0.5 0 S2_Nm1_T0
14032 27 -0.5 0 S2_Nm1_T0
14033 27 -0.5 0 S2_Nm1_T0
14011 28 -0.5 47.6903425479297 S2_Nm1_T0
14012 28 -0.5 50.955801392167 S2_Nm1_T0
14013 28 -0.5 147.198034683949 S2_Nm1_T0
14015 28 -0.5 0 S2_Nm1_T0
14017 28 -0.5 282.571629585527 S2_Nm1_T0
14018 28 -0.5 0 S2_Nm1_T0
14022 28 -0.5 267.570227182314 S2_Nm1_T0
14023 28 -0.5 0 S2_Nm1_T0
14025 28 -0.5 0 S2_Nm1_T0
14027 28 -0.5 76.1358749215967 S2_Nm1_T0
14029 28 -0.5 155.690260139312 S2_Nm1_T0
14030 28 -0.5 3.87774499035703 S2_Nm1_T0
14031 28 -0.5 0 S2_Nm1_T0
14032 28 -0.5 335.537437052641 S2_Nm1_T0
14033 28 -0.5 0 S2_Nm1_T0
14011 29 -0.5 0 S2_Nm1_T0
14012 29 -0.5 0 S2_Nm1_T0
14013 29 -0.5 1.04583035451369 S2_Nm1_T0
14015 29 -0.5 0 S2_Nm1_T0
14017 29 -0.5 0 S2_Nm1_T0
14018 29 -0.5 0 S2_Nm1_T0
14022 29 -0.5 72.490243243781 S2_Nm1_T0
14023 29 -0.5 0 S2_Nm1_T0
14025 29 -0.5 0 S2_Nm1_T0
14027 29 -0.5 0 S2_Nm1_T0
14029 29 -0.5 0 S2_Nm1_T0
14030 29 -0.5 0 S2_Nm1_T0
14031 29 -0.5 0 S2_Nm1_T0
14032 29 -0.5 9.04424995508622 S2_Nm1_T0
14033 29 -0.5 0 S2_Nm1_T0
14011 30 -0.5 0 S2_Nm1_T0
14012 30 -0.5 0 S2_Nm1_T0
14013 30 -0.5 0 S2_Nm1_T0
14015 30 -0.5 0 S2_Nm1_T0
14017 30 -0.5 0 S2_Nm1_T0
14018 30 -0.5 0 S2_Nm1_T0
14022 30 -0.5 0 S2_Nm1_T0
14023 30 -0.5 0 S2_Nm1_T0
14025 30 -0.5 0 S2_Nm1_T0
14027 30 -0.5 0 S2_Nm1_T0
14029 30 -0.5 0 S2_Nm1_T0
14030 30 -0.5 0 S2_Nm1_T0
14031 30 -0.5 0 S2_Nm1_T0
14032 30 -0.5 0 S2_Nm1_T0
14033 30 -0.5 0 S2_Nm1_T0
14011 31 -0.5 0 S2_Nm1_T0
14012 31 -0.5 0 S2_Nm1_T0
14013 31 -0.5 0 S2_Nm1_T0
14015 31 -0.5 0 S2_Nm1_T0
14017 31 -0.5 0 S2_Nm1_T0
14018 31 -0.5 0 S2_Nm1_T0
14022 31 -0.5 0 S2_Nm1_T0
14023 31 -0.5 0 S2_Nm1_T0
14025 31 -0.5 0 S2_Nm1_T0
14027 31 -0.5 0 S2_Nm1_T0
14029 31 -0.5 0 S2_Nm1_T0
14030 31 -0.5 0 S2_Nm1_T0
14031 31 -0.5 0 S2_Nm1_T0
14032 31 -0.5 0 S2_Nm1_T0
14033 31 -0.5 0 S2_Nm1_T0
14011 1 -1.5 0 S2_Nm1_T0
14012 1 -1.5 0 S2_Nm1_T0
14013 1 -1.5 53.375555138883 S2_Nm1_T0
14015 1 -1.5 0 S2_Nm1_T0
14017 1 -1.5 25.5126397653606 S2_Nm1_T0
14018 1 -1.5 0 S2_Nm1_T0
14022 1 -1.5 220.025397275586 S2_Nm1_T0
14023 1 -1.5 92.3910450259639 S2_Nm1_T0
14025 1 -1.5 0 S2_Nm1_T0
14027 1 -1.5 67.2201504300534 S2_Nm1_T0
14029 1 -1.5 3.48779212116274 S2_Nm1_T0
14030 1 -1.5 0 S2_Nm1_T0
14031 1 -1.5 196.573416390057 S2_Nm1_T0
14032 1 -1.5 241.810768502707 S2_Nm1_T0
14033 1 -1.5 1.27017023986881 S2_Nm1_T0
14011 2 -1.5 0 S2_Nm1_T0
14012 2 -1.5 0 S2_Nm1_T0
14013 2 -1.5 0 S2_Nm1_T0
14015 2 -1.5 0 S2_Nm1_T0
14017 2 -1.5 0 S2_Nm1_T0
14018 2 -1.5 0 S2_Nm1_T0
14022 2 -1.5 0 S2_Nm1_T0
14023 2 -1.5 0 S2_Nm1_T0
14025 2 -1.5 0 S2_Nm1_T0
14027 2 -1.5 0 S2_Nm1_T0
14029 2 -1.5 0 S2_Nm1_T0
14030 2 -1.5 0 S2_Nm1_T0
14031 2 -1.5 0 S2_Nm1_T0
14032 2 -1.5 0 S2_Nm1_T0
14033 2 -1.5 0 S2_Nm1_T0
14011 3 -1.5 0 S2_Nm1_T0
14012 3 -1.5 0 S2_Nm1_T0
14013 3 -1.5 0 S2_Nm1_T0
14015 3 -1.5 0 S2_Nm1_T0
14017 3 -1.5 0 S2_Nm1_T0
14018 3 -1.5 0 S2_Nm1_T0
14022 3 -1.5 0 S2_Nm1_T0
14023 3 -1.5 0 S2_Nm1_T0
14025 3 -1.5 0 S2_Nm1_T0
14027 3 -1.5 0 S2_Nm1_T0
14029 3 -1.5 0 S2_Nm1_T0
14030 3 -1.5 0 S2_Nm1_T0
14031 3 -1.5 0 S2_Nm1_T0
14032 3 -1.5 0 S2_Nm1_T0
14033 3 -1.5 0 S2_Nm1_T0
14011 4 -1.5 0 S2_Nm1_T0
14012 4 -1.5 0 S2_Nm1_T0
14013 4 -1.5 4.54282607901576 S2_Nm1_T0
14015 4 -1.5 0 S2_Nm1_T0
14017 4 -1.5 0 S2_Nm1_T0
14018 4 -1.5 0 S2_Nm1_T0
14022 4 -1.5 149.727138538311 S2_Nm1_T0
14023 4 -1.5 31.066320216471 S2_Nm1_T0
14025 4 -1.5 0 S2_Nm1_T0
14027 4 -1.5 0 S2_Nm1_T0
14029 4 -1.5 0 S2_Nm1_T0
14030 4 -1.5 0 S2_Nm1_T0
14031 4 -1.5 101.574385656552 S2_Nm1_T0
14032 4 -1.5 102.253632941604 S2_Nm1_T0
14033 4 -1.5 0 S2_Nm1_T0
14011 5 -1.5 0 S2_Nm1_T0
14012 5 -1.5 0 S2_Nm1_T0
14013 5 -1.5 0 S2_Nm1_T0
14015 5 -1.5 0 S2_Nm1_T0
14017 5 -1.5 0 S2_Nm1_T0
14018 5 -1.5 0 S2_Nm1_T0
14022 5 -1.5 0 S2_Nm1_T0
14023 5 -1.5 0 S2_Nm1_T0
14025 5 -1.5 0 S2_Nm1_T0
14027 5 -1.5 0 S2_Nm1_T0
14029 5 -1.5 0 S2_Nm1_T0
14030 5 -1.5 0 S2_Nm1_T0
14031 5 -1.5 0 S2_Nm1_T0
14032 5 -1.5 0 S2_Nm1_T0
14033 5 -1.5 0 S2_Nm1_T0
14011 6 -1.5 0 S2_Nm1_T0
14012 6 -1.5 0 S2_Nm1_T0
14013 6 -1.5 17.9795892667723 S2_Nm1_T0
14015 6 -1.5 0 S2_Nm1_T0
14017 6 -1.5 0 S2_Nm1_T0
14018 6 -1.5 0 S2_Nm1_T0
14022 6 -1.5 149.304476550261 S2_Nm1_T0
14023 6 -1.5 34.7625851961158 S2_Nm1_T0
14025 6 -1.5 0 S2_Nm1_T0
14027 6 -1.5 1.16935660456884 S2_Nm1_T0
14029 6 -1.5 1.07867152576392 S2_Nm1_T0
14030 6 -1.5 0 S2_Nm1_T0
14031 6 -1.5 133.295455012184 S2_Nm1_T0
14032 6 -1.5 92.1659047832702 S2_Nm1_T0
14033 6 -1.5 0 S2_Nm1_T0
14011 7 -1.5 0 S2_Nm1_T0
14012 7 -1.5 0 S2_Nm1_T0
14013 7 -1.5 0 S2_Nm1_T0
14015 7 -1.5 0 S2_Nm1_T0
14017 7 -1.5 0 S2_Nm1_T0
14018 7 -1.5 0 S2_Nm1_T0
14022 7 -1.5 0 S2_Nm1_T0
14023 7 -1.5 0 S2_Nm1_T0
14025 7 -1.5 0 S2_Nm1_T0
14027 7 -1.5 0 S2_Nm1_T0
14029 7 -1.5 0 S2_Nm1_T0
14030 7 -1.5 0 S2_Nm1_T0
14031 7 -1.5 0 S2_Nm1_T0
14032 7 -1.5 0 S2_Nm1_T0
14033 7 -1.5 0 S2_Nm1_T0
14011 8 -1.5 0 S2_Nm1_T0
14012 8 -1.5 2.17530386632579 S2_Nm1_T0
14013 8 -1.5 80.8176052883116 S2_Nm1_T0
14015 8 -1.5 0 S2_Nm1_T0
14017 8 -1.5 27.7385866158154 S2_Nm1_T0
14018 8 -1.5 0 S2_Nm1_T0
14022 8 -1.5 252.006521879779 S2_Nm1_T0
14023 8 -1.5 124.951837969399 S2_Nm1_T0
14025 8 -1.5 0 S2_Nm1_T0
14027 8 -1.5 79.769408862441 S2_Nm1_T0
14029 8 -1.5 18.1877747363325 S2_Nm1_T0
14030 8 -1.5 0 S2_Nm1_T0
14031 8 -1.5 214.614686267013 S2_Nm1_T0
14032 8 -1.5 273.40900198424 S2_Nm1_T0
14033 8 -1.5 2.16996051539343 S2_Nm1_T0
14011 9 -1.5 0 S2_Nm1_T0
14012 9 -1.5 0 S2_Nm1_T0
14013 9 -1.5 2.52035347328319 S2_Nm1_T0
14015 9 -1.5 0 S2_Nm1_T0
14017 9 -1.5 0 S2_Nm1_T0
14018 9 -1.5 0 S2_Nm1_T0
14022 9 -1.5 116.874953244308 S2_Nm1_T0
14023 9 -1.5 7.34276037601504 S2_Nm1_T0
14025 9 -1.5 0 S2_Nm1_T0
14027 9 -1.5 0 S2_Nm1_T0
14029 9 -1.5 0 S2_Nm1_T0
14030 9 -1.5 0 S2_Nm1_T0
14031 9 -1.5 94.8533618132363 S2_Nm1_T0
14032 9 -1.5 54.1278052272634 S2_Nm1_T0
14033 9 -1.5 0 S2_Nm1_T0
14011 10 -1.5 0 S2_Nm1_T0
14012 10 -1.5 1.05857159620126 S2_Nm1_T0
14013 10 -1.5 74.7693844000138 S2_Nm1_T0
14015 10 -1.5 0 S2_Nm1_T0
14017 10 -1.5 26.7561301761355 S2_Nm1_T0
14018 10 -1.5 0 S2_Nm1_T0
14022 10 -1.5 250.576001835645 S2_Nm1_T0
14023 10 -1.5 120.628643125813 S2_Nm1_T0
14025 10 -1.5 0 S2_Nm1_T0
14027 10 -1.5 68.4113228666447 S2_Nm1_T0
14029 10 -1.5 17.6693850879765 S2_Nm1_T0
14030 10 -1.5 0 S2_Nm1_T0
14031 10 -1.5 202.18049260761 S2_Nm1_T0
14032 10 -1.5 259.67882419751 S2_Nm1_T0
14033 10 -1.5 1.27521892856382 S2_Nm1_T0
14011 11 -1.5 0 S2_Nm1_T0
14012 11 -1.5 0 S2_Nm1_T0
14013 11 -1.5 1.00881222519958 S2_Nm1_T0
14015 11 -1.5 0 S2_Nm1_T0
14017 11 -1.5 0 S2_Nm1_T0
14018 11 -1.5 0 S2_Nm1_T0
14022 11 -1.5 124.276675798575 S2_Nm1_T0
14023 11 -1.5 11.4850661127143 S2_Nm1_T0
14025 11 -1.5 0 S2_Nm1_T0
14027 11 -1.5 4.50138467597912 S2_Nm1_T0
14029 11 -1.5 0 S2_Nm1_T0
14030 11 -1.5 0 S2_Nm1_T0
14031 11 -1.5 96.7074555136862 S2_Nm1_T0
14032 11 -1.5 126.924638986643 S2_Nm1_T0
14033 11 -1.5 0 S2_Nm1_T0
14011 12 -1.5 0 S2_Nm1_T0
14012 12 -1.5 0 S2_Nm1_T0
14013 12 -1.5 1.25778270572682 S2_Nm1_T0
14015 12 -1.5 0 S2_Nm1_T0
14017 12 -1.5 0 S2_Nm1_T0
14018 12 -1.5 0 S2_Nm1_T0
14022 12 -1.5 123.721083031092 S2_Nm1_T0
14023 12 -1.5 12.6238030270412 S2_Nm1_T0
14025 12 -1.5 0 S2_Nm1_T0
14027 12 -1.5 6.21283025298756 S2_Nm1_T0
14029 12 -1.5 0 S2_Nm1_T0
14030 12 -1.5 0 S2_Nm1_T0
14031 12 -1.5 103.000788062868 S2_Nm1_T0
14032 12 -1.5 128.325242547329 S2_Nm1_T0
14033 12 -1.5 0 S2_Nm1_T0
14011 13 -1.5 0 S2_Nm1_T0
14012 13 -1.5 0 S2_Nm1_T0
14013 13 -1.5 0 S2_Nm1_T0
14015 13 -1.5 0 S2_Nm1_T0
14017 13 -1.5 0 S2_Nm1_T0
14018 13 -1.5 0 S2_Nm1_T0
14022 13 -1.5 1.90525771038509 S2_Nm1_T0
14023 13 -1.5 0 S2_Nm1_T0
14025 13 -1.5 0 S2_Nm1_T0
14027 13 -1.5 0 S2_Nm1_T0
14029 13 -1.5 0 S2_Nm1_T0
14030 13 -1.5 0 S2_Nm1_T0
14031 13 -1.5 10.5528938073343 S2_Nm1_T0
14032 13 -1.5 0 S2_Nm1_T0
14033 13 -1.5 0 S2_Nm1_T0
14011 14 -1.5 0 S2_Nm1_T0
14012 14 -1.5 0 S2_Nm1_T0
14013 14 -1.5 0 S2_Nm1_T0
14015 14 -1.5 0 S2_Nm1_T0
14017 14 -1.5 0 S2_Nm1_T0
14018 14 -1.5 0 S2_Nm1_T0
14022 14 -1.5 0 S2_Nm1_T0
14023 14 -1.5 0 S2_Nm1_T0
14025 14 -1.5 0 S2_Nm1_T0
14027 14 -1.5 0 S2_Nm1_T0
14029 14 -1.5 0 S2_Nm1_T0
14030 14 -1.5 0 S2_Nm1_T0
14031 14 -1.5 0 S2_Nm1_T0
14032 14 -1.5 0 S2_Nm1_T0
14033 14 -1.5 0 S2_Nm1_T0
14011 15 -1.5 4.81958280074198 S2_Nm1_T0
14012 15 -1.5 24.0053932471711 S2_Nm1_T0
14013 15 -1.5 142.094871730454 S2_Nm1_T0
14015 15 -1.5 1.5204132819076 S2_Nm1_T0
14017 15 -1.5 164.869768875037 S2_Nm1_T0
14018 15 -1.5 6.34891471879134 S2_Nm1_T0
14022 15 -1.5 328.793354218293 S2_Nm1_T0
14023 15 -1.5 183.203453335904 S2_Nm1_T0
14025 15 -1.5 22.611514184983 S2_Nm1_T0
14027 15 -1.5 127.109920697838 S2_Nm1_T0
14029 15 -1.5 116.571873158116 S2_Nm1_T0
14030 15 -1.5 4.50052473173783 S2_Nm1_T0
14031 15 -1.5 296.379669885997 S2_Nm1_T0
14032 15 -1.5 372.55266031472 S2_Nm1_T0
14033 15 -1.5 17.2560284738266 S2_Nm1_T0
14011 16 -1.5 1.95636388516697 S2_Nm1_T0
14012 16 -1.5 16.2476033375554 S2_Nm1_T0
14013 16 -1.5 113.679057626295 S2_Nm1_T0
14015 16 -1.5 0 S2_Nm1_T0
14017 16 -1.5 108.640874251409 S2_Nm1_T0
14018 16 -1.5 0 S2_Nm1_T0
14022 16 -1.5 284.875786874557 S2_Nm1_T0
14023 16 -1.5 151.522257186843 S2_Nm1_T0
14025 16 -1.5 5.82043024416641 S2_Nm1_T0
14027 16 -1.5 119.028076558012 S2_Nm1_T0
14029 16 -1.5 57.5570681300009 S2_Nm1_T0
14030 16 -1.5 0 S2_Nm1_T0
14031 16 -1.5 273.222358934284 S2_Nm1_T0
14032 16 -1.5 335.043283224074 S2_Nm1_T0
14033 16 -1.5 13.5511582649577 S2_Nm1_T0
14011 17 -1.5 0 S2_Nm1_T0
14012 17 -1.5 0 S2_Nm1_T0
14013 17 -1.5 0 S2_Nm1_T0
14015 17 -1.5 0 S2_Nm1_T0
14017 17 -1.5 0 S2_Nm1_T0
14018 17 -1.5 0 S2_Nm1_T0
14022 17 -1.5 35.8405005952814 S2_Nm1_T0
14023 17 -1.5 0 S2_Nm1_T0
14025 17 -1.5 0 S2_Nm1_T0
14027 17 -1.5 0 S2_Nm1_T0
14029 17 -1.5 0 S2_Nm1_T0
14030 17 -1.5 0 S2_Nm1_T0
14031 17 -1.5 67.4370676038882 S2_Nm1_T0
14032 17 -1.5 0 S2_Nm1_T0
14033 17 -1.5 0 S2_Nm1_T0
14011 18 -1.5 0 S2_Nm1_T0
14012 18 -1.5 0 S2_Nm1_T0
14013 18 -1.5 28.9125410732257 S2_Nm1_T0
14015 18 -1.5 0 S2_Nm1_T0
14017 18 -1.5 3.92396811321108 S2_Nm1_T0
14018 18 -1.5 0 S2_Nm1_T0
14022 18 -1.5 191.438771568307 S2_Nm1_T0
14023 18 -1.5 67.9842796396938 S2_Nm1_T0
14025 18 -1.5 0 S2_Nm1_T0
14027 18 -1.5 48.6158327227611 S2_Nm1_T0
14029 18 -1.5 0 S2_Nm1_T0
14030 18 -1.5 0 S2_Nm1_T0
14031 18 -1.5 169.531060722324 S2_Nm1_T0
14032 18 -1.5 206.87531642451 S2_Nm1_T0
14033 18 -1.5 0 S2_Nm1_T0
14011 19 -1.5 0 S2_Nm1_T0
14012 19 -1.5 0 S2_Nm1_T0
14013 19 -1.5 66.5146554894053 S2_Nm1_T0
14015 19 -1.5 0 S2_Nm1_T0
14017 19 -1.5 12.7745948550905 S2_Nm1_T0
14018 19 -1.5 0 S2_Nm1_T0
14022 19 -1.5 240.659538287345 S2_Nm1_T0
14023 19 -1.5 112.384106347071 S2_Nm1_T0
14025 19 -1.5 0 S2_Nm1_T0
14027 19 -1.5 54.9890379625321 S2_Nm1_T0
14029 19 -1.5 12.3942189821364 S2_Nm1_T0
14030 19 -1.5 0 S2_Nm1_T0
14031 19 -1.5 188.042185047506 S2_Nm1_T0
14032 19 -1.5 236.730881852198 S2_Nm1_T0
14033 19 -1.5 0 S2_Nm1_T0
14011 20 -1.5 5.32225331489364 S2_Nm1_T0
14012 20 -1.5 28.5125671408378 S2_Nm1_T0
14013 20 -1.5 136.23808556009 S2_Nm1_T0
14015 20 -1.5 0 S2_Nm1_T0
14017 20 -1.5 154.274053586201 S2_Nm1_T0
14018 20 -1.5 1.98888417240998 S2_Nm1_T0
14022 20 -1.5 314.500714004195 S2_Nm1_T0
14023 20 -1.5 174.631360139002 S2_Nm1_T0
14025 20 -1.5 19.9078652705256 S2_Nm1_T0
14027 20 -1.5 135.408742574859 S2_Nm1_T0
14029 20 -1.5 97.12693946131 S2_Nm1_T0
14030 20 -1.5 2.13426719516817 S2_Nm1_T0
14031 20 -1.5 300.188320344513 S2_Nm1_T0
14032 20 -1.5 373.454312704144 S2_Nm1_T0
14033 20 -1.5 22.099742118792 S2_Nm1_T0
14011 21 -1.5 0 S2_Nm1_T0
14012 21 -1.5 0 S2_Nm1_T0
14013 21 -1.5 53.3389376010423 S2_Nm1_T0
14015 21 -1.5 0 S2_Nm1_T0
14017 21 -1.5 8.51348728648065 S2_Nm1_T0
14018 21 -1.5 0 S2_Nm1_T0
14022 21 -1.5 227.862214959305 S2_Nm1_T0
14023 21 -1.5 100.557595753974 S2_Nm1_T0
14025 21 -1.5 0 S2_Nm1_T0
14027 21 -1.5 44.1050663024201 S2_Nm1_T0
14029 21 -1.5 6.42240893852895 S2_Nm1_T0
14030 21 -1.5 0 S2_Nm1_T0
14031 21 -1.5 172.32692551339 S2_Nm1_T0
14032 21 -1.5 219.240678769938 S2_Nm1_T0
14033 21 -1.5 0 S2_Nm1_T0
14011 22 -1.5 0 S2_Nm1_T0
14012 22 -1.5 6.55735598145376 S2_Nm1_T0
14013 22 -1.5 92.7154689451155 S2_Nm1_T0
14015 22 -1.5 0 S2_Nm1_T0
14017 22 -1.5 95.8072465167039 S2_Nm1_T0
14018 22 -1.5 0 S2_Nm1_T0
14022 22 -1.5 262.9518716602 S2_Nm1_T0
14023 22 -1.5 131.420640904791 S2_Nm1_T0
14025 22 -1.5 0 S2_Nm1_T0
14027 22 -1.5 100.143989127646 S2_Nm1_T0
14029 22 -1.5 32.9975989678078 S2_Nm1_T0
14030 22 -1.5 0 S2_Nm1_T0
14031 22 -1.5 245.344067036788 S2_Nm1_T0
14032 22 -1.5 301.173250084408 S2_Nm1_T0
14033 22 -1.5 6.81658554063555 S2_Nm1_T0
14011 23 -1.5 0 S2_Nm1_T0
14012 23 -1.5 0 S2_Nm1_T0
14013 23 -1.5 32.9056493619326 S2_Nm1_T0
14015 23 -1.5 0 S2_Nm1_T0
14017 23 -1.5 1.44852302270381 S2_Nm1_T0
14018 23 -1.5 0 S2_Nm1_T0
14022 23 -1.5 191.948228448753 S2_Nm1_T0
14023 23 -1.5 71.5932875077349 S2_Nm1_T0
14025 23 -1.5 0 S2_Nm1_T0
14027 23 -1.5 8.7239254885305 S2_Nm1_T0
14029 23 -1.5 3.12413404869733 S2_Nm1_T0
14030 23 -1.5 0 S2_Nm1_T0
14031 23 -1.5 144.937431978418 S2_Nm1_T0
14032 23 -1.5 150.447443504394 S2_Nm1_T0
14033 23 -1.5 0 S2_Nm1_T0
14011 24 -1.5 0 S2_Nm1_T0
14012 24 -1.5 0 S2_Nm1_T0
14013 24 -1.5 69.7569063838093 S2_Nm1_T0
14015 24 -1.5 0 S2_Nm1_T0
14017 24 -1.5 27.5977170005586 S2_Nm1_T0
14018 24 -1.5 0 S2_Nm1_T0
14022 24 -1.5 245.889876057172 S2_Nm1_T0
14023 24 -1.5 116.147354496329 S2_Nm1_T0
14025 24 -1.5 0 S2_Nm1_T0
14027 24 -1.5 63.7215949470476 S2_Nm1_T0
14029 24 -1.5 15.596241442043 S2_Nm1_T0
14030 24 -1.5 0 S2_Nm1_T0
14031 24 -1.5 195.169898648236 S2_Nm1_T0
14032 24 -1.5 252.626497911741 S2_Nm1_T0
14033 24 -1.5 0 S2_Nm1_T0
14011 25 -1.5 0 S2_Nm1_T0
14012 25 -1.5 0 S2_Nm1_T0
14013 25 -1.5 0 S2_Nm1_T0
14015 25 -1.5 0 S2_Nm1_T0
14017 25 -1.5 0 S2_Nm1_T0
14018 25 -1.5 0 S2_Nm1_T0
14022 25 -1.5 0 S2_Nm1_T0
14023 25 -1.5 0 S2_Nm1_T0
14025 25 -1.5 0 S2_Nm1_T0
14027 25 -1.5 0 S2_Nm1_T0
14029 25 -1.5 0 S2_Nm1_T0
14030 25 -1.5 0 S2_Nm1_T0
14031 25 -1.5 0 S2_Nm1_T0
14032 25 -1.5 0 S2_Nm1_T0
14033 25 -1.5 0 S2_Nm1_T0
14011 26 -1.5 1.36084784175916 S2_Nm1_T0
14012 26 -1.5 13.1594838786584 S2_Nm1_T0
14013 26 -1.5 109.198085855967 S2_Nm1_T0
14015 26 -1.5 0 S2_Nm1_T0
14017 26 -1.5 114.011533076227 S2_Nm1_T0
14018 26 -1.5 0 S2_Nm1_T0
14022 26 -1.5 282.412284582066 S2_Nm1_T0
14023 26 -1.5 148.100873280151 S2_Nm1_T0
14025 26 -1.5 4.00834086408301 S2_Nm1_T0
14027 26 -1.5 113.820072966844 S2_Nm1_T0
14029 26 -1.5 54.9695479247719 S2_Nm1_T0
14030 26 -1.5 0 S2_Nm1_T0
14031 26 -1.5 265.628150971446 S2_Nm1_T0
14032 26 -1.5 328.259652396936 S2_Nm1_T0
14033 26 -1.5 11.8546884055579 S2_Nm1_T0
14011 27 -1.5 0 S2_Nm1_T0
14012 27 -1.5 0 S2_Nm1_T0
14013 27 -1.5 0 S2_Nm1_T0
14015 27 -1.5 0 S2_Nm1_T0
14017 27 -1.5 0 S2_Nm1_T0
14018 27 -1.5 0 S2_Nm1_T0
14022 27 -1.5 0 S2_Nm1_T0
14023 27 -1.5 0 S2_Nm1_T0
14025 27 -1.5 0 S2_Nm1_T0
14027 27 -1.5 0 S2_Nm1_T0
14029 27 -1.5 0 S2_Nm1_T0
14030 27 -1.5 0 S2_Nm1_T0
14031 27 -1.5 0 S2_Nm1_T0
14032 27 -1.5 0 S2_Nm1_T0
14033 27 -1.5 0 S2_Nm1_T0
14011 28 -1.5 3.25994407317608 S2_Nm1_T0
14012 28 -1.5 22.1451924608636 S2_Nm1_T0
14013 28 -1.5 122.542100465303 S2_Nm1_T0
14015 28 -1.5 0 S2_Nm1_T0
14017 28 -1.5 153.08557330438 S2_Nm1_T0
14018 28 -1.5 0 S2_Nm1_T0
14022 28 -1.5 296.389995966139 S2_Nm1_T0
14023 28 -1.5 159.417809893458 S2_Nm1_T0
14025 28 -1.5 9.90148655077063 S2_Nm1_T0
14027 28 -1.5 127.746211956005 S2_Nm1_T0
14029 28 -1.5 77.2493267481703 S2_Nm1_T0
14030 28 -1.5 1.7747755830514 S2_Nm1_T0
14031 28 -1.5 289.121560147884 S2_Nm1_T0
14032 28 -1.5 351.315159199272 S2_Nm1_T0
14033 28 -1.5 19.3098468116868 S2_Nm1_T0
14011 29 -1.5 0 S2_Nm1_T0
14012 29 -1.5 0 S2_Nm1_T0
14013 29 -1.5 0 S2_Nm1_T0
14015 29 -1.5 0 S2_Nm1_T0
14017 29 -1.5 0 S2_Nm1_T0
14018 29 -1.5 0 S2_Nm1_T0
14022 29 -1.5 74.7921866744021 S2_Nm1_T0
14023 29 -1.5 0 S2_Nm1_T0
14025 29 -1.5 0 S2_Nm1_T0
14027 29 -1.5 0 S2_Nm1_T0
14029 29 -1.5 0 S2_Nm1_T0
14030 29 -1.5 0 S2_Nm1_T0
14031 29 -1.5 51.3962611912077 S2_Nm1_T0
14032 29 -1.5 11.767763953583 S2_Nm1_T0
14033 29 -1.5 0 S2_Nm1_T0
14011 30 -1.5 0 S2_Nm1_T0
14012 30 -1.5 0 S2_Nm1_T0
14013 30 -1.5 0 S2_Nm1_T0
14015 30 -1.5 0 S2_Nm1_T0
14017 30 -1.5 0 S2_Nm1_T0
14018 30 -1.5 0 S2_Nm1_T0
14022 30 -1.5 0 S2_Nm1_T0
14023 30 -1.5 0 S2_Nm1_T0
14025 30 -1.5 0 S2_Nm1_T0
14027 30 -1.5 0 S2_Nm1_T0
14029 30 -1.5 0 S2_Nm1_T0
14030 30 -1.5 0 S2_Nm1_T0
14031 30 -1.5 0 S2_Nm1_T0
14032 30 -1.5 0 S2_Nm1_T0
14033 30 -1.5 0 S2_Nm1_T0
14011 31 -1.5 0 S2_Nm1_T0
14012 31 -1.5 0 S2_Nm1_T0
14013 31 -1.5 0 S2_Nm1_T0
14015 31 -1.5 0 S2_Nm1_T0
14017 31 -1.5 0 S2_Nm1_T0
14018 31 -1.5 0 S2_Nm1_T0
14022 31 -1.5 0 S2_Nm1_T0
14023 31 -1.5 0 S2_Nm1_T0
14025 31 -1.5 0 S2_Nm1_T0
14027 31 -1.5 0 S2_Nm1_T0
14029 31 -1.5 0 S2_Nm1_T0
14030 31 -1.5 0 S2_Nm1_T0
14031 31 -1.5 0 S2_Nm1_T0
14032 31 -1.5 0 S2_Nm1_T0
14033 31 -1.5 0 S2_Nm1_T0
14011 1 -3 0 S2_Nm1_T0
14012 1 -3 0 S2_Nm1_T0
14013 1 -3 0 S2_Nm1_T0
14015 1 -3 0 S2_Nm1_T0
14017 1 -3 0 S2_Nm1_T0
14018 1 -3 0 S2_Nm1_T0
14022 1 -3 25.0247382918834 S2_Nm1_T0
14023 1 -3 0 S2_Nm1_T0
14025 1 -3 0 S2_Nm1_T0
14027 1 -3 0 S2_Nm1_T0
14029 1 -3 0 S2_Nm1_T0
14030 1 -3 0 S2_Nm1_T0
14031 1 -3 10.6430789313762 S2_Nm1_T0
14032 1 -3 22.7244496130769 S2_Nm1_T0
14033 1 -3 0 S2_Nm1_T0
14011 2 -3 0 S2_Nm1_T0
14012 2 -3 0 S2_Nm1_T0
14013 2 -3 0 S2_Nm1_T0
14015 2 -3 0 S2_Nm1_T0
14017 2 -3 0 S2_Nm1_T0
14018 2 -3 0 S2_Nm1_T0
14022 2 -3 0 S2_Nm1_T0
14023 2 -3 0 S2_Nm1_T0
14025 2 -3 0 S2_Nm1_T0
14027 2 -3 0 S2_Nm1_T0
14029 2 -3 0 S2_Nm1_T0
14030 2 -3 0 S2_Nm1_T0
14031 2 -3 0 S2_Nm1_T0
14032 2 -3 0 S2_Nm1_T0
14033 2 -3 0 S2_Nm1_T0
14011 3 -3 0 S2_Nm1_T0
14012 3 -3 0 S2_Nm1_T0
14013 3 -3 0 S2_Nm1_T0
14015 3 -3 0 S2_Nm1_T0
14017 3 -3 0 S2_Nm1_T0
14018 3 -3 0 S2_Nm1_T0
14022 3 -3 0 S2_Nm1_T0
14023 3 -3 0 S2_Nm1_T0
14025 3 -3 0 S2_Nm1_T0
14027 3 -3 0 S2_Nm1_T0
14029 3 -3 0 S2_Nm1_T0
14030 3 -3 0 S2_Nm1_T0
14031 3 -3 0 S2_Nm1_T0
14032 3 -3 0 S2_Nm1_T0
14033 3 -3 0 S2_Nm1_T0
14011 4 -3 0 S2_Nm1_T0
14012 4 -3 0 S2_Nm1_T0
14013 4 -3 0 S2_Nm1_T0
14015 4 -3 0 S2_Nm1_T0
14017 4 -3 0 S2_Nm1_T0
14018 4 -3 0 S2_Nm1_T0
14022 4 -3 14.8953807319848 S2_Nm1_T0
14023 4 -3 0 S2_Nm1_T0
14025 4 -3 0 S2_Nm1_T0
14027 4 -3 0 S2_Nm1_T0
14029 4 -3 0 S2_Nm1_T0
14030 4 -3 0 S2_Nm1_T0
14031 4 -3 0 S2_Nm1_T0
14032 4 -3 0 S2_Nm1_T0
14033 4 -3 0 S2_Nm1_T0
14011 5 -3 0 S2_Nm1_T0
14012 5 -3 0 S2_Nm1_T0
14013 5 -3 0 S2_Nm1_T0
14015 5 -3 0 S2_Nm1_T0
14017 5 -3 0 S2_Nm1_T0
14018 5 -3 0 S2_Nm1_T0
14022 5 -3 0 S2_Nm1_T0
14023 5 -3 0 S2_Nm1_T0
14025 5 -3 0 S2_Nm1_T0
14027 5 -3 0 S2_Nm1_T0
14029 5 -3 0 S2_Nm1_T0
14030 5 -3 0 S2_Nm1_T0
14031 5 -3 0 S2_Nm1_T0
14032 5 -3 0 S2_Nm1_T0
14033 5 -3 0 S2_Nm1_T0
14011 6 -3 0 S2_Nm1_T0
14012 6 -3 0 S2_Nm1_T0
14013 6 -3 0 S2_Nm1_T0
14015 6 -3 0 S2_Nm1_T0
14017 6 -3 0 S2_Nm1_T0
14018 6 -3 0 S2_Nm1_T0
14022 6 -3 100.725541648935 S2_Nm1_T0
14023 6 -3 2.25265485091126 S2_Nm1_T0
14025 6 -3 0 S2_Nm1_T0
14027 6 -3 0 S2_Nm1_T0
14029 6 -3 0 S2_Nm1_T0
14030 6 -3 0 S2_Nm1_T0
14031 6 -3 74.0706300988277 S2_Nm1_T0
14032 6 -3 31.9431315205528 S2_Nm1_T0
14033 6 -3 0 S2_Nm1_T0
14011 7 -3 0 S2_Nm1_T0
14012 7 -3 0 S2_Nm1_T0
14013 7 -3 0 S2_Nm1_T0
14015 7 -3 0 S2_Nm1_T0
14017 7 -3 0 S2_Nm1_T0
14018 7 -3 0 S2_Nm1_T0
14022 7 -3 0 S2_Nm1_T0
14023 7 -3 0 S2_Nm1_T0
14025 7 -3 0 S2_Nm1_T0
14027 7 -3 0 S2_Nm1_T0
14029 7 -3 0 S2_Nm1_T0
14030 7 -3 0 S2_Nm1_T0
14031 7 -3 0 S2_Nm1_T0
14032 7 -3 0 S2_Nm1_T0
14033 7 -3 0 S2_Nm1_T0
14011 8 -3 0 S2_Nm1_T0
14012 8 -3 0 S2_Nm1_T0
14013 8 -3 0 S2_Nm1_T0
14015 8 -3 0 S2_Nm1_T0
14017 8 -3 0 S2_Nm1_T0
14018 8 -3 0 S2_Nm1_T0
14022 8 -3 116.8244643836 S2_Nm1_T0
14023 8 -3 13.1911140837885 S2_Nm1_T0
14025 8 -3 0 S2_Nm1_T0
14027 8 -3 1.8131594751206 S2_Nm1_T0
14029 8 -3 0 S2_Nm1_T0
14030 8 -3 0 S2_Nm1_T0
14031 8 -3 78.8163110432647 S2_Nm1_T0
14032 8 -3 109.384339469494 S2_Nm1_T0
14033 8 -3 0 S2_Nm1_T0
14011 9 -3 0 S2_Nm1_T0
14012 9 -3 0 S2_Nm1_T0
14013 9 -3 0 S2_Nm1_T0
14015 9 -3 0 S2_Nm1_T0
14017 9 -3 0 S2_Nm1_T0
14018 9 -3 0 S2_Nm1_T0
14022 9 -3 32.6165924703002 S2_Nm1_T0
14023 9 -3 0 S2_Nm1_T0
14025 9 -3 0 S2_Nm1_T0
14027 9 -3 0 S2_Nm1_T0
14029 9 -3 0 S2_Nm1_T0
14030 9 -3 0 S2_Nm1_T0
14031 9 -3 8.65196950400685 S2_Nm1_T0
14032 9 -3 0 S2_Nm1_T0
14033 9 -3 0 S2_Nm1_T0
14011 10 -3 0 S2_Nm1_T0
14012 10 -3 0 S2_Nm1_T0
14013 10 -3 0 S2_Nm1_T0
14015 10 -3 0 S2_Nm1_T0
14017 10 -3 0 S2_Nm1_T0
14018 10 -3 0 S2_Nm1_T0
14022 10 -3 104.902402900754 S2_Nm1_T0
14023 10 -3 6.35175224598387 S2_Nm1_T0
14025 10 -3 0 S2_Nm1_T0
14027 10 -3 0 S2_Nm1_T0
14029 10 -3 0 S2_Nm1_T0
14030 10 -3 0 S2_Nm1_T0
14031 10 -3 62.1967493873676 S2_Nm1_T0
14032 10 -3 90.4712020619981 S2_Nm1_T0
14033 10 -3 0 S2_Nm1_T0
14011 11 -3 0 S2_Nm1_T0
14012 11 -3 0 S2_Nm1_T0
14013 11 -3 0 S2_Nm1_T0
14015 11 -3 0 S2_Nm1_T0
14017 11 -3 0 S2_Nm1_T0
14018 11 -3 0 S2_Nm1_T0
14022 11 -3 0 S2_Nm1_T0
14023 11 -3 0 S2_Nm1_T0
14025 11 -3 0 S2_Nm1_T0
14027 11 -3 0 S2_Nm1_T0
14029 11 -3 0 S2_Nm1_T0
14030 11 -3 0 S2_Nm1_T0
14031 11 -3 0 S2_Nm1_T0
14032 11 -3 0 S2_Nm1_T0
14033 11 -3 0 S2_Nm1_T0
14011 12 -3 0 S2_Nm1_T0
14012 12 -3 0 S2_Nm1_T0
14013 12 -3 0 S2_Nm1_T0
14015 12 -3 0 S2_Nm1_T0
14017 12 -3 0 S2_Nm1_T0
14018 12 -3 0 S2_Nm1_T0
14022 12 -3 0 S2_Nm1_T0
14023 12 -3 0 S2_Nm1_T0
14025 12 -3 0 S2_Nm1_T0
14027 12 -3 0 S2_Nm1_T0
14029 12 -3 0 S2_Nm1_T0
14030 12 -3 0 S2_Nm1_T0
14031 12 -3 0 S2_Nm1_T0
14032 12 -3 0 S2_Nm1_T0
14033 12 -3 0 S2_Nm1_T0
14011 13 -3 0 S2_Nm1_T0
14012 13 -3 0 S2_Nm1_T0
14013 13 -3 0 S2_Nm1_T0
14015 13 -3 0 S2_Nm1_T0
14017 13 -3 0 S2_Nm1_T0
14018 13 -3 0 S2_Nm1_T0
14022 13 -3 0 S2_Nm1_T0
14023 13 -3 0 S2_Nm1_T0
14025 13 -3 0 S2_Nm1_T0
14027 13 -3 0 S2_Nm1_T0
14029 13 -3 0 S2_Nm1_T0
14030 13 -3 0 S2_Nm1_T0
14031 13 -3 0 S2_Nm1_T0
14032 13 -3 0 S2_Nm1_T0
14033 13 -3 0 S2_Nm1_T0
14011 14 -3 0 S2_Nm1_T0
14012 14 -3 0 S2_Nm1_T0
14013 14 -3 0 S2_Nm1_T0
14015 14 -3 0 S2_Nm1_T0
14017 14 -3 0 S2_Nm1_T0
14018 14 -3 0 S2_Nm1_T0
14022 14 -3 0 S2_Nm1_T0
14023 14 -3 0 S2_Nm1_T0
14025 14 -3 0 S2_Nm1_T0
14027 14 -3 0 S2_Nm1_T0
14029 14 -3 0 S2_Nm1_T0
14030 14 -3 0 S2_Nm1_T0
14031 14 -3 0 S2_Nm1_T0
14032 14 -3 0 S2_Nm1_T0
14033 14 -3 0 S2_Nm1_T0
14011 15 -3 0 S2_Nm1_T0
14012 15 -3 1.7598880615444 S2_Nm1_T0
14013 15 -3 82.2337751049088 S2_Nm1_T0
14015 15 -3 0 S2_Nm1_T0
14017 15 -3 44.8825634747727 S2_Nm1_T0
14018 15 -3 0 S2_Nm1_T0
14022 15 -3 255.947213345855 S2_Nm1_T0
14023 15 -3 121.944211648335 S2_Nm1_T0
14025 15 -3 14.9152153154746 S2_Nm1_T0
14027 15 -3 74.6537336165445 S2_Nm1_T0
14029 15 -3 31.0835721082793 S2_Nm1_T0
14030 15 -3 0 S2_Nm1_T0
14031 15 -3 212.018428075788 S2_Nm1_T0
14032 15 -3 269.397027320411 S2_Nm1_T0
14033 15 -3 2.17639273236729 S2_Nm1_T0
14011 16 -3 0 S2_Nm1_T0
14012 16 -3 0 S2_Nm1_T0
14013 16 -3 10.4141079715988 S2_Nm1_T0
14015 16 -3 0 S2_Nm1_T0
14017 16 -3 1.0934888003199 S2_Nm1_T0
14018 16 -3 0 S2_Nm1_T0
14022 16 -3 156.350812360295 S2_Nm1_T0
14023 16 -3 46.4415155305684 S2_Nm1_T0
14025 16 -3 0 S2_Nm1_T0
14027 16 -3 26.3295612274422 S2_Nm1_T0
14029 16 -3 0 S2_Nm1_T0
14030 16 -3 0 S2_Nm1_T0
14031 16 -3 131.51288053867 S2_Nm1_T0
14032 16 -3 167.561859314192 S2_Nm1_T0
14033 16 -3 0 S2_Nm1_T0
14011 17 -3 0 S2_Nm1_T0
14012 17 -3 0 S2_Nm1_T0
14013 17 -3 0 S2_Nm1_T0
14015 17 -3 0 S2_Nm1_T0
14017 17 -3 0 S2_Nm1_T0
14018 17 -3 0 S2_Nm1_T0
14022 17 -3 11.3296645715321 S2_Nm1_T0
14023 17 -3 0 S2_Nm1_T0
14025 17 -3 0 S2_Nm1_T0
14027 17 -3 0 S2_Nm1_T0
14029 17 -3 0 S2_Nm1_T0
14030 17 -3 0 S2_Nm1_T0
14031 17 -3 29.609112827093 S2_Nm1_T0
14032 17 -3 0 S2_Nm1_T0
14033 17 -3 0 S2_Nm1_T0
14011 18 -3 0 S2_Nm1_T0
14012 18 -3 0 S2_Nm1_T0
14013 18 -3 0 S2_Nm1_T0
14015 18 -3 0 S2_Nm1_T0
14017 18 -3 0 S2_Nm1_T0
14018 18 -3 0 S2_Nm1_T0
14022 18 -3 4.49912337085332 S2_Nm1_T0
14023 18 -3 0 S2_Nm1_T0
14025 18 -3 0 S2_Nm1_T0
14027 18 -3 0 S2_Nm1_T0
14029 18 -3 0 S2_Nm1_T0
14030 18 -3 0 S2_Nm1_T0
14031 18 -3 1.26463045020084 S2_Nm1_T0
14032 18 -3 3.16986998144484 S2_Nm1_T0
14033 18 -3 0 S2_Nm1_T0
14011 19 -3 0 S2_Nm1_T0
14012 19 -3 0 S2_Nm1_T0
14013 19 -3 0 S2_Nm1_T0
14015 19 -3 0 S2_Nm1_T0
14017 19 -3 0 S2_Nm1_T0
14018 19 -3 0 S2_Nm1_T0
14022 19 -3 105.904011549735 S2_Nm1_T0
14023 19 -3 6.24949987272497 S2_Nm1_T0
14025 19 -3 0 S2_Nm1_T0
14027 19 -3 0 S2_Nm1_T0
14029 19 -3 0 S2_Nm1_T0
14030 19 -3 0 S2_Nm1_T0
14031 19 -3 59.2126801606339 S2_Nm1_T0
14032 19 -3 82.8085738427832 S2_Nm1_T0
14033 19 -3 0 S2_Nm1_T0
14011 20 -3 0 S2_Nm1_T0
14012 20 -3 0 S2_Nm1_T0
14013 20 -3 56.4967037224376 S2_Nm1_T0
14015 20 -3 0 S2_Nm1_T0
14017 20 -3 14.5771593838267 S2_Nm1_T0
14018 20 -3 0 S2_Nm1_T0
14022 20 -3 216.429574938038 S2_Nm1_T0
14023 20 -3 94.3115920569887 S2_Nm1_T0
14025 20 -3 3.55711698627105 S2_Nm1_T0
14027 20 -3 63.7251208578603 S2_Nm1_T0
14029 20 -3 4.15559940835546 S2_Nm1_T0
14030 20 -3 0 S2_Nm1_T0
14031 20 -3 187.016365953043 S2_Nm1_T0
14032 20 -3 237.520487430385 S2_Nm1_T0
14033 20 -3 1.2936530772724 S2_Nm1_T0
14011 21 -3 0 S2_Nm1_T0
14012 21 -3 0 S2_Nm1_T0
14013 21 -3 0 S2_Nm1_T0
14015 21 -3 0 S2_Nm1_T0
14017 21 -3 0 S2_Nm1_T0
14018 21 -3 0 S2_Nm1_T0
14022 21 -3 77.4369944628828 S2_Nm1_T0
14023 21 -3 0 S2_Nm1_T0
14025 21 -3 0 S2_Nm1_T0
14027 21 -3 0 S2_Nm1_T0
14029 21 -3 0 S2_Nm1_T0
14030 21 -3 0 S2_Nm1_T0
14031 21 -3 32.9097048756902 S2_Nm1_T0
14032 21 -3 52.8986574511059 S2_Nm1_T0
14033 21 -3 0 S2_Nm1_T0
14011 22 -3 0 S2_Nm1_T0
14012 22 -3 0 S2_Nm1_T0
14013 22 -3 0 S2_Nm1_T0
14015 22 -3 0 S2_Nm1_T0
14017 22 -3 0 S2_Nm1_T0
14018 22 -3 0 S2_Nm1_T0
14022 22 -3 97.435759308973 S2_Nm1_T0
14023 22 -3 4.60717110069765 S2_Nm1_T0
14025 22 -3 0 S2_Nm1_T0
14027 22 -3 1.4860652488969 S2_Nm1_T0
14029 22 -3 0 S2_Nm1_T0
14030 22 -3 0 S2_Nm1_T0
14031 22 -3 75.0999979692519 S2_Nm1_T0
14032 22 -3 101.094166739758 S2_Nm1_T0
14033 22 -3 0 S2_Nm1_T0
14011 23 -3 0 S2_Nm1_T0
14012 23 -3 0 S2_Nm1_T0
14013 23 -3 0 S2_Nm1_T0
14015 23 -3 0 S2_Nm1_T0
14017 23 -3 0 S2_Nm1_T0
14018 23 -3 0 S2_Nm1_T0
14022 23 -3 87.4820761277532 S2_Nm1_T0
14023 23 -3 1.22641616115244 S2_Nm1_T0
14025 23 -3 0 S2_Nm1_T0
14027 23 -3 0 S2_Nm1_T0
14029 23 -3 0 S2_Nm1_T0
14030 23 -3 0 S2_Nm1_T0
14031 23 -3 41.7683730262195 S2_Nm1_T0
14032 23 -3 36.5085526609716 S2_Nm1_T0
14033 23 -3 0 S2_Nm1_T0
14011 24 -3 0 S2_Nm1_T0
14012 24 -3 0 S2_Nm1_T0
14013 24 -3 0 S2_Nm1_T0
14015 24 -3 0 S2_Nm1_T0
14017 24 -3 0 S2_Nm1_T0
14018 24 -3 0 S2_Nm1_T0
14022 24 -3 91.3743541957754 S2_Nm1_T0
14023 24 -3 2.70509957731813 S2_Nm1_T0
14025 24 -3 0 S2_Nm1_T0
14027 24 -3 0 S2_Nm1_T0
14029 24 -3 0 S2_Nm1_T0
14030 24 -3 0 S2_Nm1_T0
14031 24 -3 49.4388834086417 S2_Nm1_T0
14032 24 -3 76.282577249037 S2_Nm1_T0
14033 24 -3 0 S2_Nm1_T0
14011 25 -3 0 S2_Nm1_T0
14012 25 -3 0 S2_Nm1_T0
14013 25 -3 0 S2_Nm1_T0
14015 25 -3 0 S2_Nm1_T0
14017 25 -3 0 S2_Nm1_T0
14018 25 -3 0 S2_Nm1_T0
14022 25 -3 0 S2_Nm1_T0
14023 25 -3 0 S2_Nm1_T0
14025 25 -3 0 S2_Nm1_T0
14027 25 -3 0 S2_Nm1_T0
14029 25 -3 0 S2_Nm1_T0
14030 25 -3 0 S2_Nm1_T0
14031 25 -3 0 S2_Nm1_T0
14032 25 -3 0 S2_Nm1_T0
14033 25 -3 0 S2_Nm1_T0
14011 26 -3 0 S2_Nm1_T0
14012 26 -3 0 S2_Nm1_T0
14013 26 -3 4.07635745398977 S2_Nm1_T0
14015 26 -3 0 S2_Nm1_T0
14017 26 -3 0 S2_Nm1_T0
14018 26 -3 0 S2_Nm1_T0
14022 26 -3 139.253974523159 S2_Nm1_T0
14023 26 -3 31.017459769622 S2_Nm1_T0
14025 26 -3 0 S2_Nm1_T0
14027 26 -3 13.8692286041637 S2_Nm1_T0
14029 26 -3 0 S2_Nm1_T0
14030 26 -3 0 S2_Nm1_T0
14031 26 -3 112.872135028368 S2_Nm1_T0
14032 26 -3 147.222061187732 S2_Nm1_T0
14033 26 -3 0 S2_Nm1_T0
14011 27 -3 0 S2_Nm1_T0
14012 27 -3 0 S2_Nm1_T0
14013 27 -3 0 S2_Nm1_T0
14015 27 -3 0 S2_Nm1_T0
14017 27 -3 0 S2_Nm1_T0
14018 27 -3 0 S2_Nm1_T0
14022 27 -3 0 S2_Nm1_T0
14023 27 -3 0 S2_Nm1_T0
14025 27 -3 0 S2_Nm1_T0
14027 27 -3 0 S2_Nm1_T0
14029 27 -3 0 S2_Nm1_T0
14030 27 -3 0 S2_Nm1_T0
14031 27 -3 0 S2_Nm1_T0
14032 27 -3 0 S2_Nm1_T0
14033 27 -3 0 S2_Nm1_T0
14011 28 -3 0 S2_Nm1_T0
14012 28 -3 0 S2_Nm1_T0
14013 28 -3 13.0046417680463 S2_Nm1_T0
14015 28 -3 0 S2_Nm1_T0
14017 28 -3 2.44108192358839 S2_Nm1_T0
14018 28 -3 0 S2_Nm1_T0
14022 28 -3 159.556747570659 S2_Nm1_T0
14023 28 -3 49.0884667827915 S2_Nm1_T0
14025 28 -3 0 S2_Nm1_T0
14027 28 -3 30.3646209405288 S2_Nm1_T0
14029 28 -3 0 S2_Nm1_T0
14030 28 -3 0 S2_Nm1_T0
14031 28 -3 137.684082064274 S2_Nm1_T0
14032 28 -3 174.011742300748 S2_Nm1_T0
14033 28 -3 0 S2_Nm1_T0
14011 29 -3 0 S2_Nm1_T0
14012 29 -3 0 S2_Nm1_T0
14013 29 -3 0 S2_Nm1_T0
14015 29 -3 0 S2_Nm1_T0
14017 29 -3 0 S2_Nm1_T0
14018 29 -3 0 S2_Nm1_T0
14022 29 -3 0 S2_Nm1_T0
14023 29 -3 0 S2_Nm1_T0
14025 29 -3 0 S2_Nm1_T0
14027 29 -3 0 S2_Nm1_T0
14029 29 -3 0 S2_Nm1_T0
14030 29 -3 0 S2_Nm1_T0
14031 29 -3 0 S2_Nm1_T0
14032 29 -3 0 S2_Nm1_T0
14033 29 -3 0 S2_Nm1_T0
14011 30 -3 0 S2_Nm1_T0
14012 30 -3 0 S2_Nm1_T0
14013 30 -3 0 S2_Nm1_T0
14015 30 -3 0 S2_Nm1_T0
14017 30 -3 0 S2_Nm1_T0
14018 30 -3 0 S2_Nm1_T0
14022 30 -3 0 S2_Nm1_T0
14023 30 -3 0 S2_Nm1_T0
14025 30 -3 0 S2_Nm1_T0
14027 30 -3 0 S2_Nm1_T0
14029 30 -3 0 S2_Nm1_T0
14030 30 -3 0 S2_Nm1_T0
14031 30 -3 0 S2_Nm1_T0
14032 30 -3 0 S2_Nm1_T0
14033 30 -3 0 S2_Nm1_T0
14011 31 -3 0 S2_Nm1_T0
14012 31 -3 0 S2_Nm1_T0
14013 31 -3 0 S2_Nm1_T0
14015 31 -3 0 S2_Nm1_T0
14017 31 -3 0 S2_Nm1_T0
14018 31 -3 0 S2_Nm1_T0
14022 31 -3 0 S2_Nm1_T0
14023 31 -3 0 S2_Nm1_T0
14025 31 -3 0 S2_Nm1_T0
14027 31 -3 0 S2_Nm1_T0
14029 31 -3 0 S2_Nm1_T0
14030 31 -3 0 S2_Nm1_T0
14031 31 -3 0 S2_Nm1_T0
14032 31 -3 0 S2_Nm1_T0
14033 31 -3 0 S2_Nm1_T0
14011 1 -5 0 S2_Nm1_T0
14012 1 -5 0 S2_Nm1_T0
14013 1 -5 0 S2_Nm1_T0
14015 1 -5 0 S2_Nm1_T0
14017 1 -5 0 S2_Nm1_T0
14018 1 -5 0 S2_Nm1_T0
14022 1 -5 0 S2_Nm1_T0
14023 1 -5 0 S2_Nm1_T0
14025 1 -5 0 S2_Nm1_T0
14027 1 -5 0 S2_Nm1_T0
14029 1 -5 0 S2_Nm1_T0
14030 1 -5 0 S2_Nm1_T0
14031 1 -5 0 S2_Nm1_T0
14032 1 -5 0 S2_Nm1_T0
14033 1 -5 0 S2_Nm1_T0
14011 2 -5 0 S2_Nm1_T0
14012 2 -5 0 S2_Nm1_T0
14013 2 -5 0 S2_Nm1_T0
14015 2 -5 0 S2_Nm1_T0
14017 2 -5 0 S2_Nm1_T0
14018 2 -5 0 S2_Nm1_T0
14022 2 -5 0 S2_Nm1_T0
14023 2 -5 0 S2_Nm1_T0
14025 2 -5 0 S2_Nm1_T0
14027 2 -5 0 S2_Nm1_T0
14029 2 -5 0 S2_Nm1_T0
14030 2 -5 0 S2_Nm1_T0
14031 2 -5 0 S2_Nm1_T0
14032 2 -5 0 S2_Nm1_T0
14033 2 -5 0 S2_Nm1_T0
14011 3 -5 0 S2_Nm1_T0
14012 3 -5 0 S2_Nm1_T0
14013 3 -5 0 S2_Nm1_T0
14015 3 -5 0 S2_Nm1_T0
14017 3 -5 0 S2_Nm1_T0
14018 3 -5 0 S2_Nm1_T0
14022 3 -5 0 S2_Nm1_T0
14023 3 -5 0 S2_Nm1_T0
14025 3 -5 0 S2_Nm1_T0
14027 3 -5 0 S2_Nm1_T0
14029 3 -5 0 S2_Nm1_T0
14030 3 -5 0 S2_Nm1_T0
14031 3 -5 0 S2_Nm1_T0
14032 3 -5 0 S2_Nm1_T0
14033 3 -5 0 S2_Nm1_T0
14011 4 -5 0 S2_Nm1_T0
14012 4 -5 0 S2_Nm1_T0
14013 4 -5 0 S2_Nm1_T0
14015 4 -5 0 S2_Nm1_T0
14017 4 -5 0 S2_Nm1_T0
14018 4 -5 0 S2_Nm1_T0
14022 4 -5 0 S2_Nm1_T0
14023 4 -5 0 S2_Nm1_T0
14025 4 -5 0 S2_Nm1_T0
14027 4 -5 0 S2_Nm1_T0
14029 4 -5 0 S2_Nm1_T0
14030 4 -5 0 S2_Nm1_T0
14031 4 -5 0 S2_Nm1_T0
14032 4 -5 0 S2_Nm1_T0
14033 4 -5 0 S2_Nm1_T0
14011 5 -5 0 S2_Nm1_T0
14012 5 -5 0 S2_Nm1_T0
14013 5 -5 0 S2_Nm1_T0
14015 5 -5 0 S2_Nm1_T0
14017 5 -5 0 S2_Nm1_T0
14018 5 -5 0 S2_Nm1_T0
14022 5 -5 0 S2_Nm1_T0
14023 5 -5 0 S2_Nm1_T0
14025 5 -5 0 S2_Nm1_T0
14027 5 -5 0 S2_Nm1_T0
14029 5 -5 0 S2_Nm1_T0
14030 5 -5 0 S2_Nm1_T0
14031 5 -5 0 S2_Nm1_T0
14032 5 -5 0 S2_Nm1_T0
14033 5 -5 0 S2_Nm1_T0
14011 6 -5 0 S2_Nm1_T0
14012 6 -5 0 S2_Nm1_T0
14013 6 -5 0 S2_Nm1_T0
14015 6 -5 0 S2_Nm1_T0
14017 6 -5 0 S2_Nm1_T0
14018 6 -5 0 S2_Nm1_T0
14022 6 -5 30.6356658769998 S2_Nm1_T0
14023 6 -5 0 S2_Nm1_T0
14025 6 -5 0 S2_Nm1_T0
14027 6 -5 0 S2_Nm1_T0
14029 6 -5 0 S2_Nm1_T0
14030 6 -5 0 S2_Nm1_T0
14031 6 -5 6.99679102864628 S2_Nm1_T0
14032 6 -5 0 S2_Nm1_T0
14033 6 -5 0 S2_Nm1_T0
14011 7 -5 0 S2_Nm1_T0
14012 7 -5 0 S2_Nm1_T0
14013 7 -5 0 S2_Nm1_T0
14015 7 -5 0 S2_Nm1_T0
14017 7 -5 0 S2_Nm1_T0
14018 7 -5 0 S2_Nm1_T0
14022 7 -5 0 S2_Nm1_T0
14023 7 -5 0 S2_Nm1_T0
14025 7 -5 0 S2_Nm1_T0
14027 7 -5 0 S2_Nm1_T0
14029 7 -5 0 S2_Nm1_T0
14030 7 -5 0 S2_Nm1_T0
14031 7 -5 0 S2_Nm1_T0
14032 7 -5 0 S2_Nm1_T0
14033 7 -5 0 S2_Nm1_T0
14011 8 -5 0 S2_Nm1_T0
14012 8 -5 0 S2_Nm1_T0
14013 8 -5 0 S2_Nm1_T0
14015 8 -5 0 S2_Nm1_T0
14017 8 -5 0 S2_Nm1_T0
14018 8 -5 0 S2_Nm1_T0
14022 8 -5 0 S2_Nm1_T0
14023 8 -5 0 S2_Nm1_T0
14025 8 -5 0 S2_Nm1_T0
14027 8 -5 0 S2_Nm1_T0
14029 8 -5 0 S2_Nm1_T0
14030 8 -5 0 S2_Nm1_T0
14031 8 -5 0 S2_Nm1_T0
14032 8 -5 0 S2_Nm1_T0
14033 8 -5 0 S2_Nm1_T0
14011 9 -5 0 S2_Nm1_T0
14012 9 -5 0 S2_Nm1_T0
14013 9 -5 0 S2_Nm1_T0
14015 9 -5 0 S2_Nm1_T0
14017 9 -5 0 S2_Nm1_T0
14018 9 -5 0 S2_Nm1_T0
14022 9 -5 0 S2_Nm1_T0
14023 9 -5 0 S2_Nm1_T0
14025 9 -5 0 S2_Nm1_T0
14027 9 -5 0 S2_Nm1_T0
14029 9 -5 0 S2_Nm1_T0
14030 9 -5 0 S2_Nm1_T0
14031 9 -5 0 S2_Nm1_T0
14032 9 -5 0 S2_Nm1_T0
14033 9 -5 0 S2_Nm1_T0
14011 10 -5 0 S2_Nm1_T0
14012 10 -5 0 S2_Nm1_T0
14013 10 -5 0 S2_Nm1_T0
14015 10 -5 0 S2_Nm1_T0
14017 10 -5 0 S2_Nm1_T0
14018 10 -5 0 S2_Nm1_T0
14022 10 -5 0 S2_Nm1_T0
14023 10 -5 0 S2_Nm1_T0
14025 10 -5 0 S2_Nm1_T0
14027 10 -5 0 S2_Nm1_T0
14029 10 -5 0 S2_Nm1_T0
14030 10 -5 0 S2_Nm1_T0
14031 10 -5 0 S2_Nm1_T0
14032 10 -5 0 S2_Nm1_T0
14033 10 -5 0 S2_Nm1_T0
14011 11 -5 0 S2_Nm1_T0
14012 11 -5 0 S2_Nm1_T0
14013 11 -5 0 S2_Nm1_T0
14015 11 -5 0 S2_Nm1_T0
14017 11 -5 0 S2_Nm1_T0
14018 11 -5 0 S2_Nm1_T0
14022 11 -5 0 S2_Nm1_T0
14023 11 -5 0 S2_Nm1_T0
14025 11 -5 0 S2_Nm1_T0
14027 11 -5 0 S2_Nm1_T0
14029 11 -5 0 S2_Nm1_T0
14030 11 -5 0 S2_Nm1_T0
14031 11 -5 0 S2_Nm1_T0
14032 11 -5 0 S2_Nm1_T0
14033 11 -5 0 S2_Nm1_T0
14011 12 -5 0 S2_Nm1_T0
14012 12 -5 0 S2_Nm1_T0
14013 12 -5 0 S2_Nm1_T0
14015 12 -5 0 S2_Nm1_T0
14017 12 -5 0 S2_Nm1_T0
14018 12 -5 0 S2_Nm1_T0
14022 12 -5 0 S2_Nm1_T0
14023 12 -5 0 S2_Nm1_T0
14025 12 -5 0 S2_Nm1_T0
14027 12 -5 0 S2_Nm1_T0
14029 12 -5 0 S2_Nm1_T0
14030 12 -5 0 S2_Nm1_T0
14031 12 -5 0 S2_Nm1_T0
14032 12 -5 0 S2_Nm1_T0
14033 12 -5 0 S2_Nm1_T0
14011 13 -5 0 S2_Nm1_T0
14012 13 -5 0 S2_Nm1_T0
14013 13 -5 0 S2_Nm1_T0
14015 13 -5 0 S2_Nm1_T0
14017 13 -5 0 S2_Nm1_T0
14018 13 -5 0 S2_Nm1_T0
14022 13 -5 0 S2_Nm1_T0
14023 13 -5 0 S2_Nm1_T0
14025 13 -5 0 S2_Nm1_T0
14027 13 -5 0 S2_Nm1_T0
14029 13 -5 0 S2_Nm1_T0
14030 13 -5 0 S2_Nm1_T0
14031 13 -5 0 S2_Nm1_T0
14032 13 -5 0 S2_Nm1_T0
14033 13 -5 0 S2_Nm1_T0
14011 14 -5 0 S2_Nm1_T0
14012 14 -5 0 S2_Nm1_T0
14013 14 -5 0 S2_Nm1_T0
14015 14 -5 0 S2_Nm1_T0
14017 14 -5 0 S2_Nm1_T0
14018 14 -5 0 S2_Nm1_T0
14022 14 -5 0 S2_Nm1_T0
14023 14 -5 0 S2_Nm1_T0
14025 14 -5 0 S2_Nm1_T0
14027 14 -5 0 S2_Nm1_T0
14029 14 -5 0 S2_Nm1_T0
14030 14 -5 0 S2_Nm1_T0
14031 14 -5 0 S2_Nm1_T0
14032 14 -5 0 S2_Nm1_T0
14033 14 -5 0 S2_Nm1_T0
14011 15 -5 0 S2_Nm1_T0
14012 15 -5 0 S2_Nm1_T0
14013 15 -5 9.68041302807343 S2_Nm1_T0
14015 15 -5 0 S2_Nm1_T0
14017 15 -5 0 S2_Nm1_T0
14018 15 -5 0 S2_Nm1_T0
14022 15 -5 158.52489793692 S2_Nm1_T0
14023 15 -5 51.4118885758415 S2_Nm1_T0
14025 15 -5 0 S2_Nm1_T0
14027 15 -5 13.3284357517842 S2_Nm1_T0
14029 15 -5 0 S2_Nm1_T0
14030 15 -5 0 S2_Nm1_T0
14031 15 -5 115.577718697749 S2_Nm1_T0
14032 15 -5 155.291437679356 S2_Nm1_T0
14033 15 -5 0 S2_Nm1_T0
14011 16 -5 0 S2_Nm1_T0
14012 16 -5 0 S2_Nm1_T0
14013 16 -5 0 S2_Nm1_T0
14015 16 -5 0 S2_Nm1_T0
14017 16 -5 0 S2_Nm1_T0
14018 16 -5 0 S2_Nm1_T0
14022 16 -5 20.2210445108829 S2_Nm1_T0
14023 16 -5 0 S2_Nm1_T0
14025 16 -5 0 S2_Nm1_T0
14027 16 -5 0 S2_Nm1_T0
14029 16 -5 0 S2_Nm1_T0
14030 16 -5 0 S2_Nm1_T0
14031 16 -5 5.45103210236801 S2_Nm1_T0
14032 16 -5 14.5693985790693 S2_Nm1_T0
14033 16 -5 0 S2_Nm1_T0
14011 17 -5 0 S2_Nm1_T0
14012 17 -5 0 S2_Nm1_T0
14013 17 -5 0 S2_Nm1_T0
14015 17 -5 0 S2_Nm1_T0
14017 17 -5 0 S2_Nm1_T0
14018 17 -5 0 S2_Nm1_T0
14022 17 -5 0 S2_Nm1_T0
14023 17 -5 0 S2_Nm1_T0
14025 17 -5 0 S2_Nm1_T0
14027 17 -5 0 S2_Nm1_T0
14029 17 -5 0 S2_Nm1_T0
14030 17 -5 0 S2_Nm1_T0
14031 17 -5 1.30023236206843 S2_Nm1_T0
14032 17 -5 0 S2_Nm1_T0
14033 17 -5 0 S2_Nm1_T0
14011 18 -5 0 S2_Nm1_T0
14012 18 -5 0 S2_Nm1_T0
14013 18 -5 0 S2_Nm1_T0
14015 18 -5 0 S2_Nm1_T0
14017 18 -5 0 S2_Nm1_T0
14018 18 -5 0 S2_Nm1_T0
14022 18 -5 0 S2_Nm1_T0
14023 18 -5 0 S2_Nm1_T0
14025 18 -5 0 S2_Nm1_T0
14027 18 -5 0 S2_Nm1_T0
14029 18 -5 0 S2_Nm1_T0
14030 18 -5 0 S2_Nm1_T0
14031 18 -5 0 S2_Nm1_T0
14032 18 -5 0 S2_Nm1_T0
14033 18 -5 0 S2_Nm1_T0
14011 19 -5 0 S2_Nm1_T0
14012 19 -5 0 S2_Nm1_T0
14013 19 -5 0 S2_Nm1_T0
14015 19 -5 0 S2_Nm1_T0
14017 19 -5 0 S2_Nm1_T0
14018 19 -5 0 S2_Nm1_T0
14022 19 -5 0 S2_Nm1_T0
14023 19 -5 0 S2_Nm1_T0
14025 19 -5 0 S2_Nm1_T0
14027 19 -5 0 S2_Nm1_T0
14029 19 -5 0 S2_Nm1_T0
14030 19 -5 0 S2_Nm1_T0
14031 19 -5 0 S2_Nm1_T0
14032 19 -5 0 S2_Nm1_T0
14033 19 -5 0 S2_Nm1_T0
14011 20 -5 0 S2_Nm1_T0
14012 20 -5 0 S2_Nm1_T0
14013 20 -5 0 S2_Nm1_T0
14015 20 -5 0 S2_Nm1_T0
14017 20 -5 0 S2_Nm1_T0
14018 20 -5 0 S2_Nm1_T0
14022 20 -5 99.760354274198 S2_Nm1_T0
14023 20 -5 6.4349961759048 S2_Nm1_T0
14025 20 -5 0 S2_Nm1_T0
14027 20 -5 1.29419247768199 S2_Nm1_T0
14029 20 -5 0 S2_Nm1_T0
14030 20 -5 0 S2_Nm1_T0
14031 20 -5 70.158155577618 S2_Nm1_T0
14032 20 -5 99.0266028281401 S2_Nm1_T0
14033 20 -5 0 S2_Nm1_T0
14011 21 -5 0 S2_Nm1_T0
14012 21 -5 0 S2_Nm1_T0
14013 21 -5 0 S2_Nm1_T0
14015 21 -5 0 S2_Nm1_T0
14017 21 -5 0 S2_Nm1_T0
14018 21 -5 0 S2_Nm1_T0
14022 21 -5 0 S2_Nm1_T0
14023 21 -5 0 S2_Nm1_T0
14025 21 -5 0 S2_Nm1_T0
14027 21 -5 0 S2_Nm1_T0
14029 21 -5 0 S2_Nm1_T0
14030 21 -5 0 S2_Nm1_T0
14031 21 -5 0 S2_Nm1_T0
14032 21 -5 0 S2_Nm1_T0
14033 21 -5 0 S2_Nm1_T0
14011 22 -5 0 S2_Nm1_T0
14012 22 -5 0 S2_Nm1_T0
14013 22 -5 0 S2_Nm1_T0
14015 22 -5 0 S2_Nm1_T0
14017 22 -5 0 S2_Nm1_T0
14018 22 -5 0 S2_Nm1_T0
14022 22 -5 0 S2_Nm1_T0
14023 22 -5 0 S2_Nm1_T0
14025 22 -5 0 S2_Nm1_T0
14027 22 -5 0 S2_Nm1_T0
14029 22 -5 0 S2_Nm1_T0
14030 22 -5 0 S2_Nm1_T0
14031 22 -5 0 S2_Nm1_T0
14032 22 -5 0 S2_Nm1_T0
14033 22 -5 0 S2_Nm1_T0
14011 23 -5 0 S2_Nm1_T0
14012 23 -5 0 S2_Nm1_T0
14013 23 -5 0 S2_Nm1_T0
14015 23 -5 0 S2_Nm1_T0
14017 23 -5 0 S2_Nm1_T0
14018 23 -5 0 S2_Nm1_T0
14022 23 -5 0 S2_Nm1_T0
14023 23 -5 0 S2_Nm1_T0
14025 23 -5 0 S2_Nm1_T0
14027 23 -5 0 S2_Nm1_T0
14029 23 -5 0 S2_Nm1_T0
14030 23 -5 0 S2_Nm1_T0
14031 23 -5 0 S2_Nm1_T0
14032 23 -5 0 S2_Nm1_T0
14033 23 -5 0 S2_Nm1_T0
14011 24 -5 0 S2_Nm1_T0
14012 24 -5 0 S2_Nm1_T0
14013 24 -5 0 S2_Nm1_T0
14015 24 -5 0 S2_Nm1_T0
14017 24 -5 0 S2_Nm1_T0
14018 24 -5 0 S2_Nm1_T0
14022 24 -5 0 S2_Nm1_T0
14023 24 -5 0 S2_Nm1_T0
14025 24 -5 0 S2_Nm1_T0
14027 24 -5 0 S2_Nm1_T0
14029 24 -5 0 S2_Nm1_T0
14030 24 -5 0 S2_Nm1_T0
14031 24 -5 0 S2_Nm1_T0
14032 24 -5 0 S2_Nm1_T0
14033 24 -5 0 S2_Nm1_T0
14011 25 -5 0 S2_Nm1_T0
14012 25 -5 0 S2_Nm1_T0
14013 25 -5 0 S2_Nm1_T0
14015 25 -5 0 S2_Nm1_T0
14017 25 -5 0 S2_Nm1_T0
14018 25 -5 0 S2_Nm1_T0
14022 25 -5 0 S2_Nm1_T0
14023 25 -5 0 S2_Nm1_T0
14025 25 -5 0 S2_Nm1_T0
14027 25 -5 0 S2_Nm1_T0
14029 25 -5 0 S2_Nm1_T0
14030 25 -5 0 S2_Nm1_T0
14031 25 -5 0 S2_Nm1_T0
14032 25 -5 0 S2_Nm1_T0
14033 25 -5 0 S2_Nm1_T0
14011 26 -5 0 S2_Nm1_T0
14012 26 -5 0 S2_Nm1_T0
14013 26 -5 0 S2_Nm1_T0
14015 26 -5 0 S2_Nm1_T0
14017 26 -5 0 S2_Nm1_T0
14018 26 -5 0 S2_Nm1_T0
14022 26 -5 3.79665828564913 S2_Nm1_T0
14023 26 -5 0 S2_Nm1_T0
14025 26 -5 0 S2_Nm1_T0
14027 26 -5 0 S2_Nm1_T0
14029 26 -5 0 S2_Nm1_T0
14030 26 -5 0 S2_Nm1_T0
14031 26 -5 0 S2_Nm1_T0
14032 26 -5 2.11909439720806 S2_Nm1_T0
14033 26 -5 0 S2_Nm1_T0
14011 27 -5 0 S2_Nm1_T0
14012 27 -5 0 S2_Nm1_T0
14013 27 -5 0 S2_Nm1_T0
14015 27 -5 0 S2_Nm1_T0
14017 27 -5 0 S2_Nm1_T0
14018 27 -5 0 S2_Nm1_T0
14022 27 -5 0 S2_Nm1_T0
14023 27 -5 0 S2_Nm1_T0
14025 27 -5 0 S2_Nm1_T0
14027 27 -5 0 S2_Nm1_T0
14029 27 -5 0 S2_Nm1_T0
14030 27 -5 0 S2_Nm1_T0
14031 27 -5 0 S2_Nm1_T0
14032 27 -5 0 S2_Nm1_T0
14033 27 -5 0 S2_Nm1_T0
14011 28 -5 0 S2_Nm1_T0
14012 28 -5 0 S2_Nm1_T0
14013 28 -5 0 S2_Nm1_T0
14015 28 -5 0 S2_Nm1_T0
14017 28 -5 0 S2_Nm1_T0
14018 28 -5 0 S2_Nm1_T0
14022 28 -5 18.5105020721616 S2_Nm1_T0
14023 28 -5 0 S2_Nm1_T0
14025 28 -5 0 S2_Nm1_T0
14027 28 -5 0 S2_Nm1_T0
14029 28 -5 0 S2_Nm1_T0
14030 28 -5 0 S2_Nm1_T0
14031 28 -5 5.53948642792948 S2_Nm1_T0
14032 28 -5 14.5397697461164 S2_Nm1_T0
14033 28 -5 0 S2_Nm1_T0
14011 29 -5 0 S2_Nm1_T0
14012 29 -5 0 S2_Nm1_T0
14013 29 -5 0 S2_Nm1_T0
14015 29 -5 0 S2_Nm1_T0
14017 29 -5 0 S2_Nm1_T0
14018 29 -5 0 S2_Nm1_T0
14022 29 -5 0 S2_Nm1_T0
14023 29 -5 0 S2_Nm1_T0
14025 29 -5 0 S2_Nm1_T0
14027 29 -5 0 S2_Nm1_T0
14029 29 -5 0 S2_Nm1_T0
14030 29 -5 0 S2_Nm1_T0
14031 29 -5 0 S2_Nm1_T0
14032 29 -5 0 S2_Nm1_T0
14033 29 -5 0 S2_Nm1_T0
14011 30 -5 0 S2_Nm1_T0
14012 30 -5 0 S2_Nm1_T0
14013 30 -5 0 S2_Nm1_T0
14015 30 -5 0 S2_Nm1_T0
14017 30 -5 0 S2_Nm1_T0
14018 30 -5 0 S2_Nm1_T0
14022 30 -5 0 S2_Nm1_T0
14023 30 -5 0 S2_Nm1_T0
14025 30 -5 0 S2_Nm1_T0
14027 30 -5 0 S2_Nm1_T0
14029 30 -5 0 S2_Nm1_T0
14030 30 -5 0 S2_Nm1_T0
14031 30 -5 0 S2_Nm1_T0
14032 30 -5 0 S2_Nm1_T0
14033 30 -5 0 S2_Nm1_T0
14011 31 -5 0 S2_Nm1_T0
14012 31 -5 0 S2_Nm1_T0
14013 31 -5 0 S2_Nm1_T0
14015 31 -5 0 S2_Nm1_T0
14017 31 -5 0 S2_Nm1_T0
14018 31 -5 0 S2_Nm1_T0
14022 31 -5 0 S2_Nm1_T0
14023 31 -5 0 S2_Nm1_T0
14025 31 -5 0 S2_Nm1_T0
14027 31 -5 0 S2_Nm1_T0
14029 31 -5 0 S2_Nm1_T0
14030 31 -5 0 S2_Nm1_T0
14031 31 -5 0 S2_Nm1_T0
14032 31 -5 0 S2_Nm1_T0
14033 31 -5 0 S2_Nm1_T0
