speciesID lakeID variable value scenario
16064 1 -0.5 0 S2_Nm1_T1
16065 1 -0.5 0 S2_Nm1_T1
16066 1 -0.5 0 S2_Nm1_T1
16067 1 -0.5 33.0410343893871 S2_Nm1_T1
16068 1 -0.5 0 S2_Nm1_T1
15001 1 -0.5 35.746517721009 S2_Nm1_T1
15002 1 -0.5 376.339968069986 S2_Nm1_T1
15003 1 -0.5 432.926755555225 S2_Nm1_T1
15007 1 -0.5 0 S2_Nm1_T1
15008 1 -0.5 0 S2_Nm1_T1
15011 1 -0.5 0 S2_Nm1_T1
15014 1 -0.5 0 S2_Nm1_T1
15018 1 -0.5 832.043454558647 S2_Nm1_T1
15020 1 -0.5 719.273746856041 S2_Nm1_T1
15022 1 -0.5 0 S2_Nm1_T1
16064 2 -0.5 0 S2_Nm1_T1
16065 2 -0.5 0 S2_Nm1_T1
16066 2 -0.5 0 S2_Nm1_T1
16067 2 -0.5 0 S2_Nm1_T1
16068 2 -0.5 0 S2_Nm1_T1
15001 2 -0.5 0 S2_Nm1_T1
15002 2 -0.5 0 S2_Nm1_T1
15003 2 -0.5 0 S2_Nm1_T1
15007 2 -0.5 0 S2_Nm1_T1
15008 2 -0.5 0 S2_Nm1_T1
15011 2 -0.5 0 S2_Nm1_T1
15014 2 -0.5 0 S2_Nm1_T1
15018 2 -0.5 0 S2_Nm1_T1
15020 2 -0.5 0 S2_Nm1_T1
15022 2 -0.5 0 S2_Nm1_T1
16064 3 -0.5 0 S2_Nm1_T1
16065 3 -0.5 0 S2_Nm1_T1
16066 3 -0.5 0 S2_Nm1_T1
16067 3 -0.5 0 S2_Nm1_T1
16068 3 -0.5 0 S2_Nm1_T1
15001 3 -0.5 0 S2_Nm1_T1
15002 3 -0.5 0 S2_Nm1_T1
15003 3 -0.5 0 S2_Nm1_T1
15007 3 -0.5 0 S2_Nm1_T1
15008 3 -0.5 0 S2_Nm1_T1
15011 3 -0.5 0 S2_Nm1_T1
15014 3 -0.5 0 S2_Nm1_T1
15018 3 -0.5 154.493767937697 S2_Nm1_T1
15020 3 -0.5 0 S2_Nm1_T1
15022 3 -0.5 0 S2_Nm1_T1
16064 4 -0.5 0 S2_Nm1_T1
16065 4 -0.5 0 S2_Nm1_T1
16066 4 -0.5 0 S2_Nm1_T1
16067 4 -0.5 0 S2_Nm1_T1
16068 4 -0.5 0 S2_Nm1_T1
15001 4 -0.5 0 S2_Nm1_T1
15002 4 -0.5 0 S2_Nm1_T1
15003 4 -0.5 207.122095007104 S2_Nm1_T1
15007 4 -0.5 0 S2_Nm1_T1
15008 4 -0.5 0 S2_Nm1_T1
15011 4 -0.5 0 S2_Nm1_T1
15014 4 -0.5 0 S2_Nm1_T1
15018 4 -0.5 472.380934338858 S2_Nm1_T1
15020 4 -0.5 7.67338601677928 S2_Nm1_T1
15022 4 -0.5 0 S2_Nm1_T1
16064 5 -0.5 0 S2_Nm1_T1
16065 5 -0.5 0 S2_Nm1_T1
16066 5 -0.5 0 S2_Nm1_T1
16067 5 -0.5 0 S2_Nm1_T1
16068 5 -0.5 0 S2_Nm1_T1
15001 5 -0.5 0 S2_Nm1_T1
15002 5 -0.5 0 S2_Nm1_T1
15003 5 -0.5 0 S2_Nm1_T1
15007 5 -0.5 0 S2_Nm1_T1
15008 5 -0.5 0 S2_Nm1_T1
15011 5 -0.5 0 S2_Nm1_T1
15014 5 -0.5 0 S2_Nm1_T1
15018 5 -0.5 0 S2_Nm1_T1
15020 5 -0.5 0 S2_Nm1_T1
15022 5 -0.5 0 S2_Nm1_T1
16064 6 -0.5 0 S2_Nm1_T1
16065 6 -0.5 0 S2_Nm1_T1
16066 6 -0.5 0 S2_Nm1_T1
16067 6 -0.5 0 S2_Nm1_T1
16068 6 -0.5 0 S2_Nm1_T1
15001 6 -0.5 0 S2_Nm1_T1
15002 6 -0.5 0 S2_Nm1_T1
15003 6 -0.5 165.942493732163 S2_Nm1_T1
15007 6 -0.5 0 S2_Nm1_T1
15008 6 -0.5 0 S2_Nm1_T1
15011 6 -0.5 0 S2_Nm1_T1
15014 6 -0.5 0 S2_Nm1_T1
15018 6 -0.5 403.95386638316 S2_Nm1_T1
15020 6 -0.5 0 S2_Nm1_T1
15022 6 -0.5 0 S2_Nm1_T1
16064 7 -0.5 0 S2_Nm1_T1
16065 7 -0.5 0 S2_Nm1_T1
16066 7 -0.5 0 S2_Nm1_T1
16067 7 -0.5 0 S2_Nm1_T1
16068 7 -0.5 0 S2_Nm1_T1
15001 7 -0.5 0 S2_Nm1_T1
15002 7 -0.5 0 S2_Nm1_T1
15003 7 -0.5 0 S2_Nm1_T1
15007 7 -0.5 0 S2_Nm1_T1
15008 7 -0.5 0 S2_Nm1_T1
15011 7 -0.5 0 S2_Nm1_T1
15014 7 -0.5 0 S2_Nm1_T1
15018 7 -0.5 0 S2_Nm1_T1
15020 7 -0.5 0 S2_Nm1_T1
15022 7 -0.5 0 S2_Nm1_T1
16064 8 -0.5 0 S2_Nm1_T1
16065 8 -0.5 0 S2_Nm1_T1
16066 8 -0.5 0 S2_Nm1_T1
16067 8 -0.5 0 S2_Nm1_T1
16068 8 -0.5 0 S2_Nm1_T1
15001 8 -0.5 0 S2_Nm1_T1
15002 8 -0.5 15.2919264450256 S2_Nm1_T1
15003 8 -0.5 360.392143543643 S2_Nm1_T1
15007 8 -0.5 0 S2_Nm1_T1
15008 8 -0.5 0 S2_Nm1_T1
15011 8 -0.5 0 S2_Nm1_T1
15014 8 -0.5 0 S2_Nm1_T1
15018 8 -0.5 666.585247350605 S2_Nm1_T1
15020 8 -0.5 322.748138049606 S2_Nm1_T1
15022 8 -0.5 0 S2_Nm1_T1
16064 9 -0.5 0 S2_Nm1_T1
16065 9 -0.5 0 S2_Nm1_T1
16066 9 -0.5 0 S2_Nm1_T1
16067 9 -0.5 0 S2_Nm1_T1
16068 9 -0.5 0 S2_Nm1_T1
15001 9 -0.5 0 S2_Nm1_T1
15002 9 -0.5 0 S2_Nm1_T1
15003 9 -0.5 148.175003120233 S2_Nm1_T1
15007 9 -0.5 0 S2_Nm1_T1
15008 9 -0.5 0 S2_Nm1_T1
15011 9 -0.5 0 S2_Nm1_T1
15014 9 -0.5 0 S2_Nm1_T1
15018 9 -0.5 386.911273512631 S2_Nm1_T1
15020 9 -0.5 0 S2_Nm1_T1
15022 9 -0.5 0 S2_Nm1_T1
16064 10 -0.5 0 S2_Nm1_T1
16065 10 -0.5 0 S2_Nm1_T1
16066 10 -0.5 0 S2_Nm1_T1
16067 10 -0.5 0 S2_Nm1_T1
16068 10 -0.5 0 S2_Nm1_T1
15001 10 -0.5 0 S2_Nm1_T1
15002 10 -0.5 0 S2_Nm1_T1
15003 10 -0.5 358.351935636459 S2_Nm1_T1
15007 10 -0.5 0 S2_Nm1_T1
15008 10 -0.5 0 S2_Nm1_T1
15011 10 -0.5 0 S2_Nm1_T1
15014 10 -0.5 0 S2_Nm1_T1
15018 10 -0.5 674.235088863266 S2_Nm1_T1
15020 10 -0.5 262.985240138016 S2_Nm1_T1
15022 10 -0.5 0 S2_Nm1_T1
16064 11 -0.5 0 S2_Nm1_T1
16065 11 -0.5 0 S2_Nm1_T1
16066 11 -0.5 0 S2_Nm1_T1
16067 11 -0.5 2.45296083159006 S2_Nm1_T1
16068 11 -0.5 0 S2_Nm1_T1
15001 11 -0.5 4.5239414548807 S2_Nm1_T1
15002 11 -0.5 280.46970256781 S2_Nm1_T1
15003 11 -0.5 378.038649240201 S2_Nm1_T1
15007 11 -0.5 0 S2_Nm1_T1
15008 11 -0.5 0 S2_Nm1_T1
15011 11 -0.5 0 S2_Nm1_T1
15014 11 -0.5 0 S2_Nm1_T1
15018 11 -0.5 764.3487771917 S2_Nm1_T1
15020 11 -0.5 636.468412523238 S2_Nm1_T1
15022 11 -0.5 0 S2_Nm1_T1
16064 12 -0.5 0 S2_Nm1_T1
16065 12 -0.5 0 S2_Nm1_T1
16066 12 -0.5 0 S2_Nm1_T1
16067 12 -0.5 9.06791635008142 S2_Nm1_T1
16068 12 -0.5 0 S2_Nm1_T1
15001 12 -0.5 9.55464038433992 S2_Nm1_T1
15002 12 -0.5 334.063473332472 S2_Nm1_T1
15003 12 -0.5 354.769805347216 S2_Nm1_T1
15007 12 -0.5 0 S2_Nm1_T1
15008 12 -0.5 0 S2_Nm1_T1
15011 12 -0.5 0 S2_Nm1_T1
15014 12 -0.5 0 S2_Nm1_T1
15018 12 -0.5 720.687093173691 S2_Nm1_T1
15020 12 -0.5 639.489561830611 S2_Nm1_T1
15022 12 -0.5 0 S2_Nm1_T1
16064 13 -0.5 0 S2_Nm1_T1
16065 13 -0.5 0 S2_Nm1_T1
16066 13 -0.5 0 S2_Nm1_T1
16067 13 -0.5 0 S2_Nm1_T1
16068 13 -0.5 0 S2_Nm1_T1
15001 13 -0.5 0 S2_Nm1_T1
15002 13 -0.5 0 S2_Nm1_T1
15003 13 -0.5 25.1457938464052 S2_Nm1_T1
15007 13 -0.5 0 S2_Nm1_T1
15008 13 -0.5 0 S2_Nm1_T1
15011 13 -0.5 0 S2_Nm1_T1
15014 13 -0.5 0 S2_Nm1_T1
15018 13 -0.5 206.31425262266 S2_Nm1_T1
15020 13 -0.5 0 S2_Nm1_T1
15022 13 -0.5 0 S2_Nm1_T1
16064 14 -0.5 0 S2_Nm1_T1
16065 14 -0.5 0 S2_Nm1_T1
16066 14 -0.5 0 S2_Nm1_T1
16067 14 -0.5 0 S2_Nm1_T1
16068 14 -0.5 0 S2_Nm1_T1
15001 14 -0.5 0 S2_Nm1_T1
15002 14 -0.5 0 S2_Nm1_T1
15003 14 -0.5 0 S2_Nm1_T1
15007 14 -0.5 0 S2_Nm1_T1
15008 14 -0.5 0 S2_Nm1_T1
15011 14 -0.5 0 S2_Nm1_T1
15014 14 -0.5 0 S2_Nm1_T1
15018 14 -0.5 29.6628761163705 S2_Nm1_T1
15020 14 -0.5 0 S2_Nm1_T1
15022 14 -0.5 0 S2_Nm1_T1
16064 15 -0.5 0 S2_Nm1_T1
16065 15 -0.5 0 S2_Nm1_T1
16066 15 -0.5 0 S2_Nm1_T1
16067 15 -0.5 1.63590010603665 S2_Nm1_T1
16068 15 -0.5 0 S2_Nm1_T1
15001 15 -0.5 0 S2_Nm1_T1
15002 15 -0.5 2.36440618414574 S2_Nm1_T1
15003 15 -0.5 391.954903479703 S2_Nm1_T1
15007 15 -0.5 0 S2_Nm1_T1
15008 15 -0.5 0 S2_Nm1_T1
15011 15 -0.5 0 S2_Nm1_T1
15014 15 -0.5 0 S2_Nm1_T1
15018 15 -0.5 712.849688644991 S2_Nm1_T1
15020 15 -0.5 296.571154014654 S2_Nm1_T1
15022 15 -0.5 0 S2_Nm1_T1
16064 16 -0.5 0 S2_Nm1_T1
16065 16 -0.5 0 S2_Nm1_T1
16066 16 -0.5 0 S2_Nm1_T1
16067 16 -0.5 11.8801325167964 S2_Nm1_T1
16068 16 -0.5 0 S2_Nm1_T1
15001 16 -0.5 17.8433263659993 S2_Nm1_T1
15002 16 -0.5 255.887380085658 S2_Nm1_T1
15003 16 -0.5 423.106007566425 S2_Nm1_T1
15007 16 -0.5 0 S2_Nm1_T1
15008 16 -0.5 0 S2_Nm1_T1
15011 16 -0.5 0 S2_Nm1_T1
15014 16 -0.5 0 S2_Nm1_T1
15018 16 -0.5 774.306655349002 S2_Nm1_T1
15020 16 -0.5 591.165104108194 S2_Nm1_T1
15022 16 -0.5 0 S2_Nm1_T1
16064 17 -0.5 0 S2_Nm1_T1
16065 17 -0.5 0 S2_Nm1_T1
16066 17 -0.5 0 S2_Nm1_T1
16067 17 -0.5 0 S2_Nm1_T1
16068 17 -0.5 0 S2_Nm1_T1
15001 17 -0.5 0 S2_Nm1_T1
15002 17 -0.5 0 S2_Nm1_T1
15003 17 -0.5 68.5305897026434 S2_Nm1_T1
15007 17 -0.5 0 S2_Nm1_T1
15008 17 -0.5 0 S2_Nm1_T1
15011 17 -0.5 0 S2_Nm1_T1
15014 17 -0.5 0 S2_Nm1_T1
15018 17 -0.5 269.768139914912 S2_Nm1_T1
15020 17 -0.5 0 S2_Nm1_T1
15022 17 -0.5 0 S2_Nm1_T1
16064 18 -0.5 0 S2_Nm1_T1
16065 18 -0.5 0 S2_Nm1_T1
16066 18 -0.5 0 S2_Nm1_T1
16067 18 -0.5 13.211121757917 S2_Nm1_T1
16068 18 -0.5 0 S2_Nm1_T1
15001 18 -0.5 21.2073732369636 S2_Nm1_T1
15002 18 -0.5 346.334111043622 S2_Nm1_T1
15003 18 -0.5 392.913977667873 S2_Nm1_T1
15007 18 -0.5 0 S2_Nm1_T1
15008 18 -0.5 0 S2_Nm1_T1
15011 18 -0.5 0 S2_Nm1_T1
15014 18 -0.5 0 S2_Nm1_T1
15018 18 -0.5 759.946471708929 S2_Nm1_T1
15020 18 -0.5 661.244864953308 S2_Nm1_T1
15022 18 -0.5 0 S2_Nm1_T1
16064 19 -0.5 0 S2_Nm1_T1
16065 19 -0.5 0 S2_Nm1_T1
16066 19 -0.5 0 S2_Nm1_T1
16067 19 -0.5 0 S2_Nm1_T1
16068 19 -0.5 0 S2_Nm1_T1
15001 19 -0.5 0 S2_Nm1_T1
15002 19 -0.5 0 S2_Nm1_T1
15003 19 -0.5 323.733904541179 S2_Nm1_T1
15007 19 -0.5 0 S2_Nm1_T1
15008 19 -0.5 0 S2_Nm1_T1
15011 19 -0.5 0 S2_Nm1_T1
15014 19 -0.5 0 S2_Nm1_T1
15018 19 -0.5 621.493658894734 S2_Nm1_T1
15020 19 -0.5 179.697431210724 S2_Nm1_T1
15022 19 -0.5 0 S2_Nm1_T1
16064 20 -0.5 0 S2_Nm1_T1
16065 20 -0.5 0 S2_Nm1_T1
16066 20 -0.5 0 S2_Nm1_T1
16067 20 -0.5 6.07401504308834 S2_Nm1_T1
16068 20 -0.5 0 S2_Nm1_T1
15001 20 -0.5 3.02314789140882 S2_Nm1_T1
15002 20 -0.5 154.164569694173 S2_Nm1_T1
15003 20 -0.5 420.299807410477 S2_Nm1_T1
15007 20 -0.5 0 S2_Nm1_T1
15008 20 -0.5 0 S2_Nm1_T1
15011 20 -0.5 0 S2_Nm1_T1
15014 20 -0.5 0 S2_Nm1_T1
15018 20 -0.5 758.193675511528 S2_Nm1_T1
15020 20 -0.5 484.071587596545 S2_Nm1_T1
15022 20 -0.5 0 S2_Nm1_T1
16064 21 -0.5 0 S2_Nm1_T1
16065 21 -0.5 0 S2_Nm1_T1
16066 21 -0.5 0 S2_Nm1_T1
16067 21 -0.5 0 S2_Nm1_T1
16068 21 -0.5 0 S2_Nm1_T1
15001 21 -0.5 0 S2_Nm1_T1
15002 21 -0.5 0 S2_Nm1_T1
15003 21 -0.5 324.572063135792 S2_Nm1_T1
15007 21 -0.5 0 S2_Nm1_T1
15008 21 -0.5 0 S2_Nm1_T1
15011 21 -0.5 0 S2_Nm1_T1
15014 21 -0.5 0 S2_Nm1_T1
15018 21 -0.5 630.160223043408 S2_Nm1_T1
15020 21 -0.5 177.53643225068 S2_Nm1_T1
15022 21 -0.5 0 S2_Nm1_T1
16064 22 -0.5 0 S2_Nm1_T1
16065 22 -0.5 0 S2_Nm1_T1
16066 22 -0.5 0 S2_Nm1_T1
16067 22 -0.5 35.9468312019032 S2_Nm1_T1
16068 22 -0.5 0 S2_Nm1_T1
15001 22 -0.5 39.0315399051493 S2_Nm1_T1
15002 22 -0.5 352.812569420727 S2_Nm1_T1
15003 22 -0.5 447.814072015345 S2_Nm1_T1
15007 22 -0.5 0 S2_Nm1_T1
15008 22 -0.5 0 S2_Nm1_T1
15011 22 -0.5 0 S2_Nm1_T1
15014 22 -0.5 0 S2_Nm1_T1
15018 22 -0.5 841.670704011938 S2_Nm1_T1
15020 22 -0.5 702.768148556839 S2_Nm1_T1
15022 22 -0.5 0 S2_Nm1_T1
16064 23 -0.5 0 S2_Nm1_T1
16065 23 -0.5 0 S2_Nm1_T1
16066 23 -0.5 0 S2_Nm1_T1
16067 23 -0.5 0 S2_Nm1_T1
16068 23 -0.5 0 S2_Nm1_T1
15001 23 -0.5 0 S2_Nm1_T1
15002 23 -0.5 0 S2_Nm1_T1
15003 23 -0.5 234.173575776101 S2_Nm1_T1
15007 23 -0.5 0 S2_Nm1_T1
15008 23 -0.5 0 S2_Nm1_T1
15011 23 -0.5 0 S2_Nm1_T1
15014 23 -0.5 0 S2_Nm1_T1
15018 23 -0.5 507.758141738852 S2_Nm1_T1
15020 23 -0.5 21.4956214986663 S2_Nm1_T1
15022 23 -0.5 0 S2_Nm1_T1
16064 24 -0.5 0 S2_Nm1_T1
16065 24 -0.5 0 S2_Nm1_T1
16066 24 -0.5 0 S2_Nm1_T1
16067 24 -0.5 0 S2_Nm1_T1
16068 24 -0.5 0 S2_Nm1_T1
15001 24 -0.5 0 S2_Nm1_T1
15002 24 -0.5 0 S2_Nm1_T1
15003 24 -0.5 363.777981188811 S2_Nm1_T1
15007 24 -0.5 0 S2_Nm1_T1
15008 24 -0.5 0 S2_Nm1_T1
15011 24 -0.5 0 S2_Nm1_T1
15014 24 -0.5 0 S2_Nm1_T1
15018 24 -0.5 688.503367632667 S2_Nm1_T1
15020 24 -0.5 266.233937110514 S2_Nm1_T1
15022 24 -0.5 0 S2_Nm1_T1
16064 25 -0.5 0 S2_Nm1_T1
16065 25 -0.5 0 S2_Nm1_T1
16066 25 -0.5 0 S2_Nm1_T1
16067 25 -0.5 0 S2_Nm1_T1
16068 25 -0.5 0 S2_Nm1_T1
15001 25 -0.5 0 S2_Nm1_T1
15002 25 -0.5 0 S2_Nm1_T1
15003 25 -0.5 0 S2_Nm1_T1
15007 25 -0.5 0 S2_Nm1_T1
15008 25 -0.5 0 S2_Nm1_T1
15011 25 -0.5 0 S2_Nm1_T1
15014 25 -0.5 0 S2_Nm1_T1
15018 25 -0.5 32.9170874186455 S2_Nm1_T1
15020 25 -0.5 0 S2_Nm1_T1
15022 25 -0.5 0 S2_Nm1_T1
16064 26 -0.5 0 S2_Nm1_T1
16065 26 -0.5 0 S2_Nm1_T1
16066 26 -0.5 0 S2_Nm1_T1
16067 26 -0.5 15.9681196568768 S2_Nm1_T1
16068 26 -0.5 0 S2_Nm1_T1
15001 26 -0.5 21.5197802035916 S2_Nm1_T1
15002 26 -0.5 262.919192475549 S2_Nm1_T1
15003 26 -0.5 437.098597714344 S2_Nm1_T1
15007 26 -0.5 0 S2_Nm1_T1
15008 26 -0.5 0 S2_Nm1_T1
15011 26 -0.5 0 S2_Nm1_T1
15014 26 -0.5 0 S2_Nm1_T1
15018 26 -0.5 806.038678285845 S2_Nm1_T1
15020 26 -0.5 613.9619963067 S2_Nm1_T1
15022 26 -0.5 0 S2_Nm1_T1
16064 27 -0.5 0 S2_Nm1_T1
16065 27 -0.5 0 S2_Nm1_T1
16066 27 -0.5 0 S2_Nm1_T1
16067 27 -0.5 0 S2_Nm1_T1
16068 27 -0.5 0 S2_Nm1_T1
15001 27 -0.5 0 S2_Nm1_T1
15002 27 -0.5 0 S2_Nm1_T1
15003 27 -0.5 0 S2_Nm1_T1
15007 27 -0.5 0 S2_Nm1_T1
15008 27 -0.5 0 S2_Nm1_T1
15011 27 -0.5 0 S2_Nm1_T1
15014 27 -0.5 0 S2_Nm1_T1
15018 27 -0.5 0 S2_Nm1_T1
15020 27 -0.5 0 S2_Nm1_T1
15022 27 -0.5 0 S2_Nm1_T1
16064 28 -0.5 0 S2_Nm1_T1
16065 28 -0.5 0 S2_Nm1_T1
16066 28 -0.5 0 S2_Nm1_T1
16067 28 -0.5 48.1995259974834 S2_Nm1_T1
16068 28 -0.5 0 S2_Nm1_T1
15001 28 -0.5 46.6922353768466 S2_Nm1_T1
15002 28 -0.5 364.348168895088 S2_Nm1_T1
15003 28 -0.5 457.577519648511 S2_Nm1_T1
15007 28 -0.5 0 S2_Nm1_T1
15008 28 -0.5 0 S2_Nm1_T1
15011 28 -0.5 0 S2_Nm1_T1
15014 28 -0.5 0 S2_Nm1_T1
15018 28 -0.5 848.052651011109 S2_Nm1_T1
15020 28 -0.5 709.587609944969 S2_Nm1_T1
15022 28 -0.5 0 S2_Nm1_T1
16064 29 -0.5 0 S2_Nm1_T1
16065 29 -0.5 0 S2_Nm1_T1
16066 29 -0.5 0 S2_Nm1_T1
16067 29 -0.5 0 S2_Nm1_T1
16068 29 -0.5 0 S2_Nm1_T1
15001 29 -0.5 0 S2_Nm1_T1
15002 29 -0.5 0 S2_Nm1_T1
15003 29 -0.5 114.9416921304 S2_Nm1_T1
15007 29 -0.5 0 S2_Nm1_T1
15008 29 -0.5 0 S2_Nm1_T1
15011 29 -0.5 0 S2_Nm1_T1
15014 29 -0.5 0 S2_Nm1_T1
15018 29 -0.5 336.625405704763 S2_Nm1_T1
15020 29 -0.5 0 S2_Nm1_T1
15022 29 -0.5 0 S2_Nm1_T1
16064 30 -0.5 0 S2_Nm1_T1
16065 30 -0.5 0 S2_Nm1_T1
16066 30 -0.5 0 S2_Nm1_T1
16067 30 -0.5 0 S2_Nm1_T1
16068 30 -0.5 0 S2_Nm1_T1
15001 30 -0.5 0 S2_Nm1_T1
15002 30 -0.5 0 S2_Nm1_T1
15003 30 -0.5 0 S2_Nm1_T1
15007 30 -0.5 0 S2_Nm1_T1
15008 30 -0.5 0 S2_Nm1_T1
15011 30 -0.5 0 S2_Nm1_T1
15014 30 -0.5 0 S2_Nm1_T1
15018 30 -0.5 23.8355888898751 S2_Nm1_T1
15020 30 -0.5 0 S2_Nm1_T1
15022 30 -0.5 0 S2_Nm1_T1
16064 31 -0.5 0 S2_Nm1_T1
16065 31 -0.5 0 S2_Nm1_T1
16066 31 -0.5 0 S2_Nm1_T1
16067 31 -0.5 0 S2_Nm1_T1
16068 31 -0.5 0 S2_Nm1_T1
15001 31 -0.5 0 S2_Nm1_T1
15002 31 -0.5 0 S2_Nm1_T1
15003 31 -0.5 0 S2_Nm1_T1
15007 31 -0.5 0 S2_Nm1_T1
15008 31 -0.5 0 S2_Nm1_T1
15011 31 -0.5 0 S2_Nm1_T1
15014 31 -0.5 0 S2_Nm1_T1
15018 31 -0.5 186.738889817016 S2_Nm1_T1
15020 31 -0.5 0 S2_Nm1_T1
15022 31 -0.5 0 S2_Nm1_T1
16064 1 -1.5 5.29127393546315 S2_Nm1_T1
16065 1 -1.5 136.91521279795 S2_Nm1_T1
16066 1 -1.5 0 S2_Nm1_T1
16067 1 -1.5 0 S2_Nm1_T1
16068 1 -1.5 0 S2_Nm1_T1
15001 1 -1.5 14.8024317434011 S2_Nm1_T1
15002 1 -1.5 127.862440834219 S2_Nm1_T1
15003 1 -1.5 167.551221223384 S2_Nm1_T1
15007 1 -1.5 48.2554048422695 S2_Nm1_T1
15008 1 -1.5 18.72561182019 S2_Nm1_T1
15011 1 -1.5 0 S2_Nm1_T1
15014 1 -1.5 200.551099321979 S2_Nm1_T1
15018 1 -1.5 393.242745419102 S2_Nm1_T1
15020 1 -1.5 291.807857992242 S2_Nm1_T1
15022 1 -1.5 0 S2_Nm1_T1
16064 2 -1.5 0 S2_Nm1_T1
16065 2 -1.5 0 S2_Nm1_T1
16066 2 -1.5 0 S2_Nm1_T1
16067 2 -1.5 0 S2_Nm1_T1
16068 2 -1.5 0 S2_Nm1_T1
15001 2 -1.5 0 S2_Nm1_T1
15002 2 -1.5 0 S2_Nm1_T1
15003 2 -1.5 0 S2_Nm1_T1
15007 2 -1.5 0 S2_Nm1_T1
15008 2 -1.5 0 S2_Nm1_T1
15011 2 -1.5 0 S2_Nm1_T1
15014 2 -1.5 0 S2_Nm1_T1
15018 2 -1.5 0 S2_Nm1_T1
15020 2 -1.5 0 S2_Nm1_T1
15022 2 -1.5 0 S2_Nm1_T1
16064 3 -1.5 0 S2_Nm1_T1
16065 3 -1.5 0 S2_Nm1_T1
16066 3 -1.5 0 S2_Nm1_T1
16067 3 -1.5 0 S2_Nm1_T1
16068 3 -1.5 0 S2_Nm1_T1
15001 3 -1.5 0 S2_Nm1_T1
15002 3 -1.5 0 S2_Nm1_T1
15003 3 -1.5 0 S2_Nm1_T1
15007 3 -1.5 0 S2_Nm1_T1
15008 3 -1.5 0 S2_Nm1_T1
15011 3 -1.5 0 S2_Nm1_T1
15014 3 -1.5 0 S2_Nm1_T1
15018 3 -1.5 27.2380355260867 S2_Nm1_T1
15020 3 -1.5 0 S2_Nm1_T1
15022 3 -1.5 0 S2_Nm1_T1
16064 4 -1.5 0 S2_Nm1_T1
16065 4 -1.5 0 S2_Nm1_T1
16066 4 -1.5 0 S2_Nm1_T1
16067 4 -1.5 0 S2_Nm1_T1
16068 4 -1.5 0 S2_Nm1_T1
15001 4 -1.5 0 S2_Nm1_T1
15002 4 -1.5 0 S2_Nm1_T1
15003 4 -1.5 79.8259919297931 S2_Nm1_T1
15007 4 -1.5 8.9497968535713 S2_Nm1_T1
15008 4 -1.5 7.97829618881663 S2_Nm1_T1
15011 4 -1.5 0 S2_Nm1_T1
15014 4 -1.5 12.3337151345204 S2_Nm1_T1
15018 4 -1.5 176.914897421535 S2_Nm1_T1
15020 4 -1.5 0 S2_Nm1_T1
15022 4 -1.5 0 S2_Nm1_T1
16064 5 -1.5 0 S2_Nm1_T1
16065 5 -1.5 0 S2_Nm1_T1
16066 5 -1.5 0 S2_Nm1_T1
16067 5 -1.5 0 S2_Nm1_T1
16068 5 -1.5 0 S2_Nm1_T1
15001 5 -1.5 0 S2_Nm1_T1
15002 5 -1.5 0 S2_Nm1_T1
15003 5 -1.5 0 S2_Nm1_T1
15007 5 -1.5 0 S2_Nm1_T1
15008 5 -1.5 0 S2_Nm1_T1
15011 5 -1.5 0 S2_Nm1_T1
15014 5 -1.5 0 S2_Nm1_T1
15018 5 -1.5 0 S2_Nm1_T1
15020 5 -1.5 0 S2_Nm1_T1
15022 5 -1.5 0 S2_Nm1_T1
16064 6 -1.5 1.409966584775 S2_Nm1_T1
16065 6 -1.5 0 S2_Nm1_T1
16066 6 -1.5 0 S2_Nm1_T1
16067 6 -1.5 0 S2_Nm1_T1
16068 6 -1.5 0 S2_Nm1_T1
15001 6 -1.5 0 S2_Nm1_T1
15002 6 -1.5 0 S2_Nm1_T1
15003 6 -1.5 142.395264789972 S2_Nm1_T1
15007 6 -1.5 76.6601495684872 S2_Nm1_T1
15008 6 -1.5 61.3195481923803 S2_Nm1_T1
15011 6 -1.5 0 S2_Nm1_T1
15014 6 -1.5 17.1928782995064 S2_Nm1_T1
15018 6 -1.5 292.973117085256 S2_Nm1_T1
15020 6 -1.5 0 S2_Nm1_T1
15022 6 -1.5 0 S2_Nm1_T1
16064 7 -1.5 0 S2_Nm1_T1
16065 7 -1.5 0 S2_Nm1_T1
16066 7 -1.5 0 S2_Nm1_T1
16067 7 -1.5 0 S2_Nm1_T1
16068 7 -1.5 0 S2_Nm1_T1
15001 7 -1.5 0 S2_Nm1_T1
15002 7 -1.5 0 S2_Nm1_T1
15003 7 -1.5 0 S2_Nm1_T1
15007 7 -1.5 0 S2_Nm1_T1
15008 7 -1.5 0 S2_Nm1_T1
15011 7 -1.5 0 S2_Nm1_T1
15014 7 -1.5 0 S2_Nm1_T1
15018 7 -1.5 0 S2_Nm1_T1
15020 7 -1.5 0 S2_Nm1_T1
15022 7 -1.5 0 S2_Nm1_T1
16064 8 -1.5 1.86223732589163 S2_Nm1_T1
16065 8 -1.5 40.0717944007293 S2_Nm1_T1
16066 8 -1.5 0 S2_Nm1_T1
16067 8 -1.5 0 S2_Nm1_T1
16068 8 -1.5 0 S2_Nm1_T1
15001 8 -1.5 1.15678937878287 S2_Nm1_T1
15002 8 -1.5 0 S2_Nm1_T1
15003 8 -1.5 249.874989158698 S2_Nm1_T1
15007 8 -1.5 79.6801589830698 S2_Nm1_T1
15008 8 -1.5 58.5335641763804 S2_Nm1_T1
15011 8 -1.5 0 S2_Nm1_T1
15014 8 -1.5 250.423909120697 S2_Nm1_T1
15018 8 -1.5 421.96983038357 S2_Nm1_T1
15020 8 -1.5 146.579395058147 S2_Nm1_T1
15022 8 -1.5 0 S2_Nm1_T1
16064 9 -1.5 0 S2_Nm1_T1
16065 9 -1.5 0 S2_Nm1_T1
16066 9 -1.5 0 S2_Nm1_T1
16067 9 -1.5 0 S2_Nm1_T1
16068 9 -1.5 0 S2_Nm1_T1
15001 9 -1.5 0 S2_Nm1_T1
15002 9 -1.5 0 S2_Nm1_T1
15003 9 -1.5 82.4075662598697 S2_Nm1_T1
15007 9 -1.5 25.2586250116432 S2_Nm1_T1
15008 9 -1.5 20.1367900816096 S2_Nm1_T1
15011 9 -1.5 0 S2_Nm1_T1
15014 9 -1.5 0 S2_Nm1_T1
15018 9 -1.5 202.135813295618 S2_Nm1_T1
15020 9 -1.5 0 S2_Nm1_T1
15022 9 -1.5 0 S2_Nm1_T1
16064 10 -1.5 0 S2_Nm1_T1
16065 10 -1.5 18.435776354792 S2_Nm1_T1
16066 10 -1.5 0 S2_Nm1_T1
16067 10 -1.5 0 S2_Nm1_T1
16068 10 -1.5 0 S2_Nm1_T1
15001 10 -1.5 0 S2_Nm1_T1
15002 10 -1.5 0 S2_Nm1_T1
15003 10 -1.5 227.70749835283 S2_Nm1_T1
15007 10 -1.5 72.0511211489362 S2_Nm1_T1
15008 10 -1.5 53.1955770774485 S2_Nm1_T1
15011 10 -1.5 0 S2_Nm1_T1
15014 10 -1.5 225.622628951103 S2_Nm1_T1
15018 10 -1.5 409.594518923908 S2_Nm1_T1
15020 10 -1.5 101.227605434251 S2_Nm1_T1
15022 10 -1.5 0 S2_Nm1_T1
16064 11 -1.5 0 S2_Nm1_T1
16065 11 -1.5 1.76404295576049 S2_Nm1_T1
16066 11 -1.5 0 S2_Nm1_T1
16067 11 -1.5 0 S2_Nm1_T1
16068 11 -1.5 0 S2_Nm1_T1
15001 11 -1.5 0 S2_Nm1_T1
15002 11 -1.5 3.0976266588907 S2_Nm1_T1
15003 11 -1.5 32.3670609675477 S2_Nm1_T1
15007 11 -1.5 0 S2_Nm1_T1
15008 11 -1.5 0 S2_Nm1_T1
15011 11 -1.5 0 S2_Nm1_T1
15014 11 -1.5 33.3342834714366 S2_Nm1_T1
15018 11 -1.5 79.0288474978501 S2_Nm1_T1
15020 11 -1.5 55.2621581034581 S2_Nm1_T1
15022 11 -1.5 0 S2_Nm1_T1
16064 12 -1.5 0 S2_Nm1_T1
16065 12 -1.5 47.8285799604888 S2_Nm1_T1
16066 12 -1.5 0 S2_Nm1_T1
16067 12 -1.5 0 S2_Nm1_T1
16068 12 -1.5 0 S2_Nm1_T1
15001 12 -1.5 0 S2_Nm1_T1
15002 12 -1.5 18.8463751024084 S2_Nm1_T1
15003 12 -1.5 38.5864814745236 S2_Nm1_T1
15007 12 -1.5 0 S2_Nm1_T1
15008 12 -1.5 0 S2_Nm1_T1
15011 12 -1.5 0 S2_Nm1_T1
15014 12 -1.5 33.8223208582031 S2_Nm1_T1
15018 12 -1.5 86.8231272662531 S2_Nm1_T1
15020 12 -1.5 69.9992721131177 S2_Nm1_T1
15022 12 -1.5 0 S2_Nm1_T1
16064 13 -1.5 0 S2_Nm1_T1
16065 13 -1.5 0 S2_Nm1_T1
16066 13 -1.5 0 S2_Nm1_T1
16067 13 -1.5 0 S2_Nm1_T1
16068 13 -1.5 0 S2_Nm1_T1
15001 13 -1.5 0 S2_Nm1_T1
15002 13 -1.5 0 S2_Nm1_T1
15003 13 -1.5 3.01240903780642 S2_Nm1_T1
15007 13 -1.5 0 S2_Nm1_T1
15008 13 -1.5 0 S2_Nm1_T1
15011 13 -1.5 0 S2_Nm1_T1
15014 13 -1.5 0 S2_Nm1_T1
15018 13 -1.5 85.4617492958427 S2_Nm1_T1
15020 13 -1.5 0 S2_Nm1_T1
15022 13 -1.5 0 S2_Nm1_T1
16064 14 -1.5 0 S2_Nm1_T1
16065 14 -1.5 0 S2_Nm1_T1
16066 14 -1.5 0 S2_Nm1_T1
16067 14 -1.5 0 S2_Nm1_T1
16068 14 -1.5 0 S2_Nm1_T1
15001 14 -1.5 0 S2_Nm1_T1
15002 14 -1.5 0 S2_Nm1_T1
15003 14 -1.5 0 S2_Nm1_T1
15007 14 -1.5 0 S2_Nm1_T1
15008 14 -1.5 0 S2_Nm1_T1
15011 14 -1.5 0 S2_Nm1_T1
15014 14 -1.5 0 S2_Nm1_T1
15018 14 -1.5 6.268765364641 S2_Nm1_T1
15020 14 -1.5 0 S2_Nm1_T1
15022 14 -1.5 0 S2_Nm1_T1
16064 15 -1.5 35.8946816020986 S2_Nm1_T1
16065 15 -1.5 122.438967614321 S2_Nm1_T1
16066 15 -1.5 0 S2_Nm1_T1
16067 15 -1.5 3.36819943869636 S2_Nm1_T1
16068 15 -1.5 0 S2_Nm1_T1
15001 15 -1.5 18.3003109626228 S2_Nm1_T1
15002 15 -1.5 1.0298926752534 S2_Nm1_T1
15003 15 -1.5 385.87872432103 S2_Nm1_T1
15007 15 -1.5 168.917227099662 S2_Nm1_T1
15008 15 -1.5 132.664216055089 S2_Nm1_T1
15011 15 -1.5 0 S2_Nm1_T1
15014 15 -1.5 397.521917774534 S2_Nm1_T1
15018 15 -1.5 580.67494298129 S2_Nm1_T1
15020 15 -1.5 214.410875008544 S2_Nm1_T1
15022 15 -1.5 0 S2_Nm1_T1
16064 16 -1.5 29.0878649045539 S2_Nm1_T1
16065 16 -1.5 169.322853456332 S2_Nm1_T1
16066 16 -1.5 0 S2_Nm1_T1
16067 16 -1.5 2.19629044676741 S2_Nm1_T1
16068 16 -1.5 0 S2_Nm1_T1
15001 16 -1.5 57.6838196044731 S2_Nm1_T1
15002 16 -1.5 158.732409262958 S2_Nm1_T1
15003 16 -1.5 344.788963718722 S2_Nm1_T1
15007 16 -1.5 124.60480502024 S2_Nm1_T1
15008 16 -1.5 82.6947722334404 S2_Nm1_T1
15011 16 -1.5 0 S2_Nm1_T1
15014 16 -1.5 373.220282671441 S2_Nm1_T1
15018 16 -1.5 552.149919671177 S2_Nm1_T1
15020 16 -1.5 387.363700963352 S2_Nm1_T1
15022 16 -1.5 0 S2_Nm1_T1
16064 17 -1.5 0 S2_Nm1_T1
16065 17 -1.5 0 S2_Nm1_T1
16066 17 -1.5 0 S2_Nm1_T1
16067 17 -1.5 0 S2_Nm1_T1
16068 17 -1.5 0 S2_Nm1_T1
15001 17 -1.5 0 S2_Nm1_T1
15002 17 -1.5 0 S2_Nm1_T1
15003 17 -1.5 64.6127704834833 S2_Nm1_T1
15007 17 -1.5 39.3124243367415 S2_Nm1_T1
15008 17 -1.5 25.8365334012367 S2_Nm1_T1
15011 17 -1.5 0 S2_Nm1_T1
15014 17 -1.5 0 S2_Nm1_T1
15018 17 -1.5 198.505874876302 S2_Nm1_T1
15020 17 -1.5 0 S2_Nm1_T1
15022 17 -1.5 0 S2_Nm1_T1
16064 18 -1.5 1.45635990292997 S2_Nm1_T1
16065 18 -1.5 99.1580973218122 S2_Nm1_T1
16066 18 -1.5 0 S2_Nm1_T1
16067 18 -1.5 0 S2_Nm1_T1
16068 18 -1.5 0 S2_Nm1_T1
15001 18 -1.5 3.88608776036571 S2_Nm1_T1
15002 18 -1.5 95.1921525537967 S2_Nm1_T1
15003 18 -1.5 123.044283900865 S2_Nm1_T1
15007 18 -1.5 22.1817614372948 S2_Nm1_T1
15008 18 -1.5 5.30143470270177 S2_Nm1_T1
15011 18 -1.5 0 S2_Nm1_T1
15014 18 -1.5 144.579481512389 S2_Nm1_T1
15018 18 -1.5 258.819748709194 S2_Nm1_T1
15020 18 -1.5 189.447106658211 S2_Nm1_T1
15022 18 -1.5 0 S2_Nm1_T1
16064 19 -1.5 0 S2_Nm1_T1
16065 19 -1.5 6.30619720897565 S2_Nm1_T1
16066 19 -1.5 0 S2_Nm1_T1
16067 19 -1.5 0 S2_Nm1_T1
16068 19 -1.5 0 S2_Nm1_T1
15001 19 -1.5 0 S2_Nm1_T1
15002 19 -1.5 0 S2_Nm1_T1
15003 19 -1.5 206.003389482556 S2_Nm1_T1
15007 19 -1.5 67.2703840325649 S2_Nm1_T1
15008 19 -1.5 52.4228995531066 S2_Nm1_T1
15011 19 -1.5 0 S2_Nm1_T1
15014 19 -1.5 191.846855411477 S2_Nm1_T1
15018 19 -1.5 375.926378272611 S2_Nm1_T1
15020 19 -1.5 56.8486115858478 S2_Nm1_T1
15022 19 -1.5 0 S2_Nm1_T1
16064 20 -1.5 38.0005100466884 S2_Nm1_T1
16065 20 -1.5 159.793003341161 S2_Nm1_T1
16066 20 -1.5 0 S2_Nm1_T1
16067 20 -1.5 4.47000192510536 S2_Nm1_T1
16068 20 -1.5 0 S2_Nm1_T1
15001 20 -1.5 57.9821790405008 S2_Nm1_T1
15002 20 -1.5 107.88083071516 S2_Nm1_T1
15003 20 -1.5 390.849440460835 S2_Nm1_T1
15007 20 -1.5 156.430331224088 S2_Nm1_T1
15008 20 -1.5 113.262422195792 S2_Nm1_T1
15011 20 -1.5 0 S2_Nm1_T1
15014 20 -1.5 421.521323947033 S2_Nm1_T1
15018 20 -1.5 590.587400679878 S2_Nm1_T1
15020 20 -1.5 344.927578849183 S2_Nm1_T1
15022 20 -1.5 0 S2_Nm1_T1
16064 21 -1.5 0 S2_Nm1_T1
16065 21 -1.5 2.46735862299898 S2_Nm1_T1
16066 21 -1.5 0 S2_Nm1_T1
16067 21 -1.5 0 S2_Nm1_T1
16068 21 -1.5 0 S2_Nm1_T1
15001 21 -1.5 0 S2_Nm1_T1
15002 21 -1.5 0 S2_Nm1_T1
15003 21 -1.5 172.386348091543 S2_Nm1_T1
15007 21 -1.5 50.5926300536524 S2_Nm1_T1
15008 21 -1.5 38.5039052373211 S2_Nm1_T1
15011 21 -1.5 0 S2_Nm1_T1
15014 21 -1.5 167.38979784451 S2_Nm1_T1
15018 21 -1.5 341.379112248098 S2_Nm1_T1
15020 21 -1.5 39.6376082673586 S2_Nm1_T1
15022 21 -1.5 0 S2_Nm1_T1
16064 22 -1.5 21.5396916560469 S2_Nm1_T1
16065 22 -1.5 187.220152561788 S2_Nm1_T1
16066 22 -1.5 2.73822772894832 S2_Nm1_T1
16067 22 -1.5 1.20030339664907 S2_Nm1_T1
16068 22 -1.5 0 S2_Nm1_T1
15001 22 -1.5 46.72359844346 S2_Nm1_T1
15002 22 -1.5 176.28953884871 S2_Nm1_T1
15003 22 -1.5 292.717317597242 S2_Nm1_T1
15007 22 -1.5 95.6998448664683 S2_Nm1_T1
15008 22 -1.5 55.4051043074593 S2_Nm1_T1
15011 22 -1.5 0 S2_Nm1_T1
15014 22 -1.5 328.821982686855 S2_Nm1_T1
15018 22 -1.5 537.633100476072 S2_Nm1_T1
15020 22 -1.5 409.676669589352 S2_Nm1_T1
15022 22 -1.5 0 S2_Nm1_T1
16064 23 -1.5 0 S2_Nm1_T1
16065 23 -1.5 0 S2_Nm1_T1
16066 23 -1.5 0 S2_Nm1_T1
16067 23 -1.5 0 S2_Nm1_T1
16068 23 -1.5 0 S2_Nm1_T1
15001 23 -1.5 0 S2_Nm1_T1
15002 23 -1.5 0 S2_Nm1_T1
15003 23 -1.5 145.610360142032 S2_Nm1_T1
15007 23 -1.5 56.4835833887284 S2_Nm1_T1
15008 23 -1.5 45.866359002072 S2_Nm1_T1
15011 23 -1.5 0 S2_Nm1_T1
15014 23 -1.5 90.8237695664294 S2_Nm1_T1
15018 23 -1.5 303.206201554072 S2_Nm1_T1
15020 23 -1.5 0 S2_Nm1_T1
15022 23 -1.5 0 S2_Nm1_T1
16064 24 -1.5 0 S2_Nm1_T1
16065 24 -1.5 14.0861327699969 S2_Nm1_T1
16066 24 -1.5 0 S2_Nm1_T1
16067 24 -1.5 0 S2_Nm1_T1
16068 24 -1.5 0 S2_Nm1_T1
15001 24 -1.5 0 S2_Nm1_T1
15002 24 -1.5 0 S2_Nm1_T1
15003 24 -1.5 213.041070198923 S2_Nm1_T1
15007 24 -1.5 65.3836288699595 S2_Nm1_T1
15008 24 -1.5 47.2741828876449 S2_Nm1_T1
15011 24 -1.5 0 S2_Nm1_T1
15014 24 -1.5 216.466314013039 S2_Nm1_T1
15018 24 -1.5 401.829277051206 S2_Nm1_T1
15020 24 -1.5 93.4701701194279 S2_Nm1_T1
15022 24 -1.5 0 S2_Nm1_T1
16064 25 -1.5 0 S2_Nm1_T1
16065 25 -1.5 0 S2_Nm1_T1
16066 25 -1.5 0 S2_Nm1_T1
16067 25 -1.5 0 S2_Nm1_T1
16068 25 -1.5 0 S2_Nm1_T1
15001 25 -1.5 0 S2_Nm1_T1
15002 25 -1.5 0 S2_Nm1_T1
15003 25 -1.5 0 S2_Nm1_T1
15007 25 -1.5 0 S2_Nm1_T1
15008 25 -1.5 0 S2_Nm1_T1
15011 25 -1.5 0 S2_Nm1_T1
15014 25 -1.5 0 S2_Nm1_T1
15018 25 -1.5 3.07277386776882 S2_Nm1_T1
15020 25 -1.5 0 S2_Nm1_T1
15022 25 -1.5 0 S2_Nm1_T1
16064 26 -1.5 23.3282689844214 S2_Nm1_T1
16065 26 -1.5 159.861788345057 S2_Nm1_T1
16066 26 -1.5 0 S2_Nm1_T1
16067 26 -1.5 1.61065667518237 S2_Nm1_T1
16068 26 -1.5 0 S2_Nm1_T1
15001 26 -1.5 50.4558779326793 S2_Nm1_T1
15002 26 -1.5 148.759642763353 S2_Nm1_T1
15003 26 -1.5 335.573505577766 S2_Nm1_T1
15007 26 -1.5 116.492141856846 S2_Nm1_T1
15008 26 -1.5 75.1055717768355 S2_Nm1_T1
15011 26 -1.5 0 S2_Nm1_T1
15014 26 -1.5 370.470373327423 S2_Nm1_T1
15018 26 -1.5 558.476113437785 S2_Nm1_T1
15020 26 -1.5 383.588855768053 S2_Nm1_T1
15022 26 -1.5 0 S2_Nm1_T1
16064 27 -1.5 0 S2_Nm1_T1
16065 27 -1.5 0 S2_Nm1_T1
16066 27 -1.5 0 S2_Nm1_T1
16067 27 -1.5 0 S2_Nm1_T1
16068 27 -1.5 0 S2_Nm1_T1
15001 27 -1.5 0 S2_Nm1_T1
15002 27 -1.5 0 S2_Nm1_T1
15003 27 -1.5 0 S2_Nm1_T1
15007 27 -1.5 0 S2_Nm1_T1
15008 27 -1.5 0 S2_Nm1_T1
15011 27 -1.5 0 S2_Nm1_T1
15014 27 -1.5 0 S2_Nm1_T1
15018 27 -1.5 0 S2_Nm1_T1
15020 27 -1.5 0 S2_Nm1_T1
15022 27 -1.5 0 S2_Nm1_T1
16064 28 -1.5 48.5668430460611 S2_Nm1_T1
16065 28 -1.5 256.30817767271 S2_Nm1_T1
16066 28 -1.5 32.461804482099 S2_Nm1_T1
16067 28 -1.5 8.96745651051651 S2_Nm1_T1
16068 28 -1.5 0 S2_Nm1_T1
15001 28 -1.5 80.1642419284198 S2_Nm1_T1
15002 28 -1.5 243.256857569423 S2_Nm1_T1
15003 28 -1.5 375.260375004373 S2_Nm1_T1
15007 28 -1.5 139.217411408299 S2_Nm1_T1
15008 28 -1.5 87.2893614406497 S2_Nm1_T1
15011 28 -1.5 0 S2_Nm1_T1
15014 28 -1.5 420.72535350478 S2_Nm1_T1
15018 28 -1.5 617.546612980179 S2_Nm1_T1
15020 28 -1.5 492.103932048611 S2_Nm1_T1
15022 28 -1.5 0 S2_Nm1_T1
16064 29 -1.5 0 S2_Nm1_T1
16065 29 -1.5 0 S2_Nm1_T1
16066 29 -1.5 0 S2_Nm1_T1
16067 29 -1.5 0 S2_Nm1_T1
16068 29 -1.5 0 S2_Nm1_T1
15001 29 -1.5 0 S2_Nm1_T1
15002 29 -1.5 0 S2_Nm1_T1
15003 29 -1.5 24.4950987725853 S2_Nm1_T1
15007 29 -1.5 1.004164083754 S2_Nm1_T1
15008 29 -1.5 0 S2_Nm1_T1
15011 29 -1.5 0 S2_Nm1_T1
15014 29 -1.5 0 S2_Nm1_T1
15018 29 -1.5 108.244193074171 S2_Nm1_T1
15020 29 -1.5 0 S2_Nm1_T1
15022 29 -1.5 0 S2_Nm1_T1
16064 30 -1.5 0 S2_Nm1_T1
16065 30 -1.5 0 S2_Nm1_T1
16066 30 -1.5 0 S2_Nm1_T1
16067 30 -1.5 0 S2_Nm1_T1
16068 30 -1.5 0 S2_Nm1_T1
15001 30 -1.5 0 S2_Nm1_T1
15002 30 -1.5 0 S2_Nm1_T1
15003 30 -1.5 0 S2_Nm1_T1
15007 30 -1.5 0 S2_Nm1_T1
15008 30 -1.5 0 S2_Nm1_T1
15011 30 -1.5 0 S2_Nm1_T1
15014 30 -1.5 0 S2_Nm1_T1
15018 30 -1.5 2.93296031068282 S2_Nm1_T1
15020 30 -1.5 0 S2_Nm1_T1
15022 30 -1.5 0 S2_Nm1_T1
16064 31 -1.5 0 S2_Nm1_T1
16065 31 -1.5 0 S2_Nm1_T1
16066 31 -1.5 0 S2_Nm1_T1
16067 31 -1.5 0 S2_Nm1_T1
16068 31 -1.5 0 S2_Nm1_T1
15001 31 -1.5 0 S2_Nm1_T1
15002 31 -1.5 0 S2_Nm1_T1
15003 31 -1.5 0 S2_Nm1_T1
15007 31 -1.5 0 S2_Nm1_T1
15008 31 -1.5 0 S2_Nm1_T1
15011 31 -1.5 0 S2_Nm1_T1
15014 31 -1.5 0 S2_Nm1_T1
15018 31 -1.5 68.9750832936781 S2_Nm1_T1
15020 31 -1.5 0 S2_Nm1_T1
15022 31 -1.5 0 S2_Nm1_T1
16064 1 -3 0 S2_Nm1_T1
16065 1 -3 0 S2_Nm1_T1
16066 1 -3 0 S2_Nm1_T1
16067 1 -3 0 S2_Nm1_T1
16068 1 -3 0 S2_Nm1_T1
15001 1 -3 0 S2_Nm1_T1
15002 1 -3 0 S2_Nm1_T1
15003 1 -3 0 S2_Nm1_T1
15007 1 -3 0 S2_Nm1_T1
15008 1 -3 0 S2_Nm1_T1
15011 1 -3 0 S2_Nm1_T1
15014 1 -3 0 S2_Nm1_T1
15018 1 -3 0 S2_Nm1_T1
15020 1 -3 0 S2_Nm1_T1
15022 1 -3 0 S2_Nm1_T1
16064 2 -3 0 S2_Nm1_T1
16065 2 -3 0 S2_Nm1_T1
16066 2 -3 0 S2_Nm1_T1
16067 2 -3 0 S2_Nm1_T1
16068 2 -3 0 S2_Nm1_T1
15001 2 -3 0 S2_Nm1_T1
15002 2 -3 0 S2_Nm1_T1
15003 2 -3 0 S2_Nm1_T1
15007 2 -3 0 S2_Nm1_T1
15008 2 -3 0 S2_Nm1_T1
15011 2 -3 0 S2_Nm1_T1
15014 2 -3 0 S2_Nm1_T1
15018 2 -3 0 S2_Nm1_T1
15020 2 -3 0 S2_Nm1_T1
15022 2 -3 0 S2_Nm1_T1
16064 3 -3 0 S2_Nm1_T1
16065 3 -3 0 S2_Nm1_T1
16066 3 -3 0 S2_Nm1_T1
16067 3 -3 0 S2_Nm1_T1
16068 3 -3 0 S2_Nm1_T1
15001 3 -3 0 S2_Nm1_T1
15002 3 -3 0 S2_Nm1_T1
15003 3 -3 0 S2_Nm1_T1
15007 3 -3 0 S2_Nm1_T1
15008 3 -3 0 S2_Nm1_T1
15011 3 -3 0 S2_Nm1_T1
15014 3 -3 0 S2_Nm1_T1
15018 3 -3 0 S2_Nm1_T1
15020 3 -3 0 S2_Nm1_T1
15022 3 -3 0 S2_Nm1_T1
16064 4 -3 0 S2_Nm1_T1
16065 4 -3 0 S2_Nm1_T1
16066 4 -3 0 S2_Nm1_T1
16067 4 -3 0 S2_Nm1_T1
16068 4 -3 0 S2_Nm1_T1
15001 4 -3 0 S2_Nm1_T1
15002 4 -3 0 S2_Nm1_T1
15003 4 -3 0 S2_Nm1_T1
15007 4 -3 0 S2_Nm1_T1
15008 4 -3 0 S2_Nm1_T1
15011 4 -3 0 S2_Nm1_T1
15014 4 -3 0 S2_Nm1_T1
15018 4 -3 0 S2_Nm1_T1
15020 4 -3 0 S2_Nm1_T1
15022 4 -3 0 S2_Nm1_T1
16064 5 -3 0 S2_Nm1_T1
16065 5 -3 0 S2_Nm1_T1
16066 5 -3 0 S2_Nm1_T1
16067 5 -3 0 S2_Nm1_T1
16068 5 -3 0 S2_Nm1_T1
15001 5 -3 0 S2_Nm1_T1
15002 5 -3 0 S2_Nm1_T1
15003 5 -3 0 S2_Nm1_T1
15007 5 -3 0 S2_Nm1_T1
15008 5 -3 0 S2_Nm1_T1
15011 5 -3 0 S2_Nm1_T1
15014 5 -3 0 S2_Nm1_T1
15018 5 -3 0 S2_Nm1_T1
15020 5 -3 0 S2_Nm1_T1
15022 5 -3 0 S2_Nm1_T1
16064 6 -3 0 S2_Nm1_T1
16065 6 -3 0 S2_Nm1_T1
16066 6 -3 0 S2_Nm1_T1
16067 6 -3 0 S2_Nm1_T1
16068 6 -3 0 S2_Nm1_T1
15001 6 -3 0 S2_Nm1_T1
15002 6 -3 0 S2_Nm1_T1
15003 6 -3 49.8182756800825 S2_Nm1_T1
15007 6 -3 6.31914667499045 S2_Nm1_T1
15008 6 -3 6.62311922279422 S2_Nm1_T1
15011 6 -3 0 S2_Nm1_T1
15014 6 -3 3.69377647679137 S2_Nm1_T1
15018 6 -3 144.491346725777 S2_Nm1_T1
15020 6 -3 0 S2_Nm1_T1
15022 6 -3 0 S2_Nm1_T1
16064 7 -3 0 S2_Nm1_T1
16065 7 -3 0 S2_Nm1_T1
16066 7 -3 0 S2_Nm1_T1
16067 7 -3 0 S2_Nm1_T1
16068 7 -3 0 S2_Nm1_T1
15001 7 -3 0 S2_Nm1_T1
15002 7 -3 0 S2_Nm1_T1
15003 7 -3 0 S2_Nm1_T1
15007 7 -3 0 S2_Nm1_T1
15008 7 -3 0 S2_Nm1_T1
15011 7 -3 0 S2_Nm1_T1
15014 7 -3 0 S2_Nm1_T1
15018 7 -3 0 S2_Nm1_T1
15020 7 -3 0 S2_Nm1_T1
15022 7 -3 0 S2_Nm1_T1
16064 8 -3 0 S2_Nm1_T1
16065 8 -3 0 S2_Nm1_T1
16066 8 -3 0 S2_Nm1_T1
16067 8 -3 0 S2_Nm1_T1
16068 8 -3 0 S2_Nm1_T1
15001 8 -3 0 S2_Nm1_T1
15002 8 -3 0 S2_Nm1_T1
15003 8 -3 29.2218530637814 S2_Nm1_T1
15007 8 -3 0 S2_Nm1_T1
15008 8 -3 0 S2_Nm1_T1
15011 8 -3 0 S2_Nm1_T1
15014 8 -3 74.7963634796586 S2_Nm1_T1
15018 8 -3 70.940041481932 S2_Nm1_T1
15020 8 -3 2.02412839722118 S2_Nm1_T1
15022 8 -3 0 S2_Nm1_T1
16064 9 -3 0 S2_Nm1_T1
16065 9 -3 0 S2_Nm1_T1
16066 9 -3 0 S2_Nm1_T1
16067 9 -3 0 S2_Nm1_T1
16068 9 -3 0 S2_Nm1_T1
15001 9 -3 0 S2_Nm1_T1
15002 9 -3 0 S2_Nm1_T1
15003 9 -3 0 S2_Nm1_T1
15007 9 -3 0 S2_Nm1_T1
15008 9 -3 0 S2_Nm1_T1
15011 9 -3 0 S2_Nm1_T1
15014 9 -3 0 S2_Nm1_T1
15018 9 -3 10.0435292694849 S2_Nm1_T1
15020 9 -3 0 S2_Nm1_T1
15022 9 -3 0 S2_Nm1_T1
16064 10 -3 0 S2_Nm1_T1
16065 10 -3 0 S2_Nm1_T1
16066 10 -3 0 S2_Nm1_T1
16067 10 -3 0 S2_Nm1_T1
16068 10 -3 0 S2_Nm1_T1
15001 10 -3 0 S2_Nm1_T1
15002 10 -3 0 S2_Nm1_T1
15003 10 -3 12.1098673285468 S2_Nm1_T1
15007 10 -3 0 S2_Nm1_T1
15008 10 -3 0 S2_Nm1_T1
15011 10 -3 0 S2_Nm1_T1
15014 10 -3 42.1058867448442 S2_Nm1_T1
15018 10 -3 46.8907159395876 S2_Nm1_T1
15020 10 -3 0 S2_Nm1_T1
15022 10 -3 0 S2_Nm1_T1
16064 11 -3 0 S2_Nm1_T1
16065 11 -3 0 S2_Nm1_T1
16066 11 -3 0 S2_Nm1_T1
16067 11 -3 0 S2_Nm1_T1
16068 11 -3 0 S2_Nm1_T1
15001 11 -3 0 S2_Nm1_T1
15002 11 -3 0 S2_Nm1_T1
15003 11 -3 0 S2_Nm1_T1
15007 11 -3 0 S2_Nm1_T1
15008 11 -3 0 S2_Nm1_T1
15011 11 -3 0 S2_Nm1_T1
15014 11 -3 0 S2_Nm1_T1
15018 11 -3 0 S2_Nm1_T1
15020 11 -3 0 S2_Nm1_T1
15022 11 -3 0 S2_Nm1_T1
16064 12 -3 0 S2_Nm1_T1
16065 12 -3 0 S2_Nm1_T1
16066 12 -3 0 S2_Nm1_T1
16067 12 -3 0 S2_Nm1_T1
16068 12 -3 0 S2_Nm1_T1
15001 12 -3 0 S2_Nm1_T1
15002 12 -3 0 S2_Nm1_T1
15003 12 -3 0 S2_Nm1_T1
15007 12 -3 0 S2_Nm1_T1
15008 12 -3 0 S2_Nm1_T1
15011 12 -3 0 S2_Nm1_T1
15014 12 -3 0 S2_Nm1_T1
15018 12 -3 0 S2_Nm1_T1
15020 12 -3 0 S2_Nm1_T1
15022 12 -3 0 S2_Nm1_T1
16064 13 -3 0 S2_Nm1_T1
16065 13 -3 0 S2_Nm1_T1
16066 13 -3 0 S2_Nm1_T1
16067 13 -3 0 S2_Nm1_T1
16068 13 -3 0 S2_Nm1_T1
15001 13 -3 0 S2_Nm1_T1
15002 13 -3 0 S2_Nm1_T1
15003 13 -3 0 S2_Nm1_T1
15007 13 -3 0 S2_Nm1_T1
15008 13 -3 0 S2_Nm1_T1
15011 13 -3 0 S2_Nm1_T1
15014 13 -3 0 S2_Nm1_T1
15018 13 -3 0 S2_Nm1_T1
15020 13 -3 0 S2_Nm1_T1
15022 13 -3 0 S2_Nm1_T1
16064 14 -3 0 S2_Nm1_T1
16065 14 -3 0 S2_Nm1_T1
16066 14 -3 0 S2_Nm1_T1
16067 14 -3 0 S2_Nm1_T1
16068 14 -3 0 S2_Nm1_T1
15001 14 -3 0 S2_Nm1_T1
15002 14 -3 0 S2_Nm1_T1
15003 14 -3 0 S2_Nm1_T1
15007 14 -3 0 S2_Nm1_T1
15008 14 -3 0 S2_Nm1_T1
15011 14 -3 0 S2_Nm1_T1
15014 14 -3 0 S2_Nm1_T1
15018 14 -3 0 S2_Nm1_T1
15020 14 -3 0 S2_Nm1_T1
15022 14 -3 0 S2_Nm1_T1
16064 15 -3 1.68282861214987 S2_Nm1_T1
16065 15 -3 28.4899500014009 S2_Nm1_T1
16066 15 -3 2.98013525284199 S2_Nm1_T1
16067 15 -3 0 S2_Nm1_T1
16068 15 -3 0 S2_Nm1_T1
15001 15 -3 0 S2_Nm1_T1
15002 15 -3 0 S2_Nm1_T1
15003 15 -3 216.962242514464 S2_Nm1_T1
15007 15 -3 85.4061869181515 S2_Nm1_T1
15008 15 -3 67.735265731283 S2_Nm1_T1
15011 15 -3 0 S2_Nm1_T1
15014 15 -3 351.024553349287 S2_Nm1_T1
15018 15 -3 366.245079710758 S2_Nm1_T1
15020 15 -3 113.373188438862 S2_Nm1_T1
15022 15 -3 0 S2_Nm1_T1
16064 16 -3 0 S2_Nm1_T1
16065 16 -3 5.45960508869493 S2_Nm1_T1
16066 16 -3 0 S2_Nm1_T1
16067 16 -3 0 S2_Nm1_T1
16068 16 -3 0 S2_Nm1_T1
15001 16 -3 0 S2_Nm1_T1
15002 16 -3 8.06867846665479 S2_Nm1_T1
15003 16 -3 82.7051450885634 S2_Nm1_T1
15007 16 -3 3.53391700037387 S2_Nm1_T1
15008 16 -3 1.26703800261585 S2_Nm1_T1
15011 16 -3 0 S2_Nm1_T1
15014 16 -3 166.897384881389 S2_Nm1_T1
15018 16 -3 145.477221482211 S2_Nm1_T1
15020 16 -3 96.0820141276886 S2_Nm1_T1
15022 16 -3 0 S2_Nm1_T1
16064 17 -3 0 S2_Nm1_T1
16065 17 -3 0 S2_Nm1_T1
16066 17 -3 0 S2_Nm1_T1
16067 17 -3 0 S2_Nm1_T1
16068 17 -3 0 S2_Nm1_T1
15001 17 -3 0 S2_Nm1_T1
15002 17 -3 0 S2_Nm1_T1
15003 17 -3 7.58384877641925 S2_Nm1_T1
15007 17 -3 2.35151120728895 S2_Nm1_T1
15008 17 -3 1.49510056727704 S2_Nm1_T1
15011 17 -3 0 S2_Nm1_T1
15014 17 -3 0 S2_Nm1_T1
15018 17 -3 106.899946123806 S2_Nm1_T1
15020 17 -3 0 S2_Nm1_T1
15022 17 -3 0 S2_Nm1_T1
16064 18 -3 0 S2_Nm1_T1
16065 18 -3 0 S2_Nm1_T1
16066 18 -3 0 S2_Nm1_T1
16067 18 -3 0 S2_Nm1_T1
16068 18 -3 0 S2_Nm1_T1
15001 18 -3 0 S2_Nm1_T1
15002 18 -3 0 S2_Nm1_T1
15003 18 -3 0 S2_Nm1_T1
15007 18 -3 0 S2_Nm1_T1
15008 18 -3 0 S2_Nm1_T1
15011 18 -3 0 S2_Nm1_T1
15014 18 -3 0 S2_Nm1_T1
15018 18 -3 0 S2_Nm1_T1
15020 18 -3 0 S2_Nm1_T1
15022 18 -3 0 S2_Nm1_T1
16064 19 -3 0 S2_Nm1_T1
16065 19 -3 0 S2_Nm1_T1
16066 19 -3 0 S2_Nm1_T1
16067 19 -3 0 S2_Nm1_T1
16068 19 -3 0 S2_Nm1_T1
15001 19 -3 0 S2_Nm1_T1
15002 19 -3 0 S2_Nm1_T1
15003 19 -3 12.3760761158794 S2_Nm1_T1
15007 19 -3 0 S2_Nm1_T1
15008 19 -3 0 S2_Nm1_T1
15011 19 -3 0 S2_Nm1_T1
15014 19 -3 29.8590940487994 S2_Nm1_T1
15018 19 -3 50.1248699740441 S2_Nm1_T1
15020 19 -3 0 S2_Nm1_T1
15022 19 -3 0 S2_Nm1_T1
16064 20 -3 0 S2_Nm1_T1
16065 20 -3 30.2023055941619 S2_Nm1_T1
16066 20 -3 0 S2_Nm1_T1
16067 20 -3 0 S2_Nm1_T1
16068 20 -3 0 S2_Nm1_T1
15001 20 -3 1.19387409024914 S2_Nm1_T1
15002 20 -3 7.39584248454522 S2_Nm1_T1
15003 20 -3 163.156793872384 S2_Nm1_T1
15007 20 -3 48.0772884681235 S2_Nm1_T1
15008 20 -3 32.4938745215517 S2_Nm1_T1
15011 20 -3 0 S2_Nm1_T1
15014 20 -3 291.386638806803 S2_Nm1_T1
15018 20 -3 274.646610843485 S2_Nm1_T1
15020 20 -3 144.747216296936 S2_Nm1_T1
15022 20 -3 0 S2_Nm1_T1
16064 21 -3 0 S2_Nm1_T1
16065 21 -3 0 S2_Nm1_T1
16066 21 -3 0 S2_Nm1_T1
16067 21 -3 0 S2_Nm1_T1
16068 21 -3 0 S2_Nm1_T1
15001 21 -3 0 S2_Nm1_T1
15002 21 -3 0 S2_Nm1_T1
15003 21 -3 0 S2_Nm1_T1
15007 21 -3 0 S2_Nm1_T1
15008 21 -3 0 S2_Nm1_T1
15011 21 -3 0 S2_Nm1_T1
15014 21 -3 3.25835083829317 S2_Nm1_T1
15018 21 -3 9.88703910412764 S2_Nm1_T1
15020 21 -3 0 S2_Nm1_T1
15022 21 -3 0 S2_Nm1_T1
16064 22 -3 0 S2_Nm1_T1
16065 22 -3 0 S2_Nm1_T1
16066 22 -3 0 S2_Nm1_T1
16067 22 -3 0 S2_Nm1_T1
16068 22 -3 0 S2_Nm1_T1
15001 22 -3 0 S2_Nm1_T1
15002 22 -3 0 S2_Nm1_T1
15003 22 -3 12.5539580672088 S2_Nm1_T1
15007 22 -3 0 S2_Nm1_T1
15008 22 -3 0 S2_Nm1_T1
15011 22 -3 0 S2_Nm1_T1
15014 22 -3 64.4559401515001 S2_Nm1_T1
15018 22 -3 49.4592112901086 S2_Nm1_T1
15020 22 -3 32.9961787672454 S2_Nm1_T1
15022 22 -3 0 S2_Nm1_T1
16064 23 -3 0 S2_Nm1_T1
16065 23 -3 0 S2_Nm1_T1
16066 23 -3 0 S2_Nm1_T1
16067 23 -3 0 S2_Nm1_T1
16068 23 -3 0 S2_Nm1_T1
15001 23 -3 0 S2_Nm1_T1
15002 23 -3 0 S2_Nm1_T1
15003 23 -3 4.86828199752275 S2_Nm1_T1
15007 23 -3 0 S2_Nm1_T1
15008 23 -3 0 S2_Nm1_T1
15011 23 -3 0 S2_Nm1_T1
15014 23 -3 1.45750354202197 S2_Nm1_T1
15018 23 -3 50.2321897634004 S2_Nm1_T1
15020 23 -3 0 S2_Nm1_T1
15022 23 -3 0 S2_Nm1_T1
16064 24 -3 0 S2_Nm1_T1
16065 24 -3 0 S2_Nm1_T1
16066 24 -3 0 S2_Nm1_T1
16067 24 -3 0 S2_Nm1_T1
16068 24 -3 0 S2_Nm1_T1
15001 24 -3 0 S2_Nm1_T1
15002 24 -3 0 S2_Nm1_T1
15003 24 -3 3.82196581120811 S2_Nm1_T1
15007 24 -3 0 S2_Nm1_T1
15008 24 -3 0 S2_Nm1_T1
15011 24 -3 0 S2_Nm1_T1
15014 24 -3 21.666135694805 S2_Nm1_T1
15018 24 -3 26.0741058741005 S2_Nm1_T1
15020 24 -3 0 S2_Nm1_T1
15022 24 -3 0 S2_Nm1_T1
16064 25 -3 0 S2_Nm1_T1
16065 25 -3 0 S2_Nm1_T1
16066 25 -3 0 S2_Nm1_T1
16067 25 -3 0 S2_Nm1_T1
16068 25 -3 0 S2_Nm1_T1
15001 25 -3 0 S2_Nm1_T1
15002 25 -3 0 S2_Nm1_T1
15003 25 -3 0 S2_Nm1_T1
15007 25 -3 0 S2_Nm1_T1
15008 25 -3 0 S2_Nm1_T1
15011 25 -3 0 S2_Nm1_T1
15014 25 -3 0 S2_Nm1_T1
15018 25 -3 0 S2_Nm1_T1
15020 25 -3 0 S2_Nm1_T1
15022 25 -3 0 S2_Nm1_T1
16064 26 -3 0 S2_Nm1_T1
16065 26 -3 1.37695208675102 S2_Nm1_T1
16066 26 -3 0 S2_Nm1_T1
16067 26 -3 0 S2_Nm1_T1
16068 26 -3 0 S2_Nm1_T1
15001 26 -3 0 S2_Nm1_T1
15002 26 -3 2.0529532693814 S2_Nm1_T1
15003 26 -3 58.838754590594 S2_Nm1_T1
15007 26 -3 0 S2_Nm1_T1
15008 26 -3 0 S2_Nm1_T1
15011 26 -3 0 S2_Nm1_T1
15014 26 -3 134.936686478705 S2_Nm1_T1
15018 26 -3 114.037261030607 S2_Nm1_T1
15020 26 -3 71.5566005552433 S2_Nm1_T1
15022 26 -3 0 S2_Nm1_T1
16064 27 -3 0 S2_Nm1_T1
16065 27 -3 0 S2_Nm1_T1
16066 27 -3 0 S2_Nm1_T1
16067 27 -3 0 S2_Nm1_T1
16068 27 -3 0 S2_Nm1_T1
15001 27 -3 0 S2_Nm1_T1
15002 27 -3 0 S2_Nm1_T1
15003 27 -3 0 S2_Nm1_T1
15007 27 -3 0 S2_Nm1_T1
15008 27 -3 0 S2_Nm1_T1
15011 27 -3 0 S2_Nm1_T1
15014 27 -3 0 S2_Nm1_T1
15018 27 -3 0 S2_Nm1_T1
15020 27 -3 0 S2_Nm1_T1
15022 27 -3 0 S2_Nm1_T1
16064 28 -3 0 S2_Nm1_T1
16065 28 -3 31.8333965569149 S2_Nm1_T1
16066 28 -3 0 S2_Nm1_T1
16067 28 -3 0 S2_Nm1_T1
16068 28 -3 0 S2_Nm1_T1
15001 28 -3 0 S2_Nm1_T1
15002 28 -3 45.4222705140293 S2_Nm1_T1
15003 28 -3 85.4162735107365 S2_Nm1_T1
15007 28 -3 5.36226144777586 S2_Nm1_T1
15008 28 -3 1.29259961699701 S2_Nm1_T1
15011 28 -3 0 S2_Nm1_T1
15014 28 -3 178.167526058424 S2_Nm1_T1
15018 28 -3 153.942533984722 S2_Nm1_T1
15020 28 -3 115.883876070671 S2_Nm1_T1
15022 28 -3 0 S2_Nm1_T1
16064 29 -3 0 S2_Nm1_T1
16065 29 -3 0 S2_Nm1_T1
16066 29 -3 0 S2_Nm1_T1
16067 29 -3 0 S2_Nm1_T1
16068 29 -3 0 S2_Nm1_T1
15001 29 -3 0 S2_Nm1_T1
15002 29 -3 0 S2_Nm1_T1
15003 29 -3 0 S2_Nm1_T1
15007 29 -3 0 S2_Nm1_T1
15008 29 -3 0 S2_Nm1_T1
15011 29 -3 0 S2_Nm1_T1
15014 29 -3 0 S2_Nm1_T1
15018 29 -3 0 S2_Nm1_T1
15020 29 -3 0 S2_Nm1_T1
15022 29 -3 0 S2_Nm1_T1
16064 30 -3 0 S2_Nm1_T1
16065 30 -3 0 S2_Nm1_T1
16066 30 -3 0 S2_Nm1_T1
16067 30 -3 0 S2_Nm1_T1
16068 30 -3 0 S2_Nm1_T1
15001 30 -3 0 S2_Nm1_T1
15002 30 -3 0 S2_Nm1_T1
15003 30 -3 0 S2_Nm1_T1
15007 30 -3 0 S2_Nm1_T1
15008 30 -3 0 S2_Nm1_T1
15011 30 -3 0 S2_Nm1_T1
15014 30 -3 0 S2_Nm1_T1
15018 30 -3 0 S2_Nm1_T1
15020 30 -3 0 S2_Nm1_T1
15022 30 -3 0 S2_Nm1_T1
16064 31 -3 0 S2_Nm1_T1
16065 31 -3 0 S2_Nm1_T1
16066 31 -3 0 S2_Nm1_T1
16067 31 -3 0 S2_Nm1_T1
16068 31 -3 0 S2_Nm1_T1
15001 31 -3 0 S2_Nm1_T1
15002 31 -3 0 S2_Nm1_T1
15003 31 -3 0 S2_Nm1_T1
15007 31 -3 0 S2_Nm1_T1
15008 31 -3 0 S2_Nm1_T1
15011 31 -3 0 S2_Nm1_T1
15014 31 -3 0 S2_Nm1_T1
15018 31 -3 0 S2_Nm1_T1
15020 31 -3 0 S2_Nm1_T1
15022 31 -3 0 S2_Nm1_T1
16064 1 -5 0 S2_Nm1_T1
16065 1 -5 0 S2_Nm1_T1
16066 1 -5 0 S2_Nm1_T1
16067 1 -5 0 S2_Nm1_T1
16068 1 -5 0 S2_Nm1_T1
15001 1 -5 0 S2_Nm1_T1
15002 1 -5 0 S2_Nm1_T1
15003 1 -5 0 S2_Nm1_T1
15007 1 -5 0 S2_Nm1_T1
15008 1 -5 0 S2_Nm1_T1
15011 1 -5 0 S2_Nm1_T1
15014 1 -5 0 S2_Nm1_T1
15018 1 -5 0 S2_Nm1_T1
15020 1 -5 0 S2_Nm1_T1
15022 1 -5 0 S2_Nm1_T1
16064 2 -5 0 S2_Nm1_T1
16065 2 -5 0 S2_Nm1_T1
16066 2 -5 0 S2_Nm1_T1
16067 2 -5 0 S2_Nm1_T1
16068 2 -5 0 S2_Nm1_T1
15001 2 -5 0 S2_Nm1_T1
15002 2 -5 0 S2_Nm1_T1
15003 2 -5 0 S2_Nm1_T1
15007 2 -5 0 S2_Nm1_T1
15008 2 -5 0 S2_Nm1_T1
15011 2 -5 0 S2_Nm1_T1
15014 2 -5 0 S2_Nm1_T1
15018 2 -5 0 S2_Nm1_T1
15020 2 -5 0 S2_Nm1_T1
15022 2 -5 0 S2_Nm1_T1
16064 3 -5 0 S2_Nm1_T1
16065 3 -5 0 S2_Nm1_T1
16066 3 -5 0 S2_Nm1_T1
16067 3 -5 0 S2_Nm1_T1
16068 3 -5 0 S2_Nm1_T1
15001 3 -5 0 S2_Nm1_T1
15002 3 -5 0 S2_Nm1_T1
15003 3 -5 0 S2_Nm1_T1
15007 3 -5 0 S2_Nm1_T1
15008 3 -5 0 S2_Nm1_T1
15011 3 -5 0 S2_Nm1_T1
15014 3 -5 0 S2_Nm1_T1
15018 3 -5 0 S2_Nm1_T1
15020 3 -5 0 S2_Nm1_T1
15022 3 -5 0 S2_Nm1_T1
16064 4 -5 0 S2_Nm1_T1
16065 4 -5 0 S2_Nm1_T1
16066 4 -5 0 S2_Nm1_T1
16067 4 -5 0 S2_Nm1_T1
16068 4 -5 0 S2_Nm1_T1
15001 4 -5 0 S2_Nm1_T1
15002 4 -5 0 S2_Nm1_T1
15003 4 -5 0 S2_Nm1_T1
15007 4 -5 0 S2_Nm1_T1
15008 4 -5 0 S2_Nm1_T1
15011 4 -5 0 S2_Nm1_T1
15014 4 -5 0 S2_Nm1_T1
15018 4 -5 0 S2_Nm1_T1
15020 4 -5 0 S2_Nm1_T1
15022 4 -5 0 S2_Nm1_T1
16064 5 -5 0 S2_Nm1_T1
16065 5 -5 0 S2_Nm1_T1
16066 5 -5 0 S2_Nm1_T1
16067 5 -5 0 S2_Nm1_T1
16068 5 -5 0 S2_Nm1_T1
15001 5 -5 0 S2_Nm1_T1
15002 5 -5 0 S2_Nm1_T1
15003 5 -5 0 S2_Nm1_T1
15007 5 -5 0 S2_Nm1_T1
15008 5 -5 0 S2_Nm1_T1
15011 5 -5 0 S2_Nm1_T1
15014 5 -5 0 S2_Nm1_T1
15018 5 -5 0 S2_Nm1_T1
15020 5 -5 0 S2_Nm1_T1
15022 5 -5 0 S2_Nm1_T1
16064 6 -5 0 S2_Nm1_T1
16065 6 -5 0 S2_Nm1_T1
16066 6 -5 0 S2_Nm1_T1
16067 6 -5 0 S2_Nm1_T1
16068 6 -5 0 S2_Nm1_T1
15001 6 -5 0 S2_Nm1_T1
15002 6 -5 0 S2_Nm1_T1
15003 6 -5 0 S2_Nm1_T1
15007 6 -5 0 S2_Nm1_T1
15008 6 -5 0 S2_Nm1_T1
15011 6 -5 0 S2_Nm1_T1
15014 6 -5 0 S2_Nm1_T1
15018 6 -5 7.05496333505874 S2_Nm1_T1
15020 6 -5 0 S2_Nm1_T1
15022 6 -5 0 S2_Nm1_T1
16064 7 -5 0 S2_Nm1_T1
16065 7 -5 0 S2_Nm1_T1
16066 7 -5 0 S2_Nm1_T1
16067 7 -5 0 S2_Nm1_T1
16068 7 -5 0 S2_Nm1_T1
15001 7 -5 0 S2_Nm1_T1
15002 7 -5 0 S2_Nm1_T1
15003 7 -5 0 S2_Nm1_T1
15007 7 -5 0 S2_Nm1_T1
15008 7 -5 0 S2_Nm1_T1
15011 7 -5 0 S2_Nm1_T1
15014 7 -5 0 S2_Nm1_T1
15018 7 -5 0 S2_Nm1_T1
15020 7 -5 0 S2_Nm1_T1
15022 7 -5 0 S2_Nm1_T1
16064 8 -5 0 S2_Nm1_T1
16065 8 -5 0 S2_Nm1_T1
16066 8 -5 0 S2_Nm1_T1
16067 8 -5 0 S2_Nm1_T1
16068 8 -5 0 S2_Nm1_T1
15001 8 -5 0 S2_Nm1_T1
15002 8 -5 0 S2_Nm1_T1
15003 8 -5 0 S2_Nm1_T1
15007 8 -5 0 S2_Nm1_T1
15008 8 -5 0 S2_Nm1_T1
15011 8 -5 0 S2_Nm1_T1
15014 8 -5 0 S2_Nm1_T1
15018 8 -5 0 S2_Nm1_T1
15020 8 -5 0 S2_Nm1_T1
15022 8 -5 0 S2_Nm1_T1
16064 9 -5 0 S2_Nm1_T1
16065 9 -5 0 S2_Nm1_T1
16066 9 -5 0 S2_Nm1_T1
16067 9 -5 0 S2_Nm1_T1
16068 9 -5 0 S2_Nm1_T1
15001 9 -5 0 S2_Nm1_T1
15002 9 -5 0 S2_Nm1_T1
15003 9 -5 0 S2_Nm1_T1
15007 9 -5 0 S2_Nm1_T1
15008 9 -5 0 S2_Nm1_T1
15011 9 -5 0 S2_Nm1_T1
15014 9 -5 0 S2_Nm1_T1
15018 9 -5 0 S2_Nm1_T1
15020 9 -5 0 S2_Nm1_T1
15022 9 -5 0 S2_Nm1_T1
16064 10 -5 0 S2_Nm1_T1
16065 10 -5 0 S2_Nm1_T1
16066 10 -5 0 S2_Nm1_T1
16067 10 -5 0 S2_Nm1_T1
16068 10 -5 0 S2_Nm1_T1
15001 10 -5 0 S2_Nm1_T1
15002 10 -5 0 S2_Nm1_T1
15003 10 -5 0 S2_Nm1_T1
15007 10 -5 0 S2_Nm1_T1
15008 10 -5 0 S2_Nm1_T1
15011 10 -5 0 S2_Nm1_T1
15014 10 -5 0 S2_Nm1_T1
15018 10 -5 0 S2_Nm1_T1
15020 10 -5 0 S2_Nm1_T1
15022 10 -5 0 S2_Nm1_T1
16064 11 -5 0 S2_Nm1_T1
16065 11 -5 0 S2_Nm1_T1
16066 11 -5 0 S2_Nm1_T1
16067 11 -5 0 S2_Nm1_T1
16068 11 -5 0 S2_Nm1_T1
15001 11 -5 0 S2_Nm1_T1
15002 11 -5 0 S2_Nm1_T1
15003 11 -5 0 S2_Nm1_T1
15007 11 -5 0 S2_Nm1_T1
15008 11 -5 0 S2_Nm1_T1
15011 11 -5 0 S2_Nm1_T1
15014 11 -5 0 S2_Nm1_T1
15018 11 -5 0 S2_Nm1_T1
15020 11 -5 0 S2_Nm1_T1
15022 11 -5 0 S2_Nm1_T1
16064 12 -5 0 S2_Nm1_T1
16065 12 -5 0 S2_Nm1_T1
16066 12 -5 0 S2_Nm1_T1
16067 12 -5 0 S2_Nm1_T1
16068 12 -5 0 S2_Nm1_T1
15001 12 -5 0 S2_Nm1_T1
15002 12 -5 0 S2_Nm1_T1
15003 12 -5 0 S2_Nm1_T1
15007 12 -5 0 S2_Nm1_T1
15008 12 -5 0 S2_Nm1_T1
15011 12 -5 0 S2_Nm1_T1
15014 12 -5 0 S2_Nm1_T1
15018 12 -5 0 S2_Nm1_T1
15020 12 -5 0 S2_Nm1_T1
15022 12 -5 0 S2_Nm1_T1
16064 13 -5 0 S2_Nm1_T1
16065 13 -5 0 S2_Nm1_T1
16066 13 -5 0 S2_Nm1_T1
16067 13 -5 0 S2_Nm1_T1
16068 13 -5 0 S2_Nm1_T1
15001 13 -5 0 S2_Nm1_T1
15002 13 -5 0 S2_Nm1_T1
15003 13 -5 0 S2_Nm1_T1
15007 13 -5 0 S2_Nm1_T1
15008 13 -5 0 S2_Nm1_T1
15011 13 -5 0 S2_Nm1_T1
15014 13 -5 0 S2_Nm1_T1
15018 13 -5 0 S2_Nm1_T1
15020 13 -5 0 S2_Nm1_T1
15022 13 -5 0 S2_Nm1_T1
16064 14 -5 0 S2_Nm1_T1
16065 14 -5 0 S2_Nm1_T1
16066 14 -5 0 S2_Nm1_T1
16067 14 -5 0 S2_Nm1_T1
16068 14 -5 0 S2_Nm1_T1
15001 14 -5 0 S2_Nm1_T1
15002 14 -5 0 S2_Nm1_T1
15003 14 -5 0 S2_Nm1_T1
15007 14 -5 0 S2_Nm1_T1
15008 14 -5 0 S2_Nm1_T1
15011 14 -5 0 S2_Nm1_T1
15014 14 -5 0 S2_Nm1_T1
15018 14 -5 0 S2_Nm1_T1
15020 14 -5 0 S2_Nm1_T1
15022 14 -5 0 S2_Nm1_T1
16064 15 -5 0 S2_Nm1_T1
16065 15 -5 0 S2_Nm1_T1
16066 15 -5 0 S2_Nm1_T1
16067 15 -5 0 S2_Nm1_T1
16068 15 -5 0 S2_Nm1_T1
15001 15 -5 0 S2_Nm1_T1
15002 15 -5 0 S2_Nm1_T1
15003 15 -5 80.8663236769877 S2_Nm1_T1
15007 15 -5 3.02175696434966 S2_Nm1_T1
15008 15 -5 2.49021375536878 S2_Nm1_T1
15011 15 -5 0 S2_Nm1_T1
15014 15 -5 159.396604498351 S2_Nm1_T1
15018 15 -5 144.473433813224 S2_Nm1_T1
15020 15 -5 12.0853501033209 S2_Nm1_T1
15022 15 -5 0 S2_Nm1_T1
16064 16 -5 0 S2_Nm1_T1
16065 16 -5 0 S2_Nm1_T1
16066 16 -5 0 S2_Nm1_T1
16067 16 -5 0 S2_Nm1_T1
16068 16 -5 0 S2_Nm1_T1
15001 16 -5 0 S2_Nm1_T1
15002 16 -5 0 S2_Nm1_T1
15003 16 -5 0 S2_Nm1_T1
15007 16 -5 0 S2_Nm1_T1
15008 16 -5 0 S2_Nm1_T1
15011 16 -5 0 S2_Nm1_T1
15014 16 -5 0 S2_Nm1_T1
15018 16 -5 0 S2_Nm1_T1
15020 16 -5 0 S2_Nm1_T1
15022 16 -5 0 S2_Nm1_T1
16064 17 -5 0 S2_Nm1_T1
16065 17 -5 0 S2_Nm1_T1
16066 17 -5 0 S2_Nm1_T1
16067 17 -5 0 S2_Nm1_T1
16068 17 -5 0 S2_Nm1_T1
15001 17 -5 0 S2_Nm1_T1
15002 17 -5 0 S2_Nm1_T1
15003 17 -5 0 S2_Nm1_T1
15007 17 -5 0 S2_Nm1_T1
15008 17 -5 0 S2_Nm1_T1
15011 17 -5 0 S2_Nm1_T1
15014 17 -5 0 S2_Nm1_T1
15018 17 -5 5.84328935321026 S2_Nm1_T1
15020 17 -5 0 S2_Nm1_T1
15022 17 -5 0 S2_Nm1_T1
16064 18 -5 0 S2_Nm1_T1
16065 18 -5 0 S2_Nm1_T1
16066 18 -5 0 S2_Nm1_T1
16067 18 -5 0 S2_Nm1_T1
16068 18 -5 0 S2_Nm1_T1
15001 18 -5 0 S2_Nm1_T1
15002 18 -5 0 S2_Nm1_T1
15003 18 -5 0 S2_Nm1_T1
15007 18 -5 0 S2_Nm1_T1
15008 18 -5 0 S2_Nm1_T1
15011 18 -5 0 S2_Nm1_T1
15014 18 -5 0 S2_Nm1_T1
15018 18 -5 0 S2_Nm1_T1
15020 18 -5 0 S2_Nm1_T1
15022 18 -5 0 S2_Nm1_T1
16064 19 -5 0 S2_Nm1_T1
16065 19 -5 0 S2_Nm1_T1
16066 19 -5 0 S2_Nm1_T1
16067 19 -5 0 S2_Nm1_T1
16068 19 -5 0 S2_Nm1_T1
15001 19 -5 0 S2_Nm1_T1
15002 19 -5 0 S2_Nm1_T1
15003 19 -5 0 S2_Nm1_T1
15007 19 -5 0 S2_Nm1_T1
15008 19 -5 0 S2_Nm1_T1
15011 19 -5 0 S2_Nm1_T1
15014 19 -5 0 S2_Nm1_T1
15018 19 -5 0 S2_Nm1_T1
15020 19 -5 0 S2_Nm1_T1
15022 19 -5 0 S2_Nm1_T1
16064 20 -5 0 S2_Nm1_T1
16065 20 -5 0 S2_Nm1_T1
16066 20 -5 0 S2_Nm1_T1
16067 20 -5 0 S2_Nm1_T1
16068 20 -5 0 S2_Nm1_T1
15001 20 -5 0 S2_Nm1_T1
15002 20 -5 0 S2_Nm1_T1
15003 20 -5 15.018943575921 S2_Nm1_T1
15007 20 -5 0 S2_Nm1_T1
15008 20 -5 0 S2_Nm1_T1
15011 20 -5 0 S2_Nm1_T1
15014 20 -5 67.3646571485089 S2_Nm1_T1
15018 20 -5 48.7117977750112 S2_Nm1_T1
15020 20 -5 6.61341888542699 S2_Nm1_T1
15022 20 -5 0 S2_Nm1_T1
16064 21 -5 0 S2_Nm1_T1
16065 21 -5 0 S2_Nm1_T1
16066 21 -5 0 S2_Nm1_T1
16067 21 -5 0 S2_Nm1_T1
16068 21 -5 0 S2_Nm1_T1
15001 21 -5 0 S2_Nm1_T1
15002 21 -5 0 S2_Nm1_T1
15003 21 -5 0 S2_Nm1_T1
15007 21 -5 0 S2_Nm1_T1
15008 21 -5 0 S2_Nm1_T1
15011 21 -5 0 S2_Nm1_T1
15014 21 -5 0 S2_Nm1_T1
15018 21 -5 0 S2_Nm1_T1
15020 21 -5 0 S2_Nm1_T1
15022 21 -5 0 S2_Nm1_T1
16064 22 -5 0 S2_Nm1_T1
16065 22 -5 0 S2_Nm1_T1
16066 22 -5 0 S2_Nm1_T1
16067 22 -5 0 S2_Nm1_T1
16068 22 -5 0 S2_Nm1_T1
15001 22 -5 0 S2_Nm1_T1
15002 22 -5 0 S2_Nm1_T1
15003 22 -5 0 S2_Nm1_T1
15007 22 -5 0 S2_Nm1_T1
15008 22 -5 0 S2_Nm1_T1
15011 22 -5 0 S2_Nm1_T1
15014 22 -5 0 S2_Nm1_T1
15018 22 -5 0 S2_Nm1_T1
15020 22 -5 0 S2_Nm1_T1
15022 22 -5 0 S2_Nm1_T1
16064 23 -5 0 S2_Nm1_T1
16065 23 -5 0 S2_Nm1_T1
16066 23 -5 0 S2_Nm1_T1
16067 23 -5 0 S2_Nm1_T1
16068 23 -5 0 S2_Nm1_T1
15001 23 -5 0 S2_Nm1_T1
15002 23 -5 0 S2_Nm1_T1
15003 23 -5 0 S2_Nm1_T1
15007 23 -5 0 S2_Nm1_T1
15008 23 -5 0 S2_Nm1_T1
15011 23 -5 0 S2_Nm1_T1
15014 23 -5 0 S2_Nm1_T1
15018 23 -5 0 S2_Nm1_T1
15020 23 -5 0 S2_Nm1_T1
15022 23 -5 0 S2_Nm1_T1
16064 24 -5 0 S2_Nm1_T1
16065 24 -5 0 S2_Nm1_T1
16066 24 -5 0 S2_Nm1_T1
16067 24 -5 0 S2_Nm1_T1
16068 24 -5 0 S2_Nm1_T1
15001 24 -5 0 S2_Nm1_T1
15002 24 -5 0 S2_Nm1_T1
15003 24 -5 0 S2_Nm1_T1
15007 24 -5 0 S2_Nm1_T1
15008 24 -5 0 S2_Nm1_T1
15011 24 -5 0 S2_Nm1_T1
15014 24 -5 0 S2_Nm1_T1
15018 24 -5 0 S2_Nm1_T1
15020 24 -5 0 S2_Nm1_T1
15022 24 -5 0 S2_Nm1_T1
16064 25 -5 0 S2_Nm1_T1
16065 25 -5 0 S2_Nm1_T1
16066 25 -5 0 S2_Nm1_T1
16067 25 -5 0 S2_Nm1_T1
16068 25 -5 0 S2_Nm1_T1
15001 25 -5 0 S2_Nm1_T1
15002 25 -5 0 S2_Nm1_T1
15003 25 -5 0 S2_Nm1_T1
15007 25 -5 0 S2_Nm1_T1
15008 25 -5 0 S2_Nm1_T1
15011 25 -5 0 S2_Nm1_T1
15014 25 -5 0 S2_Nm1_T1
15018 25 -5 0 S2_Nm1_T1
15020 25 -5 0 S2_Nm1_T1
15022 25 -5 0 S2_Nm1_T1
16064 26 -5 0 S2_Nm1_T1
16065 26 -5 0 S2_Nm1_T1
16066 26 -5 0 S2_Nm1_T1
16067 26 -5 0 S2_Nm1_T1
16068 26 -5 0 S2_Nm1_T1
15001 26 -5 0 S2_Nm1_T1
15002 26 -5 0 S2_Nm1_T1
15003 26 -5 0 S2_Nm1_T1
15007 26 -5 0 S2_Nm1_T1
15008 26 -5 0 S2_Nm1_T1
15011 26 -5 0 S2_Nm1_T1
15014 26 -5 0 S2_Nm1_T1
15018 26 -5 0 S2_Nm1_T1
15020 26 -5 0 S2_Nm1_T1
15022 26 -5 0 S2_Nm1_T1
16064 27 -5 0 S2_Nm1_T1
16065 27 -5 0 S2_Nm1_T1
16066 27 -5 0 S2_Nm1_T1
16067 27 -5 0 S2_Nm1_T1
16068 27 -5 0 S2_Nm1_T1
15001 27 -5 0 S2_Nm1_T1
15002 27 -5 0 S2_Nm1_T1
15003 27 -5 0 S2_Nm1_T1
15007 27 -5 0 S2_Nm1_T1
15008 27 -5 0 S2_Nm1_T1
15011 27 -5 0 S2_Nm1_T1
15014 27 -5 0 S2_Nm1_T1
15018 27 -5 0 S2_Nm1_T1
15020 27 -5 0 S2_Nm1_T1
15022 27 -5 0 S2_Nm1_T1
16064 28 -5 0 S2_Nm1_T1
16065 28 -5 0 S2_Nm1_T1
16066 28 -5 0 S2_Nm1_T1
16067 28 -5 0 S2_Nm1_T1
16068 28 -5 0 S2_Nm1_T1
15001 28 -5 0 S2_Nm1_T1
15002 28 -5 0 S2_Nm1_T1
15003 28 -5 0 S2_Nm1_T1
15007 28 -5 0 S2_Nm1_T1
15008 28 -5 0 S2_Nm1_T1
15011 28 -5 0 S2_Nm1_T1
15014 28 -5 0 S2_Nm1_T1
15018 28 -5 0 S2_Nm1_T1
15020 28 -5 0 S2_Nm1_T1
15022 28 -5 0 S2_Nm1_T1
16064 29 -5 0 S2_Nm1_T1
16065 29 -5 0 S2_Nm1_T1
16066 29 -5 0 S2_Nm1_T1
16067 29 -5 0 S2_Nm1_T1
16068 29 -5 0 S2_Nm1_T1
15001 29 -5 0 S2_Nm1_T1
15002 29 -5 0 S2_Nm1_T1
15003 29 -5 0 S2_Nm1_T1
15007 29 -5 0 S2_Nm1_T1
15008 29 -5 0 S2_Nm1_T1
15011 29 -5 0 S2_Nm1_T1
15014 29 -5 0 S2_Nm1_T1
15018 29 -5 0 S2_Nm1_T1
15020 29 -5 0 S2_Nm1_T1
15022 29 -5 0 S2_Nm1_T1
16064 30 -5 0 S2_Nm1_T1
16065 30 -5 0 S2_Nm1_T1
16066 30 -5 0 S2_Nm1_T1
16067 30 -5 0 S2_Nm1_T1
16068 30 -5 0 S2_Nm1_T1
15001 30 -5 0 S2_Nm1_T1
15002 30 -5 0 S2_Nm1_T1
15003 30 -5 0 S2_Nm1_T1
15007 30 -5 0 S2_Nm1_T1
15008 30 -5 0 S2_Nm1_T1
15011 30 -5 0 S2_Nm1_T1
15014 30 -5 0 S2_Nm1_T1
15018 30 -5 0 S2_Nm1_T1
15020 30 -5 0 S2_Nm1_T1
15022 30 -5 0 S2_Nm1_T1
16064 31 -5 0 S2_Nm1_T1
16065 31 -5 0 S2_Nm1_T1
16066 31 -5 0 S2_Nm1_T1
16067 31 -5 0 S2_Nm1_T1
16068 31 -5 0 S2_Nm1_T1
15001 31 -5 0 S2_Nm1_T1
15002 31 -5 0 S2_Nm1_T1
15003 31 -5 0 S2_Nm1_T1
15007 31 -5 0 S2_Nm1_T1
15008 31 -5 0 S2_Nm1_T1
15011 31 -5 0 S2_Nm1_T1
15014 31 -5 0 S2_Nm1_T1
15018 31 -5 0 S2_Nm1_T1
15020 31 -5 0 S2_Nm1_T1
15022 31 -5 0 S2_Nm1_T1
