speciesID lakeID variable value scenario
16023 1 -0.5 0 S2_N1_Tm1
16028 1 -0.5 285.244352226038 S2_N1_Tm1
16029 1 -0.5 986.059617026642 S2_N1_Tm1
16030 1 -0.5 0 S2_N1_Tm1
16031 1 -0.5 0 S2_N1_Tm1
16033 1 -0.5 0 S2_N1_Tm1
16034 1 -0.5 0 S2_N1_Tm1
16035 1 -0.5 22.8349785373268 S2_N1_Tm1
16038 1 -0.5 0 S2_N1_Tm1
16039 1 -0.5 221.543340251704 S2_N1_Tm1
16040 1 -0.5 358.998469749028 S2_N1_Tm1
16041 1 -0.5 258.212298492468 S2_N1_Tm1
16042 1 -0.5 31.9333209163871 S2_N1_Tm1
16044 1 -0.5 0 S2_N1_Tm1
16045 1 -0.5 291.678561431655 S2_N1_Tm1
16023 2 -0.5 0 S2_N1_Tm1
16028 2 -0.5 3.11047093363435 S2_N1_Tm1
16029 2 -0.5 88.8719947645157 S2_N1_Tm1
16030 2 -0.5 0 S2_N1_Tm1
16031 2 -0.5 0 S2_N1_Tm1
16033 2 -0.5 0 S2_N1_Tm1
16034 2 -0.5 0 S2_N1_Tm1
16035 2 -0.5 0 S2_N1_Tm1
16038 2 -0.5 0 S2_N1_Tm1
16039 2 -0.5 0 S2_N1_Tm1
16040 2 -0.5 75.5535232384486 S2_N1_Tm1
16041 2 -0.5 45.883125098918 S2_N1_Tm1
16042 2 -0.5 0 S2_N1_Tm1
16044 2 -0.5 0 S2_N1_Tm1
16045 2 -0.5 35.4419035976705 S2_N1_Tm1
16023 3 -0.5 0 S2_N1_Tm1
16028 3 -0.5 67.9622035970696 S2_N1_Tm1
16029 3 -0.5 348.75617046485 S2_N1_Tm1
16030 3 -0.5 0 S2_N1_Tm1
16031 3 -0.5 0 S2_N1_Tm1
16033 3 -0.5 0 S2_N1_Tm1
16034 3 -0.5 0 S2_N1_Tm1
16035 3 -0.5 0 S2_N1_Tm1
16038 3 -0.5 0 S2_N1_Tm1
16039 3 -0.5 0 S2_N1_Tm1
16040 3 -0.5 127.476659652948 S2_N1_Tm1
16041 3 -0.5 99.5201554592856 S2_N1_Tm1
16042 3 -0.5 0 S2_N1_Tm1
16044 3 -0.5 0 S2_N1_Tm1
16045 3 -0.5 124.190051571701 S2_N1_Tm1
16023 4 -0.5 0 S2_N1_Tm1
16028 4 -0.5 124.937352098704 S2_N1_Tm1
16029 4 -0.5 554.905544204604 S2_N1_Tm1
16030 4 -0.5 0 S2_N1_Tm1
16031 4 -0.5 0 S2_N1_Tm1
16033 4 -0.5 0 S2_N1_Tm1
16034 4 -0.5 0 S2_N1_Tm1
16035 4 -0.5 0 S2_N1_Tm1
16038 4 -0.5 0 S2_N1_Tm1
16039 4 -0.5 51.159299742639 S2_N1_Tm1
16040 4 -0.5 181.363738079527 S2_N1_Tm1
16041 4 -0.5 140.714846925827 S2_N1_Tm1
16042 4 -0.5 0 S2_N1_Tm1
16044 4 -0.5 0 S2_N1_Tm1
16045 4 -0.5 188.500409995069 S2_N1_Tm1
16023 5 -0.5 0 S2_N1_Tm1
16028 5 -0.5 0 S2_N1_Tm1
16029 5 -0.5 0 S2_N1_Tm1
16030 5 -0.5 0 S2_N1_Tm1
16031 5 -0.5 0 S2_N1_Tm1
16033 5 -0.5 0 S2_N1_Tm1
16034 5 -0.5 0 S2_N1_Tm1
16035 5 -0.5 0 S2_N1_Tm1
16038 5 -0.5 0 S2_N1_Tm1
16039 5 -0.5 0 S2_N1_Tm1
16040 5 -0.5 1.06850774849856 S2_N1_Tm1
16041 5 -0.5 0 S2_N1_Tm1
16042 5 -0.5 0 S2_N1_Tm1
16044 5 -0.5 0 S2_N1_Tm1
16045 5 -0.5 0 S2_N1_Tm1
16023 6 -0.5 0 S2_N1_Tm1
16028 6 -0.5 114.171579998066 S2_N1_Tm1
16029 6 -0.5 503.935036666582 S2_N1_Tm1
16030 6 -0.5 0 S2_N1_Tm1
16031 6 -0.5 0 S2_N1_Tm1
16033 6 -0.5 0 S2_N1_Tm1
16034 6 -0.5 0 S2_N1_Tm1
16035 6 -0.5 0 S2_N1_Tm1
16038 6 -0.5 0 S2_N1_Tm1
16039 6 -0.5 37.9608774287643 S2_N1_Tm1
16040 6 -0.5 172.697083665183 S2_N1_Tm1
16041 6 -0.5 141.968913860763 S2_N1_Tm1
16042 6 -0.5 0 S2_N1_Tm1
16044 6 -0.5 0 S2_N1_Tm1
16045 6 -0.5 183.460858431514 S2_N1_Tm1
16023 7 -0.5 0 S2_N1_Tm1
16028 7 -0.5 4.25387245419613 S2_N1_Tm1
16029 7 -0.5 96.7026842169872 S2_N1_Tm1
16030 7 -0.5 0 S2_N1_Tm1
16031 7 -0.5 0 S2_N1_Tm1
16033 7 -0.5 0 S2_N1_Tm1
16034 7 -0.5 0 S2_N1_Tm1
16035 7 -0.5 0 S2_N1_Tm1
16038 7 -0.5 0 S2_N1_Tm1
16039 7 -0.5 0 S2_N1_Tm1
16040 7 -0.5 77.3670934636987 S2_N1_Tm1
16041 7 -0.5 48.7282110221524 S2_N1_Tm1
16042 7 -0.5 0 S2_N1_Tm1
16044 7 -0.5 0 S2_N1_Tm1
16045 7 -0.5 38.0545217896117 S2_N1_Tm1
16023 8 -0.5 0 S2_N1_Tm1
16028 8 -0.5 165.748804640609 S2_N1_Tm1
16029 8 -0.5 686.403071074128 S2_N1_Tm1
16030 8 -0.5 0 S2_N1_Tm1
16031 8 -0.5 0 S2_N1_Tm1
16033 8 -0.5 0 S2_N1_Tm1
16034 8 -0.5 0 S2_N1_Tm1
16035 8 -0.5 0 S2_N1_Tm1
16038 8 -0.5 0 S2_N1_Tm1
16039 8 -0.5 120.02862208203 S2_N1_Tm1
16040 8 -0.5 231.354699263718 S2_N1_Tm1
16041 8 -0.5 177.17244314267 S2_N1_Tm1
16042 8 -0.5 0 S2_N1_Tm1
16044 8 -0.5 0 S2_N1_Tm1
16045 8 -0.5 228.979537892421 S2_N1_Tm1
16023 9 -0.5 0 S2_N1_Tm1
16028 9 -0.5 108.196828056267 S2_N1_Tm1
16029 9 -0.5 493.393860032799 S2_N1_Tm1
16030 9 -0.5 0 S2_N1_Tm1
16031 9 -0.5 0 S2_N1_Tm1
16033 9 -0.5 0 S2_N1_Tm1
16034 9 -0.5 0 S2_N1_Tm1
16035 9 -0.5 0 S2_N1_Tm1
16038 9 -0.5 0 S2_N1_Tm1
16039 9 -0.5 30.7870899090647 S2_N1_Tm1
16040 9 -0.5 166.773436855436 S2_N1_Tm1
16041 9 -0.5 132.788066061151 S2_N1_Tm1
16042 9 -0.5 0 S2_N1_Tm1
16044 9 -0.5 0 S2_N1_Tm1
16045 9 -0.5 174.712954492884 S2_N1_Tm1
16023 10 -0.5 0 S2_N1_Tm1
16028 10 -0.5 174.969193037463 S2_N1_Tm1
16029 10 -0.5 709.769754159221 S2_N1_Tm1
16030 10 -0.5 0 S2_N1_Tm1
16031 10 -0.5 0 S2_N1_Tm1
16033 10 -0.5 0 S2_N1_Tm1
16034 10 -0.5 0 S2_N1_Tm1
16035 10 -0.5 1.14869364400534 S2_N1_Tm1
16038 10 -0.5 0 S2_N1_Tm1
16039 10 -0.5 111.803554712186 S2_N1_Tm1
16040 10 -0.5 232.320377450807 S2_N1_Tm1
16041 10 -0.5 181.641793213357 S2_N1_Tm1
16042 10 -0.5 0 S2_N1_Tm1
16044 10 -0.5 0 S2_N1_Tm1
16045 10 -0.5 235.779111969746 S2_N1_Tm1
16023 11 -0.5 0 S2_N1_Tm1
16028 11 -0.5 237.34733914462 S2_N1_Tm1
16029 11 -0.5 887.318733354445 S2_N1_Tm1
16030 11 -0.5 0 S2_N1_Tm1
16031 11 -0.5 0 S2_N1_Tm1
16033 11 -0.5 0 S2_N1_Tm1
16034 11 -0.5 0 S2_N1_Tm1
16035 11 -0.5 2.99994418021936 S2_N1_Tm1
16038 11 -0.5 0 S2_N1_Tm1
16039 11 -0.5 183.155650791366 S2_N1_Tm1
16040 11 -0.5 312.084938590849 S2_N1_Tm1
16041 11 -0.5 215.731012374501 S2_N1_Tm1
16042 11 -0.5 11.130308828983 S2_N1_Tm1
16044 11 -0.5 0 S2_N1_Tm1
16045 11 -0.5 257.447295276248 S2_N1_Tm1
16023 12 -0.5 0 S2_N1_Tm1
16028 12 -0.5 279.557396543665 S2_N1_Tm1
16029 12 -0.5 885.614357223638 S2_N1_Tm1
16030 12 -0.5 0 S2_N1_Tm1
16031 12 -0.5 0 S2_N1_Tm1
16033 12 -0.5 0 S2_N1_Tm1
16034 12 -0.5 0 S2_N1_Tm1
16035 12 -0.5 4.04080516166754 S2_N1_Tm1
16038 12 -0.5 0 S2_N1_Tm1
16039 12 -0.5 226.661571715078 S2_N1_Tm1
16040 12 -0.5 385.276261790583 S2_N1_Tm1
16041 12 -0.5 249.564479118805 S2_N1_Tm1
16042 12 -0.5 23.2932514278891 S2_N1_Tm1
16044 12 -0.5 0 S2_N1_Tm1
16045 12 -0.5 256.20123696774 S2_N1_Tm1
16023 13 -0.5 0 S2_N1_Tm1
16028 13 -0.5 20.8772778023652 S2_N1_Tm1
16029 13 -0.5 291.550171830551 S2_N1_Tm1
16030 13 -0.5 0 S2_N1_Tm1
16031 13 -0.5 0 S2_N1_Tm1
16033 13 -0.5 0 S2_N1_Tm1
16034 13 -0.5 0 S2_N1_Tm1
16035 13 -0.5 0 S2_N1_Tm1
16038 13 -0.5 0 S2_N1_Tm1
16039 13 -0.5 1.29830959332526 S2_N1_Tm1
16040 13 -0.5 103.912462748963 S2_N1_Tm1
16041 13 -0.5 63.9382218496692 S2_N1_Tm1
16042 13 -0.5 0 S2_N1_Tm1
16044 13 -0.5 0 S2_N1_Tm1
16045 13 -0.5 97.2454900665528 S2_N1_Tm1
16023 14 -0.5 0 S2_N1_Tm1
16028 14 -0.5 40.8879724484788 S2_N1_Tm1
16029 14 -0.5 258.589669453291 S2_N1_Tm1
16030 14 -0.5 0 S2_N1_Tm1
16031 14 -0.5 0 S2_N1_Tm1
16033 14 -0.5 0 S2_N1_Tm1
16034 14 -0.5 0 S2_N1_Tm1
16035 14 -0.5 0 S2_N1_Tm1
16038 14 -0.5 0 S2_N1_Tm1
16039 14 -0.5 0 S2_N1_Tm1
16040 14 -0.5 108.585438954533 S2_N1_Tm1
16041 14 -0.5 85.7224560830136 S2_N1_Tm1
16042 14 -0.5 0 S2_N1_Tm1
16044 14 -0.5 0 S2_N1_Tm1
16045 14 -0.5 97.1382596999564 S2_N1_Tm1
16023 15 -0.5 0 S2_N1_Tm1
16028 15 -0.5 192.647297606968 S2_N1_Tm1
16029 15 -0.5 745.61793308228 S2_N1_Tm1
16030 15 -0.5 0 S2_N1_Tm1
16031 15 -0.5 0 S2_N1_Tm1
16033 15 -0.5 0 S2_N1_Tm1
16034 15 -0.5 0 S2_N1_Tm1
16035 15 -0.5 3.29204532150553 S2_N1_Tm1
16038 15 -0.5 0 S2_N1_Tm1
16039 15 -0.5 125.282430639554 S2_N1_Tm1
16040 15 -0.5 246.203596032983 S2_N1_Tm1
16041 15 -0.5 200.424150566126 S2_N1_Tm1
16042 15 -0.5 2.71176522061806 S2_N1_Tm1
16044 15 -0.5 0 S2_N1_Tm1
16045 15 -0.5 254.542024837986 S2_N1_Tm1
16023 16 -0.5 0 S2_N1_Tm1
16028 16 -0.5 223.575753349984 S2_N1_Tm1
16029 16 -0.5 831.970802881187 S2_N1_Tm1
16030 16 -0.5 0 S2_N1_Tm1
16031 16 -0.5 0 S2_N1_Tm1
16033 16 -0.5 0 S2_N1_Tm1
16034 16 -0.5 0 S2_N1_Tm1
16035 16 -0.5 3.67764009776858 S2_N1_Tm1
16038 16 -0.5 0 S2_N1_Tm1
16039 16 -0.5 178.993040520216 S2_N1_Tm1
16040 16 -0.5 292.943526336537 S2_N1_Tm1
16041 16 -0.5 221.555766784478 S2_N1_Tm1
16042 16 -0.5 10.1152072029533 S2_N1_Tm1
16044 16 -0.5 0 S2_N1_Tm1
16045 16 -0.5 268.793950013071 S2_N1_Tm1
16023 17 -0.5 0 S2_N1_Tm1
16028 17 -0.5 67.5333976170648 S2_N1_Tm1
16029 17 -0.5 383.721035275575 S2_N1_Tm1
16030 17 -0.5 0 S2_N1_Tm1
16031 17 -0.5 0 S2_N1_Tm1
16033 17 -0.5 0 S2_N1_Tm1
16034 17 -0.5 0 S2_N1_Tm1
16035 17 -0.5 0 S2_N1_Tm1
16038 17 -0.5 0 S2_N1_Tm1
16039 17 -0.5 6.36550531495729 S2_N1_Tm1
16040 17 -0.5 137.928341164152 S2_N1_Tm1
16041 17 -0.5 109.271345401088 S2_N1_Tm1
16042 17 -0.5 0 S2_N1_Tm1
16044 17 -0.5 0 S2_N1_Tm1
16045 17 -0.5 141.635343689289 S2_N1_Tm1
16023 18 -0.5 0 S2_N1_Tm1
16028 18 -0.5 253.027432822556 S2_N1_Tm1
16029 18 -0.5 881.775323635022 S2_N1_Tm1
16030 18 -0.5 0 S2_N1_Tm1
16031 18 -0.5 0 S2_N1_Tm1
16033 18 -0.5 0 S2_N1_Tm1
16034 18 -0.5 0 S2_N1_Tm1
16035 18 -0.5 4.05710285255833 S2_N1_Tm1
16038 18 -0.5 0 S2_N1_Tm1
16039 18 -0.5 210.039919031488 S2_N1_Tm1
16040 18 -0.5 338.388143017049 S2_N1_Tm1
16041 18 -0.5 235.862743007847 S2_N1_Tm1
16042 18 -0.5 17.7161431296005 S2_N1_Tm1
16044 18 -0.5 0 S2_N1_Tm1
16045 18 -0.5 266.584910264235 S2_N1_Tm1
16023 19 -0.5 0 S2_N1_Tm1
16028 19 -0.5 158.424415044173 S2_N1_Tm1
16029 19 -0.5 659.104853577887 S2_N1_Tm1
16030 19 -0.5 0 S2_N1_Tm1
16031 19 -0.5 0 S2_N1_Tm1
16033 19 -0.5 0 S2_N1_Tm1
16034 19 -0.5 0 S2_N1_Tm1
16035 19 -0.5 0 S2_N1_Tm1
16038 19 -0.5 0 S2_N1_Tm1
16039 19 -0.5 95.3620039251539 S2_N1_Tm1
16040 19 -0.5 216.460416966445 S2_N1_Tm1
16041 19 -0.5 170.013853055007 S2_N1_Tm1
16042 19 -0.5 0 S2_N1_Tm1
16044 19 -0.5 0 S2_N1_Tm1
16045 19 -0.5 222.835972058103 S2_N1_Tm1
16023 20 -0.5 0 S2_N1_Tm1
16028 20 -0.5 207.365828173661 S2_N1_Tm1
16029 20 -0.5 791.936743542127 S2_N1_Tm1
16030 20 -0.5 0 S2_N1_Tm1
16031 20 -0.5 0 S2_N1_Tm1
16033 20 -0.5 0 S2_N1_Tm1
16034 20 -0.5 0 S2_N1_Tm1
16035 20 -0.5 3.04926350288212 S2_N1_Tm1
16038 20 -0.5 0 S2_N1_Tm1
16039 20 -0.5 156.753179862555 S2_N1_Tm1
16040 20 -0.5 270.654311478222 S2_N1_Tm1
16041 20 -0.5 211.541908065932 S2_N1_Tm1
16042 20 -0.5 5.56627508608541 S2_N1_Tm1
16044 20 -0.5 0 S2_N1_Tm1
16045 20 -0.5 263.403886752078 S2_N1_Tm1
16023 21 -0.5 0 S2_N1_Tm1
16028 21 -0.5 164.376382211717 S2_N1_Tm1
16029 21 -0.5 677.047646604225 S2_N1_Tm1
16030 21 -0.5 0 S2_N1_Tm1
16031 21 -0.5 0 S2_N1_Tm1
16033 21 -0.5 0 S2_N1_Tm1
16034 21 -0.5 0 S2_N1_Tm1
16035 21 -0.5 0 S2_N1_Tm1
16038 21 -0.5 0 S2_N1_Tm1
16039 21 -0.5 94.8718620296577 S2_N1_Tm1
16040 21 -0.5 218.894607713614 S2_N1_Tm1
16041 21 -0.5 171.758028894672 S2_N1_Tm1
16042 21 -0.5 0 S2_N1_Tm1
16044 21 -0.5 0 S2_N1_Tm1
16045 21 -0.5 225.240472640655 S2_N1_Tm1
16023 22 -0.5 0 S2_N1_Tm1
16028 22 -0.5 273.207505493796 S2_N1_Tm1
16029 22 -0.5 966.752372505219 S2_N1_Tm1
16030 22 -0.5 0 S2_N1_Tm1
16031 22 -0.5 0 S2_N1_Tm1
16033 22 -0.5 0 S2_N1_Tm1
16034 22 -0.5 0 S2_N1_Tm1
16035 22 -0.5 23.7820474973981 S2_N1_Tm1
16038 22 -0.5 0 S2_N1_Tm1
16039 22 -0.5 210.145320677241 S2_N1_Tm1
16040 22 -0.5 339.180836055428 S2_N1_Tm1
16041 22 -0.5 252.333456384634 S2_N1_Tm1
16042 22 -0.5 29.5745910950472 S2_N1_Tm1
16044 22 -0.5 0 S2_N1_Tm1
16045 22 -0.5 293.469420778064 S2_N1_Tm1
16023 23 -0.5 0 S2_N1_Tm1
16028 23 -0.5 144.134098668078 S2_N1_Tm1
16029 23 -0.5 596.076901660877 S2_N1_Tm1
16030 23 -0.5 0 S2_N1_Tm1
16031 23 -0.5 0 S2_N1_Tm1
16033 23 -0.5 0 S2_N1_Tm1
16034 23 -0.5 0 S2_N1_Tm1
16035 23 -0.5 0 S2_N1_Tm1
16038 23 -0.5 0 S2_N1_Tm1
16039 23 -0.5 62.0033781381283 S2_N1_Tm1
16040 23 -0.5 193.992676667561 S2_N1_Tm1
16041 23 -0.5 157.72316079477 S2_N1_Tm1
16042 23 -0.5 0 S2_N1_Tm1
16044 23 -0.5 0 S2_N1_Tm1
16045 23 -0.5 205.515359755829 S2_N1_Tm1
16023 24 -0.5 0 S2_N1_Tm1
16028 24 -0.5 183.312773701377 S2_N1_Tm1
16029 24 -0.5 733.8875156525 S2_N1_Tm1
16030 24 -0.5 0 S2_N1_Tm1
16031 24 -0.5 0 S2_N1_Tm1
16033 24 -0.5 0 S2_N1_Tm1
16034 24 -0.5 0 S2_N1_Tm1
16035 24 -0.5 1.84988294194082 S2_N1_Tm1
16038 24 -0.5 0 S2_N1_Tm1
16039 24 -0.5 112.89650929618 S2_N1_Tm1
16040 24 -0.5 236.259545965752 S2_N1_Tm1
16041 24 -0.5 185.621183471311 S2_N1_Tm1
16042 24 -0.5 0 S2_N1_Tm1
16044 24 -0.5 0 S2_N1_Tm1
16045 24 -0.5 240.191882430632 S2_N1_Tm1
16023 25 -0.5 0 S2_N1_Tm1
16028 25 -0.5 51.8385549977207 S2_N1_Tm1
16029 25 -0.5 276.888305499474 S2_N1_Tm1
16030 25 -0.5 0 S2_N1_Tm1
16031 25 -0.5 0 S2_N1_Tm1
16033 25 -0.5 0 S2_N1_Tm1
16034 25 -0.5 0 S2_N1_Tm1
16035 25 -0.5 0 S2_N1_Tm1
16038 25 -0.5 0 S2_N1_Tm1
16039 25 -0.5 0 S2_N1_Tm1
16040 25 -0.5 112.894371846712 S2_N1_Tm1
16041 25 -0.5 91.3206168772721 S2_N1_Tm1
16042 25 -0.5 0 S2_N1_Tm1
16044 25 -0.5 0 S2_N1_Tm1
16045 25 -0.5 101.918939792214 S2_N1_Tm1
16023 26 -0.5 0 S2_N1_Tm1
16028 26 -0.5 238.61207966594 S2_N1_Tm1
16029 26 -0.5 879.875727860315 S2_N1_Tm1
16030 26 -0.5 0 S2_N1_Tm1
16031 26 -0.5 0 S2_N1_Tm1
16033 26 -0.5 0 S2_N1_Tm1
16034 26 -0.5 0 S2_N1_Tm1
16035 26 -0.5 8.02448851725747 S2_N1_Tm1
16038 26 -0.5 0 S2_N1_Tm1
16039 26 -0.5 183.222792689582 S2_N1_Tm1
16040 26 -0.5 303.044287574998 S2_N1_Tm1
16041 26 -0.5 230.471553327457 S2_N1_Tm1
16042 26 -0.5 16.6464957534672 S2_N1_Tm1
16044 26 -0.5 0 S2_N1_Tm1
16045 26 -0.5 279.095364114803 S2_N1_Tm1
16023 27 -0.5 0 S2_N1_Tm1
16028 27 -0.5 2.15150275853253 S2_N1_Tm1
16029 27 -0.5 75.1615402972919 S2_N1_Tm1
16030 27 -0.5 0 S2_N1_Tm1
16031 27 -0.5 0 S2_N1_Tm1
16033 27 -0.5 0 S2_N1_Tm1
16034 27 -0.5 0 S2_N1_Tm1
16035 27 -0.5 0 S2_N1_Tm1
16038 27 -0.5 0 S2_N1_Tm1
16039 27 -0.5 0 S2_N1_Tm1
16040 27 -0.5 71.005078670744 S2_N1_Tm1
16041 27 -0.5 38.1599331902751 S2_N1_Tm1
16042 27 -0.5 0 S2_N1_Tm1
16044 27 -0.5 0 S2_N1_Tm1
16045 27 -0.5 28.6410186355761 S2_N1_Tm1
16023 28 -0.5 0 S2_N1_Tm1
16028 28 -0.5 275.23678435198 S2_N1_Tm1
16029 28 -0.5 964.768552210629 S2_N1_Tm1
16030 28 -0.5 0 S2_N1_Tm1
16031 28 -0.5 0 S2_N1_Tm1
16033 28 -0.5 0 S2_N1_Tm1
16034 28 -0.5 0 S2_N1_Tm1
16035 28 -0.5 26.5286681847615 S2_N1_Tm1
16038 28 -0.5 0 S2_N1_Tm1
16039 28 -0.5 214.80994238909 S2_N1_Tm1
16040 28 -0.5 342.376659744434 S2_N1_Tm1
16041 28 -0.5 257.136184725939 S2_N1_Tm1
16042 28 -0.5 31.3314564733312 S2_N1_Tm1
16044 28 -0.5 0 S2_N1_Tm1
16045 28 -0.5 298.414816124224 S2_N1_Tm1
16023 29 -0.5 0 S2_N1_Tm1
16028 29 -0.5 77.5039433577677 S2_N1_Tm1
16029 29 -0.5 428.370053769192 S2_N1_Tm1
16030 29 -0.5 0 S2_N1_Tm1
16031 29 -0.5 0 S2_N1_Tm1
16033 29 -0.5 0 S2_N1_Tm1
16034 29 -0.5 0 S2_N1_Tm1
16035 29 -0.5 0 S2_N1_Tm1
16038 29 -0.5 0 S2_N1_Tm1
16039 29 -0.5 16.6551995699625 S2_N1_Tm1
16040 29 -0.5 145.343886005506 S2_N1_Tm1
16041 29 -0.5 106.166305455298 S2_N1_Tm1
16042 29 -0.5 0 S2_N1_Tm1
16044 29 -0.5 0 S2_N1_Tm1
16045 29 -0.5 146.636394931118 S2_N1_Tm1
16023 30 -0.5 0 S2_N1_Tm1
16028 30 -0.5 37.0690054459492 S2_N1_Tm1
16029 30 -0.5 250.509290728363 S2_N1_Tm1
16030 30 -0.5 0 S2_N1_Tm1
16031 30 -0.5 0 S2_N1_Tm1
16033 30 -0.5 0 S2_N1_Tm1
16034 30 -0.5 0 S2_N1_Tm1
16035 30 -0.5 0 S2_N1_Tm1
16038 30 -0.5 0 S2_N1_Tm1
16039 30 -0.5 0 S2_N1_Tm1
16040 30 -0.5 105.794806016157 S2_N1_Tm1
16041 30 -0.5 81.2683880685191 S2_N1_Tm1
16042 30 -0.5 0 S2_N1_Tm1
16044 30 -0.5 0 S2_N1_Tm1
16045 30 -0.5 93.0158964544351 S2_N1_Tm1
16023 31 -0.5 0 S2_N1_Tm1
16028 31 -0.5 84.5142988642116 S2_N1_Tm1
16029 31 -0.5 431.768596526488 S2_N1_Tm1
16030 31 -0.5 0 S2_N1_Tm1
16031 31 -0.5 0 S2_N1_Tm1
16033 31 -0.5 0 S2_N1_Tm1
16034 31 -0.5 0 S2_N1_Tm1
16035 31 -0.5 0 S2_N1_Tm1
16038 31 -0.5 0 S2_N1_Tm1
16039 31 -0.5 0 S2_N1_Tm1
16040 31 -0.5 124.892721742543 S2_N1_Tm1
16041 31 -0.5 127.556941437316 S2_N1_Tm1
16042 31 -0.5 0 S2_N1_Tm1
16044 31 -0.5 0 S2_N1_Tm1
16045 31 -0.5 142.347657658956 S2_N1_Tm1
16023 1 -1.5 30.1123403717128 S2_N1_Tm1
16028 1 -1.5 726.75777605517 S2_N1_Tm1
16029 1 -1.5 704.864586127754 S2_N1_Tm1
16030 1 -1.5 606.103347816717 S2_N1_Tm1
16031 1 -1.5 610.467021909978 S2_N1_Tm1
16033 1 -1.5 72.2601687327693 S2_N1_Tm1
16034 1 -1.5 65.7800065799014 S2_N1_Tm1
16035 1 -1.5 0 S2_N1_Tm1
16038 1 -1.5 320.198737500536 S2_N1_Tm1
16039 1 -1.5 108.927118700806 S2_N1_Tm1
16040 1 -1.5 349.996021131031 S2_N1_Tm1
16041 1 -1.5 167.384811847336 S2_N1_Tm1
16042 1 -1.5 71.2283328424032 S2_N1_Tm1
16044 1 -1.5 159.205365728229 S2_N1_Tm1
16045 1 -1.5 143.645432484813 S2_N1_Tm1
16023 2 -1.5 0 S2_N1_Tm1
16028 2 -1.5 220.46002936631 S2_N1_Tm1
16029 2 -1.5 47.6513867070797 S2_N1_Tm1
16030 2 -1.5 163.658927196039 S2_N1_Tm1
16031 2 -1.5 219.325174266521 S2_N1_Tm1
16033 2 -1.5 0 S2_N1_Tm1
16034 2 -1.5 0 S2_N1_Tm1
16035 2 -1.5 0 S2_N1_Tm1
16038 2 -1.5 0 S2_N1_Tm1
16039 2 -1.5 0 S2_N1_Tm1
16040 2 -1.5 103.050090056348 S2_N1_Tm1
16041 2 -1.5 69.4424578881705 S2_N1_Tm1
16042 2 -1.5 0 S2_N1_Tm1
16044 2 -1.5 49.5390280990728 S2_N1_Tm1
16045 2 -1.5 18.7389535550019 S2_N1_Tm1
16023 3 -1.5 0 S2_N1_Tm1
16028 3 -1.5 265.608167521268 S2_N1_Tm1
16029 3 -1.5 211.578658389177 S2_N1_Tm1
16030 3 -1.5 236.905220089363 S2_N1_Tm1
16031 3 -1.5 260.481698539239 S2_N1_Tm1
16033 3 -1.5 0 S2_N1_Tm1
16034 3 -1.5 0 S2_N1_Tm1
16035 3 -1.5 0 S2_N1_Tm1
16038 3 -1.5 0 S2_N1_Tm1
16039 3 -1.5 0 S2_N1_Tm1
16040 3 -1.5 120.278720532141 S2_N1_Tm1
16041 3 -1.5 71.7797226138785 S2_N1_Tm1
16042 3 -1.5 1.90939198822159 S2_N1_Tm1
16044 3 -1.5 59.1275920044204 S2_N1_Tm1
16045 3 -1.5 59.0530313909806 S2_N1_Tm1
16023 4 -1.5 0 S2_N1_Tm1
16028 4 -1.5 339.879936206102 S2_N1_Tm1
16029 4 -1.5 349.752751986221 S2_N1_Tm1
16030 4 -1.5 345.469886884867 S2_N1_Tm1
16031 4 -1.5 323.222571625399 S2_N1_Tm1
16033 4 -1.5 0 S2_N1_Tm1
16034 4 -1.5 2.68427078214349 S2_N1_Tm1
16035 4 -1.5 0 S2_N1_Tm1
16038 4 -1.5 48.0352575591416 S2_N1_Tm1
16039 4 -1.5 3.8674482037587 S2_N1_Tm1
16040 4 -1.5 157.931624095646 S2_N1_Tm1
16041 4 -1.5 87.7736767036778 S2_N1_Tm1
16042 4 -1.5 10.2421678654502 S2_N1_Tm1
16044 4 -1.5 78.6728918906135 S2_N1_Tm1
16045 4 -1.5 90.458646998 S2_N1_Tm1
16023 5 -1.5 0 S2_N1_Tm1
16028 5 -1.5 82.4081556391377 S2_N1_Tm1
16029 5 -1.5 0 S2_N1_Tm1
16030 5 -1.5 0 S2_N1_Tm1
16031 5 -1.5 90.5287514279957 S2_N1_Tm1
16033 5 -1.5 0 S2_N1_Tm1
16034 5 -1.5 0 S2_N1_Tm1
16035 5 -1.5 0 S2_N1_Tm1
16038 5 -1.5 0 S2_N1_Tm1
16039 5 -1.5 0 S2_N1_Tm1
16040 5 -1.5 5.81300374856378 S2_N1_Tm1
16041 5 -1.5 0 S2_N1_Tm1
16042 5 -1.5 0 S2_N1_Tm1
16044 5 -1.5 0 S2_N1_Tm1
16045 5 -1.5 0 S2_N1_Tm1
16023 6 -1.5 5.9294746708179 S2_N1_Tm1
16028 6 -1.5 373.053103118016 S2_N1_Tm1
16029 6 -1.5 405.716415666517 S2_N1_Tm1
16030 6 -1.5 381.398495382284 S2_N1_Tm1
16031 6 -1.5 354.291269963109 S2_N1_Tm1
16033 6 -1.5 1.90105420029707 S2_N1_Tm1
16034 6 -1.5 24.2950018889699 S2_N1_Tm1
16035 6 -1.5 0 S2_N1_Tm1
16038 6 -1.5 79.5522640467553 S2_N1_Tm1
16039 6 -1.5 14.1526007281067 S2_N1_Tm1
16040 6 -1.5 189.732448528606 S2_N1_Tm1
16041 6 -1.5 143.093603486482 S2_N1_Tm1
16042 6 -1.5 36.5377994153301 S2_N1_Tm1
16044 6 -1.5 132.778978967291 S2_N1_Tm1
16045 6 -1.5 140.260816862936 S2_N1_Tm1
16023 7 -1.5 0 S2_N1_Tm1
16028 7 -1.5 224.935645479285 S2_N1_Tm1
16029 7 -1.5 56.4169965972814 S2_N1_Tm1
16030 7 -1.5 167.123773439457 S2_N1_Tm1
16031 7 -1.5 223.595955774915 S2_N1_Tm1
16033 7 -1.5 0 S2_N1_Tm1
16034 7 -1.5 0 S2_N1_Tm1
16035 7 -1.5 0 S2_N1_Tm1
16038 7 -1.5 0 S2_N1_Tm1
16039 7 -1.5 0 S2_N1_Tm1
16040 7 -1.5 105.609345759001 S2_N1_Tm1
16041 7 -1.5 73.8159865336545 S2_N1_Tm1
16042 7 -1.5 0 S2_N1_Tm1
16044 7 -1.5 54.1348880767073 S2_N1_Tm1
16045 7 -1.5 21.7629722855243 S2_N1_Tm1
16023 8 -1.5 10.952344678236 S2_N1_Tm1
16028 8 -1.5 451.505569745648 S2_N1_Tm1
16029 8 -1.5 511.539922781109 S2_N1_Tm1
16030 8 -1.5 477.64058093308 S2_N1_Tm1
16031 8 -1.5 412.696065207918 S2_N1_Tm1
16033 8 -1.5 31.7734973219419 S2_N1_Tm1
16034 8 -1.5 36.0284836790807 S2_N1_Tm1
16035 8 -1.5 0 S2_N1_Tm1
16038 8 -1.5 170.743021888493 S2_N1_Tm1
16039 8 -1.5 66.1285254668734 S2_N1_Tm1
16040 8 -1.5 231.83885487603 S2_N1_Tm1
16041 8 -1.5 142.720781964952 S2_N1_Tm1
16042 8 -1.5 44.2236163023843 S2_N1_Tm1
16044 8 -1.5 133.552612476204 S2_N1_Tm1
16045 8 -1.5 143.040748612249 S2_N1_Tm1
16023 9 -1.5 1.09037447266441 S2_N1_Tm1
16028 9 -1.5 338.002173298355 S2_N1_Tm1
16029 9 -1.5 350.328695210975 S2_N1_Tm1
16030 9 -1.5 341.46843889116 S2_N1_Tm1
16031 9 -1.5 322.991981936467 S2_N1_Tm1
16033 9 -1.5 0 S2_N1_Tm1
16034 9 -1.5 5.90962662014885 S2_N1_Tm1
16035 9 -1.5 0 S2_N1_Tm1
16038 9 -1.5 41.9676107422806 S2_N1_Tm1
16039 9 -1.5 3.28068092620492 S2_N1_Tm1
16040 9 -1.5 163.992118450291 S2_N1_Tm1
16041 9 -1.5 107.338107885899 S2_N1_Tm1
16042 9 -1.5 16.1607134039665 S2_N1_Tm1
16044 9 -1.5 96.9943021081098 S2_N1_Tm1
16045 9 -1.5 106.034488652264 S2_N1_Tm1
16023 10 -1.5 8.5638119097829 S2_N1_Tm1
16028 10 -1.5 458.726485027445 S2_N1_Tm1
16029 10 -1.5 524.564015663336 S2_N1_Tm1
16030 10 -1.5 474.936638332581 S2_N1_Tm1
16031 10 -1.5 421.526118174043 S2_N1_Tm1
16033 10 -1.5 22.8950108570593 S2_N1_Tm1
16034 10 -1.5 33.8901795825919 S2_N1_Tm1
16035 10 -1.5 0 S2_N1_Tm1
16038 10 -1.5 156.337470373573 S2_N1_Tm1
16039 10 -1.5 55.6571109974007 S2_N1_Tm1
16040 10 -1.5 226.949795781056 S2_N1_Tm1
16041 10 -1.5 140.137085818756 S2_N1_Tm1
16042 10 -1.5 45.5873053703517 S2_N1_Tm1
16044 10 -1.5 131.870199026457 S2_N1_Tm1
16045 10 -1.5 142.283925062572 S2_N1_Tm1
16023 11 -1.5 0 S2_N1_Tm1
16028 11 -1.5 534.696453281665 S2_N1_Tm1
16029 11 -1.5 411.687843153034 S2_N1_Tm1
16030 11 -1.5 447.067484460305 S2_N1_Tm1
16031 11 -1.5 461.811537815066 S2_N1_Tm1
16033 11 -1.5 6.58300413386013 S2_N1_Tm1
16034 11 -1.5 5.04962972228714 S2_N1_Tm1
16035 11 -1.5 0 S2_N1_Tm1
16038 11 -1.5 155.584366633064 S2_N1_Tm1
16039 11 -1.5 40.3047062113339 S2_N1_Tm1
16040 11 -1.5 234.264844835414 S2_N1_Tm1
16041 11 -1.5 69.4275964196625 S2_N1_Tm1
16042 11 -1.5 13.8478470548171 S2_N1_Tm1
16044 11 -1.5 65.621528433472 S2_N1_Tm1
16045 11 -1.5 61.4643354106303 S2_N1_Tm1
16023 12 -1.5 5.63487880872947 S2_N1_Tm1
16028 12 -1.5 712.901876125815 S2_N1_Tm1
16029 12 -1.5 431.281385653501 S2_N1_Tm1
16030 12 -1.5 485.256012583213 S2_N1_Tm1
16031 12 -1.5 572.732266482712 S2_N1_Tm1
16033 12 -1.5 24.0192402633975 S2_N1_Tm1
16034 12 -1.5 29.0059692870739 S2_N1_Tm1
16035 12 -1.5 0 S2_N1_Tm1
16038 12 -1.5 247.88549658455 S2_N1_Tm1
16039 12 -1.5 67.7001255063222 S2_N1_Tm1
16040 12 -1.5 345.855592184918 S2_N1_Tm1
16041 12 -1.5 99.0038734237421 S2_N1_Tm1
16042 12 -1.5 32.6794988890351 S2_N1_Tm1
16044 12 -1.5 95.2884477394008 S2_N1_Tm1
16045 12 -1.5 68.2901274689672 S2_N1_Tm1
16023 13 -1.5 0 S2_N1_Tm1
16028 13 -1.5 217.775318883349 S2_N1_Tm1
16029 13 -1.5 158.318166231513 S2_N1_Tm1
16030 13 -1.5 226.535489968536 S2_N1_Tm1
16031 13 -1.5 210.962497532076 S2_N1_Tm1
16033 13 -1.5 0 S2_N1_Tm1
16034 13 -1.5 0 S2_N1_Tm1
16035 13 -1.5 0 S2_N1_Tm1
16038 13 -1.5 0 S2_N1_Tm1
16039 13 -1.5 0 S2_N1_Tm1
16040 13 -1.5 105.502557731247 S2_N1_Tm1
16041 13 -1.5 47.5953875558719 S2_N1_Tm1
16042 13 -1.5 0 S2_N1_Tm1
16044 13 -1.5 32.8633430317342 S2_N1_Tm1
16045 13 -1.5 40.7847003610476 S2_N1_Tm1
16023 14 -1.5 0 S2_N1_Tm1
16028 14 -1.5 271.786138424574 S2_N1_Tm1
16029 14 -1.5 208.441451506822 S2_N1_Tm1
16030 14 -1.5 232.481598468271 S2_N1_Tm1
16031 14 -1.5 266.563399845112 S2_N1_Tm1
16033 14 -1.5 0 S2_N1_Tm1
16034 14 -1.5 1.47778591617386 S2_N1_Tm1
16035 14 -1.5 0 S2_N1_Tm1
16038 14 -1.5 0 S2_N1_Tm1
16039 14 -1.5 0 S2_N1_Tm1
16040 14 -1.5 132.750719471981 S2_N1_Tm1
16041 14 -1.5 103.703016031053 S2_N1_Tm1
16042 14 -1.5 4.71229514669111 S2_N1_Tm1
16044 14 -1.5 88.6574757642877 S2_N1_Tm1
16045 14 -1.5 73.6550665889522 S2_N1_Tm1
16023 15 -1.5 48.0155089311219 S2_N1_Tm1
16028 15 -1.5 525.881683414498 S2_N1_Tm1
16029 15 -1.5 630.958000001306 S2_N1_Tm1
16030 15 -1.5 547.478546781125 S2_N1_Tm1
16031 15 -1.5 480.252179865178 S2_N1_Tm1
16033 15 -1.5 75.2993901845461 S2_N1_Tm1
16034 15 -1.5 80.5322674535358 S2_N1_Tm1
16035 15 -1.5 0 S2_N1_Tm1
16038 15 -1.5 217.220627520765 S2_N1_Tm1
16039 15 -1.5 98.027711667808 S2_N1_Tm1
16040 15 -1.5 272.93733972612 S2_N1_Tm1
16041 15 -1.5 203.929652934525 S2_N1_Tm1
16042 15 -1.5 82.9947485358008 S2_N1_Tm1
16044 15 -1.5 195.112569825055 S2_N1_Tm1
16045 15 -1.5 205.507310889858 S2_N1_Tm1
16023 16 -1.5 45.7275295707561 S2_N1_Tm1
16028 16 -1.5 591.553620055247 S2_N1_Tm1
16029 16 -1.5 659.856937610606 S2_N1_Tm1
16030 16 -1.5 588.014467735285 S2_N1_Tm1
16031 16 -1.5 521.789545653569 S2_N1_Tm1
16033 16 -1.5 89.9681181587577 S2_N1_Tm1
16034 16 -1.5 77.9411059104481 S2_N1_Tm1
16035 16 -1.5 0 S2_N1_Tm1
16038 16 -1.5 279.829360804351 S2_N1_Tm1
16039 16 -1.5 119.805970942677 S2_N1_Tm1
16040 16 -1.5 309.308161719323 S2_N1_Tm1
16041 16 -1.5 194.756099177181 S2_N1_Tm1
16042 16 -1.5 78.1927607748479 S2_N1_Tm1
16044 16 -1.5 184.027572866934 S2_N1_Tm1
16045 16 -1.5 185.642547931282 S2_N1_Tm1
16023 17 -1.5 1.78556405270245 S2_N1_Tm1
16028 17 -1.5 309.967278015762 S2_N1_Tm1
16029 17 -1.5 312.612701617796 S2_N1_Tm1
16030 17 -1.5 314.930731283907 S2_N1_Tm1
16031 17 -1.5 297.562585103924 S2_N1_Tm1
16033 17 -1.5 0 S2_N1_Tm1
16034 17 -1.5 6.72804829262623 S2_N1_Tm1
16035 17 -1.5 0 S2_N1_Tm1
16038 17 -1.5 21.9256662152 S2_N1_Tm1
16039 17 -1.5 1.76352820363703 S2_N1_Tm1
16040 17 -1.5 159.797519540328 S2_N1_Tm1
16041 17 -1.5 120.055267769635 S2_N1_Tm1
16042 17 -1.5 13.2497276851036 S2_N1_Tm1
16044 17 -1.5 107.434127627262 S2_N1_Tm1
16045 17 -1.5 111.653334007701 S2_N1_Tm1
16023 18 -1.5 16.2895240025162 S2_N1_Tm1
16028 18 -1.5 641.82922819546 S2_N1_Tm1
16029 18 -1.5 575.781638065013 S2_N1_Tm1
16030 18 -1.5 549.19043544537 S2_N1_Tm1
16031 18 -1.5 543.598791103566 S2_N1_Tm1
16033 18 -1.5 53.4524232626624 S2_N1_Tm1
16034 18 -1.5 47.1651587318764 S2_N1_Tm1
16035 18 -1.5 0 S2_N1_Tm1
16038 18 -1.5 276.752088175163 S2_N1_Tm1
16039 18 -1.5 92.3564828411461 S2_N1_Tm1
16040 18 -1.5 320.74527463507 S2_N1_Tm1
16041 18 -1.5 137.008631690624 S2_N1_Tm1
16042 18 -1.5 51.5919344586535 S2_N1_Tm1
16044 18 -1.5 130.220325194953 S2_N1_Tm1
16045 18 -1.5 115.815390222472 S2_N1_Tm1
16023 19 -1.5 5.99630351011131 S2_N1_Tm1
16028 19 -1.5 427.897634720536 S2_N1_Tm1
16029 19 -1.5 485.401584521766 S2_N1_Tm1
16030 19 -1.5 447.112676258149 S2_N1_Tm1
16031 19 -1.5 396.873735048025 S2_N1_Tm1
16033 19 -1.5 12.8274937026004 S2_N1_Tm1
16034 19 -1.5 27.0416462625865 S2_N1_Tm1
16035 19 -1.5 0 S2_N1_Tm1
16038 19 -1.5 132.835992338497 S2_N1_Tm1
16039 19 -1.5 43.7696963664405 S2_N1_Tm1
16040 19 -1.5 212.365475121295 S2_N1_Tm1
16041 19 -1.5 133.77167316525 S2_N1_Tm1
16042 19 -1.5 39.4555685226672 S2_N1_Tm1
16044 19 -1.5 125.1026464598 S2_N1_Tm1
16045 19 -1.5 136.280078604643 S2_N1_Tm1
16023 20 -1.5 50.7334720071023 S2_N1_Tm1
16028 20 -1.5 560.081929251773 S2_N1_Tm1
16029 20 -1.5 653.760687558038 S2_N1_Tm1
16030 20 -1.5 577.756032654113 S2_N1_Tm1
16031 20 -1.5 502.330246943979 S2_N1_Tm1
16033 20 -1.5 90.5349955008187 S2_N1_Tm1
16034 20 -1.5 82.6440127457584 S2_N1_Tm1
16035 20 -1.5 0 S2_N1_Tm1
16038 20 -1.5 257.038122678896 S2_N1_Tm1
16039 20 -1.5 115.708282381636 S2_N1_Tm1
16040 20 -1.5 294.83031929489 S2_N1_Tm1
16041 20 -1.5 203.646331720049 S2_N1_Tm1
16042 20 -1.5 82.5246437416927 S2_N1_Tm1
16044 20 -1.5 193.598207993693 S2_N1_Tm1
16045 20 -1.5 200.614361289848 S2_N1_Tm1
16023 21 -1.5 3.64398115014269 S2_N1_Tm1
16028 21 -1.5 426.47605727408 S2_N1_Tm1
16029 21 -1.5 481.599631166349 S2_N1_Tm1
16030 21 -1.5 438.509946070877 S2_N1_Tm1
16031 21 -1.5 395.636012014639 S2_N1_Tm1
16033 21 -1.5 8.3305568387969 S2_N1_Tm1
16034 21 -1.5 20.9871288657256 S2_N1_Tm1
16035 21 -1.5 0 S2_N1_Tm1
16038 21 -1.5 122.776561476334 S2_N1_Tm1
16039 21 -1.5 36.4298662558916 S2_N1_Tm1
16040 21 -1.5 205.707516152024 S2_N1_Tm1
16041 21 -1.5 123.562232271064 S2_N1_Tm1
16042 21 -1.5 35.2894193191785 S2_N1_Tm1
16044 21 -1.5 115.805082473625 S2_N1_Tm1
16045 21 -1.5 126.495717070558 S2_N1_Tm1
16023 22 -1.5 45.872080362091 S2_N1_Tm1
16028 22 -1.5 699.205848898041 S2_N1_Tm1
16029 22 -1.5 745.824078828012 S2_N1_Tm1
16030 22 -1.5 626.289952310246 S2_N1_Tm1
16031 22 -1.5 598.437335412724 S2_N1_Tm1
16033 22 -1.5 91.7092884536329 S2_N1_Tm1
16034 22 -1.5 81.7424796993912 S2_N1_Tm1
16035 22 -1.5 0 S2_N1_Tm1
16038 22 -1.5 324.681451168404 S2_N1_Tm1
16039 22 -1.5 125.536683980732 S2_N1_Tm1
16040 22 -1.5 345.172728771086 S2_N1_Tm1
16041 22 -1.5 197.400300120223 S2_N1_Tm1
16042 22 -1.5 84.8696336981993 S2_N1_Tm1
16044 22 -1.5 187.214824661977 S2_N1_Tm1
16045 22 -1.5 179.498853065609 S2_N1_Tm1
16023 23 -1.5 3.46518344833806 S2_N1_Tm1
16028 23 -1.5 396.624150381429 S2_N1_Tm1
16029 23 -1.5 444.275878531247 S2_N1_Tm1
16030 23 -1.5 400.227286325218 S2_N1_Tm1
16031 23 -1.5 373.543652327335 S2_N1_Tm1
16033 23 -1.5 2.58025689369998 S2_N1_Tm1
16034 23 -1.5 19.938610871308 S2_N1_Tm1
16035 23 -1.5 0 S2_N1_Tm1
16038 23 -1.5 91.7537307435555 S2_N1_Tm1
16039 23 -1.5 18.4789459807915 S2_N1_Tm1
16040 23 -1.5 191.411700942482 S2_N1_Tm1
16041 23 -1.5 129.43114791131 S2_N1_Tm1
16042 23 -1.5 35.4074663087708 S2_N1_Tm1
16044 23 -1.5 121.150297595495 S2_N1_Tm1
16045 23 -1.5 130.473112792984 S2_N1_Tm1
16023 24 -1.5 7.33995889504749 S2_N1_Tm1
16028 24 -1.5 466.875659701758 S2_N1_Tm1
16029 24 -1.5 537.53895311035 S2_N1_Tm1
16030 24 -1.5 475.232859118502 S2_N1_Tm1
16031 24 -1.5 428.219141513418 S2_N1_Tm1
16033 24 -1.5 20.6716154658836 S2_N1_Tm1
16034 24 -1.5 32.6080734884397 S2_N1_Tm1
16035 24 -1.5 0 S2_N1_Tm1
16038 24 -1.5 154.387257761648 S2_N1_Tm1
16039 24 -1.5 52.9871141139402 S2_N1_Tm1
16040 24 -1.5 225.90955351129 S2_N1_Tm1
16041 24 -1.5 137.251208158289 S2_N1_Tm1
16042 24 -1.5 45.8300310840301 S2_N1_Tm1
16044 24 -1.5 129.889090672004 S2_N1_Tm1
16045 24 -1.5 139.602720605491 S2_N1_Tm1
16023 25 -1.5 0 S2_N1_Tm1
16028 25 -1.5 272.841108271537 S2_N1_Tm1
16029 25 -1.5 207.53814533201 S2_N1_Tm1
16030 25 -1.5 226.367934541514 S2_N1_Tm1
16031 25 -1.5 268.123626985009 S2_N1_Tm1
16033 25 -1.5 0 S2_N1_Tm1
16034 25 -1.5 1.11805047417245 S2_N1_Tm1
16035 25 -1.5 0 S2_N1_Tm1
16038 25 -1.5 0 S2_N1_Tm1
16039 25 -1.5 0 S2_N1_Tm1
16040 25 -1.5 128.929372876544 S2_N1_Tm1
16041 25 -1.5 97.2076662328433 S2_N1_Tm1
16042 25 -1.5 4.57212428212352 S2_N1_Tm1
16044 25 -1.5 83.2920971829526 S2_N1_Tm1
16045 25 -1.5 68.0329480956853 S2_N1_Tm1
16023 26 -1.5 43.7777202629454 S2_N1_Tm1
16028 26 -1.5 618.328224225766 S2_N1_Tm1
16029 26 -1.5 692.253468070235 S2_N1_Tm1
16030 26 -1.5 600.047824369351 S2_N1_Tm1
16031 26 -1.5 543.31374449927 S2_N1_Tm1
16033 26 -1.5 87.6602118812101 S2_N1_Tm1
16034 26 -1.5 77.6923356405947 S2_N1_Tm1
16035 26 -1.5 0 S2_N1_Tm1
16038 26 -1.5 285.187676745163 S2_N1_Tm1
16039 26 -1.5 117.166320529937 S2_N1_Tm1
16040 26 -1.5 314.258538641165 S2_N1_Tm1
16041 26 -1.5 194.487881291983 S2_N1_Tm1
16042 26 -1.5 80.3569453506765 S2_N1_Tm1
16044 26 -1.5 184.159297626283 S2_N1_Tm1
16045 26 -1.5 185.763815421974 S2_N1_Tm1
16023 27 -1.5 0 S2_N1_Tm1
16028 27 -1.5 193.015675944619 S2_N1_Tm1
16029 27 -1.5 14.3804869722741 S2_N1_Tm1
16030 27 -1.5 134.929191420893 S2_N1_Tm1
16031 27 -1.5 193.846331794758 S2_N1_Tm1
16033 27 -1.5 0 S2_N1_Tm1
16034 27 -1.5 0 S2_N1_Tm1
16035 27 -1.5 0 S2_N1_Tm1
16038 27 -1.5 0 S2_N1_Tm1
16039 27 -1.5 0 S2_N1_Tm1
16040 27 -1.5 83.0316972640325 S2_N1_Tm1
16041 27 -1.5 37.2058681272202 S2_N1_Tm1
16042 27 -1.5 0 S2_N1_Tm1
16044 27 -1.5 20.7088396826839 S2_N1_Tm1
16045 27 -1.5 5.17025815738573 S2_N1_Tm1
16023 28 -1.5 65.9633822021501 S2_N1_Tm1
16028 28 -1.5 717.763004370572 S2_N1_Tm1
16029 28 -1.5 780.862818307473 S2_N1_Tm1
16030 28 -1.5 655.685985655872 S2_N1_Tm1
16031 28 -1.5 615.600765870822 S2_N1_Tm1
16033 28 -1.5 114.77305998747 S2_N1_Tm1
16034 28 -1.5 102.12647578031 S2_N1_Tm1
16035 28 -1.5 1.65941522567795 S2_N1_Tm1
16038 28 -1.5 349.521744158725 S2_N1_Tm1
16039 28 -1.5 147.563274253374 S2_N1_Tm1
16040 28 -1.5 364.301250097163 S2_N1_Tm1
16041 28 -1.5 226.94046588119 S2_N1_Tm1
16042 28 -1.5 100.146221817908 S2_N1_Tm1
16044 28 -1.5 216.731961022046 S2_N1_Tm1
16045 28 -1.5 208.44859631907 S2_N1_Tm1
16023 29 -1.5 0 S2_N1_Tm1
16028 29 -1.5 265.995459975925 S2_N1_Tm1
16029 29 -1.5 235.475416547303 S2_N1_Tm1
16030 29 -1.5 273.354061359706 S2_N1_Tm1
16031 29 -1.5 256.510531120356 S2_N1_Tm1
16033 29 -1.5 0 S2_N1_Tm1
16034 29 -1.5 0 S2_N1_Tm1
16035 29 -1.5 0 S2_N1_Tm1
16038 29 -1.5 6.65059661255032 S2_N1_Tm1
16039 29 -1.5 0 S2_N1_Tm1
16040 29 -1.5 123.389522460829 S2_N1_Tm1
16041 29 -1.5 58.536833786232 S2_N1_Tm1
16042 29 -1.5 0 S2_N1_Tm1
16044 29 -1.5 46.3764021424846 S2_N1_Tm1
16045 29 -1.5 59.3657464050808 S2_N1_Tm1
16023 30 -1.5 0 S2_N1_Tm1
16028 30 -1.5 261.293619543408 S2_N1_Tm1
16029 30 -1.5 186.920370282412 S2_N1_Tm1
16030 30 -1.5 222.411351876495 S2_N1_Tm1
16031 30 -1.5 256.811968995106 S2_N1_Tm1
16033 30 -1.5 0 S2_N1_Tm1
16034 30 -1.5 0 S2_N1_Tm1
16035 30 -1.5 0 S2_N1_Tm1
16038 30 -1.5 0 S2_N1_Tm1
16039 30 -1.5 0 S2_N1_Tm1
16040 30 -1.5 125.968527416706 S2_N1_Tm1
16041 30 -1.5 93.2301367771568 S2_N1_Tm1
16042 30 -1.5 2.73532383435431 S2_N1_Tm1
16044 30 -1.5 77.4846727375491 S2_N1_Tm1
16045 30 -1.5 63.3737302022909 S2_N1_Tm1
16023 31 -1.5 0 S2_N1_Tm1
16028 31 -1.5 315.12069793154 S2_N1_Tm1
16029 31 -1.5 308.541482967144 S2_N1_Tm1
16030 31 -1.5 256.440041103479 S2_N1_Tm1
16031 31 -1.5 316.009902852812 S2_N1_Tm1
16033 31 -1.5 0 S2_N1_Tm1
16034 31 -1.5 0 S2_N1_Tm1
16035 31 -1.5 0 S2_N1_Tm1
16038 31 -1.5 1.6016277602005 S2_N1_Tm1
16039 31 -1.5 0 S2_N1_Tm1
16040 31 -1.5 124.845798437607 S2_N1_Tm1
16041 31 -1.5 106.752424322537 S2_N1_Tm1
16042 31 -1.5 2.49261089388576 S2_N1_Tm1
16044 31 -1.5 95.1929138732812 S2_N1_Tm1
16045 31 -1.5 82.0123859515562 S2_N1_Tm1
16023 1 -3 0 S2_N1_Tm1
16028 1 -3 415.416435832068 S2_N1_Tm1
16029 1 -3 122.81595600688 S2_N1_Tm1
16030 1 -3 160.595329349834 S2_N1_Tm1
16031 1 -3 182.442644388355 S2_N1_Tm1
16033 1 -3 0 S2_N1_Tm1
16034 1 -3 5.26142765429727 S2_N1_Tm1
16035 1 -3 0 S2_N1_Tm1
16038 1 -3 74.5140808052742 S2_N1_Tm1
16039 1 -3 3.25118634856931 S2_N1_Tm1
16040 1 -3 80.2312527877706 S2_N1_Tm1
16041 1 -3 6.37282853216314 S2_N1_Tm1
16042 1 -3 3.64748186189499 S2_N1_Tm1
16044 1 -3 8.67811589273978 S2_N1_Tm1
16045 1 -3 3.89776616205481 S2_N1_Tm1
16023 2 -3 0 S2_N1_Tm1
16028 2 -3 223.991491687165 S2_N1_Tm1
16029 2 -3 12.9011045416711 S2_N1_Tm1
16030 2 -3 146.983848821305 S2_N1_Tm1
16031 2 -3 182.468200583499 S2_N1_Tm1
16033 2 -3 0 S2_N1_Tm1
16034 2 -3 9.15509201570053 S2_N1_Tm1
16035 2 -3 0 S2_N1_Tm1
16038 2 -3 0 S2_N1_Tm1
16039 2 -3 0 S2_N1_Tm1
16040 2 -3 81.4858054268107 S2_N1_Tm1
16041 2 -3 36.4317909646025 S2_N1_Tm1
16042 2 -3 23.6595718058083 S2_N1_Tm1
16044 2 -3 27.4715042339888 S2_N1_Tm1
16045 2 -3 4.9729838032211 S2_N1_Tm1
16023 3 -3 0 S2_N1_Tm1
16028 3 -3 165.715572219945 S2_N1_Tm1
16029 3 -3 11.3393599443361 S2_N1_Tm1
16030 3 -3 118.354359367684 S2_N1_Tm1
16031 3 -3 120.259026209844 S2_N1_Tm1
16033 3 -3 0 S2_N1_Tm1
16034 3 -3 0 S2_N1_Tm1
16035 3 -3 0 S2_N1_Tm1
16038 3 -3 0 S2_N1_Tm1
16039 3 -3 0 S2_N1_Tm1
16040 3 -3 39.4082417861233 S2_N1_Tm1
16041 3 -3 1.83111004551093 S2_N1_Tm1
16042 3 -3 0 S2_N1_Tm1
16044 3 -3 1.60437817900252 S2_N1_Tm1
16045 3 -3 1.20569868629587 S2_N1_Tm1
16023 4 -3 0 S2_N1_Tm1
16028 4 -3 155.381882373456 S2_N1_Tm1
16029 4 -3 23.0802569827292 S2_N1_Tm1
16030 4 -3 121.281846696159 S2_N1_Tm1
16031 4 -3 102.211579837109 S2_N1_Tm1
16033 4 -3 0 S2_N1_Tm1
16034 4 -3 0 S2_N1_Tm1
16035 4 -3 0 S2_N1_Tm1
16038 4 -3 0 S2_N1_Tm1
16039 4 -3 0 S2_N1_Tm1
16040 4 -3 33.935964732348 S2_N1_Tm1
16041 4 -3 0 S2_N1_Tm1
16042 4 -3 0 S2_N1_Tm1
16044 4 -3 0 S2_N1_Tm1
16045 4 -3 1.07653434008463 S2_N1_Tm1
16023 5 -3 0 S2_N1_Tm1
16028 5 -3 64.1748509812281 S2_N1_Tm1
16029 5 -3 0 S2_N1_Tm1
16030 5 -3 0 S2_N1_Tm1
16031 5 -3 37.1823808246711 S2_N1_Tm1
16033 5 -3 0 S2_N1_Tm1
16034 5 -3 0 S2_N1_Tm1
16035 5 -3 0 S2_N1_Tm1
16038 5 -3 0 S2_N1_Tm1
16039 5 -3 0 S2_N1_Tm1
16040 5 -3 0 S2_N1_Tm1
16041 5 -3 0 S2_N1_Tm1
16042 5 -3 0 S2_N1_Tm1
16044 5 -3 0 S2_N1_Tm1
16045 5 -3 0 S2_N1_Tm1
16023 6 -3 0 S2_N1_Tm1
16028 6 -3 340.575803077657 S2_N1_Tm1
16029 6 -3 278.258074875564 S2_N1_Tm1
16030 6 -3 306.738368262162 S2_N1_Tm1
16031 6 -3 261.462228063843 S2_N1_Tm1
16033 6 -3 0 S2_N1_Tm1
16034 6 -3 52.0240306184938 S2_N1_Tm1
16035 6 -3 0 S2_N1_Tm1
16038 6 -3 46.0115204257454 S2_N1_Tm1
16039 6 -3 1.12781994480797 S2_N1_Tm1
16040 6 -3 131.807435912649 S2_N1_Tm1
16041 6 -3 83.2139244705969 S2_N1_Tm1
16042 6 -3 62.6032124502009 S2_N1_Tm1
16044 6 -3 81.6507177014743 S2_N1_Tm1
16045 6 -3 83.2122774574463 S2_N1_Tm1
16023 7 -3 0 S2_N1_Tm1
16028 7 -3 230.904710375826 S2_N1_Tm1
16029 7 -3 17.8247422336299 S2_N1_Tm1
16030 7 -3 152.63799419408 S2_N1_Tm1
16031 7 -3 188.611268482112 S2_N1_Tm1
16033 7 -3 0 S2_N1_Tm1
16034 7 -3 11.9670616731174 S2_N1_Tm1
16035 7 -3 0 S2_N1_Tm1
16038 7 -3 0 S2_N1_Tm1
16039 7 -3 0 S2_N1_Tm1
16040 7 -3 85.5727673167795 S2_N1_Tm1
16041 7 -3 42.8111329086005 S2_N1_Tm1
16042 7 -3 28.383270931293 S2_N1_Tm1
16044 7 -3 33.4480874354594 S2_N1_Tm1
16045 7 -3 6.72580410632243 S2_N1_Tm1
16023 8 -3 0 S2_N1_Tm1
16028 8 -3 327.482002719074 S2_N1_Tm1
16029 8 -3 216.059550207778 S2_N1_Tm1
16030 8 -3 279.627138641383 S2_N1_Tm1
16031 8 -3 221.515919283016 S2_N1_Tm1
16033 8 -3 0 S2_N1_Tm1
16034 8 -3 20.9952399677164 S2_N1_Tm1
16035 8 -3 0 S2_N1_Tm1
16038 8 -3 73.3546416305092 S2_N1_Tm1
16039 8 -3 4.20377061835487 S2_N1_Tm1
16040 8 -3 104.937877711791 S2_N1_Tm1
16041 8 -3 32.8751152262416 S2_N1_Tm1
16042 8 -3 24.2026268935484 S2_N1_Tm1
16044 8 -3 33.4876271233199 S2_N1_Tm1
16045 8 -3 38.3229045113626 S2_N1_Tm1
16023 9 -3 0 S2_N1_Tm1
16028 9 -3 235.681719431172 S2_N1_Tm1
16029 9 -3 113.941562493132 S2_N1_Tm1
16030 9 -3 189.258138321437 S2_N1_Tm1
16031 9 -3 170.245220411136 S2_N1_Tm1
16033 9 -3 0 S2_N1_Tm1
16034 9 -3 4.51901691970945 S2_N1_Tm1
16035 9 -3 0 S2_N1_Tm1
16038 9 -3 2.25333639729362 S2_N1_Tm1
16039 9 -3 0 S2_N1_Tm1
16040 9 -3 72.4337451247682 S2_N1_Tm1
16041 9 -3 13.5132474383791 S2_N1_Tm1
16042 9 -3 9.50337467484413 S2_N1_Tm1
16044 9 -3 12.575564705188 S2_N1_Tm1
16045 9 -3 16.4810722458283 S2_N1_Tm1
16023 10 -3 0 S2_N1_Tm1
16028 10 -3 311.762384043255 S2_N1_Tm1
16029 10 -3 200.814981093151 S2_N1_Tm1
16030 10 -3 251.587037131109 S2_N1_Tm1
16031 10 -3 209.011565017368 S2_N1_Tm1
16033 10 -3 0 S2_N1_Tm1
16034 10 -3 13.1628850577706 S2_N1_Tm1
16035 10 -3 0 S2_N1_Tm1
16038 10 -3 52.2225620323999 S2_N1_Tm1
16039 10 -3 1.36671338822361 S2_N1_Tm1
16040 10 -3 91.9401673515402 S2_N1_Tm1
16041 10 -3 24.0643007969803 S2_N1_Tm1
16042 10 -3 18.0775031471194 S2_N1_Tm1
16044 10 -3 25.2550360619477 S2_N1_Tm1
16045 10 -3 30.7738285767953 S2_N1_Tm1
16023 11 -3 0 S2_N1_Tm1
16028 11 -3 47.5061831556384 S2_N1_Tm1
16029 11 -3 0 S2_N1_Tm1
16030 11 -3 14.1389397895499 S2_N1_Tm1
16031 11 -3 4.97028530142203 S2_N1_Tm1
16033 11 -3 0 S2_N1_Tm1
16034 11 -3 0 S2_N1_Tm1
16035 11 -3 0 S2_N1_Tm1
16038 11 -3 0 S2_N1_Tm1
16039 11 -3 0 S2_N1_Tm1
16040 11 -3 0 S2_N1_Tm1
16041 11 -3 0 S2_N1_Tm1
16042 11 -3 0 S2_N1_Tm1
16044 11 -3 0 S2_N1_Tm1
16045 11 -3 0 S2_N1_Tm1
16023 12 -3 0 S2_N1_Tm1
16028 12 -3 87.4272253877657 S2_N1_Tm1
16029 12 -3 0 S2_N1_Tm1
16030 12 -3 30.0677204566136 S2_N1_Tm1
16031 12 -3 26.6472066480125 S2_N1_Tm1
16033 12 -3 0 S2_N1_Tm1
16034 12 -3 0 S2_N1_Tm1
16035 12 -3 0 S2_N1_Tm1
16038 12 -3 0 S2_N1_Tm1
16039 12 -3 0 S2_N1_Tm1
16040 12 -3 7.04328918808108 S2_N1_Tm1
16041 12 -3 0 S2_N1_Tm1
16042 12 -3 0 S2_N1_Tm1
16044 12 -3 0 S2_N1_Tm1
16045 12 -3 0 S2_N1_Tm1
16023 13 -3 0 S2_N1_Tm1
16028 13 -3 150.087460840222 S2_N1_Tm1
16029 13 -3 6.61072275992617 S2_N1_Tm1
16030 13 -3 128.93164505319 S2_N1_Tm1
16031 13 -3 105.741157635949 S2_N1_Tm1
16033 13 -3 0 S2_N1_Tm1
16034 13 -3 0 S2_N1_Tm1
16035 13 -3 0 S2_N1_Tm1
16038 13 -3 0 S2_N1_Tm1
16039 13 -3 0 S2_N1_Tm1
16040 13 -3 37.8781747264247 S2_N1_Tm1
16041 13 -3 1.22897060875424 S2_N1_Tm1
16042 13 -3 0 S2_N1_Tm1
16044 13 -3 1.01699773748507 S2_N1_Tm1
16045 13 -3 1.02625631769297 S2_N1_Tm1
16023 14 -3 0 S2_N1_Tm1
16028 14 -3 269.076350726762 S2_N1_Tm1
16029 14 -3 127.015742152713 S2_N1_Tm1
16030 14 -3 204.606093169813 S2_N1_Tm1
16031 14 -3 217.175298679273 S2_N1_Tm1
16033 14 -3 0 S2_N1_Tm1
16034 14 -3 29.5595577023643 S2_N1_Tm1
16035 14 -3 0 S2_N1_Tm1
16038 14 -3 0 S2_N1_Tm1
16039 14 -3 0 S2_N1_Tm1
16040 14 -3 104.293836143633 S2_N1_Tm1
16041 14 -3 65.6064198218269 S2_N1_Tm1
16042 14 -3 47.1654609491159 S2_N1_Tm1
16044 14 -3 59.1473693430425 S2_N1_Tm1
16045 14 -3 38.2637766997518 S2_N1_Tm1
16023 15 -3 12.3496535349166 S2_N1_Tm1
16028 15 -3 512.582864393751 S2_N1_Tm1
16029 15 -3 484.414347232614 S2_N1_Tm1
16030 15 -3 478.368687826962 S2_N1_Tm1
16031 15 -3 377.066144210792 S2_N1_Tm1
16033 15 -3 29.8441022654312 S2_N1_Tm1
16034 15 -3 109.97354771378 S2_N1_Tm1
16035 15 -3 0 S2_N1_Tm1
16038 15 -3 185.650684333282 S2_N1_Tm1
16039 15 -3 60.7275511185778 S2_N1_Tm1
16040 15 -3 207.450885265294 S2_N1_Tm1
16041 15 -3 145.064154041227 S2_N1_Tm1
16042 15 -3 114.555722924815 S2_N1_Tm1
16044 15 -3 147.515528373546 S2_N1_Tm1
16045 15 -3 146.526502422555 S2_N1_Tm1
16023 16 -3 1.43187283748801 S2_N1_Tm1
16028 16 -3 509.567152683246 S2_N1_Tm1
16029 16 -3 373.219477201025 S2_N1_Tm1
16030 16 -3 418.853220575453 S2_N1_Tm1
16031 16 -3 336.652721140711 S2_N1_Tm1
16033 16 -3 12.3495361766747 S2_N1_Tm1
16034 16 -3 68.2720778916775 S2_N1_Tm1
16035 16 -3 0 S2_N1_Tm1
16038 16 -3 173.76585160193 S2_N1_Tm1
16039 16 -3 47.1578803378233 S2_N1_Tm1
16040 16 -3 181.904486897564 S2_N1_Tm1
16041 16 -3 86.8523167402337 S2_N1_Tm1
16042 16 -3 65.7483058012485 S2_N1_Tm1
16044 16 -3 90.0256364674935 S2_N1_Tm1
16045 16 -3 82.836555923095 S2_N1_Tm1
16023 17 -3 0 S2_N1_Tm1
16028 17 -3 296.061313257868 S2_N1_Tm1
16029 17 -3 218.50283958405 S2_N1_Tm1
16030 17 -3 266.943223360502 S2_N1_Tm1
16031 17 -3 231.6202468082 S2_N1_Tm1
16033 17 -3 0 S2_N1_Tm1
16034 17 -3 41.5547959314022 S2_N1_Tm1
16035 17 -3 0 S2_N1_Tm1
16038 17 -3 12.3672521960981 S2_N1_Tm1
16039 17 -3 0 S2_N1_Tm1
16040 17 -3 118.946961069408 S2_N1_Tm1
16041 17 -3 72.7783175851042 S2_N1_Tm1
16042 17 -3 52.4969912656596 S2_N1_Tm1
16044 17 -3 68.4022417830483 S2_N1_Tm1
16045 17 -3 67.0925435705532 S2_N1_Tm1
16023 18 -3 0 S2_N1_Tm1
16028 18 -3 246.774071262687 S2_N1_Tm1
16029 18 -3 28.5369208618418 S2_N1_Tm1
16030 18 -3 118.086534837699 S2_N1_Tm1
16031 18 -3 110.892597319709 S2_N1_Tm1
16033 18 -3 0 S2_N1_Tm1
16034 18 -3 0 S2_N1_Tm1
16035 18 -3 0 S2_N1_Tm1
16038 18 -3 37.8895783465438 S2_N1_Tm1
16039 18 -3 0 S2_N1_Tm1
16040 18 -3 55.4303200160338 S2_N1_Tm1
16041 18 -3 0 S2_N1_Tm1
16042 18 -3 0 S2_N1_Tm1
16044 18 -3 1.18677040057605 S2_N1_Tm1
16045 18 -3 0 S2_N1_Tm1
16023 19 -3 0 S2_N1_Tm1
16028 19 -3 295.710808292655 S2_N1_Tm1
16029 19 -3 190.000806439125 S2_N1_Tm1
16030 19 -3 245.087728184894 S2_N1_Tm1
16031 19 -3 203.032744261007 S2_N1_Tm1
16033 19 -3 0 S2_N1_Tm1
16034 19 -3 12.2651667638616 S2_N1_Tm1
16035 19 -3 0 S2_N1_Tm1
16038 19 -3 39.8392344282335 S2_N1_Tm1
16039 19 -3 0 S2_N1_Tm1
16040 19 -3 89.9775807233795 S2_N1_Tm1
16041 19 -3 23.7819790726863 S2_N1_Tm1
16042 19 -3 17.7565961872707 S2_N1_Tm1
16044 19 -3 24.2890591846192 S2_N1_Tm1
16045 19 -3 30.8020016890432 S2_N1_Tm1
16023 20 -3 6.84758069695967 S2_N1_Tm1
16028 20 -3 524.316695175044 S2_N1_Tm1
16029 20 -3 455.748273293527 S2_N1_Tm1
16030 20 -3 473.239319607037 S2_N1_Tm1
16031 20 -3 368.831897394261 S2_N1_Tm1
16033 20 -3 29.6484921981566 S2_N1_Tm1
16034 20 -3 96.5295912822422 S2_N1_Tm1
16035 20 -3 0 S2_N1_Tm1
16038 20 -3 198.226645879742 S2_N1_Tm1
16039 20 -3 63.4943091562413 S2_N1_Tm1
16040 20 -3 205.458964995868 S2_N1_Tm1
16041 20 -3 123.770166637005 S2_N1_Tm1
16042 20 -3 95.6430747267787 S2_N1_Tm1
16044 20 -3 126.383334357732 S2_N1_Tm1
16045 20 -3 122.233469201237 S2_N1_Tm1
16023 21 -3 0 S2_N1_Tm1
16028 21 -3 252.165527777747 S2_N1_Tm1
16029 21 -3 134.827391127813 S2_N1_Tm1
16030 21 -3 189.793371546521 S2_N1_Tm1
16031 21 -3 164.503203912917 S2_N1_Tm1
16033 21 -3 0 S2_N1_Tm1
16034 21 -3 3.33533251620852 S2_N1_Tm1
16035 21 -3 0 S2_N1_Tm1
16038 21 -3 17.6692700633222 S2_N1_Tm1
16039 21 -3 0 S2_N1_Tm1
16040 21 -3 69.474968815698 S2_N1_Tm1
16041 21 -3 8.2495568095174 S2_N1_Tm1
16042 21 -3 5.57205400039007 S2_N1_Tm1
16044 21 -3 8.85558754444428 S2_N1_Tm1
16045 21 -3 12.8844929572912 S2_N1_Tm1
16023 22 -3 0 S2_N1_Tm1
16028 22 -3 548.702835274852 S2_N1_Tm1
16029 22 -3 307.814302243868 S2_N1_Tm1
16030 22 -3 344.069477334355 S2_N1_Tm1
16031 22 -3 320.007263248963 S2_N1_Tm1
16033 22 -3 2.94329113042058 S2_N1_Tm1
16034 22 -3 41.3499555374633 S2_N1_Tm1
16035 22 -3 0 S2_N1_Tm1
16038 22 -3 140.819705279902 S2_N1_Tm1
16039 22 -3 28.2490426540262 S2_N1_Tm1
16040 22 -3 152.695110489008 S2_N1_Tm1
16041 22 -3 52.5888910312991 S2_N1_Tm1
16042 22 -3 40.1784117474114 S2_N1_Tm1
16044 22 -3 58.1324312649629 S2_N1_Tm1
16045 22 -3 45.8701233533276 S2_N1_Tm1
16023 23 -3 0 S2_N1_Tm1
16028 23 -3 287.247598596366 S2_N1_Tm1
16029 23 -3 197.998198967636 S2_N1_Tm1
16030 23 -3 234.259314898905 S2_N1_Tm1
16031 23 -3 206.921522369927 S2_N1_Tm1
16033 23 -3 0 S2_N1_Tm1
16034 23 -3 13.053783070037 S2_N1_Tm1
16035 23 -3 0 S2_N1_Tm1
16038 23 -3 17.5557364271059 S2_N1_Tm1
16039 23 -3 0 S2_N1_Tm1
16040 23 -3 89.2514542345307 S2_N1_Tm1
16041 23 -3 29.58783800129 S2_N1_Tm1
16042 23 -3 22.6913477426022 S2_N1_Tm1
16044 23 -3 30.046660022385 S2_N1_Tm1
16045 23 -3 35.5616321507935 S2_N1_Tm1
16023 24 -3 0 S2_N1_Tm1
16028 24 -3 295.990858478315 S2_N1_Tm1
16029 24 -3 183.365360119087 S2_N1_Tm1
16030 24 -3 224.874220014135 S2_N1_Tm1
16031 24 -3 193.611672120119 S2_N1_Tm1
16033 24 -3 0 S2_N1_Tm1
16034 24 -3 7.86286278942373 S2_N1_Tm1
16035 24 -3 0 S2_N1_Tm1
16038 24 -3 41.330133844018 S2_N1_Tm1
16039 24 -3 0 S2_N1_Tm1
16040 24 -3 82.1403266673548 S2_N1_Tm1
16041 24 -3 16.2936046272655 S2_N1_Tm1
16042 24 -3 12.0770173312496 S2_N1_Tm1
16044 24 -3 17.8341680864121 S2_N1_Tm1
16045 24 -3 22.4753037554684 S2_N1_Tm1
16023 25 -3 0 S2_N1_Tm1
16028 25 -3 247.869757159091 S2_N1_Tm1
16029 25 -3 87.4037977577551 S2_N1_Tm1
16030 25 -3 176.908328460121 S2_N1_Tm1
16031 25 -3 197.853628753335 S2_N1_Tm1
16033 25 -3 0 S2_N1_Tm1
16034 25 -3 13.7093074463546 S2_N1_Tm1
16035 25 -3 0 S2_N1_Tm1
16038 25 -3 0 S2_N1_Tm1
16039 25 -3 0 S2_N1_Tm1
16040 25 -3 87.480653880945 S2_N1_Tm1
16041 25 -3 41.957074252018 S2_N1_Tm1
16042 25 -3 30.3316512986042 S2_N1_Tm1
16044 25 -3 36.9328821193007 S2_N1_Tm1
16045 25 -3 19.7907749796819 S2_N1_Tm1
16023 26 -3 0 S2_N1_Tm1
16028 26 -3 513.198848971469 S2_N1_Tm1
16029 26 -3 359.007519745297 S2_N1_Tm1
16030 26 -3 398.013538364991 S2_N1_Tm1
16031 26 -3 330.874401925428 S2_N1_Tm1
16033 26 -3 6.94235030014071 S2_N1_Tm1
16034 26 -3 57.5134524230645 S2_N1_Tm1
16035 26 -3 0 S2_N1_Tm1
16038 26 -3 156.733225214921 S2_N1_Tm1
16039 26 -3 37.6644043799078 S2_N1_Tm1
16040 26 -3 168.994625546836 S2_N1_Tm1
16041 26 -3 74.6626659903014 S2_N1_Tm1
16042 26 -3 56.952734500231 S2_N1_Tm1
16044 26 -3 78.7203844500945 S2_N1_Tm1
16045 26 -3 71.7089945011827 S2_N1_Tm1
16023 27 -3 0 S2_N1_Tm1
16028 27 -3 156.193610579646 S2_N1_Tm1
16029 27 -3 0 S2_N1_Tm1
16030 27 -3 86.5808796448975 S2_N1_Tm1
16031 27 -3 120.306774139137 S2_N1_Tm1
16033 27 -3 0 S2_N1_Tm1
16034 27 -3 0 S2_N1_Tm1
16035 27 -3 0 S2_N1_Tm1
16038 27 -3 0 S2_N1_Tm1
16039 27 -3 0 S2_N1_Tm1
16040 27 -3 35.3210387360586 S2_N1_Tm1
16041 27 -3 2.18928506415475 S2_N1_Tm1
16042 27 -3 1.05945999728089 S2_N1_Tm1
16044 27 -3 1.49910043353611 S2_N1_Tm1
16045 27 -3 0 S2_N1_Tm1
16023 28 -3 4.12168484863448 S2_N1_Tm1
16028 28 -3 653.562443661331 S2_N1_Tm1
16029 28 -3 459.823849428315 S2_N1_Tm1
16030 28 -3 476.668080630947 S2_N1_Tm1
16031 28 -3 411.425209947669 S2_N1_Tm1
16033 28 -3 28.7329305131921 S2_N1_Tm1
16034 28 -3 85.2744719783486 S2_N1_Tm1
16035 28 -3 0 S2_N1_Tm1
16038 28 -3 230.007761320617 S2_N1_Tm1
16039 28 -3 64.8403682051387 S2_N1_Tm1
16040 28 -3 221.937979545748 S2_N1_Tm1
16041 28 -3 105.33122643099 S2_N1_Tm1
16042 28 -3 81.0347400405556 S2_N1_Tm1
16044 28 -3 110.862265999246 S2_N1_Tm1
16045 28 -3 95.0342042144761 S2_N1_Tm1
16023 29 -3 0 S2_N1_Tm1
16028 29 -3 121.526801956458 S2_N1_Tm1
16029 29 -3 2.82168034421562 S2_N1_Tm1
16030 29 -3 97.169381291379 S2_N1_Tm1
16031 29 -3 76.1778303892676 S2_N1_Tm1
16033 29 -3 0 S2_N1_Tm1
16034 29 -3 0 S2_N1_Tm1
16035 29 -3 0 S2_N1_Tm1
16038 29 -3 0 S2_N1_Tm1
16039 29 -3 0 S2_N1_Tm1
16040 29 -3 17.8869974413791 S2_N1_Tm1
16041 29 -3 0 S2_N1_Tm1
16042 29 -3 0 S2_N1_Tm1
16044 29 -3 0 S2_N1_Tm1
16045 29 -3 0 S2_N1_Tm1
16023 30 -3 0 S2_N1_Tm1
16028 30 -3 247.131489318488 S2_N1_Tm1
16029 30 -3 79.5467883636875 S2_N1_Tm1
16030 30 -3 183.33300192192 S2_N1_Tm1
16031 30 -3 197.784246987565 S2_N1_Tm1
16033 30 -3 0 S2_N1_Tm1
16034 30 -3 15.9600025818397 S2_N1_Tm1
16035 30 -3 0 S2_N1_Tm1
16038 30 -3 0 S2_N1_Tm1
16039 30 -3 0 S2_N1_Tm1
16040 30 -3 90.8683896672134 S2_N1_Tm1
16041 30 -3 45.0922764693876 S2_N1_Tm1
16042 30 -3 31.7899731882926 S2_N1_Tm1
16044 30 -3 38.5826836701208 S2_N1_Tm1
16045 30 -3 21.5422278165277 S2_N1_Tm1
16023 31 -3 0 S2_N1_Tm1
16028 31 -3 224.222816393767 S2_N1_Tm1
16029 31 -3 116.714497961021 S2_N1_Tm1
16030 31 -3 146.599839115404 S2_N1_Tm1
16031 31 -3 174.100725051673 S2_N1_Tm1
16033 31 -3 0 S2_N1_Tm1
16034 31 -3 1.17083740049543 S2_N1_Tm1
16035 31 -3 0 S2_N1_Tm1
16038 31 -3 0 S2_N1_Tm1
16039 31 -3 0 S2_N1_Tm1
16040 31 -3 49.8093318339327 S2_N1_Tm1
16041 31 -3 15.6693602313616 S2_N1_Tm1
16042 31 -3 3.23147885062496 S2_N1_Tm1
16044 31 -3 14.1706600081532 S2_N1_Tm1
16045 31 -3 6.80606356892023 S2_N1_Tm1
16023 1 -5 0 S2_N1_Tm1
16028 1 -5 11.8152603977799 S2_N1_Tm1
16029 1 -5 0 S2_N1_Tm1
16030 1 -5 0 S2_N1_Tm1
16031 1 -5 0 S2_N1_Tm1
16033 1 -5 0 S2_N1_Tm1
16034 1 -5 0 S2_N1_Tm1
16035 1 -5 0 S2_N1_Tm1
16038 1 -5 0 S2_N1_Tm1
16039 1 -5 0 S2_N1_Tm1
16040 1 -5 0 S2_N1_Tm1
16041 1 -5 0 S2_N1_Tm1
16042 1 -5 0 S2_N1_Tm1
16044 1 -5 0 S2_N1_Tm1
16045 1 -5 0 S2_N1_Tm1
16023 2 -5 0 S2_N1_Tm1
16028 2 -5 184.825052728646 S2_N1_Tm1
16029 2 -5 1.72999505314313 S2_N1_Tm1
16030 2 -5 107.605378100844 S2_N1_Tm1
16031 2 -5 139.513709940189 S2_N1_Tm1
16033 2 -5 0 S2_N1_Tm1
16034 2 -5 3.86019144344339 S2_N1_Tm1
16035 2 -5 0 S2_N1_Tm1
16038 2 -5 0 S2_N1_Tm1
16039 2 -5 0 S2_N1_Tm1
16040 2 -5 51.2776538016469 S2_N1_Tm1
16041 2 -5 7.16105873578861 S2_N1_Tm1
16042 2 -5 29.3073604261006 S2_N1_Tm1
16044 2 -5 4.89241683884986 S2_N1_Tm1
16045 2 -5 0 S2_N1_Tm1
16023 3 -5 0 S2_N1_Tm1
16028 3 -5 37.2594554758768 S2_N1_Tm1
16029 3 -5 0 S2_N1_Tm1
16030 3 -5 7.98630769838169 S2_N1_Tm1
16031 3 -5 4.29281812976588 S2_N1_Tm1
16033 3 -5 0 S2_N1_Tm1
16034 3 -5 0 S2_N1_Tm1
16035 3 -5 0 S2_N1_Tm1
16038 3 -5 0 S2_N1_Tm1
16039 3 -5 0 S2_N1_Tm1
16040 3 -5 0 S2_N1_Tm1
16041 3 -5 0 S2_N1_Tm1
16042 3 -5 0 S2_N1_Tm1
16044 3 -5 0 S2_N1_Tm1
16045 3 -5 0 S2_N1_Tm1
16023 4 -5 0 S2_N1_Tm1
16028 4 -5 3.6621297920771 S2_N1_Tm1
16029 4 -5 0 S2_N1_Tm1
16030 4 -5 0 S2_N1_Tm1
16031 4 -5 0 S2_N1_Tm1
16033 4 -5 0 S2_N1_Tm1
16034 4 -5 0 S2_N1_Tm1
16035 4 -5 0 S2_N1_Tm1
16038 4 -5 0 S2_N1_Tm1
16039 4 -5 0 S2_N1_Tm1
16040 4 -5 0 S2_N1_Tm1
16041 4 -5 0 S2_N1_Tm1
16042 4 -5 0 S2_N1_Tm1
16044 4 -5 0 S2_N1_Tm1
16045 4 -5 0 S2_N1_Tm1
16023 5 -5 0 S2_N1_Tm1
16028 5 -5 10.8680333663207 S2_N1_Tm1
16029 5 -5 0 S2_N1_Tm1
16030 5 -5 0 S2_N1_Tm1
16031 5 -5 1.37427555764748 S2_N1_Tm1
16033 5 -5 0 S2_N1_Tm1
16034 5 -5 0 S2_N1_Tm1
16035 5 -5 0 S2_N1_Tm1
16038 5 -5 0 S2_N1_Tm1
16039 5 -5 0 S2_N1_Tm1
16040 5 -5 0 S2_N1_Tm1
16041 5 -5 0 S2_N1_Tm1
16042 5 -5 0 S2_N1_Tm1
16044 5 -5 0 S2_N1_Tm1
16045 5 -5 0 S2_N1_Tm1
16023 6 -5 0 S2_N1_Tm1
16028 6 -5 217.804082393207 S2_N1_Tm1
16029 6 -5 96.7854048842443 S2_N1_Tm1
16030 6 -5 172.672235572167 S2_N1_Tm1
16031 6 -5 151.49637413713 S2_N1_Tm1
16033 6 -5 0 S2_N1_Tm1
16034 6 -5 10.0515799775591 S2_N1_Tm1
16035 6 -5 0 S2_N1_Tm1
16038 6 -5 1.76019959806053 S2_N1_Tm1
16039 6 -5 0 S2_N1_Tm1
16040 6 -5 67.4466525766201 S2_N1_Tm1
16041 6 -5 10.7450553117395 S2_N1_Tm1
16042 6 -5 33.1199134666047 S2_N1_Tm1
16044 6 -5 10.3362664239701 S2_N1_Tm1
16045 6 -5 13.3631230418301 S2_N1_Tm1
16023 7 -5 0 S2_N1_Tm1
16028 7 -5 194.81189453011 S2_N1_Tm1
16029 7 -5 2.79270360075954 S2_N1_Tm1
16030 7 -5 115.635087309097 S2_N1_Tm1
16031 7 -5 148.447559457709 S2_N1_Tm1
16033 7 -5 0 S2_N1_Tm1
16034 7 -5 6.04959037459835 S2_N1_Tm1
16035 7 -5 0 S2_N1_Tm1
16038 7 -5 0 S2_N1_Tm1
16039 7 -5 0 S2_N1_Tm1
16040 7 -5 57.9991904729825 S2_N1_Tm1
16041 7 -5 11.0959800139838 S2_N1_Tm1
16042 7 -5 36.7920191106594 S2_N1_Tm1
16044 7 -5 7.6816279958676 S2_N1_Tm1
16045 7 -5 1.00676343599926 S2_N1_Tm1
16023 8 -5 0 S2_N1_Tm1
16028 8 -5 97.3620453640161 S2_N1_Tm1
16029 8 -5 0 S2_N1_Tm1
16030 8 -5 67.7214381505204 S2_N1_Tm1
16031 8 -5 39.9110455482809 S2_N1_Tm1
16033 8 -5 0 S2_N1_Tm1
16034 8 -5 0 S2_N1_Tm1
16035 8 -5 0 S2_N1_Tm1
16038 8 -5 0 S2_N1_Tm1
16039 8 -5 0 S2_N1_Tm1
16040 8 -5 5.44956942819147 S2_N1_Tm1
16041 8 -5 0 S2_N1_Tm1
16042 8 -5 0 S2_N1_Tm1
16044 8 -5 0 S2_N1_Tm1
16045 8 -5 0 S2_N1_Tm1
16023 9 -5 0 S2_N1_Tm1
16028 9 -5 78.9364279642159 S2_N1_Tm1
16029 9 -5 0 S2_N1_Tm1
16030 9 -5 49.7220870147601 S2_N1_Tm1
16031 9 -5 28.8586430208209 S2_N1_Tm1
16033 9 -5 0 S2_N1_Tm1
16034 9 -5 0 S2_N1_Tm1
16035 9 -5 0 S2_N1_Tm1
16038 9 -5 0 S2_N1_Tm1
16039 9 -5 0 S2_N1_Tm1
16040 9 -5 1.46750387784751 S2_N1_Tm1
16041 9 -5 0 S2_N1_Tm1
16042 9 -5 0 S2_N1_Tm1
16044 9 -5 0 S2_N1_Tm1
16045 9 -5 0 S2_N1_Tm1
16023 10 -5 0 S2_N1_Tm1
16028 10 -5 77.8141550902389 S2_N1_Tm1
16029 10 -5 0 S2_N1_Tm1
16030 10 -5 48.5338064886232 S2_N1_Tm1
16031 10 -5 23.4222306541881 S2_N1_Tm1
16033 10 -5 0 S2_N1_Tm1
16034 10 -5 0 S2_N1_Tm1
16035 10 -5 0 S2_N1_Tm1
16038 10 -5 0 S2_N1_Tm1
16039 10 -5 0 S2_N1_Tm1
16040 10 -5 1.49847006154305 S2_N1_Tm1
16041 10 -5 0 S2_N1_Tm1
16042 10 -5 0 S2_N1_Tm1
16044 10 -5 0 S2_N1_Tm1
16045 10 -5 0 S2_N1_Tm1
16023 11 -5 0 S2_N1_Tm1
16028 11 -5 0 S2_N1_Tm1
16029 11 -5 0 S2_N1_Tm1
16030 11 -5 0 S2_N1_Tm1
16031 11 -5 0 S2_N1_Tm1
16033 11 -5 0 S2_N1_Tm1
16034 11 -5 0 S2_N1_Tm1
16035 11 -5 0 S2_N1_Tm1
16038 11 -5 0 S2_N1_Tm1
16039 11 -5 0 S2_N1_Tm1
16040 11 -5 0 S2_N1_Tm1
16041 11 -5 0 S2_N1_Tm1
16042 11 -5 0 S2_N1_Tm1
16044 11 -5 0 S2_N1_Tm1
16045 11 -5 0 S2_N1_Tm1
16023 12 -5 0 S2_N1_Tm1
16028 12 -5 0 S2_N1_Tm1
16029 12 -5 0 S2_N1_Tm1
16030 12 -5 0 S2_N1_Tm1
16031 12 -5 0 S2_N1_Tm1
16033 12 -5 0 S2_N1_Tm1
16034 12 -5 0 S2_N1_Tm1
16035 12 -5 0 S2_N1_Tm1
16038 12 -5 0 S2_N1_Tm1
16039 12 -5 0 S2_N1_Tm1
16040 12 -5 0 S2_N1_Tm1
16041 12 -5 0 S2_N1_Tm1
16042 12 -5 0 S2_N1_Tm1
16044 12 -5 0 S2_N1_Tm1
16045 12 -5 0 S2_N1_Tm1
16023 13 -5 0 S2_N1_Tm1
16028 13 -5 42.9498501016498 S2_N1_Tm1
16029 13 -5 0 S2_N1_Tm1
16030 13 -5 23.5779819532424 S2_N1_Tm1
16031 13 -5 5.9032206473429 S2_N1_Tm1
16033 13 -5 0 S2_N1_Tm1
16034 13 -5 0 S2_N1_Tm1
16035 13 -5 0 S2_N1_Tm1
16038 13 -5 0 S2_N1_Tm1
16039 13 -5 0 S2_N1_Tm1
16040 13 -5 0 S2_N1_Tm1
16041 13 -5 0 S2_N1_Tm1
16042 13 -5 0 S2_N1_Tm1
16044 13 -5 0 S2_N1_Tm1
16045 13 -5 0 S2_N1_Tm1
16023 14 -5 0 S2_N1_Tm1
16028 14 -5 214.860195184173 S2_N1_Tm1
16029 14 -5 27.9539689498475 S2_N1_Tm1
16030 14 -5 149.247557522264 S2_N1_Tm1
16031 14 -5 161.383685367228 S2_N1_Tm1
16033 14 -5 0 S2_N1_Tm1
16034 14 -5 12.0690702814004 S2_N1_Tm1
16035 14 -5 0 S2_N1_Tm1
16038 14 -5 0 S2_N1_Tm1
16039 14 -5 0 S2_N1_Tm1
16040 14 -5 69.209017892515 S2_N1_Tm1
16041 14 -5 18.3513974815698 S2_N1_Tm1
16042 14 -5 45.5846157780756 S2_N1_Tm1
16044 14 -5 14.7687925327938 S2_N1_Tm1
16045 14 -5 6.27023425379509 S2_N1_Tm1
16023 15 -5 0 S2_N1_Tm1
16028 15 -5 356.7020266256 S2_N1_Tm1
16029 15 -5 296.425816319622 S2_N1_Tm1
16030 15 -5 300.308007831161 S2_N1_Tm1
16031 15 -5 244.418231674541 S2_N1_Tm1
16033 15 -5 1.4430366437589 S2_N1_Tm1
16034 15 -5 66.7140421708528 S2_N1_Tm1
16035 15 -5 0 S2_N1_Tm1
16038 15 -5 106.948671672491 S2_N1_Tm1
16039 15 -5 14.1226875460821 S2_N1_Tm1
16040 15 -5 129.401547565757 S2_N1_Tm1
16041 15 -5 73.4301211944536 S2_N1_Tm1
16042 15 -5 88.4691946847767 S2_N1_Tm1
16044 15 -5 76.4543312431643 S2_N1_Tm1
16045 15 -5 77.8912427070643 S2_N1_Tm1
16023 16 -5 0 S2_N1_Tm1
16028 16 -5 184.087634493648 S2_N1_Tm1
16029 16 -5 38.7313339348648 S2_N1_Tm1
16030 16 -5 127.283402134415 S2_N1_Tm1
16031 16 -5 106.555494624259 S2_N1_Tm1
16033 16 -5 0 S2_N1_Tm1
16034 16 -5 2.01288258941215 S2_N1_Tm1
16035 16 -5 0 S2_N1_Tm1
16038 16 -5 23.61529813371 S2_N1_Tm1
16039 16 -5 0 S2_N1_Tm1
16040 16 -5 48.6434350064156 S2_N1_Tm1
16041 16 -5 0 S2_N1_Tm1
16042 16 -5 4.546900965762 S2_N1_Tm1
16044 16 -5 1.26121009206266 S2_N1_Tm1
16045 16 -5 1.10997566541634 S2_N1_Tm1
16023 17 -5 0 S2_N1_Tm1
16028 17 -5 216.552710414809 S2_N1_Tm1
16029 17 -5 72.1175142821324 S2_N1_Tm1
16030 17 -5 176.305746188041 S2_N1_Tm1
16031 17 -5 155.337576561415 S2_N1_Tm1
16033 17 -5 0 S2_N1_Tm1
16034 17 -5 12.7669864694707 S2_N1_Tm1
16035 17 -5 0 S2_N1_Tm1
16038 17 -5 0 S2_N1_Tm1
16039 17 -5 0 S2_N1_Tm1
16040 17 -5 71.6334813925856 S2_N1_Tm1
16041 17 -5 14.46219122908 S2_N1_Tm1
16042 17 -5 38.9931706751724 S2_N1_Tm1
16044 17 -5 12.4505280941301 S2_N1_Tm1
16045 17 -5 13.4611559638867 S2_N1_Tm1
16023 18 -5 0 S2_N1_Tm1
16028 18 -5 0 S2_N1_Tm1
16029 18 -5 0 S2_N1_Tm1
16030 18 -5 0 S2_N1_Tm1
16031 18 -5 0 S2_N1_Tm1
16033 18 -5 0 S2_N1_Tm1
16034 18 -5 0 S2_N1_Tm1
16035 18 -5 0 S2_N1_Tm1
16038 18 -5 0 S2_N1_Tm1
16039 18 -5 0 S2_N1_Tm1
16040 18 -5 0 S2_N1_Tm1
16041 18 -5 0 S2_N1_Tm1
16042 18 -5 0 S2_N1_Tm1
16044 18 -5 0 S2_N1_Tm1
16045 18 -5 0 S2_N1_Tm1
16023 19 -5 0 S2_N1_Tm1
16028 19 -5 82.782043655025 S2_N1_Tm1
16029 19 -5 0 S2_N1_Tm1
16030 19 -5 54.4265670686652 S2_N1_Tm1
16031 19 -5 28.7127837796642 S2_N1_Tm1
16033 19 -5 0 S2_N1_Tm1
16034 19 -5 0 S2_N1_Tm1
16035 19 -5 0 S2_N1_Tm1
16038 19 -5 0 S2_N1_Tm1
16039 19 -5 0 S2_N1_Tm1
16040 19 -5 2.03916601976911 S2_N1_Tm1
16041 19 -5 0 S2_N1_Tm1
16042 19 -5 0 S2_N1_Tm1
16044 19 -5 0 S2_N1_Tm1
16045 19 -5 0 S2_N1_Tm1
16023 20 -5 0 S2_N1_Tm1
16028 20 -5 295.907879313823 S2_N1_Tm1
16029 20 -5 199.219463019636 S2_N1_Tm1
16030 20 -5 226.866983904917 S2_N1_Tm1
16031 20 -5 189.139611943612 S2_N1_Tm1
16033 20 -5 0 S2_N1_Tm1
16034 20 -5 34.031365436116 S2_N1_Tm1
16035 20 -5 0 S2_N1_Tm1
16038 20 -5 83.5020319284246 S2_N1_Tm1
16039 20 -5 6.23640809480169 S2_N1_Tm1
16040 20 -5 98.1392772959569 S2_N1_Tm1
16041 20 -5 29.431738667849 S2_N1_Tm1
16042 20 -5 50.3440500572591 S2_N1_Tm1
16044 20 -5 32.1177275560948 S2_N1_Tm1
16045 20 -5 33.087926231261 S2_N1_Tm1
16023 21 -5 0 S2_N1_Tm1
16028 21 -5 43.6930887717939 S2_N1_Tm1
16029 21 -5 0 S2_N1_Tm1
16030 21 -5 18.9834514381667 S2_N1_Tm1
16031 21 -5 3.98805531591286 S2_N1_Tm1
16033 21 -5 0 S2_N1_Tm1
16034 21 -5 0 S2_N1_Tm1
16035 21 -5 0 S2_N1_Tm1
16038 21 -5 0 S2_N1_Tm1
16039 21 -5 0 S2_N1_Tm1
16040 21 -5 0 S2_N1_Tm1
16041 21 -5 0 S2_N1_Tm1
16042 21 -5 0 S2_N1_Tm1
16044 21 -5 0 S2_N1_Tm1
16045 21 -5 0 S2_N1_Tm1
16023 22 -5 0 S2_N1_Tm1
16028 22 -5 99.3930635263971 S2_N1_Tm1
16029 22 -5 0 S2_N1_Tm1
16030 22 -5 50.6073605654089 S2_N1_Tm1
16031 22 -5 36.2136229364326 S2_N1_Tm1
16033 22 -5 0 S2_N1_Tm1
16034 22 -5 0 S2_N1_Tm1
16035 22 -5 0 S2_N1_Tm1
16038 22 -5 0 S2_N1_Tm1
16039 22 -5 0 S2_N1_Tm1
16040 22 -5 5.70711299035582 S2_N1_Tm1
16041 22 -5 0 S2_N1_Tm1
16042 22 -5 0 S2_N1_Tm1
16044 22 -5 0 S2_N1_Tm1
16045 22 -5 0 S2_N1_Tm1
16023 23 -5 0 S2_N1_Tm1
16028 23 -5 99.2333921690993 S2_N1_Tm1
16029 23 -5 1.38504443798788 S2_N1_Tm1
16030 23 -5 66.7682629982342 S2_N1_Tm1
16031 23 -5 46.9378047236382 S2_N1_Tm1
16033 23 -5 0 S2_N1_Tm1
16034 23 -5 0 S2_N1_Tm1
16035 23 -5 0 S2_N1_Tm1
16038 23 -5 0 S2_N1_Tm1
16039 23 -5 0 S2_N1_Tm1
16040 23 -5 4.30913201468574 S2_N1_Tm1
16041 23 -5 0 S2_N1_Tm1
16042 23 -5 0 S2_N1_Tm1
16044 23 -5 0 S2_N1_Tm1
16045 23 -5 0 S2_N1_Tm1
16023 24 -5 0 S2_N1_Tm1
16028 24 -5 59.7091011823412 S2_N1_Tm1
16029 24 -5 0 S2_N1_Tm1
16030 24 -5 31.1675366145272 S2_N1_Tm1
16031 24 -5 10.2510026799384 S2_N1_Tm1
16033 24 -5 0 S2_N1_Tm1
16034 24 -5 0 S2_N1_Tm1
16035 24 -5 0 S2_N1_Tm1
16038 24 -5 0 S2_N1_Tm1
16039 24 -5 0 S2_N1_Tm1
16040 24 -5 0 S2_N1_Tm1
16041 24 -5 0 S2_N1_Tm1
16042 24 -5 0 S2_N1_Tm1
16044 24 -5 0 S2_N1_Tm1
16045 24 -5 0 S2_N1_Tm1
16023 25 -5 0 S2_N1_Tm1
16028 25 -5 165.611143414891 S2_N1_Tm1
16029 25 -5 4.0136699526132 S2_N1_Tm1
16030 25 -5 103.319160387178 S2_N1_Tm1
16031 25 -5 117.834974033893 S2_N1_Tm1
16033 25 -5 0 S2_N1_Tm1
16034 25 -5 1.1345314667682 S2_N1_Tm1
16035 25 -5 0 S2_N1_Tm1
16038 25 -5 0 S2_N1_Tm1
16039 25 -5 0 S2_N1_Tm1
16040 25 -5 35.9030921933675 S2_N1_Tm1
16041 25 -5 1.94767294931483 S2_N1_Tm1
16042 25 -5 12.3536015965268 S2_N1_Tm1
16044 25 -5 1.66984213682151 S2_N1_Tm1
16045 25 -5 0 S2_N1_Tm1
16023 26 -5 0 S2_N1_Tm1
16028 26 -5 150.220992620373 S2_N1_Tm1
16029 26 -5 14.7207879830096 S2_N1_Tm1
16030 26 -5 99.2275370853724 S2_N1_Tm1
16031 26 -5 81.6116443911898 S2_N1_Tm1
16033 26 -5 0 S2_N1_Tm1
16034 26 -5 0 S2_N1_Tm1
16035 26 -5 0 S2_N1_Tm1
16038 26 -5 7.43950715322984 S2_N1_Tm1
16039 26 -5 0 S2_N1_Tm1
16040 26 -5 30.0489035747425 S2_N1_Tm1
16041 26 -5 0 S2_N1_Tm1
16042 26 -5 0 S2_N1_Tm1
16044 26 -5 0 S2_N1_Tm1
16045 26 -5 0 S2_N1_Tm1
16023 27 -5 0 S2_N1_Tm1
16028 27 -5 76.1168468153838 S2_N1_Tm1
16029 27 -5 0 S2_N1_Tm1
16030 27 -5 14.7837361002144 S2_N1_Tm1
16031 27 -5 33.6713794137854 S2_N1_Tm1
16033 27 -5 0 S2_N1_Tm1
16034 27 -5 0 S2_N1_Tm1
16035 27 -5 0 S2_N1_Tm1
16038 27 -5 0 S2_N1_Tm1
16039 27 -5 0 S2_N1_Tm1
16040 27 -5 1.04343132465024 S2_N1_Tm1
16041 27 -5 0 S2_N1_Tm1
16042 27 -5 0 S2_N1_Tm1
16044 27 -5 0 S2_N1_Tm1
16045 27 -5 0 S2_N1_Tm1
16023 28 -5 0 S2_N1_Tm1
16028 28 -5 218.132794637336 S2_N1_Tm1
16029 28 -5 77.0653433764907 S2_N1_Tm1
16030 28 -5 133.405422089729 S2_N1_Tm1
16031 28 -5 122.61704242388 S2_N1_Tm1
16033 28 -5 0 S2_N1_Tm1
16034 28 -5 4.45381228340891 S2_N1_Tm1
16035 28 -5 0 S2_N1_Tm1
16038 28 -5 46.4404432524308 S2_N1_Tm1
16039 28 -5 0 S2_N1_Tm1
16040 28 -5 59.8004037486203 S2_N1_Tm1
16041 28 -5 2.09643306452353 S2_N1_Tm1
16042 28 -5 8.96416243757827 S2_N1_Tm1
16044 28 -5 3.02556736865013 S2_N1_Tm1
16045 28 -5 1.71877078542616 S2_N1_Tm1
16023 29 -5 0 S2_N1_Tm1
16028 29 -5 0 S2_N1_Tm1
16029 29 -5 0 S2_N1_Tm1
16030 29 -5 0 S2_N1_Tm1
16031 29 -5 0 S2_N1_Tm1
16033 29 -5 0 S2_N1_Tm1
16034 29 -5 0 S2_N1_Tm1
16035 29 -5 0 S2_N1_Tm1
16038 29 -5 0 S2_N1_Tm1
16039 29 -5 0 S2_N1_Tm1
16040 29 -5 0 S2_N1_Tm1
16041 29 -5 0 S2_N1_Tm1
16042 29 -5 0 S2_N1_Tm1
16044 29 -5 0 S2_N1_Tm1
16045 29 -5 0 S2_N1_Tm1
16023 30 -5 0 S2_N1_Tm1
16028 30 -5 178.80068720936 S2_N1_Tm1
16029 30 -5 5.75404537390544 S2_N1_Tm1
16030 30 -5 118.302327098563 S2_N1_Tm1
16031 30 -5 129.739599933935 S2_N1_Tm1
16033 30 -5 0 S2_N1_Tm1
16034 30 -5 2.58197787235566 S2_N1_Tm1
16035 30 -5 0 S2_N1_Tm1
16038 30 -5 0 S2_N1_Tm1
16039 30 -5 0 S2_N1_Tm1
16040 30 -5 46.2374226722371 S2_N1_Tm1
16041 30 -5 4.05745144586539 S2_N1_Tm1
16042 30 -5 20.5208083267954 S2_N1_Tm1
16044 30 -5 3.19535514563144 S2_N1_Tm1
16045 30 -5 1.21516283391052 S2_N1_Tm1
16023 31 -5 0 S2_N1_Tm1
16028 31 -5 84.6862555861753 S2_N1_Tm1
16029 31 -5 0 S2_N1_Tm1
16030 31 -5 32.7105076550823 S2_N1_Tm1
16031 31 -5 37.1074370194105 S2_N1_Tm1
16033 31 -5 0 S2_N1_Tm1
16034 31 -5 0 S2_N1_Tm1
16035 31 -5 0 S2_N1_Tm1
16038 31 -5 0 S2_N1_Tm1
16039 31 -5 0 S2_N1_Tm1
16040 31 -5 0 S2_N1_Tm1
16041 31 -5 0 S2_N1_Tm1
16042 31 -5 0 S2_N1_Tm1
16044 31 -5 0 S2_N1_Tm1
16045 31 -5 0 S2_N1_Tm1
