speciesID lakeID variable value scenario
16064 1 -0.5 0 S2_N1_T0
16065 1 -0.5 0 S2_N1_T0
16066 1 -0.5 0 S2_N1_T0
16067 1 -0.5 82.9358831018887 S2_N1_T0
16068 1 -0.5 0 S2_N1_T0
15001 1 -0.5 54.8451585262809 S2_N1_T0
15002 1 -0.5 430.912827051557 S2_N1_T0
15003 1 -0.5 451.156241624916 S2_N1_T0
15007 1 -0.5 0 S2_N1_T0
15008 1 -0.5 0 S2_N1_T0
15011 1 -0.5 0 S2_N1_T0
15014 1 -0.5 0 S2_N1_T0
15018 1 -0.5 856.488532803369 S2_N1_T0
15020 1 -0.5 759.094802419828 S2_N1_T0
15022 1 -0.5 0 S2_N1_T0
16064 2 -0.5 0 S2_N1_T0
16065 2 -0.5 0 S2_N1_T0
16066 2 -0.5 0 S2_N1_T0
16067 2 -0.5 0 S2_N1_T0
16068 2 -0.5 0 S2_N1_T0
15001 2 -0.5 0 S2_N1_T0
15002 2 -0.5 0 S2_N1_T0
15003 2 -0.5 114.144421752693 S2_N1_T0
15007 2 -0.5 0 S2_N1_T0
15008 2 -0.5 0 S2_N1_T0
15011 2 -0.5 0 S2_N1_T0
15014 2 -0.5 0 S2_N1_T0
15018 2 -0.5 326.472219658764 S2_N1_T0
15020 2 -0.5 0 S2_N1_T0
15022 2 -0.5 0 S2_N1_T0
16064 3 -0.5 0 S2_N1_T0
16065 3 -0.5 0 S2_N1_T0
16066 3 -0.5 0 S2_N1_T0
16067 3 -0.5 0 S2_N1_T0
16068 3 -0.5 0 S2_N1_T0
15001 3 -0.5 0 S2_N1_T0
15002 3 -0.5 0 S2_N1_T0
15003 3 -0.5 322.909818487326 S2_N1_T0
15007 3 -0.5 0 S2_N1_T0
15008 3 -0.5 0 S2_N1_T0
15011 3 -0.5 0 S2_N1_T0
15014 3 -0.5 0 S2_N1_T0
15018 3 -0.5 615.296093741715 S2_N1_T0
15020 3 -0.5 165.02707154825 S2_N1_T0
15022 3 -0.5 0 S2_N1_T0
16064 4 -0.5 0 S2_N1_T0
16065 4 -0.5 0 S2_N1_T0
16066 4 -0.5 0 S2_N1_T0
16067 4 -0.5 4.36445700360397 S2_N1_T0
16068 4 -0.5 0 S2_N1_T0
15001 4 -0.5 2.84534797886499 S2_N1_T0
15002 4 -0.5 167.631897186845 S2_N1_T0
15003 4 -0.5 414.076835411406 S2_N1_T0
15007 4 -0.5 0 S2_N1_T0
15008 4 -0.5 0 S2_N1_T0
15011 4 -0.5 0 S2_N1_T0
15014 4 -0.5 0 S2_N1_T0
15018 4 -0.5 762.085316682708 S2_N1_T0
15020 4 -0.5 508.840740260019 S2_N1_T0
15022 4 -0.5 0 S2_N1_T0
16064 5 -0.5 0 S2_N1_T0
16065 5 -0.5 0 S2_N1_T0
16066 5 -0.5 0 S2_N1_T0
16067 5 -0.5 0 S2_N1_T0
16068 5 -0.5 0 S2_N1_T0
15001 5 -0.5 0 S2_N1_T0
15002 5 -0.5 0 S2_N1_T0
15003 5 -0.5 0 S2_N1_T0
15007 5 -0.5 0 S2_N1_T0
15008 5 -0.5 0 S2_N1_T0
15011 5 -0.5 0 S2_N1_T0
15014 5 -0.5 0 S2_N1_T0
15018 5 -0.5 0 S2_N1_T0
15020 5 -0.5 0 S2_N1_T0
15022 5 -0.5 0 S2_N1_T0
16064 6 -0.5 0 S2_N1_T0
16065 6 -0.5 0 S2_N1_T0
16066 6 -0.5 0 S2_N1_T0
16067 6 -0.5 4.83622515392464 S2_N1_T0
16068 6 -0.5 0 S2_N1_T0
15001 6 -0.5 0 S2_N1_T0
15002 6 -0.5 113.242849311035 S2_N1_T0
15003 6 -0.5 415.341195471362 S2_N1_T0
15007 6 -0.5 0 S2_N1_T0
15008 6 -0.5 0 S2_N1_T0
15011 6 -0.5 0 S2_N1_T0
15014 6 -0.5 0 S2_N1_T0
15018 6 -0.5 742.178053054211 S2_N1_T0
15020 6 -0.5 430.266468150667 S2_N1_T0
15022 6 -0.5 0 S2_N1_T0
16064 7 -0.5 0 S2_N1_T0
16065 7 -0.5 0 S2_N1_T0
16066 7 -0.5 0 S2_N1_T0
16067 7 -0.5 0 S2_N1_T0
16068 7 -0.5 0 S2_N1_T0
15001 7 -0.5 0 S2_N1_T0
15002 7 -0.5 0 S2_N1_T0
15003 7 -0.5 116.654300402518 S2_N1_T0
15007 7 -0.5 0 S2_N1_T0
15008 7 -0.5 0 S2_N1_T0
15011 7 -0.5 0 S2_N1_T0
15014 7 -0.5 0 S2_N1_T0
15018 7 -0.5 330.441367942383 S2_N1_T0
15020 7 -0.5 0 S2_N1_T0
15022 7 -0.5 0 S2_N1_T0
16064 8 -0.5 0 S2_N1_T0
16065 8 -0.5 0 S2_N1_T0
16066 8 -0.5 0 S2_N1_T0
16067 8 -0.5 27.7507585811625 S2_N1_T0
16068 8 -0.5 0 S2_N1_T0
15001 8 -0.5 36.3341914841789 S2_N1_T0
15002 8 -0.5 342.097384156755 S2_N1_T0
15003 8 -0.5 422.415215838047 S2_N1_T0
15007 8 -0.5 0 S2_N1_T0
15008 8 -0.5 0 S2_N1_T0
15011 8 -0.5 0 S2_N1_T0
15014 8 -0.5 0 S2_N1_T0
15018 8 -0.5 773.24495678766 S2_N1_T0
15020 8 -0.5 650.864448705513 S2_N1_T0
15022 8 -0.5 0 S2_N1_T0
16064 9 -0.5 0 S2_N1_T0
16065 9 -0.5 0 S2_N1_T0
16066 9 -0.5 0 S2_N1_T0
16067 9 -0.5 2.57067144401229 S2_N1_T0
16068 9 -0.5 0 S2_N1_T0
15001 9 -0.5 0 S2_N1_T0
15002 9 -0.5 98.9403911244147 S2_N1_T0
15003 9 -0.5 403.233006105491 S2_N1_T0
15007 9 -0.5 0 S2_N1_T0
15008 9 -0.5 0 S2_N1_T0
15011 9 -0.5 0 S2_N1_T0
15014 9 -0.5 0 S2_N1_T0
15018 9 -0.5 731.301438860361 S2_N1_T0
15020 9 -0.5 418.288887103804 S2_N1_T0
15022 9 -0.5 0 S2_N1_T0
16064 10 -0.5 0 S2_N1_T0
16065 10 -0.5 0 S2_N1_T0
16066 10 -0.5 0 S2_N1_T0
16067 10 -0.5 33.8104049072029 S2_N1_T0
16068 10 -0.5 0 S2_N1_T0
15001 10 -0.5 38.8369892928237 S2_N1_T0
15002 10 -0.5 334.052717616837 S2_N1_T0
15003 10 -0.5 445.259424194366 S2_N1_T0
15007 10 -0.5 0 S2_N1_T0
15008 10 -0.5 0 S2_N1_T0
15011 10 -0.5 0 S2_N1_T0
15014 10 -0.5 0 S2_N1_T0
15018 10 -0.5 818.648193745402 S2_N1_T0
15020 10 -0.5 672.320956225967 S2_N1_T0
15022 10 -0.5 0 S2_N1_T0
16064 11 -0.5 0 S2_N1_T0
16065 11 -0.5 0 S2_N1_T0
16066 11 -0.5 0 S2_N1_T0
16067 11 -0.5 33.7286898265664 S2_N1_T0
16068 11 -0.5 0 S2_N1_T0
15001 11 -0.5 30.4441328877398 S2_N1_T0
15002 11 -0.5 385.08835425283 S2_N1_T0
15003 11 -0.5 410.642568192068 S2_N1_T0
15007 11 -0.5 0 S2_N1_T0
15008 11 -0.5 0 S2_N1_T0
15011 11 -0.5 0 S2_N1_T0
15014 11 -0.5 0 S2_N1_T0
15018 11 -0.5 805.407745489864 S2_N1_T0
15020 11 -0.5 714.197495693647 S2_N1_T0
15022 11 -0.5 0 S2_N1_T0
16064 12 -0.5 0 S2_N1_T0
16065 12 -0.5 0 S2_N1_T0
16066 12 -0.5 0 S2_N1_T0
16067 12 -0.5 33.5390636862371 S2_N1_T0
16068 12 -0.5 0 S2_N1_T0
15001 12 -0.5 23.7018621849699 S2_N1_T0
15002 12 -0.5 364.599855535247 S2_N1_T0
15003 12 -0.5 381.051395843211 S2_N1_T0
15007 12 -0.5 0 S2_N1_T0
15008 12 -0.5 0 S2_N1_T0
15011 12 -0.5 0 S2_N1_T0
15014 12 -0.5 0 S2_N1_T0
15018 12 -0.5 745.22453359843 S2_N1_T0
15020 12 -0.5 662.144466939254 S2_N1_T0
15022 12 -0.5 0 S2_N1_T0
16064 13 -0.5 0 S2_N1_T0
16065 13 -0.5 0 S2_N1_T0
16066 13 -0.5 0 S2_N1_T0
16067 13 -0.5 0 S2_N1_T0
16068 13 -0.5 0 S2_N1_T0
15001 13 -0.5 0 S2_N1_T0
15002 13 -0.5 0 S2_N1_T0
15003 13 -0.5 287.518024055491 S2_N1_T0
15007 13 -0.5 0 S2_N1_T0
15008 13 -0.5 0 S2_N1_T0
15011 13 -0.5 0 S2_N1_T0
15014 13 -0.5 0 S2_N1_T0
15018 13 -0.5 530.496438197883 S2_N1_T0
15020 13 -0.5 225.127208417202 S2_N1_T0
15022 13 -0.5 0 S2_N1_T0
16064 14 -0.5 0 S2_N1_T0
16065 14 -0.5 0 S2_N1_T0
16066 14 -0.5 0 S2_N1_T0
16067 14 -0.5 0 S2_N1_T0
16068 14 -0.5 0 S2_N1_T0
15001 14 -0.5 0 S2_N1_T0
15002 14 -0.5 0 S2_N1_T0
15003 14 -0.5 247.090456552523 S2_N1_T0
15007 14 -0.5 0 S2_N1_T0
15008 14 -0.5 0 S2_N1_T0
15011 14 -0.5 0 S2_N1_T0
15014 14 -0.5 0 S2_N1_T0
15018 14 -0.5 500.928014021274 S2_N1_T0
15020 14 -0.5 37.4785952896682 S2_N1_T0
15022 14 -0.5 0 S2_N1_T0
16064 15 -0.5 0 S2_N1_T0
16065 15 -0.5 0 S2_N1_T0
16066 15 -0.5 0 S2_N1_T0
16067 15 -0.5 65.5614576972944 S2_N1_T0
16068 15 -0.5 0 S2_N1_T0
15001 15 -0.5 57.3358550011676 S2_N1_T0
15002 15 -0.5 361.79368670721 S2_N1_T0
15003 15 -0.5 472.907637036999 S2_N1_T0
15007 15 -0.5 0 S2_N1_T0
15008 15 -0.5 0 S2_N1_T0
15011 15 -0.5 0 S2_N1_T0
15014 15 -0.5 0 S2_N1_T0
15018 15 -0.5 853.70765874932 S2_N1_T0
15020 15 -0.5 702.057147495003 S2_N1_T0
15022 15 -0.5 0 S2_N1_T0
16064 16 -0.5 0 S2_N1_T0
16065 16 -0.5 0 S2_N1_T0
16066 16 -0.5 0 S2_N1_T0
16067 16 -0.5 71.4512006695827 S2_N1_T0
16068 16 -0.5 0 S2_N1_T0
15001 16 -0.5 57.1059012373499 S2_N1_T0
15002 16 -0.5 414.352324302325 S2_N1_T0
15003 16 -0.5 444.54937942438 S2_N1_T0
15007 16 -0.5 0 S2_N1_T0
15008 16 -0.5 0 S2_N1_T0
15011 16 -0.5 0 S2_N1_T0
15014 16 -0.5 0 S2_N1_T0
15018 16 -0.5 816.080292964841 S2_N1_T0
15020 16 -0.5 717.992772604791 S2_N1_T0
15022 16 -0.5 0 S2_N1_T0
16064 17 -0.5 0 S2_N1_T0
16065 17 -0.5 0 S2_N1_T0
16066 17 -0.5 0 S2_N1_T0
16067 17 -0.5 0 S2_N1_T0
16068 17 -0.5 0 S2_N1_T0
15001 17 -0.5 0 S2_N1_T0
15002 17 -0.5 2.90038571212774 S2_N1_T0
15003 17 -0.5 353.978679534572 S2_N1_T0
15007 17 -0.5 0 S2_N1_T0
15008 17 -0.5 0 S2_N1_T0
15011 17 -0.5 0 S2_N1_T0
15014 17 -0.5 0 S2_N1_T0
15018 17 -0.5 633.501095305059 S2_N1_T0
15020 17 -0.5 285.220208076039 S2_N1_T0
15022 17 -0.5 0 S2_N1_T0
16064 18 -0.5 0 S2_N1_T0
16065 18 -0.5 0 S2_N1_T0
16066 18 -0.5 0 S2_N1_T0
16067 18 -0.5 53.4605831227798 S2_N1_T0
16068 18 -0.5 0 S2_N1_T0
15001 18 -0.5 39.7041679471219 S2_N1_T0
15002 18 -0.5 395.122224726291 S2_N1_T0
15003 18 -0.5 412.748886354633 S2_N1_T0
15007 18 -0.5 0 S2_N1_T0
15008 18 -0.5 0 S2_N1_T0
15011 18 -0.5 0 S2_N1_T0
15014 18 -0.5 0 S2_N1_T0
15018 18 -0.5 784.073188903643 S2_N1_T0
15020 18 -0.5 696.355950750633 S2_N1_T0
15022 18 -0.5 0 S2_N1_T0
16064 19 -0.5 0 S2_N1_T0
16065 19 -0.5 0 S2_N1_T0
16066 19 -0.5 0 S2_N1_T0
16067 19 -0.5 22.5670524392182 S2_N1_T0
16068 19 -0.5 0 S2_N1_T0
15001 19 -0.5 29.6775006960292 S2_N1_T0
15002 19 -0.5 293.755594045289 S2_N1_T0
15003 19 -0.5 437.718292322357 S2_N1_T0
15007 19 -0.5 0 S2_N1_T0
15008 19 -0.5 0 S2_N1_T0
15011 19 -0.5 0 S2_N1_T0
15014 19 -0.5 0 S2_N1_T0
15018 19 -0.5 800.600093638337 S2_N1_T0
15020 19 -0.5 632.490625367316 S2_N1_T0
15022 19 -0.5 0 S2_N1_T0
16064 20 -0.5 0 S2_N1_T0
16065 20 -0.5 0 S2_N1_T0
16066 20 -0.5 0 S2_N1_T0
16067 20 -0.5 70.6830098861452 S2_N1_T0
16068 20 -0.5 0 S2_N1_T0
15001 20 -0.5 59.8989217784879 S2_N1_T0
15002 20 -0.5 404.479082413271 S2_N1_T0
15003 20 -0.5 455.703923961743 S2_N1_T0
15007 20 -0.5 0 S2_N1_T0
15008 20 -0.5 0 S2_N1_T0
15011 20 -0.5 0 S2_N1_T0
15014 20 -0.5 0 S2_N1_T0
15018 20 -0.5 827.969214463159 S2_N1_T0
15020 20 -0.5 717.040426868941 S2_N1_T0
15022 20 -0.5 0 S2_N1_T0
16064 21 -0.5 0 S2_N1_T0
16065 21 -0.5 0 S2_N1_T0
16066 21 -0.5 0 S2_N1_T0
16067 21 -0.5 23.4103416469871 S2_N1_T0
16068 21 -0.5 0 S2_N1_T0
15001 21 -0.5 29.8206351915294 S2_N1_T0
15002 21 -0.5 295.002143914609 S2_N1_T0
15003 21 -0.5 442.832677182479 S2_N1_T0
15007 21 -0.5 0 S2_N1_T0
15008 21 -0.5 0 S2_N1_T0
15011 21 -0.5 0 S2_N1_T0
15014 21 -0.5 0 S2_N1_T0
15018 21 -0.5 815.807910109009 S2_N1_T0
15020 21 -0.5 643.452607733501 S2_N1_T0
15022 21 -0.5 0 S2_N1_T0
16064 22 -0.5 0 S2_N1_T0
16065 22 -0.5 0 S2_N1_T0
16066 22 -0.5 0 S2_N1_T0
16067 22 -0.5 92.4423630918442 S2_N1_T0
16068 22 -0.5 0 S2_N1_T0
15001 22 -0.5 63.4954557227425 S2_N1_T0
15002 22 -0.5 441.71400039023 S2_N1_T0
15003 22 -0.5 464.828296440861 S2_N1_T0
15007 22 -0.5 0 S2_N1_T0
15008 22 -0.5 0 S2_N1_T0
15011 22 -0.5 0 S2_N1_T0
15014 22 -0.5 0 S2_N1_T0
15018 22 -0.5 870.615197216519 S2_N1_T0
15020 22 -0.5 769.301112825769 S2_N1_T0
15022 22 -0.5 0 S2_N1_T0
16064 23 -0.5 0 S2_N1_T0
16065 23 -0.5 0 S2_N1_T0
16066 23 -0.5 0 S2_N1_T0
16067 23 -0.5 12.6558195291314 S2_N1_T0
16068 23 -0.5 0 S2_N1_T0
15001 23 -0.5 10.1559246546573 S2_N1_T0
15002 23 -0.5 189.669913902388 S2_N1_T0
15003 23 -0.5 441.399823607334 S2_N1_T0
15007 23 -0.5 0 S2_N1_T0
15008 23 -0.5 0 S2_N1_T0
15011 23 -0.5 0 S2_N1_T0
15014 23 -0.5 0 S2_N1_T0
15018 23 -0.5 803.327708825408 S2_N1_T0
15020 23 -0.5 538.93870776009 S2_N1_T0
15022 23 -0.5 0 S2_N1_T0
16064 24 -0.5 0 S2_N1_T0
16065 24 -0.5 0 S2_N1_T0
16066 24 -0.5 0 S2_N1_T0
16067 24 -0.5 38.4513962507631 S2_N1_T0
16068 24 -0.5 0 S2_N1_T0
15001 24 -0.5 41.00464478927 S2_N1_T0
15002 24 -0.5 338.998481295841 S2_N1_T0
15003 24 -0.5 453.31738158966 S2_N1_T0
15007 24 -0.5 0 S2_N1_T0
15008 24 -0.5 0 S2_N1_T0
15011 24 -0.5 0 S2_N1_T0
15014 24 -0.5 0 S2_N1_T0
15018 24 -0.5 837.827073193695 S2_N1_T0
15020 24 -0.5 686.85489783609 S2_N1_T0
15022 24 -0.5 0 S2_N1_T0
16064 25 -0.5 0 S2_N1_T0
16065 25 -0.5 0 S2_N1_T0
16066 25 -0.5 0 S2_N1_T0
16067 25 -0.5 0 S2_N1_T0
16068 25 -0.5 0 S2_N1_T0
15001 25 -0.5 0 S2_N1_T0
15002 25 -0.5 0 S2_N1_T0
15003 25 -0.5 253.112059134724 S2_N1_T0
15007 25 -0.5 0 S2_N1_T0
15008 25 -0.5 0 S2_N1_T0
15011 25 -0.5 0 S2_N1_T0
15014 25 -0.5 0 S2_N1_T0
15018 25 -0.5 518.827442392599 S2_N1_T0
15020 25 -0.5 40.1613929879056 S2_N1_T0
15022 25 -0.5 0 S2_N1_T0
16064 26 -0.5 0 S2_N1_T0
16065 26 -0.5 0 S2_N1_T0
16066 26 -0.5 0 S2_N1_T0
16067 26 -0.5 80.9621197795994 S2_N1_T0
16068 26 -0.5 0 S2_N1_T0
15001 26 -0.5 61.4843123962163 S2_N1_T0
15002 26 -0.5 427.818788712969 S2_N1_T0
15003 26 -0.5 460.052569402323 S2_N1_T0
15007 26 -0.5 0 S2_N1_T0
15008 26 -0.5 0 S2_N1_T0
15011 26 -0.5 0 S2_N1_T0
15014 26 -0.5 0 S2_N1_T0
15018 26 -0.5 850.657310492812 S2_N1_T0
15020 26 -0.5 748.368613851044 S2_N1_T0
15022 26 -0.5 0 S2_N1_T0
16064 27 -0.5 0 S2_N1_T0
16065 27 -0.5 0 S2_N1_T0
16066 27 -0.5 0 S2_N1_T0
16067 27 -0.5 0 S2_N1_T0
16068 27 -0.5 0 S2_N1_T0
15001 27 -0.5 0 S2_N1_T0
15002 27 -0.5 0 S2_N1_T0
15003 27 -0.5 103.008570607148 S2_N1_T0
15007 27 -0.5 0 S2_N1_T0
15008 27 -0.5 0 S2_N1_T0
15011 27 -0.5 0 S2_N1_T0
15014 27 -0.5 0 S2_N1_T0
15018 27 -0.5 316.410985333313 S2_N1_T0
15020 27 -0.5 0 S2_N1_T0
15022 27 -0.5 0 S2_N1_T0
16064 28 -0.5 0 S2_N1_T0
16065 28 -0.5 0 S2_N1_T0
16066 28 -0.5 0 S2_N1_T0
16067 28 -0.5 101.672378734099 S2_N1_T0
16068 28 -0.5 0 S2_N1_T0
15001 28 -0.5 69.7220226021244 S2_N1_T0
15002 28 -0.5 449.716390622663 S2_N1_T0
15003 28 -0.5 471.646267279522 S2_N1_T0
15007 28 -0.5 0 S2_N1_T0
15008 28 -0.5 0 S2_N1_T0
15011 28 -0.5 0 S2_N1_T0
15014 28 -0.5 0 S2_N1_T0
15018 28 -0.5 874.168046613571 S2_N1_T0
15020 28 -0.5 773.100704838384 S2_N1_T0
15022 28 -0.5 0 S2_N1_T0
16064 29 -0.5 0 S2_N1_T0
16065 29 -0.5 0 S2_N1_T0
16066 29 -0.5 0 S2_N1_T0
16067 29 -0.5 0 S2_N1_T0
16068 29 -0.5 0 S2_N1_T0
15001 29 -0.5 0 S2_N1_T0
15002 29 -0.5 67.4529513890296 S2_N1_T0
15003 29 -0.5 357.826100088944 S2_N1_T0
15007 29 -0.5 0 S2_N1_T0
15008 29 -0.5 0 S2_N1_T0
15011 29 -0.5 0 S2_N1_T0
15014 29 -0.5 0 S2_N1_T0
15018 29 -0.5 658.904389058358 S2_N1_T0
15020 29 -0.5 370.670819042758 S2_N1_T0
15022 29 -0.5 0 S2_N1_T0
16064 30 -0.5 0 S2_N1_T0
16065 30 -0.5 0 S2_N1_T0
16066 30 -0.5 0 S2_N1_T0
16067 30 -0.5 0 S2_N1_T0
16068 30 -0.5 0 S2_N1_T0
15001 30 -0.5 0 S2_N1_T0
15002 30 -0.5 0 S2_N1_T0
15003 30 -0.5 241.656854836332 S2_N1_T0
15007 30 -0.5 0 S2_N1_T0
15008 30 -0.5 0 S2_N1_T0
15011 30 -0.5 0 S2_N1_T0
15014 30 -0.5 0 S2_N1_T0
15018 30 -0.5 493.670700645967 S2_N1_T0
15020 30 -0.5 32.6527058032073 S2_N1_T0
15022 30 -0.5 0 S2_N1_T0
16064 31 -0.5 0 S2_N1_T0
16065 31 -0.5 0 S2_N1_T0
16066 31 -0.5 0 S2_N1_T0
16067 31 -0.5 0 S2_N1_T0
16068 31 -0.5 0 S2_N1_T0
15001 31 -0.5 0 S2_N1_T0
15002 31 -0.5 0 S2_N1_T0
15003 31 -0.5 357.885064084223 S2_N1_T0
15007 31 -0.5 0 S2_N1_T0
15008 31 -0.5 0 S2_N1_T0
15011 31 -0.5 0 S2_N1_T0
15014 31 -0.5 0 S2_N1_T0
15018 31 -0.5 694.307907902402 S2_N1_T0
15020 31 -0.5 193.951624199986 S2_N1_T0
15022 31 -0.5 0 S2_N1_T0
16064 1 -1.5 63.1605190377234 S2_N1_T0
16065 1 -1.5 390.294198345078 S2_N1_T0
16066 1 -1.5 74.7223281517103 S2_N1_T0
16067 1 -1.5 5.15227021004567 S2_N1_T0
16068 1 -1.5 3.1899881484352 S2_N1_T0
15001 1 -1.5 59.1302269187589 S2_N1_T0
15002 1 -1.5 229.099403188121 S2_N1_T0
15003 1 -1.5 289.594337877442 S2_N1_T0
15007 1 -1.5 98.5289021722111 S2_N1_T0
15008 1 -1.5 53.0090621958163 S2_N1_T0
15011 1 -1.5 0 S2_N1_T0
15014 1 -1.5 321.006972099809 S2_N1_T0
15018 1 -1.5 543.539537800617 S2_N1_T0
15020 1 -1.5 456.074329366782 S2_N1_T0
15022 1 -1.5 0 S2_N1_T0
16064 2 -1.5 3.87366076864376 S2_N1_T0
16065 2 -1.5 0 S2_N1_T0
16066 2 -1.5 0 S2_N1_T0
16067 2 -1.5 0 S2_N1_T0
16068 2 -1.5 0 S2_N1_T0
15001 2 -1.5 0 S2_N1_T0
15002 2 -1.5 0 S2_N1_T0
15003 2 -1.5 129.985747397261 S2_N1_T0
15007 2 -1.5 88.3058408139508 S2_N1_T0
15008 2 -1.5 67.8124309295756 S2_N1_T0
15011 2 -1.5 0 S2_N1_T0
15014 2 -1.5 0 S2_N1_T0
15018 2 -1.5 276.087960234125 S2_N1_T0
15020 2 -1.5 0 S2_N1_T0
15022 2 -1.5 0 S2_N1_T0
16064 3 -1.5 3.43845598142206 S2_N1_T0
16065 3 -1.5 22.6814792505073 S2_N1_T0
16066 3 -1.5 0 S2_N1_T0
16067 3 -1.5 0 S2_N1_T0
16068 3 -1.5 0 S2_N1_T0
15001 3 -1.5 0 S2_N1_T0
15002 3 -1.5 0 S2_N1_T0
15003 3 -1.5 258.309692624231 S2_N1_T0
15007 3 -1.5 100.6355827704 S2_N1_T0
15008 3 -1.5 80.2907556295055 S2_N1_T0
15011 3 -1.5 0 S2_N1_T0
15014 3 -1.5 233.820700483202 S2_N1_T0
15018 3 -1.5 433.578429672625 S2_N1_T0
15020 3 -1.5 74.6684780631743 S2_N1_T0
15022 3 -1.5 0 S2_N1_T0
16064 4 -1.5 8.85117106589963 S2_N1_T0
16065 4 -1.5 105.823221614559 S2_N1_T0
16066 4 -1.5 0 S2_N1_T0
16067 4 -1.5 0 S2_N1_T0
16068 4 -1.5 0 S2_N1_T0
15001 4 -1.5 22.6460014463921 S2_N1_T0
15002 4 -1.5 73.192026964887 S2_N1_T0
15003 4 -1.5 300.067215640191 S2_N1_T0
15007 4 -1.5 99.281311867031 S2_N1_T0
15008 4 -1.5 66.2846189700141 S2_N1_T0
15011 4 -1.5 0 S2_N1_T0
15014 4 -1.5 323.345039643209 S2_N1_T0
15018 4 -1.5 504.886584946892 S2_N1_T0
15020 4 -1.5 280.02174092909 S2_N1_T0
15022 4 -1.5 0 S2_N1_T0
16064 5 -1.5 0 S2_N1_T0
16065 5 -1.5 0 S2_N1_T0
16066 5 -1.5 0 S2_N1_T0
16067 5 -1.5 0 S2_N1_T0
16068 5 -1.5 0 S2_N1_T0
15001 5 -1.5 0 S2_N1_T0
15002 5 -1.5 0 S2_N1_T0
15003 5 -1.5 0 S2_N1_T0
15007 5 -1.5 0 S2_N1_T0
15008 5 -1.5 0 S2_N1_T0
15011 5 -1.5 0 S2_N1_T0
15014 5 -1.5 0 S2_N1_T0
15018 5 -1.5 0 S2_N1_T0
15020 5 -1.5 0 S2_N1_T0
15022 5 -1.5 0 S2_N1_T0
16064 6 -1.5 52.8263166447884 S2_N1_T0
16065 6 -1.5 172.564843097424 S2_N1_T0
16066 6 -1.5 0 S2_N1_T0
16067 6 -1.5 10.9257941689113 S2_N1_T0
16068 6 -1.5 0 S2_N1_T0
15001 6 -1.5 66.9096842633297 S2_N1_T0
15002 6 -1.5 92.901088412273 S2_N1_T0
15003 6 -1.5 422.638178307708 S2_N1_T0
15007 6 -1.5 184.689474948015 S2_N1_T0
15008 6 -1.5 141.236999968918 S2_N1_T0
15011 6 -1.5 0 S2_N1_T0
15014 6 -1.5 449.825581048113 S2_N1_T0
15018 6 -1.5 615.154684298812 S2_N1_T0
15020 6 -1.5 336.434525532839 S2_N1_T0
15022 6 -1.5 0 S2_N1_T0
16064 7 -1.5 4.74939203434916 S2_N1_T0
16065 7 -1.5 0 S2_N1_T0
16066 7 -1.5 0 S2_N1_T0
16067 7 -1.5 0 S2_N1_T0
16068 7 -1.5 0 S2_N1_T0
15001 7 -1.5 0 S2_N1_T0
15002 7 -1.5 0 S2_N1_T0
15003 7 -1.5 134.413588144873 S2_N1_T0
15007 7 -1.5 92.627904708243 S2_N1_T0
15008 7 -1.5 71.0046383605011 S2_N1_T0
15011 7 -1.5 0 S2_N1_T0
15014 7 -1.5 0 S2_N1_T0
15018 7 -1.5 282.015011894292 S2_N1_T0
15020 7 -1.5 0 S2_N1_T0
15022 7 -1.5 0 S2_N1_T0
16064 8 -1.5 53.6452716944991 S2_N1_T0
16065 8 -1.5 252.742797088149 S2_N1_T0
16066 8 -1.5 8.41166205188894 S2_N1_T0
16067 8 -1.5 8.70242470582035 S2_N1_T0
16068 8 -1.5 0 S2_N1_T0
15001 8 -1.5 85.6191264213286 S2_N1_T0
15002 8 -1.5 248.785150267502 S2_N1_T0
15003 8 -1.5 365.150132519605 S2_N1_T0
15007 8 -1.5 141.23024954161 S2_N1_T0
15008 8 -1.5 92.1253066116743 S2_N1_T0
15011 8 -1.5 1.17279740948831 S2_N1_T0
15014 8 -1.5 391.895477437183 S2_N1_T0
15018 8 -1.5 572.213787133473 S2_N1_T0
15020 8 -1.5 463.685253837826 S2_N1_T0
15022 8 -1.5 0 S2_N1_T0
16064 9 -1.5 21.8799053852075 S2_N1_T0
16065 9 -1.5 120.140836476523 S2_N1_T0
16066 9 -1.5 0 S2_N1_T0
16067 9 -1.5 1.33782472028 S2_N1_T0
16068 9 -1.5 0 S2_N1_T0
15001 9 -1.5 30.0042923089687 S2_N1_T0
15002 9 -1.5 42.9369096664282 S2_N1_T0
15003 9 -1.5 353.760999958854 S2_N1_T0
15007 9 -1.5 134.593685606365 S2_N1_T0
15008 9 -1.5 98.4260366656796 S2_N1_T0
15011 9 -1.5 0 S2_N1_T0
15014 9 -1.5 376.465226804513 S2_N1_T0
15018 9 -1.5 546.89252570743 S2_N1_T0
15020 9 -1.5 270.356821531513 S2_N1_T0
15022 9 -1.5 0 S2_N1_T0
16064 10 -1.5 47.3991516810609 S2_N1_T0
16065 10 -1.5 235.978827662485 S2_N1_T0
16066 10 -1.5 12.1746745121448 S2_N1_T0
16067 10 -1.5 7.75138592380735 S2_N1_T0
16068 10 -1.5 0 S2_N1_T0
15001 10 -1.5 80.0687491058333 S2_N1_T0
15002 10 -1.5 228.204063710336 S2_N1_T0
15003 10 -1.5 376.393777028214 S2_N1_T0
15007 10 -1.5 141.900569335992 S2_N1_T0
15008 10 -1.5 91.4652973272568 S2_N1_T0
15011 10 -1.5 0 S2_N1_T0
15014 10 -1.5 413.578542140186 S2_N1_T0
15018 10 -1.5 602.321096252571 S2_N1_T0
15020 10 -1.5 470.46780188913 S2_N1_T0
15022 10 -1.5 0 S2_N1_T0
16064 11 -1.5 2.94712590929854 S2_N1_T0
16065 11 -1.5 121.289434787476 S2_N1_T0
16066 11 -1.5 0 S2_N1_T0
16067 11 -1.5 0 S2_N1_T0
16068 11 -1.5 0 S2_N1_T0
15001 11 -1.5 2.24233812021978 S2_N1_T0
15002 11 -1.5 89.0674215688119 S2_N1_T0
15003 11 -1.5 104.122738738838 S2_N1_T0
15007 11 -1.5 14.0837230749389 S2_N1_T0
15008 11 -1.5 2.06148256498252 S2_N1_T0
15011 11 -1.5 0 S2_N1_T0
15014 11 -1.5 128.843665663348 S2_N1_T0
15018 11 -1.5 213.626142252868 S2_N1_T0
15020 11 -1.5 160.438906976953 S2_N1_T0
15022 11 -1.5 0 S2_N1_T0
16064 12 -1.5 22.4725161605835 S2_N1_T0
16065 12 -1.5 185.071575786361 S2_N1_T0
16066 12 -1.5 0 S2_N1_T0
16067 12 -1.5 0 S2_N1_T0
16068 12 -1.5 0 S2_N1_T0
15001 12 -1.5 3.02028137602503 S2_N1_T0
15002 12 -1.5 92.8816895899379 S2_N1_T0
15003 12 -1.5 106.978831062842 S2_N1_T0
15007 12 -1.5 14.9757870512201 S2_N1_T0
15008 12 -1.5 2.4793559625539 S2_N1_T0
15011 12 -1.5 0 S2_N1_T0
15014 12 -1.5 124.625081687118 S2_N1_T0
15018 12 -1.5 210.766658708721 S2_N1_T0
15020 12 -1.5 163.702633381542 S2_N1_T0
15022 12 -1.5 0 S2_N1_T0
16064 13 -1.5 1.93120917382691 S2_N1_T0
16065 13 -1.5 30.5505326956655 S2_N1_T0
16066 13 -1.5 0 S2_N1_T0
16067 13 -1.5 0 S2_N1_T0
16068 13 -1.5 0 S2_N1_T0
15001 13 -1.5 0 S2_N1_T0
15002 13 -1.5 0 S2_N1_T0
15003 13 -1.5 244.220050307384 S2_N1_T0
15007 13 -1.5 83.1957445007791 S2_N1_T0
15008 13 -1.5 71.002567176906 S2_N1_T0
15011 13 -1.5 0 S2_N1_T0
15014 13 -1.5 232.817574676783 S2_N1_T0
15018 13 -1.5 377.780085129451 S2_N1_T0
15020 13 -1.5 130.085596605638 S2_N1_T0
15022 13 -1.5 0 S2_N1_T0
16064 14 -1.5 18.8453713139202 S2_N1_T0
16065 14 -1.5 27.2780059705602 S2_N1_T0
16066 14 -1.5 0 S2_N1_T0
16067 14 -1.5 0 S2_N1_T0
16068 14 -1.5 0 S2_N1_T0
15001 14 -1.5 0 S2_N1_T0
15002 14 -1.5 0 S2_N1_T0
15003 14 -1.5 262.135109123755 S2_N1_T0
15007 14 -1.5 140.373118404325 S2_N1_T0
15008 14 -1.5 119.300963842171 S2_N1_T0
15011 14 -1.5 0 S2_N1_T0
15014 14 -1.5 194.201206770495 S2_N1_T0
15018 14 -1.5 423.918152106931 S2_N1_T0
15020 14 -1.5 13.6636864170028 S2_N1_T0
15022 14 -1.5 0 S2_N1_T0
16064 15 -1.5 102.128694832642 S2_N1_T0
16065 15 -1.5 335.312656632767 S2_N1_T0
16066 15 -1.5 99.5056273097819 S2_N1_T0
16067 15 -1.5 89.3121448253736 S2_N1_T0
16068 15 -1.5 1.29411707889347 S2_N1_T0
15001 15 -1.5 149.983540358791 S2_N1_T0
15002 15 -1.5 344.723232636664 S2_N1_T0
15003 15 -1.5 496.985692183904 S2_N1_T0
15007 15 -1.5 229.493479885447 S2_N1_T0
15008 15 -1.5 163.208570486555 S2_N1_T0
15011 15 -1.5 17.7338123361978 S2_N1_T0
15014 15 -1.5 547.785268178216 S2_N1_T0
15018 15 -1.5 727.994447747677 S2_N1_T0
15020 15 -1.5 592.393617188258 S2_N1_T0
15022 15 -1.5 2.02757807071647 S2_N1_T0
16064 16 -1.5 93.5518705420433 S2_N1_T0
16065 16 -1.5 386.550069980713 S2_N1_T0
16066 16 -1.5 91.0942838815992 S2_N1_T0
16067 16 -1.5 44.4061654184589 S2_N1_T0
16068 16 -1.5 8.32512380734502 S2_N1_T0
15001 16 -1.5 116.60648032046 S2_N1_T0
15002 16 -1.5 341.135233707964 S2_N1_T0
15003 16 -1.5 409.420243332499 S2_N1_T0
15007 16 -1.5 171.406794743075 S2_N1_T0
15008 16 -1.5 109.53622758878 S2_N1_T0
15011 16 -1.5 18.9865734627544 S2_N1_T0
15014 16 -1.5 443.097366523222 S2_N1_T0
15018 16 -1.5 633.231249598246 S2_N1_T0
15020 16 -1.5 547.711763862066 S2_N1_T0
15022 16 -1.5 0 S2_N1_T0
16064 17 -1.5 36.8645033465707 S2_N1_T0
16065 17 -1.5 124.031980074723 S2_N1_T0
16066 17 -1.5 0 S2_N1_T0
16067 17 -1.5 2.66895477004154 S2_N1_T0
16068 17 -1.5 0 S2_N1_T0
15001 17 -1.5 24.7143997459569 S2_N1_T0
15002 17 -1.5 2.62609494088975 S2_N1_T0
15003 17 -1.5 369.501023746182 S2_N1_T0
15007 17 -1.5 164.329951051872 S2_N1_T0
15008 17 -1.5 134.874536750702 S2_N1_T0
15011 17 -1.5 0 S2_N1_T0
15014 17 -1.5 371.456174362055 S2_N1_T0
15018 17 -1.5 531.370000088144 S2_N1_T0
15020 17 -1.5 226.007969097673 S2_N1_T0
15022 17 -1.5 0 S2_N1_T0
16064 18 -1.5 48.1118232046826 S2_N1_T0
16065 18 -1.5 315.404374748032 S2_N1_T0
16066 18 -1.5 8.06839572998142 S2_N1_T0
16067 18 -1.5 1.15552101331325 S2_N1_T0
16068 18 -1.5 0 S2_N1_T0
15001 18 -1.5 39.4024117559928 S2_N1_T0
15002 18 -1.5 179.873351005495 S2_N1_T0
15003 18 -1.5 225.051429686959 S2_N1_T0
15007 18 -1.5 71.9068155788207 S2_N1_T0
15008 18 -1.5 35.2731565048428 S2_N1_T0
15011 18 -1.5 0 S2_N1_T0
15014 18 -1.5 235.598606765281 S2_N1_T0
15018 18 -1.5 436.297727106169 S2_N1_T0
15020 18 -1.5 360.17596715872 S2_N1_T0
15022 18 -1.5 0 S2_N1_T0
16064 19 -1.5 43.1429557800331 S2_N1_T0
16065 19 -1.5 210.276436879964 S2_N1_T0
16066 19 -1.5 3.69945153301917 S2_N1_T0
16067 19 -1.5 6.0728668050404 S2_N1_T0
16068 19 -1.5 0 S2_N1_T0
15001 19 -1.5 75.535047693016 S2_N1_T0
15002 19 -1.5 200.519426935149 S2_N1_T0
15003 19 -1.5 376.752499616458 S2_N1_T0
15007 19 -1.5 142.920362245924 S2_N1_T0
15008 19 -1.5 94.5998027630898 S2_N1_T0
15011 19 -1.5 0 S2_N1_T0
15014 19 -1.5 411.652972595813 S2_N1_T0
15018 19 -1.5 594.039484430839 S2_N1_T0
15020 19 -1.5 442.368408375416 S2_N1_T0
15022 19 -1.5 0 S2_N1_T0
16064 20 -1.5 102.896036590166 S2_N1_T0
16065 20 -1.5 373.405500560481 S2_N1_T0
16066 20 -1.5 100.465095259196 S2_N1_T0
16067 20 -1.5 73.5365022434377 S2_N1_T0
16068 20 -1.5 6.81226423376291 S2_N1_T0
15001 20 -1.5 140.625602174001 S2_N1_T0
15002 20 -1.5 367.348992165707 S2_N1_T0
15003 20 -1.5 457.20703295299 S2_N1_T0
15007 20 -1.5 204.650727526132 S2_N1_T0
15008 20 -1.5 138.370295588954 S2_N1_T0
15011 20 -1.5 29.1449653390423 S2_N1_T0
15014 20 -1.5 496.820111168613 S2_N1_T0
15018 20 -1.5 681.106029982791 S2_N1_T0
15020 20 -1.5 583.683318591365 S2_N1_T0
15022 20 -1.5 0 S2_N1_T0
16064 21 -1.5 33.1366631973782 S2_N1_T0
16065 21 -1.5 191.378116955761 S2_N1_T0
16066 21 -1.5 2.26510801117622 S2_N1_T0
16067 21 -1.5 3.22966516871278 S2_N1_T0
16068 21 -1.5 0 S2_N1_T0
15001 21 -1.5 63.3063103718411 S2_N1_T0
15002 21 -1.5 180.941606112873 S2_N1_T0
15003 21 -1.5 355.085395124513 S2_N1_T0
15007 21 -1.5 127.616301765434 S2_N1_T0
15008 21 -1.5 82.1817291288221 S2_N1_T0
15011 21 -1.5 0 S2_N1_T0
15014 21 -1.5 392.57432272723 S2_N1_T0
15018 21 -1.5 581.376866565636 S2_N1_T0
15020 21 -1.5 424.61540658018 S2_N1_T0
15022 21 -1.5 0 S2_N1_T0
16064 22 -1.5 85.6359701031444 S2_N1_T0
16065 22 -1.5 427.507272349361 S2_N1_T0
16066 22 -1.5 111.332563587132 S2_N1_T0
16067 22 -1.5 29.4241698346385 S2_N1_T0
16068 22 -1.5 15.9562678296613 S2_N1_T0
15001 22 -1.5 94.3380652954601 S2_N1_T0
15002 22 -1.5 315.592442817576 S2_N1_T0
15003 22 -1.5 378.426569639396 S2_N1_T0
15007 22 -1.5 144.671613512277 S2_N1_T0
15008 22 -1.5 86.0828959851908 S2_N1_T0
15011 22 -1.5 8.47162215979392 S2_N1_T0
15014 22 -1.5 425.786592128081 S2_N1_T0
15018 22 -1.5 634.711922896647 S2_N1_T0
15020 22 -1.5 545.111347618367 S2_N1_T0
15022 22 -1.5 0 S2_N1_T0
16064 23 -1.5 36.8560665089665 S2_N1_T0
16065 23 -1.5 168.810568364844 S2_N1_T0
16066 23 -1.5 1.25011896584923 S2_N1_T0
16067 23 -1.5 5.06403706098985 S2_N1_T0
16068 23 -1.5 0 S2_N1_T0
15001 23 -1.5 60.8037375951107 S2_N1_T0
15002 23 -1.5 127.269928701925 S2_N1_T0
15003 23 -1.5 394.789068314302 S2_N1_T0
15007 23 -1.5 153.360412652932 S2_N1_T0
15008 23 -1.5 107.033599136476 S2_N1_T0
15011 23 -1.5 0 S2_N1_T0
15014 23 -1.5 437.91832361507 S2_N1_T0
15018 23 -1.5 614.913402923207 S2_N1_T0
15020 23 -1.5 374.979177153008 S2_N1_T0
15022 23 -1.5 0 S2_N1_T0
16064 24 -1.5 43.1370085601462 S2_N1_T0
16065 24 -1.5 231.38636389855 S2_N1_T0
16066 24 -1.5 15.8888147795185 S2_N1_T0
16067 24 -1.5 6.49386512484419 S2_N1_T0
16068 24 -1.5 0 S2_N1_T0
15001 24 -1.5 75.0133627872886 S2_N1_T0
15002 24 -1.5 220.202711045529 S2_N1_T0
15003 24 -1.5 370.784328702139 S2_N1_T0
15007 24 -1.5 136.418158814925 S2_N1_T0
15008 24 -1.5 86.5234358079064 S2_N1_T0
15011 24 -1.5 0 S2_N1_T0
15014 24 -1.5 414.110427649415 S2_N1_T0
15018 24 -1.5 607.659896780913 S2_N1_T0
15020 24 -1.5 470.466084663682 S2_N1_T0
15022 24 -1.5 0 S2_N1_T0
16064 25 -1.5 12.7762071353338 S2_N1_T0
16065 25 -1.5 19.8157912839769 S2_N1_T0
16066 25 -1.5 0 S2_N1_T0
16067 25 -1.5 0 S2_N1_T0
16068 25 -1.5 0 S2_N1_T0
15001 25 -1.5 0 S2_N1_T0
15002 25 -1.5 0 S2_N1_T0
15003 25 -1.5 249.086311180412 S2_N1_T0
15007 25 -1.5 130.047987919589 S2_N1_T0
15008 25 -1.5 107.902752206463 S2_N1_T0
15011 25 -1.5 0 S2_N1_T0
15014 25 -1.5 183.955935437883 S2_N1_T0
15018 25 -1.5 419.665239150617 S2_N1_T0
15020 25 -1.5 8.23223570865441 S2_N1_T0
15022 25 -1.5 0 S2_N1_T0
16064 26 -1.5 88.5194791477549 S2_N1_T0
16065 26 -1.5 391.988451712697 S2_N1_T0
16066 26 -1.5 100.586070170119 S2_N1_T0
16067 26 -1.5 41.0684032120728 S2_N1_T0
16068 26 -1.5 8.33448493346889 S2_N1_T0
15001 26 -1.5 110.910704685088 S2_N1_T0
15002 26 -1.5 338.11568021624 S2_N1_T0
15003 26 -1.5 409.864598755771 S2_N1_T0
15007 26 -1.5 166.720591990728 S2_N1_T0
15008 26 -1.5 103.983026133091 S2_N1_T0
15011 26 -1.5 15.3637995784323 S2_N1_T0
15014 26 -1.5 451.687390523295 S2_N1_T0
15018 26 -1.5 650.209572135118 S2_N1_T0
15020 26 -1.5 560.53183578048 S2_N1_T0
15022 26 -1.5 0 S2_N1_T0
16064 27 -1.5 0 S2_N1_T0
16065 27 -1.5 0 S2_N1_T0
16066 27 -1.5 0 S2_N1_T0
16067 27 -1.5 0 S2_N1_T0
16068 27 -1.5 0 S2_N1_T0
15001 27 -1.5 0 S2_N1_T0
15002 27 -1.5 0 S2_N1_T0
15003 27 -1.5 89.5617956160688 S2_N1_T0
15007 27 -1.5 50.8507145393771 S2_N1_T0
15008 27 -1.5 37.383277860769 S2_N1_T0
15011 27 -1.5 0 S2_N1_T0
15014 27 -1.5 0 S2_N1_T0
15018 27 -1.5 225.798615530145 S2_N1_T0
15020 27 -1.5 0 S2_N1_T0
15022 27 -1.5 0 S2_N1_T0
16064 28 -1.5 112.857702752998 S2_N1_T0
16065 28 -1.5 471.800632848541 S2_N1_T0
16066 28 -1.5 136.771632979356 S2_N1_T0
16067 28 -1.5 69.717832577425 S2_N1_T0
16068 28 -1.5 38.3650623483992 S2_N1_T0
15001 28 -1.5 124.919253650033 S2_N1_T0
15002 28 -1.5 372.743722566297 S2_N1_T0
15003 28 -1.5 433.970392051106 S2_N1_T0
15007 28 -1.5 183.582362031963 S2_N1_T0
15008 28 -1.5 114.331608674833 S2_N1_T0
15011 28 -1.5 26.4835570408095 S2_N1_T0
15014 28 -1.5 483.84497657909 S2_N1_T0
15018 28 -1.5 685.212039962058 S2_N1_T0
15020 28 -1.5 596.843859741306 S2_N1_T0
15022 28 -1.5 0 S2_N1_T0
16064 29 -1.5 2.22300093807261 S2_N1_T0
16065 29 -1.5 53.8405448580898 S2_N1_T0
16066 29 -1.5 0 S2_N1_T0
16067 29 -1.5 0 S2_N1_T0
16068 29 -1.5 0 S2_N1_T0
15001 29 -1.5 3.23305913847419 S2_N1_T0
15002 29 -1.5 4.60386314042927 S2_N1_T0
15003 29 -1.5 248.554103839105 S2_N1_T0
15007 29 -1.5 77.7076965913632 S2_N1_T0
15008 29 -1.5 56.027155172614 S2_N1_T0
15011 29 -1.5 0 S2_N1_T0
15014 29 -1.5 251.51042629946 S2_N1_T0
15018 29 -1.5 414.615902406425 S2_N1_T0
15020 29 -1.5 177.628280675726 S2_N1_T0
15022 29 -1.5 0 S2_N1_T0
16064 30 -1.5 12.3438540829859 S2_N1_T0
16065 30 -1.5 17.0136862150996 S2_N1_T0
16066 30 -1.5 0 S2_N1_T0
16067 30 -1.5 0 S2_N1_T0
16068 30 -1.5 0 S2_N1_T0
15001 30 -1.5 0 S2_N1_T0
15002 30 -1.5 0 S2_N1_T0
15003 30 -1.5 246.500346190229 S2_N1_T0
15007 30 -1.5 127.918808314262 S2_N1_T0
15008 30 -1.5 108.467090677729 S2_N1_T0
15011 30 -1.5 0 S2_N1_T0
15014 30 -1.5 178.100228333714 S2_N1_T0
15018 30 -1.5 406.168727573034 S2_N1_T0
15020 30 -1.5 7.53340219606028 S2_N1_T0
15022 30 -1.5 0 S2_N1_T0
16064 31 -1.5 3.10772998994155 S2_N1_T0
16065 31 -1.5 58.3508246177414 S2_N1_T0
16066 31 -1.5 0 S2_N1_T0
16067 31 -1.5 0 S2_N1_T0
16068 31 -1.5 0 S2_N1_T0
15001 31 -1.5 0 S2_N1_T0
15002 31 -1.5 0 S2_N1_T0
15003 31 -1.5 309.575092259313 S2_N1_T0
15007 31 -1.5 130.983299599811 S2_N1_T0
15008 31 -1.5 89.9081483002081 S2_N1_T0
15011 31 -1.5 0 S2_N1_T0
15014 31 -1.5 309.065076661483 S2_N1_T0
15018 31 -1.5 523.318504999208 S2_N1_T0
15020 31 -1.5 104.815606366751 S2_N1_T0
15022 31 -1.5 0 S2_N1_T0
16064 1 -3 0 S2_N1_T0
16065 1 -3 10.6555087618212 S2_N1_T0
16066 1 -3 0 S2_N1_T0
16067 1 -3 0 S2_N1_T0
16068 1 -3 0 S2_N1_T0
15001 1 -3 0 S2_N1_T0
15002 1 -3 2.87388853684239 S2_N1_T0
15003 1 -3 9.10573271369612 S2_N1_T0
15007 1 -3 0 S2_N1_T0
15008 1 -3 0 S2_N1_T0
15011 1 -3 0 S2_N1_T0
15014 1 -3 55.1218735756 S2_N1_T0
15018 1 -3 43.2968271806735 S2_N1_T0
15020 1 -3 35.289384034487 S2_N1_T0
15022 1 -3 0 S2_N1_T0
16064 2 -3 0 S2_N1_T0
16065 2 -3 0 S2_N1_T0
16066 2 -3 0 S2_N1_T0
16067 2 -3 0 S2_N1_T0
16068 2 -3 0 S2_N1_T0
15001 2 -3 0 S2_N1_T0
15002 2 -3 0 S2_N1_T0
15003 2 -3 90.1840831693138 S2_N1_T0
15007 2 -3 53.2366028117141 S2_N1_T0
15008 2 -3 43.6817926901129 S2_N1_T0
15011 2 -3 0 S2_N1_T0
15014 2 -3 2.51621455073308 S2_N1_T0
15018 2 -3 217.105793091059 S2_N1_T0
15020 2 -3 0 S2_N1_T0
15022 2 -3 0 S2_N1_T0
16064 3 -3 0 S2_N1_T0
16065 3 -3 0 S2_N1_T0
16066 3 -3 0 S2_N1_T0
16067 3 -3 0 S2_N1_T0
16068 3 -3 0 S2_N1_T0
15001 3 -3 0 S2_N1_T0
15002 3 -3 0 S2_N1_T0
15003 3 -3 76.3493416329963 S2_N1_T0
15007 3 -3 2.97204371136007 S2_N1_T0
15008 3 -3 3.2113208240836 S2_N1_T0
15011 3 -3 0 S2_N1_T0
15014 3 -3 123.502037156732 S2_N1_T0
15018 3 -3 144.42054505217 S2_N1_T0
15020 3 -3 0 S2_N1_T0
15022 3 -3 0 S2_N1_T0
16064 4 -3 0 S2_N1_T0
16065 4 -3 0 S2_N1_T0
16066 4 -3 0 S2_N1_T0
16067 4 -3 0 S2_N1_T0
16068 4 -3 0 S2_N1_T0
15001 4 -3 0 S2_N1_T0
15002 4 -3 0 S2_N1_T0
15003 4 -3 40.5127522204212 S2_N1_T0
15007 4 -3 0 S2_N1_T0
15008 4 -3 0 S2_N1_T0
15011 4 -3 0 S2_N1_T0
15014 4 -3 104.04015168227 S2_N1_T0
15018 4 -3 87.5230916986918 S2_N1_T0
15020 4 -3 34.4001317212926 S2_N1_T0
15022 4 -3 0 S2_N1_T0
16064 5 -3 0 S2_N1_T0
16065 5 -3 0 S2_N1_T0
16066 5 -3 0 S2_N1_T0
16067 5 -3 0 S2_N1_T0
16068 5 -3 0 S2_N1_T0
15001 5 -3 0 S2_N1_T0
15002 5 -3 0 S2_N1_T0
15003 5 -3 0 S2_N1_T0
15007 5 -3 0 S2_N1_T0
15008 5 -3 0 S2_N1_T0
15011 5 -3 0 S2_N1_T0
15014 5 -3 0 S2_N1_T0
15018 5 -3 0 S2_N1_T0
15020 5 -3 0 S2_N1_T0
15022 5 -3 0 S2_N1_T0
16064 6 -3 8.17339223826119 S2_N1_T0
16065 6 -3 85.211774236851 S2_N1_T0
16066 6 -3 28.3627226175535 S2_N1_T0
16067 6 -3 0 S2_N1_T0
16068 6 -3 0 S2_N1_T0
15001 6 -3 12.8414903854884 S2_N1_T0
15002 6 -3 19.3944976490324 S2_N1_T0
15003 6 -3 261.276469831045 S2_N1_T0
15007 6 -3 105.727234940736 S2_N1_T0
15008 6 -3 80.592670542446 S2_N1_T0
15011 6 -3 0 S2_N1_T0
15014 6 -3 433.239988714099 S2_N1_T0
15018 6 -3 417.623867010145 S2_N1_T0
15020 6 -3 203.050876395145 S2_N1_T0
15022 6 -3 0 S2_N1_T0
16064 7 -3 0 S2_N1_T0
16065 7 -3 0 S2_N1_T0
16066 7 -3 0 S2_N1_T0
16067 7 -3 0 S2_N1_T0
16068 7 -3 0 S2_N1_T0
15001 7 -3 0 S2_N1_T0
15002 7 -3 0 S2_N1_T0
15003 7 -3 97.1417172209173 S2_N1_T0
15007 7 -3 60.3157664201846 S2_N1_T0
15008 7 -3 48.9622887383935 S2_N1_T0
15011 7 -3 0 S2_N1_T0
15014 7 -3 3.74630718825136 S2_N1_T0
15018 7 -3 226.644404284039 S2_N1_T0
15020 7 -3 0 S2_N1_T0
15022 7 -3 0 S2_N1_T0
16064 8 -3 0 S2_N1_T0
16065 8 -3 57.0170119301361 S2_N1_T0
16066 8 -3 0 S2_N1_T0
16067 8 -3 0 S2_N1_T0
16068 8 -3 0 S2_N1_T0
15001 8 -3 1.76355371750828 S2_N1_T0
15002 8 -3 71.8939524229351 S2_N1_T0
15003 8 -3 111.296847899785 S2_N1_T0
15007 8 -3 16.2350758645464 S2_N1_T0
15008 8 -3 5.78044504986119 S2_N1_T0
15011 8 -3 0 S2_N1_T0
15014 8 -3 208.378418787585 S2_N1_T0
15018 8 -3 187.620788456412 S2_N1_T0
15020 8 -3 144.372831655379 S2_N1_T0
15022 8 -3 0 S2_N1_T0
16064 9 -3 0 S2_N1_T0
16065 9 -3 3.33321555684428 S2_N1_T0
16066 9 -3 0 S2_N1_T0
16067 9 -3 0 S2_N1_T0
16068 9 -3 0 S2_N1_T0
15001 9 -3 0 S2_N1_T0
15002 9 -3 0 S2_N1_T0
15003 9 -3 122.239479212344 S2_N1_T0
15007 9 -3 19.4111057230068 S2_N1_T0
15008 9 -3 12.6652454809742 S2_N1_T0
15011 9 -3 0 S2_N1_T0
15014 9 -3 221.186325507054 S2_N1_T0
15018 9 -3 202.737954996736 S2_N1_T0
15020 9 -3 90.0447798292694 S2_N1_T0
15022 9 -3 0 S2_N1_T0
16064 10 -3 0 S2_N1_T0
16065 10 -3 34.8464762259725 S2_N1_T0
16066 10 -3 0 S2_N1_T0
16067 10 -3 0 S2_N1_T0
16068 10 -3 0 S2_N1_T0
15001 10 -3 0 S2_N1_T0
15002 10 -3 49.5064423493914 S2_N1_T0
15003 10 -3 99.9448535687006 S2_N1_T0
15007 10 -3 10.4874334235388 S2_N1_T0
15008 10 -3 3.18560065366352 S2_N1_T0
15011 10 -3 0 S2_N1_T0
15014 10 -3 196.761473754201 S2_N1_T0
15018 10 -3 172.837531848263 S2_N1_T0
15020 10 -3 127.930519676671 S2_N1_T0
15022 10 -3 0 S2_N1_T0
16064 11 -3 0 S2_N1_T0
16065 11 -3 0 S2_N1_T0
16066 11 -3 0 S2_N1_T0
16067 11 -3 0 S2_N1_T0
16068 11 -3 0 S2_N1_T0
15001 11 -3 0 S2_N1_T0
15002 11 -3 0 S2_N1_T0
15003 11 -3 0 S2_N1_T0
15007 11 -3 0 S2_N1_T0
15008 11 -3 0 S2_N1_T0
15011 11 -3 0 S2_N1_T0
15014 11 -3 0 S2_N1_T0
15018 11 -3 0 S2_N1_T0
15020 11 -3 0 S2_N1_T0
15022 11 -3 0 S2_N1_T0
16064 12 -3 0 S2_N1_T0
16065 12 -3 0 S2_N1_T0
16066 12 -3 0 S2_N1_T0
16067 12 -3 0 S2_N1_T0
16068 12 -3 0 S2_N1_T0
15001 12 -3 0 S2_N1_T0
15002 12 -3 0 S2_N1_T0
15003 12 -3 0 S2_N1_T0
15007 12 -3 0 S2_N1_T0
15008 12 -3 0 S2_N1_T0
15011 12 -3 0 S2_N1_T0
15014 12 -3 0 S2_N1_T0
15018 12 -3 0 S2_N1_T0
15020 12 -3 0 S2_N1_T0
15022 12 -3 0 S2_N1_T0
16064 13 -3 0 S2_N1_T0
16065 13 -3 0 S2_N1_T0
16066 13 -3 0 S2_N1_T0
16067 13 -3 0 S2_N1_T0
16068 13 -3 0 S2_N1_T0
15001 13 -3 0 S2_N1_T0
15002 13 -3 0 S2_N1_T0
15003 13 -3 89.1762822135132 S2_N1_T0
15007 13 -3 3.09602011490974 S2_N1_T0
15008 13 -3 4.30201121911822 S2_N1_T0
15011 13 -3 0 S2_N1_T0
15014 13 -3 146.431666082535 S2_N1_T0
15018 13 -3 151.497783881427 S2_N1_T0
15020 13 -3 20.547774401357 S2_N1_T0
15022 13 -3 0 S2_N1_T0
16064 14 -3 3.0290894562038 S2_N1_T0
16065 14 -3 3.80118583489055 S2_N1_T0
16066 14 -3 0 S2_N1_T0
16067 14 -3 0 S2_N1_T0
16068 14 -3 0 S2_N1_T0
15001 14 -3 0 S2_N1_T0
15002 14 -3 0 S2_N1_T0
15003 14 -3 195.006351589564 S2_N1_T0
15007 14 -3 97.4281931849939 S2_N1_T0
15008 14 -3 86.1764223795472 S2_N1_T0
15011 14 -3 0 S2_N1_T0
15014 14 -3 212.831733070955 S2_N1_T0
15018 14 -3 328.380336364997 S2_N1_T0
15020 14 -3 1.28031024236422 S2_N1_T0
15022 14 -3 0 S2_N1_T0
16064 15 -3 54.4467286492813 S2_N1_T0
16065 15 -3 224.14292885152 S2_N1_T0
16066 15 -3 168.730830953676 S2_N1_T0
16067 15 -3 13.621290805445 S2_N1_T0
16068 15 -3 74.693681137885 S2_N1_T0
15001 15 -3 90.025238291937 S2_N1_T0
15002 15 -3 233.536695289284 S2_N1_T0
15003 15 -3 340.87692751468 S2_N1_T0
15007 15 -3 151.177542663945 S2_N1_T0
15008 15 -3 105.403189940691 S2_N1_T0
15011 15 -3 2.6872367405566 S2_N1_T0
15014 15 -3 574.573656825492 S2_N1_T0
15018 15 -3 539.694629446672 S2_N1_T0
15020 15 -3 419.810871916136 S2_N1_T0
15022 15 -3 0 S2_N1_T0
16064 16 -3 11.7383370170131 S2_N1_T0
16065 16 -3 148.08324859708 S2_N1_T0
16066 16 -3 63.6382051899269 S2_N1_T0
16067 16 -3 0 S2_N1_T0
16068 16 -3 33.0558754747922 S2_N1_T0
15001 16 -3 19.2939047686507 S2_N1_T0
15002 16 -3 137.372607946826 S2_N1_T0
15003 16 -3 154.093837867856 S2_N1_T0
15007 16 -3 49.3978894129939 S2_N1_T0
15008 16 -3 23.688910362578 S2_N1_T0
15011 16 -3 0 S2_N1_T0
15014 16 -3 281.267602675013 S2_N1_T0
15018 16 -3 267.073235957557 S2_N1_T0
15020 16 -3 211.64492850953 S2_N1_T0
15022 16 -3 0 S2_N1_T0
16064 17 -3 6.11543946850865 S2_N1_T0
16065 17 -3 55.0323311184944 S2_N1_T0
16066 17 -3 4.81685955776759 S2_N1_T0
16067 17 -3 0 S2_N1_T0
16068 17 -3 0 S2_N1_T0
15001 17 -3 2.30874312631507 S2_N1_T0
15002 17 -3 0 S2_N1_T0
15003 17 -3 257.094936995992 S2_N1_T0
15007 17 -3 106.111124901975 S2_N1_T0
15008 17 -3 89.0465618304834 S2_N1_T0
15011 17 -3 0 S2_N1_T0
15014 17 -3 385.716672453013 S2_N1_T0
15018 17 -3 390.597335575847 S2_N1_T0
15020 17 -3 150.55068840212 S2_N1_T0
15022 17 -3 0 S2_N1_T0
16064 18 -3 0 S2_N1_T0
16065 18 -3 0 S2_N1_T0
16066 18 -3 0 S2_N1_T0
16067 18 -3 0 S2_N1_T0
16068 18 -3 0 S2_N1_T0
15001 18 -3 0 S2_N1_T0
15002 18 -3 0 S2_N1_T0
15003 18 -3 0 S2_N1_T0
15007 18 -3 0 S2_N1_T0
15008 18 -3 0 S2_N1_T0
15011 18 -3 0 S2_N1_T0
15014 18 -3 7.46571815389248 S2_N1_T0
15018 18 -3 6.47218916398967 S2_N1_T0
15020 18 -3 6.23645639605443 S2_N1_T0
15022 18 -3 0 S2_N1_T0
16064 19 -3 0 S2_N1_T0
16065 19 -3 29.6252950163155 S2_N1_T0
16066 19 -3 0 S2_N1_T0
16067 19 -3 0 S2_N1_T0
16068 19 -3 0 S2_N1_T0
15001 19 -3 0 S2_N1_T0
15002 19 -3 40.8066921621366 S2_N1_T0
15003 19 -3 109.877271377559 S2_N1_T0
15007 19 -3 14.870774569728 S2_N1_T0
15008 19 -3 5.5951385630397 S2_N1_T0
15011 19 -3 0 S2_N1_T0
15014 19 -3 210.649009942553 S2_N1_T0
15018 19 -3 186.462812596842 S2_N1_T0
15020 19 -3 131.604294889977 S2_N1_T0
15022 19 -3 0 S2_N1_T0
16064 20 -3 38.9371512081787 S2_N1_T0
16065 20 -3 207.378757346231 S2_N1_T0
16066 20 -3 133.151914356155 S2_N1_T0
16067 20 -3 2.76328872703014 S2_N1_T0
16068 20 -3 66.3913189479823 S2_N1_T0
15001 20 -3 62.8810271145689 S2_N1_T0
15002 20 -3 206.650040468371 S2_N1_T0
15003 20 -3 252.786954534874 S2_N1_T0
15007 20 -3 106.03534722099 S2_N1_T0
15008 20 -3 68.0063835962107 S2_N1_T0
15011 20 -3 2.09306671639121 S2_N1_T0
15014 20 -3 444.992700450214 S2_N1_T0
15018 20 -3 430.559341413121 S2_N1_T0
15020 20 -3 345.311023284446 S2_N1_T0
15022 20 -3 0 S2_N1_T0
16064 21 -3 0 S2_N1_T0
16065 21 -3 6.7582723567757 S2_N1_T0
16066 21 -3 0 S2_N1_T0
16067 21 -3 0 S2_N1_T0
16068 21 -3 0 S2_N1_T0
15001 21 -3 0 S2_N1_T0
15002 21 -3 12.1205918014504 S2_N1_T0
15003 21 -3 75.633619856509 S2_N1_T0
15007 21 -3 2.52299555988229 S2_N1_T0
15008 21 -3 0 S2_N1_T0
15011 21 -3 0 S2_N1_T0
15014 21 -3 160.520097983608 S2_N1_T0
15018 21 -3 137.722607344857 S2_N1_T0
15020 21 -3 94.6177398546626 S2_N1_T0
15022 21 -3 0 S2_N1_T0
16064 22 -3 0 S2_N1_T0
16065 22 -3 91.0683010917318 S2_N1_T0
16066 22 -3 8.03959980706867 S2_N1_T0
16067 22 -3 0 S2_N1_T0
16068 22 -3 4.63875015768945 S2_N1_T0
15001 22 -3 0 S2_N1_T0
15002 22 -3 70.3974889362448 S2_N1_T0
15003 22 -3 81.6452174535604 S2_N1_T0
15007 22 -3 5.58053911127362 S2_N1_T0
15008 22 -3 0 S2_N1_T0
15011 22 -3 0 S2_N1_T0
15014 22 -3 173.154938490749 S2_N1_T0
15018 22 -3 150.871799904687 S2_N1_T0
15020 22 -3 121.795570175516 S2_N1_T0
15022 22 -3 0 S2_N1_T0
16064 23 -3 0 S2_N1_T0
16065 23 -3 21.2842162464589 S2_N1_T0
16066 23 -3 0 S2_N1_T0
16067 23 -3 0 S2_N1_T0
16068 23 -3 0 S2_N1_T0
15001 23 -3 0 S2_N1_T0
15002 23 -3 8.22628939975758 S2_N1_T0
15003 23 -3 136.870273218226 S2_N1_T0
15007 23 -3 31.713782876462 S2_N1_T0
15008 23 -3 17.9771890733292 S2_N1_T0
15011 23 -3 0 S2_N1_T0
15014 23 -3 257.176943232943 S2_N1_T0
15018 23 -3 232.185699366138 S2_N1_T0
15020 23 -3 131.430249401327 S2_N1_T0
15022 23 -3 0 S2_N1_T0
16064 24 -3 0 S2_N1_T0
16065 24 -3 21.2776742358432 S2_N1_T0
16066 24 -3 0 S2_N1_T0
16067 24 -3 0 S2_N1_T0
16068 24 -3 0 S2_N1_T0
15001 24 -3 0 S2_N1_T0
15002 24 -3 34.151092333645 S2_N1_T0
15003 24 -3 84.2874976979218 S2_N1_T0
15007 24 -3 4.73088140189377 S2_N1_T0
15008 24 -3 1.23392770663456 S2_N1_T0
15011 24 -3 0 S2_N1_T0
15014 24 -3 175.678225862374 S2_N1_T0
15018 24 -3 151.515391458221 S2_N1_T0
15020 24 -3 110.882641335281 S2_N1_T0
15022 24 -3 0 S2_N1_T0
16064 25 -3 0 S2_N1_T0
16065 25 -3 0 S2_N1_T0
16066 25 -3 0 S2_N1_T0
16067 25 -3 0 S2_N1_T0
16068 25 -3 0 S2_N1_T0
15001 25 -3 0 S2_N1_T0
15002 25 -3 0 S2_N1_T0
15003 25 -3 154.276351836051 S2_N1_T0
15007 25 -3 67.2799574543209 S2_N1_T0
15008 25 -3 59.4436308584272 S2_N1_T0
15011 25 -3 0 S2_N1_T0
15014 25 -3 171.699424118971 S2_N1_T0
15018 25 -3 277.875092337076 S2_N1_T0
15020 25 -3 0 S2_N1_T0
15022 25 -3 0 S2_N1_T0
16064 26 -3 4.8333828664173 S2_N1_T0
16065 26 -3 125.765538705641 S2_N1_T0
16066 26 -3 44.7783898087007 S2_N1_T0
16067 26 -3 0 S2_N1_T0
16068 26 -3 18.7059146646562 S2_N1_T0
15001 26 -3 8.91994577770782 S2_N1_T0
15002 26 -3 116.149482526365 S2_N1_T0
15003 26 -3 130.889884948368 S2_N1_T0
15007 26 -3 34.0411774962076 S2_N1_T0
15008 26 -3 12.4236403209422 S2_N1_T0
15011 26 -3 0 S2_N1_T0
15014 26 -3 248.049884270165 S2_N1_T0
15018 26 -3 226.639320124705 S2_N1_T0
15020 26 -3 180.983919689482 S2_N1_T0
15022 26 -3 0 S2_N1_T0
16064 27 -3 0 S2_N1_T0
16065 27 -3 0 S2_N1_T0
16066 27 -3 0 S2_N1_T0
16067 27 -3 0 S2_N1_T0
16068 27 -3 0 S2_N1_T0
15001 27 -3 0 S2_N1_T0
15002 27 -3 0 S2_N1_T0
15003 27 -3 14.5934390206475 S2_N1_T0
15007 27 -3 2.23638287507148 S2_N1_T0
15008 27 -3 1.75697919066698 S2_N1_T0
15011 27 -3 0 S2_N1_T0
15014 27 -3 0 S2_N1_T0
15018 27 -3 111.38040375576 S2_N1_T0
15020 27 -3 0 S2_N1_T0
15022 27 -3 0 S2_N1_T0
16064 28 -3 21.9649105165646 S2_N1_T0
16065 28 -3 179.890133798342 S2_N1_T0
16066 28 -3 102.370502224921 S2_N1_T0
16067 28 -3 0 S2_N1_T0
16068 28 -3 53.4975717978565 S2_N1_T0
15001 28 -3 22.7787227843965 S2_N1_T0
15002 28 -3 145.77032161343 S2_N1_T0
15003 28 -3 156.504914949355 S2_N1_T0
15007 28 -3 53.9635704184986 S2_N1_T0
15008 28 -3 24.8971156565932 S2_N1_T0
15011 28 -3 0 S2_N1_T0
15014 28 -3 297.917628009063 S2_N1_T0
15018 28 -3 285.294041722383 S2_N1_T0
15020 28 -3 221.743207489772 S2_N1_T0
15022 28 -3 0 S2_N1_T0
16064 29 -3 0 S2_N1_T0
16065 29 -3 0 S2_N1_T0
16066 29 -3 0 S2_N1_T0
16067 29 -3 0 S2_N1_T0
16068 29 -3 0 S2_N1_T0
15001 29 -3 0 S2_N1_T0
15002 29 -3 0 S2_N1_T0
15003 29 -3 28.7340799474091 S2_N1_T0
15007 29 -3 0 S2_N1_T0
15008 29 -3 0 S2_N1_T0
15011 29 -3 0 S2_N1_T0
15014 29 -3 74.9704781309107 S2_N1_T0
15018 29 -3 68.6428195353801 S2_N1_T0
15020 29 -3 6.86560702734833 S2_N1_T0
15022 29 -3 0 S2_N1_T0
16064 30 -3 0 S2_N1_T0
16065 30 -3 1.13297566295337 S2_N1_T0
16066 30 -3 0 S2_N1_T0
16067 30 -3 0 S2_N1_T0
16068 30 -3 0 S2_N1_T0
15001 30 -3 0 S2_N1_T0
15002 30 -3 0 S2_N1_T0
15003 30 -3 165.324187043059 S2_N1_T0
15007 30 -3 74.3071973413205 S2_N1_T0
15008 30 -3 67.0834621731176 S2_N1_T0
15011 30 -3 0 S2_N1_T0
15014 30 -3 179.232303856433 S2_N1_T0
15018 30 -3 288.466000695105 S2_N1_T0
15020 30 -3 0 S2_N1_T0
15022 30 -3 0 S2_N1_T0
16064 31 -3 0 S2_N1_T0
16065 31 -3 0 S2_N1_T0
16066 31 -3 0 S2_N1_T0
16067 31 -3 0 S2_N1_T0
16068 31 -3 0 S2_N1_T0
15001 31 -3 0 S2_N1_T0
15002 31 -3 0 S2_N1_T0
15003 31 -3 118.520207921161 S2_N1_T0
15007 31 -3 17.7995901928119 S2_N1_T0
15008 31 -3 10.5212555886635 S2_N1_T0
15011 31 -3 0 S2_N1_T0
15014 31 -3 202.81050585955 S2_N1_T0
15018 31 -3 216.336143449464 S2_N1_T0
15020 31 -3 4.624433152365 S2_N1_T0
15022 31 -3 0 S2_N1_T0
16064 1 -5 0 S2_N1_T0
16065 1 -5 0 S2_N1_T0
16066 1 -5 0 S2_N1_T0
16067 1 -5 0 S2_N1_T0
16068 1 -5 0 S2_N1_T0
15001 1 -5 0 S2_N1_T0
15002 1 -5 0 S2_N1_T0
15003 1 -5 0 S2_N1_T0
15007 1 -5 0 S2_N1_T0
15008 1 -5 0 S2_N1_T0
15011 1 -5 0 S2_N1_T0
15014 1 -5 0 S2_N1_T0
15018 1 -5 0 S2_N1_T0
15020 1 -5 0 S2_N1_T0
15022 1 -5 0 S2_N1_T0
16064 2 -5 0 S2_N1_T0
16065 2 -5 0 S2_N1_T0
16066 2 -5 0 S2_N1_T0
16067 2 -5 0 S2_N1_T0
16068 2 -5 0 S2_N1_T0
15001 2 -5 0 S2_N1_T0
15002 2 -5 0 S2_N1_T0
15003 2 -5 39.5494038484892 S2_N1_T0
15007 2 -5 10.8172184217363 S2_N1_T0
15008 2 -5 9.23532570870421 S2_N1_T0
15011 2 -5 0 S2_N1_T0
15014 2 -5 0 S2_N1_T0
15018 2 -5 147.957569478066 S2_N1_T0
15020 2 -5 0 S2_N1_T0
15022 2 -5 0 S2_N1_T0
16064 3 -5 0 S2_N1_T0
16065 3 -5 0 S2_N1_T0
16066 3 -5 0 S2_N1_T0
16067 3 -5 0 S2_N1_T0
16068 3 -5 0 S2_N1_T0
15001 3 -5 0 S2_N1_T0
15002 3 -5 0 S2_N1_T0
15003 3 -5 0 S2_N1_T0
15007 3 -5 0 S2_N1_T0
15008 3 -5 0 S2_N1_T0
15011 3 -5 0 S2_N1_T0
15014 3 -5 0 S2_N1_T0
15018 3 -5 0 S2_N1_T0
15020 3 -5 0 S2_N1_T0
15022 3 -5 0 S2_N1_T0
16064 4 -5 0 S2_N1_T0
16065 4 -5 0 S2_N1_T0
16066 4 -5 0 S2_N1_T0
16067 4 -5 0 S2_N1_T0
16068 4 -5 0 S2_N1_T0
15001 4 -5 0 S2_N1_T0
15002 4 -5 0 S2_N1_T0
15003 4 -5 0 S2_N1_T0
15007 4 -5 0 S2_N1_T0
15008 4 -5 0 S2_N1_T0
15011 4 -5 0 S2_N1_T0
15014 4 -5 0 S2_N1_T0
15018 4 -5 0 S2_N1_T0
15020 4 -5 0 S2_N1_T0
15022 4 -5 0 S2_N1_T0
16064 5 -5 0 S2_N1_T0
16065 5 -5 0 S2_N1_T0
16066 5 -5 0 S2_N1_T0
16067 5 -5 0 S2_N1_T0
16068 5 -5 0 S2_N1_T0
15001 5 -5 0 S2_N1_T0
15002 5 -5 0 S2_N1_T0
15003 5 -5 0 S2_N1_T0
15007 5 -5 0 S2_N1_T0
15008 5 -5 0 S2_N1_T0
15011 5 -5 0 S2_N1_T0
15014 5 -5 0 S2_N1_T0
15018 5 -5 0 S2_N1_T0
15020 5 -5 0 S2_N1_T0
15022 5 -5 0 S2_N1_T0
16064 6 -5 0 S2_N1_T0
16065 6 -5 2.36769620144741 S2_N1_T0
16066 6 -5 1.66131046591975 S2_N1_T0
16067 6 -5 0 S2_N1_T0
16068 6 -5 0 S2_N1_T0
15001 6 -5 0 S2_N1_T0
15002 6 -5 0 S2_N1_T0
15003 6 -5 115.361059953303 S2_N1_T0
15007 6 -5 15.6703935970801 S2_N1_T0
15008 6 -5 10.3834217003801 S2_N1_T0
15011 6 -5 0 S2_N1_T0
15014 6 -5 217.933775165536 S2_N1_T0
15018 6 -5 186.153759560604 S2_N1_T0
15020 6 -5 84.7565425103599 S2_N1_T0
15022 6 -5 0 S2_N1_T0
16064 7 -5 0 S2_N1_T0
16065 7 -5 0 S2_N1_T0
16066 7 -5 0 S2_N1_T0
16067 7 -5 0 S2_N1_T0
16068 7 -5 0 S2_N1_T0
15001 7 -5 0 S2_N1_T0
15002 7 -5 0 S2_N1_T0
15003 7 -5 49.7526674532421 S2_N1_T0
15007 7 -5 17.4190707709595 S2_N1_T0
15008 7 -5 14.6036952302345 S2_N1_T0
15011 7 -5 0 S2_N1_T0
15014 7 -5 0 S2_N1_T0
15018 7 -5 161.563029269082 S2_N1_T0
15020 7 -5 0 S2_N1_T0
15022 7 -5 0 S2_N1_T0
16064 8 -5 0 S2_N1_T0
16065 8 -5 0 S2_N1_T0
16066 8 -5 0 S2_N1_T0
16067 8 -5 0 S2_N1_T0
16068 8 -5 0 S2_N1_T0
15001 8 -5 0 S2_N1_T0
15002 8 -5 0 S2_N1_T0
15003 8 -5 0 S2_N1_T0
15007 8 -5 0 S2_N1_T0
15008 8 -5 0 S2_N1_T0
15011 8 -5 0 S2_N1_T0
15014 8 -5 2.12167845247857 S2_N1_T0
15018 8 -5 1.17633110201233 S2_N1_T0
15020 8 -5 0 S2_N1_T0
15022 8 -5 0 S2_N1_T0
16064 9 -5 0 S2_N1_T0
16065 9 -5 0 S2_N1_T0
16066 9 -5 0 S2_N1_T0
16067 9 -5 0 S2_N1_T0
16068 9 -5 0 S2_N1_T0
15001 9 -5 0 S2_N1_T0
15002 9 -5 0 S2_N1_T0
15003 9 -5 0 S2_N1_T0
15007 9 -5 0 S2_N1_T0
15008 9 -5 0 S2_N1_T0
15011 9 -5 0 S2_N1_T0
15014 9 -5 7.92533741426669 S2_N1_T0
15018 9 -5 4.76121824352585 S2_N1_T0
15020 9 -5 0 S2_N1_T0
15022 9 -5 0 S2_N1_T0
16064 10 -5 0 S2_N1_T0
16065 10 -5 0 S2_N1_T0
16066 10 -5 0 S2_N1_T0
16067 10 -5 0 S2_N1_T0
16068 10 -5 0 S2_N1_T0
15001 10 -5 0 S2_N1_T0
15002 10 -5 0 S2_N1_T0
15003 10 -5 0 S2_N1_T0
15007 10 -5 0 S2_N1_T0
15008 10 -5 0 S2_N1_T0
15011 10 -5 0 S2_N1_T0
15014 10 -5 0 S2_N1_T0
15018 10 -5 0 S2_N1_T0
15020 10 -5 0 S2_N1_T0
15022 10 -5 0 S2_N1_T0
16064 11 -5 0 S2_N1_T0
16065 11 -5 0 S2_N1_T0
16066 11 -5 0 S2_N1_T0
16067 11 -5 0 S2_N1_T0
16068 11 -5 0 S2_N1_T0
15001 11 -5 0 S2_N1_T0
15002 11 -5 0 S2_N1_T0
15003 11 -5 0 S2_N1_T0
15007 11 -5 0 S2_N1_T0
15008 11 -5 0 S2_N1_T0
15011 11 -5 0 S2_N1_T0
15014 11 -5 0 S2_N1_T0
15018 11 -5 0 S2_N1_T0
15020 11 -5 0 S2_N1_T0
15022 11 -5 0 S2_N1_T0
16064 12 -5 0 S2_N1_T0
16065 12 -5 0 S2_N1_T0
16066 12 -5 0 S2_N1_T0
16067 12 -5 0 S2_N1_T0
16068 12 -5 0 S2_N1_T0
15001 12 -5 0 S2_N1_T0
15002 12 -5 0 S2_N1_T0
15003 12 -5 0 S2_N1_T0
15007 12 -5 0 S2_N1_T0
15008 12 -5 0 S2_N1_T0
15011 12 -5 0 S2_N1_T0
15014 12 -5 0 S2_N1_T0
15018 12 -5 0 S2_N1_T0
15020 12 -5 0 S2_N1_T0
15022 12 -5 0 S2_N1_T0
16064 13 -5 0 S2_N1_T0
16065 13 -5 0 S2_N1_T0
16066 13 -5 0 S2_N1_T0
16067 13 -5 0 S2_N1_T0
16068 13 -5 0 S2_N1_T0
15001 13 -5 0 S2_N1_T0
15002 13 -5 0 S2_N1_T0
15003 13 -5 0 S2_N1_T0
15007 13 -5 0 S2_N1_T0
15008 13 -5 0 S2_N1_T0
15011 13 -5 0 S2_N1_T0
15014 13 -5 1.00529026212818 S2_N1_T0
15018 13 -5 1.62089786442852 S2_N1_T0
15020 13 -5 0 S2_N1_T0
15022 13 -5 0 S2_N1_T0
16064 14 -5 0 S2_N1_T0
16065 14 -5 0 S2_N1_T0
16066 14 -5 0 S2_N1_T0
16067 14 -5 0 S2_N1_T0
16068 14 -5 0 S2_N1_T0
15001 14 -5 0 S2_N1_T0
15002 14 -5 0 S2_N1_T0
15003 14 -5 121.413336951415 S2_N1_T0
15007 14 -5 39.2667362725568 S2_N1_T0
15008 14 -5 38.831569164985 S2_N1_T0
15011 14 -5 0 S2_N1_T0
15014 14 -5 138.332550016715 S2_N1_T0
15018 14 -5 218.206832276865 S2_N1_T0
15020 14 -5 0 S2_N1_T0
15022 14 -5 0 S2_N1_T0
16064 15 -5 4.16322880601721 S2_N1_T0
16065 15 -5 108.349874622601 S2_N1_T0
16066 15 -5 117.070052425205 S2_N1_T0
16067 15 -5 0 S2_N1_T0
16068 15 -5 31.1540110048187 S2_N1_T0
15001 15 -5 19.1344362328722 S2_N1_T0
15002 15 -5 120.379510827911 S2_N1_T0
15003 15 -5 172.393787593803 S2_N1_T0
15007 15 -5 62.7881761843206 S2_N1_T0
15008 15 -5 36.8170766698957 S2_N1_T0
15011 15 -5 0 S2_N1_T0
15014 15 -5 322.070368278016 S2_N1_T0
15018 15 -5 273.881105162884 S2_N1_T0
15020 15 -5 209.202586334042 S2_N1_T0
15022 15 -5 0 S2_N1_T0
16064 16 -5 0 S2_N1_T0
16065 16 -5 1.09035396912922 S2_N1_T0
16066 16 -5 0 S2_N1_T0
16067 16 -5 0 S2_N1_T0
16068 16 -5 0 S2_N1_T0
15001 16 -5 0 S2_N1_T0
15002 16 -5 1.23250163960248 S2_N1_T0
15003 16 -5 5.56537683309062 S2_N1_T0
15007 16 -5 0 S2_N1_T0
15008 16 -5 0 S2_N1_T0
15011 16 -5 0 S2_N1_T0
15014 16 -5 43.1906223568495 S2_N1_T0
15018 16 -5 29.1161663281325 S2_N1_T0
15020 16 -5 25.2491416228016 S2_N1_T0
15022 16 -5 0 S2_N1_T0
16064 17 -5 0 S2_N1_T0
16065 17 -5 2.15395877193556 S2_N1_T0
16066 17 -5 1.57953308602314 S2_N1_T0
16067 17 -5 0 S2_N1_T0
16068 17 -5 0 S2_N1_T0
15001 17 -5 0 S2_N1_T0
15002 17 -5 0 S2_N1_T0
15003 17 -5 142.404821733698 S2_N1_T0
15007 17 -5 32.4357368050232 S2_N1_T0
15008 17 -5 29.2563019573462 S2_N1_T0
15011 17 -5 0 S2_N1_T0
15014 17 -5 238.71934087506 S2_N1_T0
15018 17 -5 221.055629664528 S2_N1_T0
15020 17 -5 68.9838183803613 S2_N1_T0
15022 17 -5 0 S2_N1_T0
16064 18 -5 0 S2_N1_T0
16065 18 -5 0 S2_N1_T0
16066 18 -5 0 S2_N1_T0
16067 18 -5 0 S2_N1_T0
16068 18 -5 0 S2_N1_T0
15001 18 -5 0 S2_N1_T0
15002 18 -5 0 S2_N1_T0
15003 18 -5 0 S2_N1_T0
15007 18 -5 0 S2_N1_T0
15008 18 -5 0 S2_N1_T0
15011 18 -5 0 S2_N1_T0
15014 18 -5 0 S2_N1_T0
15018 18 -5 0 S2_N1_T0
15020 18 -5 0 S2_N1_T0
15022 18 -5 0 S2_N1_T0
16064 19 -5 0 S2_N1_T0
16065 19 -5 0 S2_N1_T0
16066 19 -5 0 S2_N1_T0
16067 19 -5 0 S2_N1_T0
16068 19 -5 0 S2_N1_T0
15001 19 -5 0 S2_N1_T0
15002 19 -5 0 S2_N1_T0
15003 19 -5 0 S2_N1_T0
15007 19 -5 0 S2_N1_T0
15008 19 -5 0 S2_N1_T0
15011 19 -5 0 S2_N1_T0
15014 19 -5 1.75412270947621 S2_N1_T0
15018 19 -5 0 S2_N1_T0
15020 19 -5 0 S2_N1_T0
15022 19 -5 0 S2_N1_T0
16064 20 -5 0 S2_N1_T0
16065 20 -5 54.3315156136001 S2_N1_T0
16066 20 -5 26.3766501988277 S2_N1_T0
16067 20 -5 0 S2_N1_T0
16068 20 -5 5.92356725451172 S2_N1_T0
15001 20 -5 0 S2_N1_T0
15002 20 -5 64.9990322756235 S2_N1_T0
15003 20 -5 89.2834533163134 S2_N1_T0
15007 20 -5 6.89957790939239 S2_N1_T0
15008 20 -5 1.75144575369807 S2_N1_T0
15011 20 -5 0 S2_N1_T0
15014 20 -5 185.641161922355 S2_N1_T0
15018 20 -5 154.026031846573 S2_N1_T0
15020 20 -5 123.544502855819 S2_N1_T0
15022 20 -5 0 S2_N1_T0
16064 21 -5 0 S2_N1_T0
16065 21 -5 0 S2_N1_T0
16066 21 -5 0 S2_N1_T0
16067 21 -5 0 S2_N1_T0
16068 21 -5 0 S2_N1_T0
15001 21 -5 0 S2_N1_T0
15002 21 -5 0 S2_N1_T0
15003 21 -5 0 S2_N1_T0
15007 21 -5 0 S2_N1_T0
15008 21 -5 0 S2_N1_T0
15011 21 -5 0 S2_N1_T0
15014 21 -5 0 S2_N1_T0
15018 21 -5 0 S2_N1_T0
15020 21 -5 0 S2_N1_T0
15022 21 -5 0 S2_N1_T0
16064 22 -5 0 S2_N1_T0
16065 22 -5 0 S2_N1_T0
16066 22 -5 0 S2_N1_T0
16067 22 -5 0 S2_N1_T0
16068 22 -5 0 S2_N1_T0
15001 22 -5 0 S2_N1_T0
15002 22 -5 0 S2_N1_T0
15003 22 -5 0 S2_N1_T0
15007 22 -5 0 S2_N1_T0
15008 22 -5 0 S2_N1_T0
15011 22 -5 0 S2_N1_T0
15014 22 -5 0 S2_N1_T0
15018 22 -5 0 S2_N1_T0
15020 22 -5 0 S2_N1_T0
15022 22 -5 0 S2_N1_T0
16064 23 -5 0 S2_N1_T0
16065 23 -5 0 S2_N1_T0
16066 23 -5 0 S2_N1_T0
16067 23 -5 0 S2_N1_T0
16068 23 -5 0 S2_N1_T0
15001 23 -5 0 S2_N1_T0
15002 23 -5 0 S2_N1_T0
15003 23 -5 1.27640919936766 S2_N1_T0
15007 23 -5 0 S2_N1_T0
15008 23 -5 0 S2_N1_T0
15011 23 -5 0 S2_N1_T0
15014 23 -5 21.7392796663859 S2_N1_T0
15018 23 -5 10.8811598579104 S2_N1_T0
15020 23 -5 0 S2_N1_T0
15022 23 -5 0 S2_N1_T0
16064 24 -5 0 S2_N1_T0
16065 24 -5 0 S2_N1_T0
16066 24 -5 0 S2_N1_T0
16067 24 -5 0 S2_N1_T0
16068 24 -5 0 S2_N1_T0
15001 24 -5 0 S2_N1_T0
15002 24 -5 0 S2_N1_T0
15003 24 -5 0 S2_N1_T0
15007 24 -5 0 S2_N1_T0
15008 24 -5 0 S2_N1_T0
15011 24 -5 0 S2_N1_T0
15014 24 -5 0 S2_N1_T0
15018 24 -5 0 S2_N1_T0
15020 24 -5 0 S2_N1_T0
15022 24 -5 0 S2_N1_T0
16064 25 -5 0 S2_N1_T0
16065 25 -5 0 S2_N1_T0
16066 25 -5 0 S2_N1_T0
16067 25 -5 0 S2_N1_T0
16068 25 -5 0 S2_N1_T0
15001 25 -5 0 S2_N1_T0
15002 25 -5 0 S2_N1_T0
15003 25 -5 59.7842221669911 S2_N1_T0
15007 25 -5 3.19753069438437 S2_N1_T0
15008 25 -5 4.07069539846275 S2_N1_T0
15011 25 -5 0 S2_N1_T0
15014 25 -5 58.4468580257268 S2_N1_T0
15018 25 -5 137.322805758949 S2_N1_T0
15020 25 -5 0 S2_N1_T0
15022 25 -5 0 S2_N1_T0
16064 26 -5 0 S2_N1_T0
16065 26 -5 0 S2_N1_T0
16066 26 -5 0 S2_N1_T0
16067 26 -5 0 S2_N1_T0
16068 26 -5 0 S2_N1_T0
15001 26 -5 0 S2_N1_T0
15002 26 -5 0 S2_N1_T0
15003 26 -5 0 S2_N1_T0
15007 26 -5 0 S2_N1_T0
15008 26 -5 0 S2_N1_T0
15011 26 -5 0 S2_N1_T0
15014 26 -5 10.4020824361935 S2_N1_T0
15018 26 -5 5.22514414924097 S2_N1_T0
15020 26 -5 4.51212338774143 S2_N1_T0
15022 26 -5 0 S2_N1_T0
16064 27 -5 0 S2_N1_T0
16065 27 -5 0 S2_N1_T0
16066 27 -5 0 S2_N1_T0
16067 27 -5 0 S2_N1_T0
16068 27 -5 0 S2_N1_T0
15001 27 -5 0 S2_N1_T0
15002 27 -5 0 S2_N1_T0
15003 27 -5 0 S2_N1_T0
15007 27 -5 0 S2_N1_T0
15008 27 -5 0 S2_N1_T0
15011 27 -5 0 S2_N1_T0
15014 27 -5 0 S2_N1_T0
15018 27 -5 2.69399231309873 S2_N1_T0
15020 27 -5 0 S2_N1_T0
15022 27 -5 0 S2_N1_T0
16064 28 -5 0 S2_N1_T0
16065 28 -5 2.70637542413598 S2_N1_T0
16066 28 -5 0 S2_N1_T0
16067 28 -5 0 S2_N1_T0
16068 28 -5 0 S2_N1_T0
15001 28 -5 0 S2_N1_T0
15002 28 -5 1.36116250671063 S2_N1_T0
15003 28 -5 4.61822430492714 S2_N1_T0
15007 28 -5 0 S2_N1_T0
15008 28 -5 0 S2_N1_T0
15011 28 -5 0 S2_N1_T0
15014 28 -5 46.762124830475 S2_N1_T0
15018 28 -5 29.6608182763825 S2_N1_T0
15020 28 -5 25.1587708437467 S2_N1_T0
15022 28 -5 0 S2_N1_T0
16064 29 -5 0 S2_N1_T0
16065 29 -5 0 S2_N1_T0
16066 29 -5 0 S2_N1_T0
16067 29 -5 0 S2_N1_T0
16068 29 -5 0 S2_N1_T0
15001 29 -5 0 S2_N1_T0
15002 29 -5 0 S2_N1_T0
15003 29 -5 0 S2_N1_T0
15007 29 -5 0 S2_N1_T0
15008 29 -5 0 S2_N1_T0
15011 29 -5 0 S2_N1_T0
15014 29 -5 0 S2_N1_T0
15018 29 -5 0 S2_N1_T0
15020 29 -5 0 S2_N1_T0
15022 29 -5 0 S2_N1_T0
16064 30 -5 0 S2_N1_T0
16065 30 -5 0 S2_N1_T0
16066 30 -5 0 S2_N1_T0
16067 30 -5 0 S2_N1_T0
16068 30 -5 0 S2_N1_T0
15001 30 -5 0 S2_N1_T0
15002 30 -5 0 S2_N1_T0
15003 30 -5 80.6675187372293 S2_N1_T0
15007 30 -5 9.55458000549055 S2_N1_T0
15008 30 -5 12.2844135302411 S2_N1_T0
15011 30 -5 0 S2_N1_T0
15014 30 -5 82.8576581642132 S2_N1_T0
15018 30 -5 163.341290576752 S2_N1_T0
15020 30 -5 0 S2_N1_T0
15022 30 -5 0 S2_N1_T0
16064 31 -5 0 S2_N1_T0
16065 31 -5 0 S2_N1_T0
16066 31 -5 0 S2_N1_T0
16067 31 -5 0 S2_N1_T0
16068 31 -5 0 S2_N1_T0
15001 31 -5 0 S2_N1_T0
15002 31 -5 0 S2_N1_T0
15003 31 -5 0 S2_N1_T0
15007 31 -5 0 S2_N1_T0
15008 31 -5 0 S2_N1_T0
15011 31 -5 0 S2_N1_T0
15014 31 -5 9.71703314470495 S2_N1_T0
15018 31 -5 14.6222835776482 S2_N1_T0
15020 31 -5 0 S2_N1_T0
15022 31 -5 0 S2_N1_T0
