speciesID lakeID variable value scenario
14011 1 -0.5 33.6479470027585 S2_N1_T0
14012 1 -0.5 38.2360137060811 S2_N1_T0
14013 1 -0.5 132.77422119262 S2_N1_T0
14015 1 -0.5 0 S2_N1_T0
14017 1 -0.5 252.851598323979 S2_N1_T0
14018 1 -0.5 0 S2_N1_T0
14022 1 -0.5 255.77064203745 S2_N1_T0
14023 1 -0.5 0 S2_N1_T0
14025 1 -0.5 0 S2_N1_T0
14027 1 -0.5 63.8474742674683 S2_N1_T0
14029 1 -0.5 133.106206177815 S2_N1_T0
14030 1 -0.5 1.67557384114635 S2_N1_T0
14031 1 -0.5 0 S2_N1_T0
14032 1 -0.5 308.692031223736 S2_N1_T0
14033 1 -0.5 0 S2_N1_T0
14011 2 -0.5 0 S2_N1_T0
14012 2 -0.5 0 S2_N1_T0
14013 2 -0.5 0 S2_N1_T0
14015 2 -0.5 0 S2_N1_T0
14017 2 -0.5 0 S2_N1_T0
14018 2 -0.5 0 S2_N1_T0
14022 2 -0.5 30.6958567541251 S2_N1_T0
14023 2 -0.5 0 S2_N1_T0
14025 2 -0.5 0 S2_N1_T0
14027 2 -0.5 0 S2_N1_T0
14029 2 -0.5 0 S2_N1_T0
14030 2 -0.5 0 S2_N1_T0
14031 2 -0.5 0 S2_N1_T0
14032 2 -0.5 0 S2_N1_T0
14033 2 -0.5 0 S2_N1_T0
14011 3 -0.5 3.57846105021851 S2_N1_T0
14012 3 -0.5 2.81439300639461 S2_N1_T0
14013 3 -0.5 91.7720986226594 S2_N1_T0
14015 3 -0.5 0 S2_N1_T0
14017 3 -0.5 117.801604088759 S2_N1_T0
14018 3 -0.5 0 S2_N1_T0
14022 3 -0.5 218.563252605735 S2_N1_T0
14023 3 -0.5 0 S2_N1_T0
14025 3 -0.5 0 S2_N1_T0
14027 3 -0.5 7.81320271148224 S2_N1_T0
14029 3 -0.5 93.3055622959908 S2_N1_T0
14030 3 -0.5 0 S2_N1_T0
14031 3 -0.5 0 S2_N1_T0
14032 3 -0.5 222.505308091981 S2_N1_T0
14033 3 -0.5 0 S2_N1_T0
14011 4 -0.5 22.2289625011833 S2_N1_T0
14012 4 -0.5 29.0245955556657 S2_N1_T0
14013 4 -0.5 122.305365794691 S2_N1_T0
14015 4 -0.5 0 S2_N1_T0
14017 4 -0.5 216.177308769078 S2_N1_T0
14018 4 -0.5 0 S2_N1_T0
14022 4 -0.5 246.274215987346 S2_N1_T0
14023 4 -0.5 0 S2_N1_T0
14025 4 -0.5 0 S2_N1_T0
14027 4 -0.5 51.3936787946579 S2_N1_T0
14029 4 -0.5 120.64601450481 S2_N1_T0
14030 4 -0.5 0 S2_N1_T0
14031 4 -0.5 0 S2_N1_T0
14032 4 -0.5 292.537098908495 S2_N1_T0
14033 4 -0.5 0 S2_N1_T0
14011 5 -0.5 0 S2_N1_T0
14012 5 -0.5 0 S2_N1_T0
14013 5 -0.5 0 S2_N1_T0
14015 5 -0.5 0 S2_N1_T0
14017 5 -0.5 0 S2_N1_T0
14018 5 -0.5 0 S2_N1_T0
14022 5 -0.5 0 S2_N1_T0
14023 5 -0.5 0 S2_N1_T0
14025 5 -0.5 0 S2_N1_T0
14027 5 -0.5 0 S2_N1_T0
14029 5 -0.5 0 S2_N1_T0
14030 5 -0.5 0 S2_N1_T0
14031 5 -0.5 0 S2_N1_T0
14032 5 -0.5 0 S2_N1_T0
14033 5 -0.5 0 S2_N1_T0
14011 6 -0.5 34.0897125135882 S2_N1_T0
14012 6 -0.5 38.4447391380751 S2_N1_T0
14013 6 -0.5 132.598247587582 S2_N1_T0
14015 6 -0.5 0 S2_N1_T0
14017 6 -0.5 234.986103580244 S2_N1_T0
14018 6 -0.5 0 S2_N1_T0
14022 6 -0.5 252.90517993797 S2_N1_T0
14023 6 -0.5 0 S2_N1_T0
14025 6 -0.5 0 S2_N1_T0
14027 6 -0.5 58.7042136791814 S2_N1_T0
14029 6 -0.5 139.635582957377 S2_N1_T0
14030 6 -0.5 1.43959274197894 S2_N1_T0
14031 6 -0.5 0 S2_N1_T0
14032 6 -0.5 309.208746995119 S2_N1_T0
14033 6 -0.5 0 S2_N1_T0
14011 7 -0.5 0 S2_N1_T0
14012 7 -0.5 0 S2_N1_T0
14013 7 -0.5 0 S2_N1_T0
14015 7 -0.5 0 S2_N1_T0
14017 7 -0.5 0 S2_N1_T0
14018 7 -0.5 0 S2_N1_T0
14022 7 -0.5 33.4161857444181 S2_N1_T0
14023 7 -0.5 0 S2_N1_T0
14025 7 -0.5 0 S2_N1_T0
14027 7 -0.5 0 S2_N1_T0
14029 7 -0.5 0 S2_N1_T0
14030 7 -0.5 0 S2_N1_T0
14031 7 -0.5 0 S2_N1_T0
14032 7 -0.5 0 S2_N1_T0
14033 7 -0.5 0 S2_N1_T0
14011 8 -0.5 34.8839148305577 S2_N1_T0
14012 8 -0.5 38.9650725831722 S2_N1_T0
14013 8 -0.5 127.195866251463 S2_N1_T0
14015 8 -0.5 0 S2_N1_T0
14017 8 -0.5 224.045037345746 S2_N1_T0
14018 8 -0.5 0 S2_N1_T0
14022 8 -0.5 240.788891248044 S2_N1_T0
14023 8 -0.5 0 S2_N1_T0
14025 8 -0.5 0 S2_N1_T0
14027 8 -0.5 60.5592138577396 S2_N1_T0
14029 8 -0.5 121.042918771404 S2_N1_T0
14030 8 -0.5 0 S2_N1_T0
14031 8 -0.5 0 S2_N1_T0
14032 8 -0.5 299.755492857346 S2_N1_T0
14033 8 -0.5 0 S2_N1_T0
14011 9 -0.5 23.4824266405114 S2_N1_T0
14012 9 -0.5 29.1584515824608 S2_N1_T0
14013 9 -0.5 123.15177119097 S2_N1_T0
14015 9 -0.5 0 S2_N1_T0
14017 9 -0.5 212.783300723411 S2_N1_T0
14018 9 -0.5 0 S2_N1_T0
14022 9 -0.5 245.880248593547 S2_N1_T0
14023 9 -0.5 0 S2_N1_T0
14025 9 -0.5 0 S2_N1_T0
14027 9 -0.5 50.2121520192655 S2_N1_T0
14029 9 -0.5 125.66356069463 S2_N1_T0
14030 9 -0.5 0 S2_N1_T0
14031 9 -0.5 0 S2_N1_T0
14032 9 -0.5 292.458744788241 S2_N1_T0
14033 9 -0.5 0 S2_N1_T0
14011 10 -0.5 38.8901602144355 S2_N1_T0
14012 10 -0.5 43.4233507630869 S2_N1_T0
14013 10 -0.5 136.709487749953 S2_N1_T0
14015 10 -0.5 0 S2_N1_T0
14017 10 -0.5 252.302263099624 S2_N1_T0
14018 10 -0.5 0 S2_N1_T0
14022 10 -0.5 256.205547673639 S2_N1_T0
14023 10 -0.5 0 S2_N1_T0
14025 10 -0.5 0 S2_N1_T0
14027 10 -0.5 66.7204724466911 S2_N1_T0
14029 10 -0.5 137.751965628141 S2_N1_T0
14030 10 -0.5 1.59020668522632 S2_N1_T0
14031 10 -0.5 0 S2_N1_T0
14032 10 -0.5 316.5003303169 S2_N1_T0
14033 10 -0.5 0 S2_N1_T0
14011 11 -0.5 12.1875820249252 S2_N1_T0
14012 11 -0.5 17.1958128962909 S2_N1_T0
14013 11 -0.5 105.447945111714 S2_N1_T0
14015 11 -0.5 0 S2_N1_T0
14017 11 -0.5 187.718188230113 S2_N1_T0
14018 11 -0.5 0 S2_N1_T0
14022 11 -0.5 233.67521048694 S2_N1_T0
14023 11 -0.5 0 S2_N1_T0
14025 11 -0.5 0 S2_N1_T0
14027 11 -0.5 40.4418296875808 S2_N1_T0
14029 11 -0.5 80.7568040634502 S2_N1_T0
14030 11 -0.5 0 S2_N1_T0
14031 11 -0.5 0 S2_N1_T0
14032 11 -0.5 266.976787604365 S2_N1_T0
14033 11 -0.5 0 S2_N1_T0
14011 12 -0.5 9.38842901350999 S2_N1_T0
14012 12 -0.5 12.7673416748368 S2_N1_T0
14013 12 -0.5 93.7344053814798 S2_N1_T0
14015 12 -0.5 0 S2_N1_T0
14017 12 -0.5 145.718325837594 S2_N1_T0
14018 12 -0.5 0 S2_N1_T0
14022 12 -0.5 215.840167642773 S2_N1_T0
14023 12 -0.5 0 S2_N1_T0
14025 12 -0.5 0 S2_N1_T0
14027 12 -0.5 32.6772784439633 S2_N1_T0
14029 12 -0.5 56.6937753013567 S2_N1_T0
14030 12 -0.5 0 S2_N1_T0
14031 12 -0.5 0 S2_N1_T0
14032 12 -0.5 248.872275586148 S2_N1_T0
14033 12 -0.5 0 S2_N1_T0
14011 13 -0.5 1.8760704268546 S2_N1_T0
14012 13 -0.5 2.01003188900013 S2_N1_T0
14013 13 -0.5 66.0617499773136 S2_N1_T0
14015 13 -0.5 0 S2_N1_T0
14017 13 -0.5 40.957138370521 S2_N1_T0
14018 13 -0.5 0 S2_N1_T0
14022 13 -0.5 172.901420630484 S2_N1_T0
14023 13 -0.5 0 S2_N1_T0
14025 13 -0.5 0 S2_N1_T0
14027 13 -0.5 4.1668723834901 S2_N1_T0
14029 13 -0.5 40.0241237827481 S2_N1_T0
14030 13 -0.5 0 S2_N1_T0
14031 13 -0.5 0 S2_N1_T0
14032 13 -0.5 194.105327941685 S2_N1_T0
14033 13 -0.5 0 S2_N1_T0
14011 14 -0.5 0 S2_N1_T0
14012 14 -0.5 0 S2_N1_T0
14013 14 -0.5 60.9147517195212 S2_N1_T0
14015 14 -0.5 0 S2_N1_T0
14017 14 -0.5 17.1174687950232 S2_N1_T0
14018 14 -0.5 0 S2_N1_T0
14022 14 -0.5 166.859582031686 S2_N1_T0
14023 14 -0.5 0 S2_N1_T0
14025 14 -0.5 0 S2_N1_T0
14027 14 -0.5 0 S2_N1_T0
14029 14 -0.5 50.8421023752134 S2_N1_T0
14030 14 -0.5 0 S2_N1_T0
14031 14 -0.5 0 S2_N1_T0
14032 14 -0.5 137.864138896311 S2_N1_T0
14033 14 -0.5 0 S2_N1_T0
14011 15 -0.5 57.3438528302444 S2_N1_T0
14012 15 -0.5 58.7288653909993 S2_N1_T0
14013 15 -0.5 155.175281108777 S2_N1_T0
14015 15 -0.5 0 S2_N1_T0
14017 15 -0.5 297.397453676703 S2_N1_T0
14018 15 -0.5 0 S2_N1_T0
14022 15 -0.5 272.654950172481 S2_N1_T0
14023 15 -0.5 0 S2_N1_T0
14025 15 -0.5 0 S2_N1_T0
14027 15 -0.5 83.5033846732152 S2_N1_T0
14029 15 -0.5 165.394534565386 S2_N1_T0
14030 15 -0.5 5.31330689132629 S2_N1_T0
14031 15 -0.5 0 S2_N1_T0
14032 15 -0.5 351.526712955214 S2_N1_T0
14033 15 -0.5 0 S2_N1_T0
14011 16 -0.5 45.1241588593932 S2_N1_T0
14012 16 -0.5 47.1250767552637 S2_N1_T0
14013 16 -0.5 137.94579594212 S2_N1_T0
14015 16 -0.5 0 S2_N1_T0
14017 16 -0.5 252.170595526599 S2_N1_T0
14018 16 -0.5 0 S2_N1_T0
14022 16 -0.5 252.163067172033 S2_N1_T0
14023 16 -0.5 0 S2_N1_T0
14025 16 -0.5 0 S2_N1_T0
14027 16 -0.5 69.7314218445251 S2_N1_T0
14029 16 -0.5 136.467561855131 S2_N1_T0
14030 16 -0.5 1.28293963859774 S2_N1_T0
14031 16 -0.5 0 S2_N1_T0
14032 16 -0.5 317.78193674281 S2_N1_T0
14033 16 -0.5 0 S2_N1_T0
14011 17 -0.5 14.0217613903905 S2_N1_T0
14012 17 -0.5 15.8236469655386 S2_N1_T0
14013 17 -0.5 106.393746301003 S2_N1_T0
14015 17 -0.5 0 S2_N1_T0
14017 17 -0.5 153.961949078687 S2_N1_T0
14018 17 -0.5 0 S2_N1_T0
14022 17 -0.5 220.689276055999 S2_N1_T0
14023 17 -0.5 0 S2_N1_T0
14025 17 -0.5 0 S2_N1_T0
14027 17 -0.5 33.2591859233363 S2_N1_T0
14029 17 -0.5 107.243609712428 S2_N1_T0
14030 17 -0.5 0 S2_N1_T0
14031 17 -0.5 0 S2_N1_T0
14032 17 -0.5 258.148522152459 S2_N1_T0
14033 17 -0.5 0 S2_N1_T0
14011 18 -0.5 22.7846028476622 S2_N1_T0
14012 18 -0.5 27.2449243405439 S2_N1_T0
14013 18 -0.5 115.155797772657 S2_N1_T0
14015 18 -0.5 0 S2_N1_T0
14017 18 -0.5 198.462458465228 S2_N1_T0
14018 18 -0.5 0 S2_N1_T0
14022 18 -0.5 233.752759678765 S2_N1_T0
14023 18 -0.5 0 S2_N1_T0
14025 18 -0.5 0 S2_N1_T0
14027 18 -0.5 49.9959903999478 S2_N1_T0
14029 18 -0.5 97.4993717726182 S2_N1_T0
14030 18 -0.5 0 S2_N1_T0
14031 18 -0.5 0 S2_N1_T0
14032 18 -0.5 279.369000878744 S2_N1_T0
14033 18 -0.5 0 S2_N1_T0
14011 19 -0.5 36.991881789108 S2_N1_T0
14012 19 -0.5 41.8991237092929 S2_N1_T0
14013 19 -0.5 134.453355202849 S2_N1_T0
14015 19 -0.5 0 S2_N1_T0
14017 19 -0.5 244.818322499233 S2_N1_T0
14018 19 -0.5 0 S2_N1_T0
14022 19 -0.5 253.535087940128 S2_N1_T0
14023 19 -0.5 0 S2_N1_T0
14025 19 -0.5 0 S2_N1_T0
14027 19 -0.5 64.4800779961401 S2_N1_T0
14029 19 -0.5 134.635774235772 S2_N1_T0
14030 19 -0.5 1.32969418680658 S2_N1_T0
14031 19 -0.5 0 S2_N1_T0
14032 19 -0.5 312.860187740573 S2_N1_T0
14033 19 -0.5 0 S2_N1_T0
14011 20 -0.5 51.9263554835147 S2_N1_T0
14012 20 -0.5 53.1290898776903 S2_N1_T0
14013 20 -0.5 145.586792995916 S2_N1_T0
14015 20 -0.5 0 S2_N1_T0
14017 20 -0.5 270.736141481328 S2_N1_T0
14018 20 -0.5 0 S2_N1_T0
14022 20 -0.5 259.669730649758 S2_N1_T0
14023 20 -0.5 0 S2_N1_T0
14025 20 -0.5 0 S2_N1_T0
14027 20 -0.5 76.2175428209061 S2_N1_T0
14029 20 -0.5 148.458136149644 S2_N1_T0
14030 20 -0.5 2.11854320816589 S2_N1_T0
14031 20 -0.5 0 S2_N1_T0
14032 20 -0.5 332.316161568015 S2_N1_T0
14033 20 -0.5 0 S2_N1_T0
14011 21 -0.5 35.0500246600508 S2_N1_T0
14012 21 -0.5 40.6124994623366 S2_N1_T0
14013 21 -0.5 134.714766441604 S2_N1_T0
14015 21 -0.5 0 S2_N1_T0
14017 21 -0.5 249.692942531454 S2_N1_T0
14018 21 -0.5 0 S2_N1_T0
14022 21 -0.5 256.372648258443 S2_N1_T0
14023 21 -0.5 0 S2_N1_T0
14025 21 -0.5 0 S2_N1_T0
14027 21 -0.5 64.1949697236817 S2_N1_T0
14029 21 -0.5 136.876709502738 S2_N1_T0
14030 21 -0.5 1.63092417881531 S2_N1_T0
14031 21 -0.5 0 S2_N1_T0
14032 21 -0.5 313.471834870683 S2_N1_T0
14033 21 -0.5 0 S2_N1_T0
14011 22 -0.5 43.8356788228255 S2_N1_T0
14012 22 -0.5 46.9719919880092 S2_N1_T0
14013 22 -0.5 142.746224618147 S2_N1_T0
14015 22 -0.5 0 S2_N1_T0
14017 22 -0.5 275.466766964769 S2_N1_T0
14018 22 -0.5 0 S2_N1_T0
14022 22 -0.5 263.73653575222 S2_N1_T0
14023 22 -0.5 0 S2_N1_T0
14025 22 -0.5 0 S2_N1_T0
14027 22 -0.5 72.854063221317 S2_N1_T0
14029 22 -0.5 148.96970975855 S2_N1_T0
14030 22 -0.5 3.10193839777635 S2_N1_T0
14031 22 -0.5 0 S2_N1_T0
14032 22 -0.5 326.217689863157 S2_N1_T0
14033 22 -0.5 0 S2_N1_T0
14011 23 -0.5 35.9550521609298 S2_N1_T0
14012 23 -0.5 41.6878013388461 S2_N1_T0
14013 23 -0.5 138.259230515028 S2_N1_T0
14015 23 -0.5 0 S2_N1_T0
14017 23 -0.5 259.590637896807 S2_N1_T0
14018 23 -0.5 0 S2_N1_T0
14022 23 -0.5 262.535801833545 S2_N1_T0
14023 23 -0.5 0 S2_N1_T0
14025 23 -0.5 0 S2_N1_T0
14027 23 -0.5 64.916483725565 S2_N1_T0
14029 23 -0.5 147.947627041685 S2_N1_T0
14030 23 -0.5 2.72525621844233 S2_N1_T0
14031 23 -0.5 0 S2_N1_T0
14032 23 -0.5 320.562001997241 S2_N1_T0
14033 23 -0.5 0 S2_N1_T0
14011 24 -0.5 38.9540960688348 S2_N1_T0
14012 24 -0.5 43.8791957848072 S2_N1_T0
14013 24 -0.5 138.978832918836 S2_N1_T0
14015 24 -0.5 0 S2_N1_T0
14017 24 -0.5 262.844629325272 S2_N1_T0
14018 24 -0.5 0 S2_N1_T0
14022 24 -0.5 260.679963932523 S2_N1_T0
14023 24 -0.5 0 S2_N1_T0
14025 24 -0.5 0 S2_N1_T0
14027 24 -0.5 68.3901826443776 S2_N1_T0
14029 24 -0.5 143.81611304925 S2_N1_T0
14030 24 -0.5 2.30379882878935 S2_N1_T0
14031 24 -0.5 0 S2_N1_T0
14032 24 -0.5 320.759774922523 S2_N1_T0
14033 24 -0.5 0 S2_N1_T0
14011 25 -0.5 0 S2_N1_T0
14012 25 -0.5 0 S2_N1_T0
14013 25 -0.5 64.3674661261076 S2_N1_T0
14015 25 -0.5 0 S2_N1_T0
14017 25 -0.5 27.4216030759756 S2_N1_T0
14018 25 -0.5 0 S2_N1_T0
14022 25 -0.5 173.973156019489 S2_N1_T0
14023 25 -0.5 0 S2_N1_T0
14025 25 -0.5 0 S2_N1_T0
14027 25 -0.5 0 S2_N1_T0
14029 25 -0.5 59.4489693673386 S2_N1_T0
14030 25 -0.5 0 S2_N1_T0
14031 25 -0.5 0 S2_N1_T0
14032 25 -0.5 144.251341381844 S2_N1_T0
14033 25 -0.5 0 S2_N1_T0
14011 26 -0.5 46.8808414825838 S2_N1_T0
14012 26 -0.5 49.1916910268631 S2_N1_T0
14013 26 -0.5 143.36534335619 S2_N1_T0
14015 26 -0.5 0 S2_N1_T0
14017 26 -0.5 270.020338085187 S2_N1_T0
14018 26 -0.5 0 S2_N1_T0
14022 26 -0.5 261.395402514162 S2_N1_T0
14023 26 -0.5 0 S2_N1_T0
14025 26 -0.5 0 S2_N1_T0
14027 26 -0.5 73.5336641494611 S2_N1_T0
14029 26 -0.5 146.632707272709 S2_N1_T0
14030 26 -0.5 2.35401877085918 S2_N1_T0
14031 26 -0.5 0 S2_N1_T0
14032 26 -0.5 327.376863678775 S2_N1_T0
14033 26 -0.5 0 S2_N1_T0
14011 27 -0.5 0 S2_N1_T0
14012 27 -0.5 0 S2_N1_T0
14013 27 -0.5 0 S2_N1_T0
14015 27 -0.5 0 S2_N1_T0
14017 27 -0.5 0 S2_N1_T0
14018 27 -0.5 0 S2_N1_T0
14022 27 -0.5 23.7600096936659 S2_N1_T0
14023 27 -0.5 0 S2_N1_T0
14025 27 -0.5 0 S2_N1_T0
14027 27 -0.5 0 S2_N1_T0
14029 27 -0.5 0 S2_N1_T0
14030 27 -0.5 0 S2_N1_T0
14031 27 -0.5 0 S2_N1_T0
14032 27 -0.5 0 S2_N1_T0
14033 27 -0.5 0 S2_N1_T0
14011 28 -0.5 51.2108251770804 S2_N1_T0
14012 28 -0.5 52.8541434425947 S2_N1_T0
14013 28 -0.5 148.928615261783 S2_N1_T0
14015 28 -0.5 0 S2_N1_T0
14017 28 -0.5 286.803069372243 S2_N1_T0
14018 28 -0.5 0 S2_N1_T0
14022 28 -0.5 267.917259340159 S2_N1_T0
14023 28 -0.5 0 S2_N1_T0
14025 28 -0.5 0 S2_N1_T0
14027 28 -0.5 78.5247441547267 S2_N1_T0
14029 28 -0.5 156.485211802174 S2_N1_T0
14030 28 -0.5 4.00060689872941 S2_N1_T0
14031 28 -0.5 0 S2_N1_T0
14032 28 -0.5 337.526495085415 S2_N1_T0
14033 28 -0.5 0 S2_N1_T0
14011 29 -0.5 8.6241453416813 S2_N1_T0
14012 29 -0.5 12.2575245911882 S2_N1_T0
14013 29 -0.5 97.8701327794755 S2_N1_T0
14015 29 -0.5 0 S2_N1_T0
14017 29 -0.5 139.81580098416 S2_N1_T0
14018 29 -0.5 0 S2_N1_T0
14022 29 -0.5 216.640037066862 S2_N1_T0
14023 29 -0.5 0 S2_N1_T0
14025 29 -0.5 0 S2_N1_T0
14027 29 -0.5 29.6854166566018 S2_N1_T0
14029 29 -0.5 83.2820839786431 S2_N1_T0
14030 29 -0.5 0 S2_N1_T0
14031 29 -0.5 0 S2_N1_T0
14032 29 -0.5 250.955934903941 S2_N1_T0
14033 29 -0.5 0 S2_N1_T0
14011 30 -0.5 0 S2_N1_T0
14012 30 -0.5 0 S2_N1_T0
14013 30 -0.5 56.5123251047827 S2_N1_T0
14015 30 -0.5 0 S2_N1_T0
14017 30 -0.5 13.4127188279066 S2_N1_T0
14018 30 -0.5 0 S2_N1_T0
14022 30 -0.5 163.305697279091 S2_N1_T0
14023 30 -0.5 0 S2_N1_T0
14025 30 -0.5 0 S2_N1_T0
14027 30 -0.5 0 S2_N1_T0
14029 30 -0.5 42.6566719319256 S2_N1_T0
14030 30 -0.5 0 S2_N1_T0
14031 30 -0.5 0 S2_N1_T0
14032 30 -0.5 132.851727684263 S2_N1_T0
14033 30 -0.5 0 S2_N1_T0
14011 31 -0.5 3.45445521139412 S2_N1_T0
14012 31 -0.5 1.6511577314547 S2_N1_T0
14013 31 -0.5 105.124215572285 S2_N1_T0
14015 31 -0.5 0 S2_N1_T0
14017 31 -0.5 217.217127305816 S2_N1_T0
14018 31 -0.5 0 S2_N1_T0
14022 31 -0.5 230.541012059112 S2_N1_T0
14023 31 -0.5 0 S2_N1_T0
14025 31 -0.5 0 S2_N1_T0
14027 31 -0.5 6.4404462023356 S2_N1_T0
14029 31 -0.5 139.289069462781 S2_N1_T0
14030 31 -0.5 3.20879451050989 S2_N1_T0
14031 31 -0.5 0 S2_N1_T0
14032 31 -0.5 253.215730534337 S2_N1_T0
14033 31 -0.5 0 S2_N1_T0
14011 1 -1.5 0 S2_N1_T0
14012 1 -1.5 0 S2_N1_T0
14013 1 -1.5 54.0197252184051 S2_N1_T0
14015 1 -1.5 0 S2_N1_T0
14017 1 -1.5 26.5870572727516 S2_N1_T0
14018 1 -1.5 0 S2_N1_T0
14022 1 -1.5 220.13015489399 S2_N1_T0
14023 1 -1.5 92.4891506734859 S2_N1_T0
14025 1 -1.5 0 S2_N1_T0
14027 1 -1.5 68.242457195526 S2_N1_T0
14029 1 -1.5 3.52878412548452 S2_N1_T0
14030 1 -1.5 0 S2_N1_T0
14031 1 -1.5 199.378121868401 S2_N1_T0
14032 1 -1.5 242.418757525081 S2_N1_T0
14033 1 -1.5 1.3418453764693 S2_N1_T0
14011 2 -1.5 0 S2_N1_T0
14012 2 -1.5 0 S2_N1_T0
14013 2 -1.5 3.45344512309027 S2_N1_T0
14015 2 -1.5 0 S2_N1_T0
14017 2 -1.5 0 S2_N1_T0
14018 2 -1.5 0 S2_N1_T0
14022 2 -1.5 93.6284895976071 S2_N1_T0
14023 2 -1.5 1.88961869736871 S2_N1_T0
14025 2 -1.5 0 S2_N1_T0
14027 2 -1.5 0 S2_N1_T0
14029 2 -1.5 0 S2_N1_T0
14030 2 -1.5 0 S2_N1_T0
14031 2 -1.5 108.62753185178 S2_N1_T0
14032 2 -1.5 20.6643536226203 S2_N1_T0
14033 2 -1.5 0 S2_N1_T0
14011 3 -1.5 0 S2_N1_T0
14012 3 -1.5 0 S2_N1_T0
14013 3 -1.5 66.5495990266913 S2_N1_T0
14015 3 -1.5 0 S2_N1_T0
14017 3 -1.5 11.3746812554 S2_N1_T0
14018 3 -1.5 0 S2_N1_T0
14022 3 -1.5 239.854178843192 S2_N1_T0
14023 3 -1.5 111.725089563902 S2_N1_T0
14025 3 -1.5 0 S2_N1_T0
14027 3 -1.5 52.1297377985837 S2_N1_T0
14029 3 -1.5 13.2525632296399 S2_N1_T0
14030 3 -1.5 0 S2_N1_T0
14031 3 -1.5 186.718857605806 S2_N1_T0
14032 3 -1.5 231.774620951002 S2_N1_T0
14033 3 -1.5 0 S2_N1_T0
14011 4 -1.5 0 S2_N1_T0
14012 4 -1.5 1.41827675997115 S2_N1_T0
14013 4 -1.5 66.7756286652417 S2_N1_T0
14015 4 -1.5 0 S2_N1_T0
14017 4 -1.5 25.8148335160718 S2_N1_T0
14018 4 -1.5 0 S2_N1_T0
14022 4 -1.5 236.850259620242 S2_N1_T0
14023 4 -1.5 109.165754403919 S2_N1_T0
14025 4 -1.5 0 S2_N1_T0
14027 4 -1.5 74.1641659729963 S2_N1_T0
14029 4 -1.5 7.47386472115236 S2_N1_T0
14030 4 -1.5 0 S2_N1_T0
14031 4 -1.5 204.338170335868 S2_N1_T0
14032 4 -1.5 259.457219889366 S2_N1_T0
14033 4 -1.5 1.82255149487819 S2_N1_T0
14011 5 -1.5 0 S2_N1_T0
14012 5 -1.5 0 S2_N1_T0
14013 5 -1.5 0 S2_N1_T0
14015 5 -1.5 0 S2_N1_T0
14017 5 -1.5 0 S2_N1_T0
14018 5 -1.5 0 S2_N1_T0
14022 5 -1.5 0 S2_N1_T0
14023 5 -1.5 0 S2_N1_T0
14025 5 -1.5 0 S2_N1_T0
14027 5 -1.5 0 S2_N1_T0
14029 5 -1.5 0 S2_N1_T0
14030 5 -1.5 0 S2_N1_T0
14031 5 -1.5 0 S2_N1_T0
14032 5 -1.5 0 S2_N1_T0
14033 5 -1.5 0 S2_N1_T0
14011 6 -1.5 6.46724014229898 S2_N1_T0
14012 6 -1.5 30.7245898216933 S2_N1_T0
14013 6 -1.5 141.624085847216 S2_N1_T0
14015 6 -1.5 1.07697749631732 S2_N1_T0
14017 6 -1.5 159.866447329722 S2_N1_T0
14018 6 -1.5 3.45176503356592 S2_N1_T0
14022 6 -1.5 321.892160898908 S2_N1_T0
14023 6 -1.5 180.334222767905 S2_N1_T0
14025 6 -1.5 23.6579571027278 S2_N1_T0
14027 6 -1.5 137.81893992424 S2_N1_T0
14029 6 -1.5 105.897568065352 S2_N1_T0
14030 6 -1.5 2.59272877603288 S2_N1_T0
14031 6 -1.5 305.318101562439 S2_N1_T0
14032 6 -1.5 381.173626592405 S2_N1_T0
14033 6 -1.5 23.0266479193252 S2_N1_T0
14011 7 -1.5 0 S2_N1_T0
14012 7 -1.5 0 S2_N1_T0
14013 7 -1.5 4.21420867297723 S2_N1_T0
14015 7 -1.5 0 S2_N1_T0
14017 7 -1.5 0 S2_N1_T0
14018 7 -1.5 0 S2_N1_T0
14022 7 -1.5 96.7045308397305 S2_N1_T0
14023 7 -1.5 2.27577712147455 S2_N1_T0
14025 7 -1.5 0 S2_N1_T0
14027 7 -1.5 0 S2_N1_T0
14029 7 -1.5 0 S2_N1_T0
14030 7 -1.5 0 S2_N1_T0
14031 7 -1.5 112.40875723535 S2_N1_T0
14032 7 -1.5 23.9844695632403 S2_N1_T0
14033 7 -1.5 0 S2_N1_T0
14011 8 -1.5 0 S2_N1_T0
14012 8 -1.5 9.43449939583439 S2_N1_T0
14013 8 -1.5 97.6936866827835 S2_N1_T0
14015 8 -1.5 0 S2_N1_T0
14017 8 -1.5 68.5106273699536 S2_N1_T0
14018 8 -1.5 0 S2_N1_T0
14022 8 -1.5 262.876236910692 S2_N1_T0
14023 8 -1.5 134.674335900791 S2_N1_T0
14025 8 -1.5 1.54683303178858 S2_N1_T0
14027 8 -1.5 107.173354467678 S2_N1_T0
14029 8 -1.5 28.9642667815928 S2_N1_T0
14030 8 -1.5 0 S2_N1_T0
14031 8 -1.5 255.020848962066 S2_N1_T0
14032 8 -1.5 307.263906467498 S2_N1_T0
14033 8 -1.5 8.1719018236753 S2_N1_T0
14011 9 -1.5 0 S2_N1_T0
14012 9 -1.5 6.71277983152432 S2_N1_T0
14013 9 -1.5 99.8024985761479 S2_N1_T0
14015 9 -1.5 0 S2_N1_T0
14017 9 -1.5 70.9434036154095 S2_N1_T0
14018 9 -1.5 0 S2_N1_T0
14022 9 -1.5 274.272384795202 S2_N1_T0
14023 9 -1.5 142.137035512799 S2_N1_T0
14025 9 -1.5 1.86109567315444 S2_N1_T0
14027 9 -1.5 99.2741908642138 S2_N1_T0
14029 9 -1.5 42.4654694705052 S2_N1_T0
14030 9 -1.5 0 S2_N1_T0
14031 9 -1.5 243.545481059173 S2_N1_T0
14032 9 -1.5 308.290537426111 S2_N1_T0
14033 9 -1.5 5.97480099904998 S2_N1_T0
14011 10 -1.5 0 S2_N1_T0
14012 10 -1.5 9.06689349949787 S2_N1_T0
14013 10 -1.5 98.7877339916587 S2_N1_T0
14015 10 -1.5 0 S2_N1_T0
14017 10 -1.5 88.2947284843157 S2_N1_T0
14018 10 -1.5 0 S2_N1_T0
14022 10 -1.5 268.915909946743 S2_N1_T0
14023 10 -1.5 136.957979037743 S2_N1_T0
14025 10 -1.5 1.58255707458291 S2_N1_T0
14027 10 -1.5 106.211372471961 S2_N1_T0
14029 10 -1.5 35.2445319261228 S2_N1_T0
14030 10 -1.5 0 S2_N1_T0
14031 10 -1.5 254.355763980697 S2_N1_T0
14032 10 -1.5 310.658596375542 S2_N1_T0
14033 10 -1.5 8.67553806579053 S2_N1_T0
14011 11 -1.5 0 S2_N1_T0
14012 11 -1.5 0 S2_N1_T0
14013 11 -1.5 1.08997255972978 S2_N1_T0
14015 11 -1.5 0 S2_N1_T0
14017 11 -1.5 0 S2_N1_T0
14018 11 -1.5 0 S2_N1_T0
14022 11 -1.5 124.546599024122 S2_N1_T0
14023 11 -1.5 11.6301995553846 S2_N1_T0
14025 11 -1.5 0 S2_N1_T0
14027 11 -1.5 5.1907480365035 S2_N1_T0
14029 11 -1.5 0 S2_N1_T0
14030 11 -1.5 0 S2_N1_T0
14031 11 -1.5 100.640162715072 S2_N1_T0
14032 11 -1.5 128.100166709696 S2_N1_T0
14033 11 -1.5 0 S2_N1_T0
14011 12 -1.5 0 S2_N1_T0
14012 12 -1.5 0 S2_N1_T0
14013 12 -1.5 1.26112213372443 S2_N1_T0
14015 12 -1.5 0 S2_N1_T0
14017 12 -1.5 0 S2_N1_T0
14018 12 -1.5 0 S2_N1_T0
14022 12 -1.5 123.723488241879 S2_N1_T0
14023 12 -1.5 12.6251921236563 S2_N1_T0
14025 12 -1.5 0 S2_N1_T0
14027 12 -1.5 6.24218664933331 S2_N1_T0
14029 12 -1.5 0 S2_N1_T0
14030 12 -1.5 0 S2_N1_T0
14031 12 -1.5 103.274611151226 S2_N1_T0
14032 12 -1.5 128.346307187133 S2_N1_T0
14033 12 -1.5 0 S2_N1_T0
14011 13 -1.5 0 S2_N1_T0
14012 13 -1.5 0 S2_N1_T0
14013 13 -1.5 52.4848304354881 S2_N1_T0
14015 13 -1.5 0 S2_N1_T0
14017 13 -1.5 3.59256053210056 S2_N1_T0
14018 13 -1.5 0 S2_N1_T0
14022 13 -1.5 207.398505436878 S2_N1_T0
14023 13 -1.5 101.152042597039 S2_N1_T0
14025 13 -1.5 0 S2_N1_T0
14027 13 -1.5 57.4385278177721 S2_N1_T0
14029 13 -1.5 3.86966315013498 S2_N1_T0
14030 13 -1.5 0 S2_N1_T0
14031 13 -1.5 175.898430866827 S2_N1_T0
14032 13 -1.5 222.767572708829 S2_N1_T0
14033 13 -1.5 0 S2_N1_T0
14011 14 -1.5 0 S2_N1_T0
14012 14 -1.5 0 S2_N1_T0
14013 14 -1.5 84.3769458000267 S2_N1_T0
14015 14 -1.5 0 S2_N1_T0
14017 14 -1.5 8.05293370808642 S2_N1_T0
14018 14 -1.5 0 S2_N1_T0
14022 14 -1.5 239.72182684684 S2_N1_T0
14023 14 -1.5 113.899137591473 S2_N1_T0
14025 14 -1.5 0 S2_N1_T0
14027 14 -1.5 47.0631732842848 S2_N1_T0
14029 14 -1.5 41.758550177893 S2_N1_T0
14030 14 -1.5 0 S2_N1_T0
14031 14 -1.5 206.251355438499 S2_N1_T0
14032 14 -1.5 212.719722258621 S2_N1_T0
14033 14 -1.5 0 S2_N1_T0
14011 15 -1.5 26.3720489888093 S2_N1_T0
14012 15 -1.5 54.3325514271521 S2_N1_T0
14013 15 -1.5 170.015086003257 S2_N1_T0
14015 15 -1.5 3.46734075599753 S2_N1_T0
14017 15 -1.5 234.768735003154 S2_N1_T0
14018 15 -1.5 9.19031605123198 S2_N1_T0
14022 15 -1.5 350.470202397295 S2_N1_T0
14023 15 -1.5 201.626051326778 S2_N1_T0
14025 15 -1.5 39.8436314841063 S2_N1_T0
14027 15 -1.5 173.684092886582 S2_N1_T0
14029 15 -1.5 136.519297744588 S2_N1_T0
14030 15 -1.5 10.2068153370085 S2_N1_T0
14031 15 -1.5 364.219816314275 S2_N1_T0
14032 15 -1.5 437.953690477255 S2_N1_T0
14033 15 -1.5 46.3101523876321 S2_N1_T0
14011 16 -1.5 3.22427588255731 S2_N1_T0
14012 16 -1.5 20.5036351866213 S2_N1_T0
14013 16 -1.5 117.670386308872 S2_N1_T0
14015 16 -1.5 0 S2_N1_T0
14017 16 -1.5 121.015325294641 S2_N1_T0
14018 16 -1.5 0 S2_N1_T0
14022 16 -1.5 286.263629456738 S2_N1_T0
14023 16 -1.5 152.757553179533 S2_N1_T0
14025 16 -1.5 7.13977263805504 S2_N1_T0
14027 16 -1.5 125.959465230033 S2_N1_T0
14029 16 -1.5 60.0824167193009 S2_N1_T0
14030 16 -1.5 0 S2_N1_T0
14031 16 -1.5 287.352961516807 S2_N1_T0
14032 16 -1.5 341.252795034109 S2_N1_T0
14033 16 -1.5 17.0981769701575 S2_N1_T0
14011 17 -1.5 2.689638154539 S2_N1_T0
14012 17 -1.5 16.4794482672115 S2_N1_T0
14013 17 -1.5 125.483748535038 S2_N1_T0
14015 17 -1.5 0 S2_N1_T0
14017 17 -1.5 94.0764061944898 S2_N1_T0
14018 17 -1.5 2.5721655591916 S2_N1_T0
14022 17 -1.5 298.087917006764 S2_N1_T0
14023 17 -1.5 166.021103390793 S2_N1_T0
14025 17 -1.5 13.2879701269237 S2_N1_T0
14027 17 -1.5 117.777234746222 S2_N1_T0
14029 17 -1.5 87.736989380051 S2_N1_T0
14030 17 -1.5 0 S2_N1_T0
14031 17 -1.5 275.274983400659 S2_N1_T0
14032 17 -1.5 342.837826306539 S2_N1_T0
14033 17 -1.5 9.61698580875124 S2_N1_T0
14011 18 -1.5 0 S2_N1_T0
14012 18 -1.5 0 S2_N1_T0
14013 18 -1.5 29.4047615571333 S2_N1_T0
14015 18 -1.5 0 S2_N1_T0
14017 18 -1.5 4.07986816714992 S2_N1_T0
14018 18 -1.5 0 S2_N1_T0
14022 18 -1.5 191.514491036421 S2_N1_T0
14023 18 -1.5 68.0517783748652 S2_N1_T0
14025 18 -1.5 0 S2_N1_T0
14027 18 -1.5 49.4316016558101 S2_N1_T0
14029 18 -1.5 0 S2_N1_T0
14030 18 -1.5 0 S2_N1_T0
14031 18 -1.5 171.766233305348 S2_N1_T0
14032 18 -1.5 207.324214636248 S2_N1_T0
14033 18 -1.5 0 S2_N1_T0
14011 19 -1.5 0 S2_N1_T0
14012 19 -1.5 9.96291894721576 S2_N1_T0
14013 19 -1.5 101.335440560653 S2_N1_T0
14015 19 -1.5 0 S2_N1_T0
14017 19 -1.5 87.9636336327407 S2_N1_T0
14018 19 -1.5 0 S2_N1_T0
14022 19 -1.5 271.844080996458 S2_N1_T0
14023 19 -1.5 139.805812983475 S2_N1_T0
14025 19 -1.5 2.04487694748961 S2_N1_T0
14027 19 -1.5 107.987111631255 S2_N1_T0
14029 19 -1.5 38.4208498362171 S2_N1_T0
14030 19 -1.5 0 S2_N1_T0
14031 19 -1.5 256.424479792324 S2_N1_T0
14032 19 -1.5 314.629937425128 S2_N1_T0
14033 19 -1.5 9.20585137720082 S2_N1_T0
14011 20 -1.5 12.6726995172563 S2_N1_T0
14012 20 -1.5 39.989195003419 S2_N1_T0
14013 20 -1.5 146.115357777074 S2_N1_T0
14015 20 -1.5 0 S2_N1_T0
14017 20 -1.5 181.268339086228 S2_N1_T0
14018 20 -1.5 2.14987486679528 S2_N1_T0
14022 20 -1.5 319.415064094226 S2_N1_T0
14023 20 -1.5 178.913605480196 S2_N1_T0
14025 20 -1.5 25.4521855178179 S2_N1_T0
14027 20 -1.5 152.618617808781 S2_N1_T0
14029 20 -1.5 103.242271410549 S2_N1_T0
14030 20 -1.5 2.68749793598475 S2_N1_T0
14031 20 -1.5 330.225157527735 S2_N1_T0
14032 20 -1.5 392.300104147281 S2_N1_T0
14033 20 -1.5 32.407492747789 S2_N1_T0
14011 21 -1.5 0 S2_N1_T0
14012 21 -1.5 5.1218210506679 S2_N1_T0
14013 21 -1.5 88.1184307226614 S2_N1_T0
14015 21 -1.5 0 S2_N1_T0
14017 21 -1.5 69.565775343152 S2_N1_T0
14018 21 -1.5 0 S2_N1_T0
14022 21 -1.5 258.298220561418 S2_N1_T0
14023 21 -1.5 127.589024746786 S2_N1_T0
14025 21 -1.5 0 S2_N1_T0
14027 21 -1.5 95.5574328557602 S2_N1_T0
14029 21 -1.5 23.5828787492304 S2_N1_T0
14030 21 -1.5 0 S2_N1_T0
14031 21 -1.5 237.381392884596 S2_N1_T0
14032 21 -1.5 293.631069871556 S2_N1_T0
14033 21 -1.5 5.40892110057027 S2_N1_T0
14011 22 -1.5 0 S2_N1_T0
14012 22 -1.5 7.44716648871837 S2_N1_T0
14013 22 -1.5 94.1973191387902 S2_N1_T0
14015 22 -1.5 0 S2_N1_T0
14017 22 -1.5 100.346730946718 S2_N1_T0
14018 22 -1.5 0 S2_N1_T0
14022 22 -1.5 263.30323276741 S2_N1_T0
14023 22 -1.5 131.740418063835 S2_N1_T0
14025 22 -1.5 0 S2_N1_T0
14027 22 -1.5 102.658922857346 S2_N1_T0
14029 22 -1.5 33.6800778979832 S2_N1_T0
14030 22 -1.5 0 S2_N1_T0
14031 22 -1.5 251.458048100433 S2_N1_T0
14032 22 -1.5 303.000360544956 S2_N1_T0
14033 22 -1.5 7.644710604389 S2_N1_T0
14011 23 -1.5 1.33334912157899 S2_N1_T0
14012 23 -1.5 13.2722958592106 S2_N1_T0
14013 23 -1.5 112.475168827207 S2_N1_T0
14015 23 -1.5 0 S2_N1_T0
14017 23 -1.5 124.579368576189 S2_N1_T0
14018 23 -1.5 0 S2_N1_T0
14022 23 -1.5 288.942000838827 S2_N1_T0
14023 23 -1.5 153.195594274368 S2_N1_T0
14025 23 -1.5 5.35173151034699 S2_N1_T0
14027 23 -1.5 113.43067447157 S2_N1_T0
14029 23 -1.5 66.148067179674 S2_N1_T0
14030 23 -1.5 1.22658150954613 S2_N1_T0
14031 23 -1.5 265.005370541247 S2_N1_T0
14032 23 -1.5 333.155622532495 S2_N1_T0
14033 23 -1.5 11.7624699133318 S2_N1_T0
14011 24 -1.5 0 S2_N1_T0
14012 24 -1.5 6.86829923672843 S2_N1_T0
14013 24 -1.5 93.637731788067 S2_N1_T0
14015 24 -1.5 0 S2_N1_T0
14017 24 -1.5 89.2271655574415 S2_N1_T0
14018 24 -1.5 0 S2_N1_T0
14022 24 -1.5 264.107133782608 S2_N1_T0
14023 24 -1.5 132.450198639641 S2_N1_T0
14025 24 -1.5 0 S2_N1_T0
14027 24 -1.5 100.921298185594 S2_N1_T0
14029 24 -1.5 31.9845774371451 S2_N1_T0
14030 24 -1.5 0 S2_N1_T0
14031 24 -1.5 246.236902812967 S2_N1_T0
14032 24 -1.5 302.668228319243 S2_N1_T0
14033 24 -1.5 6.99913441818261 S2_N1_T0
14011 25 -1.5 0 S2_N1_T0
14012 25 -1.5 0 S2_N1_T0
14013 25 -1.5 75.6890417656141 S2_N1_T0
14015 25 -1.5 0 S2_N1_T0
14017 25 -1.5 7.54245739244847 S2_N1_T0
14018 25 -1.5 0 S2_N1_T0
14022 25 -1.5 232.709860215602 S2_N1_T0
14023 25 -1.5 106.538149306318 S2_N1_T0
14025 25 -1.5 0 S2_N1_T0
14027 25 -1.5 38.5903049401606 S2_N1_T0
14029 25 -1.5 30.8701018693341 S2_N1_T0
14030 25 -1.5 0 S2_N1_T0
14031 25 -1.5 193.743467371586 S2_N1_T0
14032 25 -1.5 201.387414643375 S2_N1_T0
14033 25 -1.5 0 S2_N1_T0
14011 26 -1.5 2.26868347814781 S2_N1_T0
14012 26 -1.5 17.0146677887697 S2_N1_T0
14013 26 -1.5 113.162236451959 S2_N1_T0
14015 26 -1.5 0 S2_N1_T0
14017 26 -1.5 125.875381239144 S2_N1_T0
14018 26 -1.5 0 S2_N1_T0
14022 26 -1.5 283.801400310236 S2_N1_T0
14023 26 -1.5 149.344513562725 S2_N1_T0
14025 26 -1.5 5.02573080919307 S2_N1_T0
14027 26 -1.5 120.639743913548 S2_N1_T0
14029 26 -1.5 57.4631981304244 S2_N1_T0
14030 26 -1.5 0 S2_N1_T0
14031 26 -1.5 279.477907064206 S2_N1_T0
14032 26 -1.5 334.370021548771 S2_N1_T0
14033 26 -1.5 15.1824268810203 S2_N1_T0
14011 27 -1.5 0 S2_N1_T0
14012 27 -1.5 0 S2_N1_T0
14013 27 -1.5 0 S2_N1_T0
14015 27 -1.5 0 S2_N1_T0
14017 27 -1.5 0 S2_N1_T0
14018 27 -1.5 0 S2_N1_T0
14022 27 -1.5 69.9530814012897 S2_N1_T0
14023 27 -1.5 0 S2_N1_T0
14025 27 -1.5 0 S2_N1_T0
14027 27 -1.5 0 S2_N1_T0
14029 27 -1.5 0 S2_N1_T0
14030 27 -1.5 0 S2_N1_T0
14031 27 -1.5 77.3702500058067 S2_N1_T0
14032 27 -1.5 5.29592596736604 S2_N1_T0
14033 27 -1.5 0 S2_N1_T0
14011 28 -1.5 4.13848955056882 S2_N1_T0
14012 28 -1.5 23.937798757513 S2_N1_T0
14013 28 -1.5 124.117780291471 S2_N1_T0
14015 28 -1.5 0 S2_N1_T0
14017 28 -1.5 157.362903227793 S2_N1_T0
14018 28 -1.5 0 S2_N1_T0
14022 28 -1.5 296.765869793195 S2_N1_T0
14023 28 -1.5 159.75318937088 S2_N1_T0
14025 28 -1.5 10.4564023039564 S2_N1_T0
14027 28 -1.5 130.504397575005 S2_N1_T0
14029 28 -1.5 78.0108202294687 S2_N1_T0
14030 28 -1.5 1.82192251426589 S2_N1_T0
14031 28 -1.5 295.989086857928 S2_N1_T0
14032 28 -1.5 353.351982217761 S2_N1_T0
14033 28 -1.5 20.8389681383066 S2_N1_T0
14011 29 -1.5 0 S2_N1_T0
14012 29 -1.5 0 S2_N1_T0
14013 29 -1.5 48.0607691785916 S2_N1_T0
14015 29 -1.5 0 S2_N1_T0
14017 29 -1.5 5.63351287168319 S2_N1_T0
14018 29 -1.5 0 S2_N1_T0
14022 29 -1.5 213.261967796325 S2_N1_T0
14023 29 -1.5 93.3361884897777 S2_N1_T0
14025 29 -1.5 0 S2_N1_T0
14027 29 -1.5 57.1799679925564 S2_N1_T0
14029 29 -1.5 2.24563049967452 S2_N1_T0
14030 29 -1.5 0 S2_N1_T0
14031 29 -1.5 178.217010145126 S2_N1_T0
14032 29 -1.5 228.052623758347 S2_N1_T0
14033 29 -1.5 0 S2_N1_T0
14011 30 -1.5 0 S2_N1_T0
14012 30 -1.5 0 S2_N1_T0
14013 30 -1.5 74.1550111317829 S2_N1_T0
14015 30 -1.5 0 S2_N1_T0
14017 30 -1.5 4.67980762957425 S2_N1_T0
14018 30 -1.5 0 S2_N1_T0
14022 30 -1.5 228.214923040964 S2_N1_T0
14023 30 -1.5 105.107213545358 S2_N1_T0
14025 30 -1.5 0 S2_N1_T0
14027 30 -1.5 38.1253259924277 S2_N1_T0
14029 30 -1.5 25.193148035525 S2_N1_T0
14030 30 -1.5 0 S2_N1_T0
14031 30 -1.5 192.65245077306 S2_N1_T0
14032 30 -1.5 198.02859032075 S2_N1_T0
14033 30 -1.5 0 S2_N1_T0
14011 31 -1.5 0 S2_N1_T0
14012 31 -1.5 0 S2_N1_T0
14013 31 -1.5 88.5413382598082 S2_N1_T0
14015 31 -1.5 0 S2_N1_T0
14017 31 -1.5 96.8168089946991 S2_N1_T0
14018 31 -1.5 0 S2_N1_T0
14022 31 -1.5 266.090512360971 S2_N1_T0
14023 31 -1.5 136.097473892474 S2_N1_T0
14025 31 -1.5 0 S2_N1_T0
14027 31 -1.5 62.0849836985518 S2_N1_T0
14029 31 -1.5 68.7412183541023 S2_N1_T0
14030 31 -1.5 1.68313960055812 S2_N1_T0
14031 31 -1.5 213.140182547687 S2_N1_T0
14032 31 -1.5 278.602408836584 S2_N1_T0
14033 31 -1.5 0 S2_N1_T0
14011 1 -3 0 S2_N1_T0
14012 1 -3 0 S2_N1_T0
14013 1 -3 0 S2_N1_T0
14015 1 -3 0 S2_N1_T0
14017 1 -3 0 S2_N1_T0
14018 1 -3 0 S2_N1_T0
14022 1 -3 25.0752305511361 S2_N1_T0
14023 1 -3 0 S2_N1_T0
14025 1 -3 0 S2_N1_T0
14027 1 -3 0 S2_N1_T0
14029 1 -3 0 S2_N1_T0
14030 1 -3 0 S2_N1_T0
14031 1 -3 11.680931835092 S2_N1_T0
14032 1 -3 23.0231559038065 S2_N1_T0
14033 1 -3 0 S2_N1_T0
14011 2 -3 0 S2_N1_T0
14012 2 -3 0 S2_N1_T0
14013 2 -3 0 S2_N1_T0
14015 2 -3 0 S2_N1_T0
14017 2 -3 0 S2_N1_T0
14018 2 -3 0 S2_N1_T0
14022 2 -3 77.0252249062392 S2_N1_T0
14023 2 -3 0 S2_N1_T0
14025 2 -3 0 S2_N1_T0
14027 2 -3 0 S2_N1_T0
14029 2 -3 0 S2_N1_T0
14030 2 -3 0 S2_N1_T0
14031 2 -3 79.9592556033154 S2_N1_T0
14032 2 -3 5.33139852998745 S2_N1_T0
14033 2 -3 0 S2_N1_T0
14011 3 -3 0 S2_N1_T0
14012 3 -3 0 S2_N1_T0
14013 3 -3 0 S2_N1_T0
14015 3 -3 0 S2_N1_T0
14017 3 -3 0 S2_N1_T0
14018 3 -3 0 S2_N1_T0
14022 3 -3 112.350536434986 S2_N1_T0
14023 3 -3 8.72381726421718 S2_N1_T0
14025 3 -3 0 S2_N1_T0
14027 3 -3 0 S2_N1_T0
14029 3 -3 0 S2_N1_T0
14030 3 -3 0 S2_N1_T0
14031 3 -3 64.0416612865879 S2_N1_T0
14032 3 -3 86.1283837100023 S2_N1_T0
14033 3 -3 0 S2_N1_T0
14011 4 -3 0 S2_N1_T0
14012 4 -3 0 S2_N1_T0
14013 4 -3 0 S2_N1_T0
14015 4 -3 0 S2_N1_T0
14017 4 -3 0 S2_N1_T0
14018 4 -3 0 S2_N1_T0
14022 4 -3 65.0100625448193 S2_N1_T0
14023 4 -3 0 S2_N1_T0
14025 4 -3 0 S2_N1_T0
14027 4 -3 0 S2_N1_T0
14029 4 -3 0 S2_N1_T0
14030 4 -3 0 S2_N1_T0
14031 4 -3 37.6277531456038 S2_N1_T0
14032 4 -3 60.5267571299235 S2_N1_T0
14033 4 -3 0 S2_N1_T0
14011 5 -3 0 S2_N1_T0
14012 5 -3 0 S2_N1_T0
14013 5 -3 0 S2_N1_T0
14015 5 -3 0 S2_N1_T0
14017 5 -3 0 S2_N1_T0
14018 5 -3 0 S2_N1_T0
14022 5 -3 0 S2_N1_T0
14023 5 -3 0 S2_N1_T0
14025 5 -3 0 S2_N1_T0
14027 5 -3 0 S2_N1_T0
14029 5 -3 0 S2_N1_T0
14030 5 -3 0 S2_N1_T0
14031 5 -3 0 S2_N1_T0
14032 5 -3 0 S2_N1_T0
14033 5 -3 0 S2_N1_T0
14011 6 -3 0 S2_N1_T0
14012 6 -3 1.85300070335143 S2_N1_T0
14013 6 -3 73.0674878054097 S2_N1_T0
14015 6 -3 0 S2_N1_T0
14017 6 -3 28.1534072114149 S2_N1_T0
14018 6 -3 0 S2_N1_T0
14022 6 -3 238.397949770907 S2_N1_T0
14023 6 -3 110.645743406805 S2_N1_T0
14025 6 -3 10.7775700034635 S2_N1_T0
14027 6 -3 75.5493967252082 S2_N1_T0
14029 6 -3 12.5452299901559 S2_N1_T0
14030 6 -3 0 S2_N1_T0
14031 6 -3 206.834964839903 S2_N1_T0
14032 6 -3 261.914220562647 S2_N1_T0
14033 6 -3 2.38599671776995 S2_N1_T0
14011 7 -3 0 S2_N1_T0
14012 7 -3 0 S2_N1_T0
14013 7 -3 0 S2_N1_T0
14015 7 -3 0 S2_N1_T0
14017 7 -3 0 S2_N1_T0
14018 7 -3 0 S2_N1_T0
14022 7 -3 81.8139593547152 S2_N1_T0
14023 7 -3 0 S2_N1_T0
14025 7 -3 0 S2_N1_T0
14027 7 -3 0 S2_N1_T0
14029 7 -3 0 S2_N1_T0
14030 7 -3 0 S2_N1_T0
14031 7 -3 85.7335649102509 S2_N1_T0
14032 7 -3 7.23016933906718 S2_N1_T0
14033 7 -3 0 S2_N1_T0
14011 8 -3 0 S2_N1_T0
14012 8 -3 0 S2_N1_T0
14013 8 -3 1.93206455486796 S2_N1_T0
14015 8 -3 0 S2_N1_T0
14017 8 -3 0 S2_N1_T0
14018 8 -3 0 S2_N1_T0
14022 8 -3 123.648503178741 S2_N1_T0
14023 8 -3 18.7674567397695 S2_N1_T0
14025 8 -3 0 S2_N1_T0
14027 8 -3 8.78862747738994 S2_N1_T0
14029 8 -3 0 S2_N1_T0
14030 8 -3 0 S2_N1_T0
14031 8 -3 103.354249128244 S2_N1_T0
14032 8 -3 130.387046870348 S2_N1_T0
14033 8 -3 0 S2_N1_T0
14011 9 -3 0 S2_N1_T0
14012 9 -3 0 S2_N1_T0
14013 9 -3 3.71859841484189 S2_N1_T0
14015 9 -3 0 S2_N1_T0
14017 9 -3 0 S2_N1_T0
14018 9 -3 0 S2_N1_T0
14022 9 -3 141.795086323746 S2_N1_T0
14023 9 -3 32.9601325266583 S2_N1_T0
14025 9 -3 0 S2_N1_T0
14027 9 -3 9.58154353493203 S2_N1_T0
14029 9 -3 0 S2_N1_T0
14030 9 -3 0 S2_N1_T0
14031 9 -3 106.046982868477 S2_N1_T0
14032 9 -3 142.364245186981 S2_N1_T0
14033 9 -3 0 S2_N1_T0
14011 10 -3 0 S2_N1_T0
14012 10 -3 0 S2_N1_T0
14013 10 -3 1.09575333295493 S2_N1_T0
14015 10 -3 0 S2_N1_T0
14017 10 -3 0 S2_N1_T0
14018 10 -3 0 S2_N1_T0
14022 10 -3 115.935180451777 S2_N1_T0
14023 10 -3 12.7967159506789 S2_N1_T0
14025 10 -3 0 S2_N1_T0
14027 10 -3 4.89339051135555 S2_N1_T0
14029 10 -3 0 S2_N1_T0
14030 10 -3 0 S2_N1_T0
14031 10 -3 92.9563108399286 S2_N1_T0
14032 10 -3 121.128687031704 S2_N1_T0
14033 10 -3 0 S2_N1_T0
14011 11 -3 0 S2_N1_T0
14012 11 -3 0 S2_N1_T0
14013 11 -3 0 S2_N1_T0
14015 11 -3 0 S2_N1_T0
14017 11 -3 0 S2_N1_T0
14018 11 -3 0 S2_N1_T0
14022 11 -3 0 S2_N1_T0
14023 11 -3 0 S2_N1_T0
14025 11 -3 0 S2_N1_T0
14027 11 -3 0 S2_N1_T0
14029 11 -3 0 S2_N1_T0
14030 11 -3 0 S2_N1_T0
14031 11 -3 0 S2_N1_T0
14032 11 -3 0 S2_N1_T0
14033 11 -3 0 S2_N1_T0
14011 12 -3 0 S2_N1_T0
14012 12 -3 0 S2_N1_T0
14013 12 -3 0 S2_N1_T0
14015 12 -3 0 S2_N1_T0
14017 12 -3 0 S2_N1_T0
14018 12 -3 0 S2_N1_T0
14022 12 -3 0 S2_N1_T0
14023 12 -3 0 S2_N1_T0
14025 12 -3 0 S2_N1_T0
14027 12 -3 0 S2_N1_T0
14029 12 -3 0 S2_N1_T0
14030 12 -3 0 S2_N1_T0
14031 12 -3 0 S2_N1_T0
14032 12 -3 0 S2_N1_T0
14033 12 -3 0 S2_N1_T0
14011 13 -3 0 S2_N1_T0
14012 13 -3 0 S2_N1_T0
14013 13 -3 0 S2_N1_T0
14015 13 -3 0 S2_N1_T0
14017 13 -3 0 S2_N1_T0
14018 13 -3 0 S2_N1_T0
14022 13 -3 108.001970092758 S2_N1_T0
14023 13 -3 12.1428199320323 S2_N1_T0
14025 13 -3 0 S2_N1_T0
14027 13 -3 1.34632166444012 S2_N1_T0
14029 13 -3 0 S2_N1_T0
14030 13 -3 0 S2_N1_T0
14031 13 -3 71.4121228610908 S2_N1_T0
14032 13 -3 96.7377126762342 S2_N1_T0
14033 13 -3 0 S2_N1_T0
14011 14 -3 0 S2_N1_T0
14012 14 -3 0 S2_N1_T0
14013 14 -3 45.1703943820278 S2_N1_T0
14015 14 -3 0 S2_N1_T0
14017 14 -3 1.36956578357673 S2_N1_T0
14018 14 -3 0 S2_N1_T0
14022 14 -3 203.08147371386 S2_N1_T0
14023 14 -3 80.9005419366174 S2_N1_T0
14025 14 -3 0 S2_N1_T0
14027 14 -3 16.3286686403882 S2_N1_T0
14029 14 -3 4.85264812254554 S2_N1_T0
14030 14 -3 0 S2_N1_T0
14031 14 -3 159.914077755282 S2_N1_T0
14032 14 -3 160.501927497892 S2_N1_T0
14033 14 -3 0 S2_N1_T0
14011 15 -3 1.50243251438278 S2_N1_T0
14012 15 -3 13.8115789074972 S2_N1_T0
14013 15 -3 104.405182226005 S2_N1_T0
14015 15 -3 0 S2_N1_T0
14017 15 -3 115.104659706128 S2_N1_T0
14018 15 -3 0 S2_N1_T0
14022 15 -3 273.565603408606 S2_N1_T0
14023 15 -3 136.220999135453 S2_N1_T0
14025 15 -3 32.4031133723046 S2_N1_T0
14027 15 -3 111.256616989057 S2_N1_T0
14029 15 -3 52.7054145489642 S2_N1_T0
14030 15 -3 0 S2_N1_T0
14031 15 -3 264.939563224351 S2_N1_T0
14032 15 -3 321.117708510396 S2_N1_T0
14033 15 -3 13.7283333951361 S2_N1_T0
14011 16 -3 0 S2_N1_T0
14012 16 -3 0 S2_N1_T0
14013 16 -3 12.375557531723 S2_N1_T0
14015 16 -3 0 S2_N1_T0
14017 16 -3 1.4073787315253 S2_N1_T0
14018 16 -3 0 S2_N1_T0
14022 16 -3 157.270322048822 S2_N1_T0
14023 16 -3 47.3404574167257 S2_N1_T0
14025 16 -3 0 S2_N1_T0
14027 16 -3 31.400822447102 S2_N1_T0
14029 16 -3 0 S2_N1_T0
14030 16 -3 0 S2_N1_T0
14031 16 -3 140.413068618484 S2_N1_T0
14032 16 -3 171.598526486825 S2_N1_T0
14033 16 -3 0 S2_N1_T0
14011 17 -3 0 S2_N1_T0
14012 17 -3 1.47375893434756 S2_N1_T0
14013 17 -3 73.8429794607198 S2_N1_T0
14015 17 -3 0 S2_N1_T0
14017 17 -3 14.792987369706 S2_N1_T0
14018 17 -3 0 S2_N1_T0
14022 17 -3 239.413543935159 S2_N1_T0
14023 17 -3 114.182966465591 S2_N1_T0
14025 17 -3 11.5968825808295 S2_N1_T0
14027 17 -3 71.8300072377549 S2_N1_T0
14029 17 -3 13.6556789236131 S2_N1_T0
14030 17 -3 0 S2_N1_T0
14031 17 -3 203.386361661936 S2_N1_T0
14032 17 -3 254.442495406906 S2_N1_T0
14033 17 -3 1.51996942730985 S2_N1_T0
14011 18 -3 0 S2_N1_T0
14012 18 -3 0 S2_N1_T0
14013 18 -3 0 S2_N1_T0
14015 18 -3 0 S2_N1_T0
14017 18 -3 0 S2_N1_T0
14018 18 -3 0 S2_N1_T0
14022 18 -3 4.51138493834321 S2_N1_T0
14023 18 -3 0 S2_N1_T0
14025 18 -3 0 S2_N1_T0
14027 18 -3 0 S2_N1_T0
14029 18 -3 0 S2_N1_T0
14030 18 -3 0 S2_N1_T0
14031 18 -3 1.3992841449573 S2_N1_T0
14032 18 -3 3.22595406751328 S2_N1_T0
14033 18 -3 0 S2_N1_T0
14011 19 -3 0 S2_N1_T0
14012 19 -3 0 S2_N1_T0
14013 19 -3 1.86579800118655 S2_N1_T0
14015 19 -3 0 S2_N1_T0
14017 19 -3 0 S2_N1_T0
14018 19 -3 0 S2_N1_T0
14022 19 -3 125.199114521066 S2_N1_T0
14023 19 -3 19.2598049213919 S2_N1_T0
14025 19 -3 0 S2_N1_T0
14027 19 -3 7.71070193409246 S2_N1_T0
14029 19 -3 0 S2_N1_T0
14030 19 -3 0 S2_N1_T0
14031 19 -3 100.704873263192 S2_N1_T0
14032 19 -3 131.011264027743 S2_N1_T0
14033 19 -3 0 S2_N1_T0
14011 20 -3 0 S2_N1_T0
14012 20 -3 1.86850232315067 S2_N1_T0
14013 20 -3 64.6078795487192 S2_N1_T0
14015 20 -3 0 S2_N1_T0
14017 20 -3 26.1249564104622 S2_N1_T0
14018 20 -3 0 S2_N1_T0
14022 20 -3 220.103363426404 S2_N1_T0
14023 20 -3 97.3691360501241 S2_N1_T0
14025 20 -3 6.07725959355217 S2_N1_T0
14027 20 -3 76.2841871681102 S2_N1_T0
14029 20 -3 5.40193680140038 S2_N1_T0
14030 20 -3 0 S2_N1_T0
14031 20 -3 208.423124951561 S2_N1_T0
14032 20 -3 251.267797580202 S2_N1_T0
14033 20 -3 2.6270810375133 S2_N1_T0
14011 21 -3 0 S2_N1_T0
14012 21 -3 0 S2_N1_T0
14013 21 -3 0 S2_N1_T0
14015 21 -3 0 S2_N1_T0
14017 21 -3 0 S2_N1_T0
14018 21 -3 0 S2_N1_T0
14022 21 -3 94.9736983635846 S2_N1_T0
14023 21 -3 3.89289816965898 S2_N1_T0
14025 21 -3 0 S2_N1_T0
14027 21 -3 1.16222497990428 S2_N1_T0
14029 21 -3 0 S2_N1_T0
14030 21 -3 0 S2_N1_T0
14031 21 -3 70.7311944067145 S2_N1_T0
14032 21 -3 96.7528389109051 S2_N1_T0
14033 21 -3 0 S2_N1_T0
14011 22 -3 0 S2_N1_T0
14012 22 -3 0 S2_N1_T0
14013 22 -3 0 S2_N1_T0
14015 22 -3 0 S2_N1_T0
14017 22 -3 0 S2_N1_T0
14018 22 -3 0 S2_N1_T0
14022 22 -3 97.6353195649485 S2_N1_T0
14023 22 -3 4.67728808420233 S2_N1_T0
14025 22 -3 0 S2_N1_T0
14027 22 -3 1.73484272434394 S2_N1_T0
14029 22 -3 0 S2_N1_T0
14030 22 -3 0 S2_N1_T0
14031 22 -3 78.4742493737028 S2_N1_T0
14032 22 -3 102.133796625421 S2_N1_T0
14033 22 -3 0 S2_N1_T0
14011 23 -3 0 S2_N1_T0
14012 23 -3 0 S2_N1_T0
14013 23 -3 6.95039108593659 S2_N1_T0
14015 23 -3 0 S2_N1_T0
14017 23 -3 1.07528282331881 S2_N1_T0
14018 23 -3 0 S2_N1_T0
14022 23 -3 150.958088224689 S2_N1_T0
14023 23 -3 41.365629270197 S2_N1_T0
14025 23 -3 0 S2_N1_T0
14027 23 -3 17.8622728517922 S2_N1_T0
14029 23 -3 0 S2_N1_T0
14030 23 -3 0 S2_N1_T0
14031 23 -3 119.277807986928 S2_N1_T0
14032 23 -3 158.325342279354 S2_N1_T0
14033 23 -3 0 S2_N1_T0
14011 24 -3 0 S2_N1_T0
14012 24 -3 0 S2_N1_T0
14013 24 -3 0 S2_N1_T0
14015 24 -3 0 S2_N1_T0
14017 24 -3 0 S2_N1_T0
14018 24 -3 0 S2_N1_T0
14022 24 -3 101.916987621629 S2_N1_T0
14023 24 -3 6.00996478698678 S2_N1_T0
14025 24 -3 0 S2_N1_T0
14027 24 -3 1.9552417790146 S2_N1_T0
14029 24 -3 0 S2_N1_T0
14030 24 -3 0 S2_N1_T0
14031 24 -3 78.7691147139205 S2_N1_T0
14032 24 -3 105.535800390512 S2_N1_T0
14033 24 -3 0 S2_N1_T0
14011 25 -3 0 S2_N1_T0
14012 25 -3 0 S2_N1_T0
14013 25 -3 17.8367371844828 S2_N1_T0
14015 25 -3 0 S2_N1_T0
14017 25 -3 0 S2_N1_T0
14018 25 -3 0 S2_N1_T0
14022 25 -3 174.175979998653 S2_N1_T0
14023 25 -3 56.6347315801966 S2_N1_T0
14025 25 -3 0 S2_N1_T0
14027 25 -3 3.98469357289004 S2_N1_T0
14029 25 -3 0 S2_N1_T0
14030 25 -3 0 S2_N1_T0
14031 25 -3 127.68269242544 S2_N1_T0
14032 25 -3 128.400051942453 S2_N1_T0
14033 25 -3 0 S2_N1_T0
14011 26 -3 0 S2_N1_T0
14012 26 -3 0 S2_N1_T0
14013 26 -3 4.97361241811911 S2_N1_T0
14015 26 -3 0 S2_N1_T0
14017 26 -3 0 S2_N1_T0
14018 26 -3 0 S2_N1_T0
14022 26 -3 140.126478594471 S2_N1_T0
14023 26 -3 31.8932513698923 S2_N1_T0
14025 26 -3 0 S2_N1_T0
14027 26 -3 18.0146111676163 S2_N1_T0
14029 26 -3 0 S2_N1_T0
14030 26 -3 0 S2_N1_T0
14031 26 -3 121.183463393845 S2_N1_T0
14032 26 -3 151.010922807983 S2_N1_T0
14033 26 -3 0 S2_N1_T0
14011 27 -3 0 S2_N1_T0
14012 27 -3 0 S2_N1_T0
14013 27 -3 0 S2_N1_T0
14015 27 -3 0 S2_N1_T0
14017 27 -3 0 S2_N1_T0
14018 27 -3 0 S2_N1_T0
14022 27 -3 20.0653965848911 S2_N1_T0
14023 27 -3 0 S2_N1_T0
14025 27 -3 0 S2_N1_T0
14027 27 -3 0 S2_N1_T0
14029 27 -3 0 S2_N1_T0
14030 27 -3 0 S2_N1_T0
14031 27 -3 18.8421480526099 S2_N1_T0
14032 27 -3 0 S2_N1_T0
14033 27 -3 0 S2_N1_T0
14011 28 -3 0 S2_N1_T0
14012 28 -3 0 S2_N1_T0
14013 28 -3 13.8726429935649 S2_N1_T0
14015 28 -3 0 S2_N1_T0
14017 28 -3 2.70750111269992 S2_N1_T0
14018 28 -3 0 S2_N1_T0
14022 28 -3 159.801296577206 S2_N1_T0
14023 28 -3 49.3214251493814 S2_N1_T0
14025 28 -3 0 S2_N1_T0
14027 28 -3 32.3388088483412 S2_N1_T0
14029 28 -3 0 S2_N1_T0
14030 28 -3 0 S2_N1_T0
14031 28 -3 141.931041123656 S2_N1_T0
14032 28 -3 175.31579220833 S2_N1_T0
14033 28 -3 0 S2_N1_T0
14011 29 -3 0 S2_N1_T0
14012 29 -3 0 S2_N1_T0
14013 29 -3 0 S2_N1_T0
14015 29 -3 0 S2_N1_T0
14017 29 -3 0 S2_N1_T0
14018 29 -3 0 S2_N1_T0
14022 29 -3 55.5564359653292 S2_N1_T0
14023 29 -3 0 S2_N1_T0
14025 29 -3 0 S2_N1_T0
14027 29 -3 0 S2_N1_T0
14029 29 -3 0 S2_N1_T0
14030 29 -3 0 S2_N1_T0
14031 29 -3 25.6282974176066 S2_N1_T0
14032 29 -3 45.8038364209689 S2_N1_T0
14033 29 -3 0 S2_N1_T0
14011 30 -3 0 S2_N1_T0
14012 30 -3 0 S2_N1_T0
14013 30 -3 23.4133044176434 S2_N1_T0
14015 30 -3 0 S2_N1_T0
14017 30 -3 0 S2_N1_T0
14018 30 -3 0 S2_N1_T0
14022 30 -3 180.361492879248 S2_N1_T0
14023 30 -3 63.0015215153917 S2_N1_T0
14025 30 -3 0 S2_N1_T0
14027 30 -3 6.13094944883649 S2_N1_T0
14029 30 -3 1.24402856064353 S2_N1_T0
14030 30 -3 0 S2_N1_T0
14031 30 -3 136.073478494201 S2_N1_T0
14032 30 -3 135.201119446523 S2_N1_T0
14033 30 -3 0 S2_N1_T0
14011 31 -3 0 S2_N1_T0
14012 31 -3 0 S2_N1_T0
14013 31 -3 2.94203155706328 S2_N1_T0
14015 31 -3 0 S2_N1_T0
14017 31 -3 0 S2_N1_T0
14018 31 -3 0 S2_N1_T0
14022 31 -3 145.690462987036 S2_N1_T0
14023 31 -3 33.5781716586907 S2_N1_T0
14025 31 -3 0 S2_N1_T0
14027 31 -3 1.3230116710018 S2_N1_T0
14029 31 -3 0 S2_N1_T0
14030 31 -3 0 S2_N1_T0
14031 31 -3 92.9914124647971 S2_N1_T0
14032 31 -3 130.626245751651 S2_N1_T0
14033 31 -3 0 S2_N1_T0
14011 1 -5 0 S2_N1_T0
14012 1 -5 0 S2_N1_T0
14013 1 -5 0 S2_N1_T0
14015 1 -5 0 S2_N1_T0
14017 1 -5 0 S2_N1_T0
14018 1 -5 0 S2_N1_T0
14022 1 -5 0 S2_N1_T0
14023 1 -5 0 S2_N1_T0
14025 1 -5 0 S2_N1_T0
14027 1 -5 0 S2_N1_T0
14029 1 -5 0 S2_N1_T0
14030 1 -5 0 S2_N1_T0
14031 1 -5 0 S2_N1_T0
14032 1 -5 0 S2_N1_T0
14033 1 -5 0 S2_N1_T0
14011 2 -5 0 S2_N1_T0
14012 2 -5 0 S2_N1_T0
14013 2 -5 0 S2_N1_T0
14015 2 -5 0 S2_N1_T0
14017 2 -5 0 S2_N1_T0
14018 2 -5 0 S2_N1_T0
14022 2 -5 43.4112416586524 S2_N1_T0
14023 2 -5 0 S2_N1_T0
14025 2 -5 0 S2_N1_T0
14027 2 -5 0 S2_N1_T0
14029 2 -5 0 S2_N1_T0
14030 2 -5 0 S2_N1_T0
14031 2 -5 40.3868193087581 S2_N1_T0
14032 2 -5 0 S2_N1_T0
14033 2 -5 0 S2_N1_T0
14011 3 -5 0 S2_N1_T0
14012 3 -5 0 S2_N1_T0
14013 3 -5 0 S2_N1_T0
14015 3 -5 0 S2_N1_T0
14017 3 -5 0 S2_N1_T0
14018 3 -5 0 S2_N1_T0
14022 3 -5 0 S2_N1_T0
14023 3 -5 0 S2_N1_T0
14025 3 -5 0 S2_N1_T0
14027 3 -5 0 S2_N1_T0
14029 3 -5 0 S2_N1_T0
14030 3 -5 0 S2_N1_T0
14031 3 -5 0 S2_N1_T0
14032 3 -5 0 S2_N1_T0
14033 3 -5 0 S2_N1_T0
14011 4 -5 0 S2_N1_T0
14012 4 -5 0 S2_N1_T0
14013 4 -5 0 S2_N1_T0
14015 4 -5 0 S2_N1_T0
14017 4 -5 0 S2_N1_T0
14018 4 -5 0 S2_N1_T0
14022 4 -5 0 S2_N1_T0
14023 4 -5 0 S2_N1_T0
14025 4 -5 0 S2_N1_T0
14027 4 -5 0 S2_N1_T0
14029 4 -5 0 S2_N1_T0
14030 4 -5 0 S2_N1_T0
14031 4 -5 0 S2_N1_T0
14032 4 -5 0 S2_N1_T0
14033 4 -5 0 S2_N1_T0
14011 5 -5 0 S2_N1_T0
14012 5 -5 0 S2_N1_T0
14013 5 -5 0 S2_N1_T0
14015 5 -5 0 S2_N1_T0
14017 5 -5 0 S2_N1_T0
14018 5 -5 0 S2_N1_T0
14022 5 -5 0 S2_N1_T0
14023 5 -5 0 S2_N1_T0
14025 5 -5 0 S2_N1_T0
14027 5 -5 0 S2_N1_T0
14029 5 -5 0 S2_N1_T0
14030 5 -5 0 S2_N1_T0
14031 5 -5 0 S2_N1_T0
14032 5 -5 0 S2_N1_T0
14033 5 -5 0 S2_N1_T0
14011 6 -5 0 S2_N1_T0
14012 6 -5 0 S2_N1_T0
14013 6 -5 2.89711253481429 S2_N1_T0
14015 6 -5 0 S2_N1_T0
14017 6 -5 0 S2_N1_T0
14018 6 -5 0 S2_N1_T0
14022 6 -5 132.20370032949 S2_N1_T0
14023 6 -5 29.0369968303798 S2_N1_T0
14025 6 -5 0 S2_N1_T0
14027 6 -5 7.73708212330477 S2_N1_T0
14029 6 -5 0 S2_N1_T0
14030 6 -5 0 S2_N1_T0
14031 6 -5 99.2740721292748 S2_N1_T0
14032 6 -5 134.672316400795 S2_N1_T0
14033 6 -5 0 S2_N1_T0
14011 7 -5 0 S2_N1_T0
14012 7 -5 0 S2_N1_T0
14013 7 -5 0 S2_N1_T0
14015 7 -5 0 S2_N1_T0
14017 7 -5 0 S2_N1_T0
14018 7 -5 0 S2_N1_T0
14022 7 -5 51.7085729334707 S2_N1_T0
14023 7 -5 0 S2_N1_T0
14025 7 -5 0 S2_N1_T0
14027 7 -5 0 S2_N1_T0
14029 7 -5 0 S2_N1_T0
14030 7 -5 0 S2_N1_T0
14031 7 -5 48.4018091259592 S2_N1_T0
14032 7 -5 1.00486956796841 S2_N1_T0
14033 7 -5 0 S2_N1_T0
14011 8 -5 0 S2_N1_T0
14012 8 -5 0 S2_N1_T0
14013 8 -5 0 S2_N1_T0
14015 8 -5 0 S2_N1_T0
14017 8 -5 0 S2_N1_T0
14018 8 -5 0 S2_N1_T0
14022 8 -5 1.3435492921014 S2_N1_T0
14023 8 -5 0 S2_N1_T0
14025 8 -5 0 S2_N1_T0
14027 8 -5 0 S2_N1_T0
14029 8 -5 0 S2_N1_T0
14030 8 -5 0 S2_N1_T0
14031 8 -5 0 S2_N1_T0
14032 8 -5 0 S2_N1_T0
14033 8 -5 0 S2_N1_T0
14011 9 -5 0 S2_N1_T0
14012 9 -5 0 S2_N1_T0
14013 9 -5 0 S2_N1_T0
14015 9 -5 0 S2_N1_T0
14017 9 -5 0 S2_N1_T0
14018 9 -5 0 S2_N1_T0
14022 9 -5 7.56394045435416 S2_N1_T0
14023 9 -5 0 S2_N1_T0
14025 9 -5 0 S2_N1_T0
14027 9 -5 0 S2_N1_T0
14029 9 -5 0 S2_N1_T0
14030 9 -5 0 S2_N1_T0
14031 9 -5 0 S2_N1_T0
14032 9 -5 3.07592151390907 S2_N1_T0
14033 9 -5 0 S2_N1_T0
14011 10 -5 0 S2_N1_T0
14012 10 -5 0 S2_N1_T0
14013 10 -5 0 S2_N1_T0
14015 10 -5 0 S2_N1_T0
14017 10 -5 0 S2_N1_T0
14018 10 -5 0 S2_N1_T0
14022 10 -5 0 S2_N1_T0
14023 10 -5 0 S2_N1_T0
14025 10 -5 0 S2_N1_T0
14027 10 -5 0 S2_N1_T0
14029 10 -5 0 S2_N1_T0
14030 10 -5 0 S2_N1_T0
14031 10 -5 0 S2_N1_T0
14032 10 -5 0 S2_N1_T0
14033 10 -5 0 S2_N1_T0
14011 11 -5 0 S2_N1_T0
14012 11 -5 0 S2_N1_T0
14013 11 -5 0 S2_N1_T0
14015 11 -5 0 S2_N1_T0
14017 11 -5 0 S2_N1_T0
14018 11 -5 0 S2_N1_T0
14022 11 -5 0 S2_N1_T0
14023 11 -5 0 S2_N1_T0
14025 11 -5 0 S2_N1_T0
14027 11 -5 0 S2_N1_T0
14029 11 -5 0 S2_N1_T0
14030 11 -5 0 S2_N1_T0
14031 11 -5 0 S2_N1_T0
14032 11 -5 0 S2_N1_T0
14033 11 -5 0 S2_N1_T0
14011 12 -5 0 S2_N1_T0
14012 12 -5 0 S2_N1_T0
14013 12 -5 0 S2_N1_T0
14015 12 -5 0 S2_N1_T0
14017 12 -5 0 S2_N1_T0
14018 12 -5 0 S2_N1_T0
14022 12 -5 0 S2_N1_T0
14023 12 -5 0 S2_N1_T0
14025 12 -5 0 S2_N1_T0
14027 12 -5 0 S2_N1_T0
14029 12 -5 0 S2_N1_T0
14030 12 -5 0 S2_N1_T0
14031 12 -5 0 S2_N1_T0
14032 12 -5 0 S2_N1_T0
14033 12 -5 0 S2_N1_T0
14011 13 -5 0 S2_N1_T0
14012 13 -5 0 S2_N1_T0
14013 13 -5 0 S2_N1_T0
14015 13 -5 0 S2_N1_T0
14017 13 -5 0 S2_N1_T0
14018 13 -5 0 S2_N1_T0
14022 13 -5 3.4096931146354 S2_N1_T0
14023 13 -5 0 S2_N1_T0
14025 13 -5 0 S2_N1_T0
14027 13 -5 0 S2_N1_T0
14029 13 -5 0 S2_N1_T0
14030 13 -5 0 S2_N1_T0
14031 13 -5 0 S2_N1_T0
14032 13 -5 0 S2_N1_T0
14033 13 -5 0 S2_N1_T0
14011 14 -5 0 S2_N1_T0
14012 14 -5 0 S2_N1_T0
14013 14 -5 4.79379387248544 S2_N1_T0
14015 14 -5 0 S2_N1_T0
14017 14 -5 0 S2_N1_T0
14018 14 -5 0 S2_N1_T0
14022 14 -5 145.194914577635 S2_N1_T0
14023 14 -5 32.4501608576199 S2_N1_T0
14025 14 -5 0 S2_N1_T0
14027 14 -5 1.0007225814535 S2_N1_T0
14029 14 -5 0 S2_N1_T0
14030 14 -5 0 S2_N1_T0
14031 14 -5 100.641341643563 S2_N1_T0
14032 14 -5 98.4186374093406 S2_N1_T0
14033 14 -5 0 S2_N1_T0
14011 15 -5 0 S2_N1_T0
14012 15 -5 0 S2_N1_T0
14013 15 -5 26.0242137694042 S2_N1_T0
14015 15 -5 0 S2_N1_T0
14017 15 -5 4.85441535788452 S2_N1_T0
14018 15 -5 0 S2_N1_T0
14022 15 -5 171.060426392243 S2_N1_T0
14023 15 -5 63.2220742696944 S2_N1_T0
14025 15 -5 1.76743862565044 S2_N1_T0
14027 15 -5 43.1777469742366 S2_N1_T0
14029 15 -5 0 S2_N1_T0
14030 15 -5 0 S2_N1_T0
14031 15 -5 152.671275152362 S2_N1_T0
14032 15 -5 192.762923238121 S2_N1_T0
14033 15 -5 0 S2_N1_T0
14011 16 -5 0 S2_N1_T0
14012 16 -5 0 S2_N1_T0
14013 16 -5 0 S2_N1_T0
14015 16 -5 0 S2_N1_T0
14017 16 -5 0 S2_N1_T0
14018 16 -5 0 S2_N1_T0
14022 16 -5 20.7636573873962 S2_N1_T0
14023 16 -5 0 S2_N1_T0
14025 16 -5 0 S2_N1_T0
14027 16 -5 0 S2_N1_T0
14029 16 -5 0 S2_N1_T0
14030 16 -5 0 S2_N1_T0
14031 16 -5 8.28936686680055 S2_N1_T0
14032 16 -5 16.5884977524738 S2_N1_T0
14033 16 -5 0 S2_N1_T0
14011 17 -5 0 S2_N1_T0
14012 17 -5 0 S2_N1_T0
14013 17 -5 9.54105316940576 S2_N1_T0
14015 17 -5 0 S2_N1_T0
14017 17 -5 0 S2_N1_T0
14018 17 -5 0 S2_N1_T0
14022 17 -5 156.207994734361 S2_N1_T0
14023 17 -5 51.8320035520686 S2_N1_T0
14025 17 -5 0 S2_N1_T0
14027 17 -5 16.1071924477514 S2_N1_T0
14029 17 -5 0 S2_N1_T0
14030 17 -5 0 S2_N1_T0
14031 17 -5 118.123257734504 S2_N1_T0
14032 17 -5 154.539570122852 S2_N1_T0
14033 17 -5 0 S2_N1_T0
14011 18 -5 0 S2_N1_T0
14012 18 -5 0 S2_N1_T0
14013 18 -5 0 S2_N1_T0
14015 18 -5 0 S2_N1_T0
14017 18 -5 0 S2_N1_T0
14018 18 -5 0 S2_N1_T0
14022 18 -5 0 S2_N1_T0
14023 18 -5 0 S2_N1_T0
14025 18 -5 0 S2_N1_T0
14027 18 -5 0 S2_N1_T0
14029 18 -5 0 S2_N1_T0
14030 18 -5 0 S2_N1_T0
14031 18 -5 0 S2_N1_T0
14032 18 -5 0 S2_N1_T0
14033 18 -5 0 S2_N1_T0
14011 19 -5 0 S2_N1_T0
14012 19 -5 0 S2_N1_T0
14013 19 -5 0 S2_N1_T0
14015 19 -5 0 S2_N1_T0
14017 19 -5 0 S2_N1_T0
14018 19 -5 0 S2_N1_T0
14022 19 -5 1.0322210705758 S2_N1_T0
14023 19 -5 0 S2_N1_T0
14025 19 -5 0 S2_N1_T0
14027 19 -5 0 S2_N1_T0
14029 19 -5 0 S2_N1_T0
14030 19 -5 0 S2_N1_T0
14031 19 -5 0 S2_N1_T0
14032 19 -5 0 S2_N1_T0
14033 19 -5 0 S2_N1_T0
14011 20 -5 0 S2_N1_T0
14012 20 -5 0 S2_N1_T0
14013 20 -5 0 S2_N1_T0
14015 20 -5 0 S2_N1_T0
14017 20 -5 0 S2_N1_T0
14018 20 -5 0 S2_N1_T0
14022 20 -5 102.090377397987 S2_N1_T0
14023 20 -5 7.66727368340303 S2_N1_T0
14025 20 -5 0 S2_N1_T0
14027 20 -5 3.13697630412358 S2_N1_T0
14029 20 -5 0 S2_N1_T0
14030 20 -5 0 S2_N1_T0
14031 20 -5 83.723866766806 S2_N1_T0
14032 20 -5 107.976441616628 S2_N1_T0
14033 20 -5 0 S2_N1_T0
14011 21 -5 0 S2_N1_T0
14012 21 -5 0 S2_N1_T0
14013 21 -5 0 S2_N1_T0
14015 21 -5 0 S2_N1_T0
14017 21 -5 0 S2_N1_T0
14018 21 -5 0 S2_N1_T0
14022 21 -5 0 S2_N1_T0
14023 21 -5 0 S2_N1_T0
14025 21 -5 0 S2_N1_T0
14027 21 -5 0 S2_N1_T0
14029 21 -5 0 S2_N1_T0
14030 21 -5 0 S2_N1_T0
14031 21 -5 0 S2_N1_T0
14032 21 -5 0 S2_N1_T0
14033 21 -5 0 S2_N1_T0
14011 22 -5 0 S2_N1_T0
14012 22 -5 0 S2_N1_T0
14013 22 -5 0 S2_N1_T0
14015 22 -5 0 S2_N1_T0
14017 22 -5 0 S2_N1_T0
14018 22 -5 0 S2_N1_T0
14022 22 -5 0 S2_N1_T0
14023 22 -5 0 S2_N1_T0
14025 22 -5 0 S2_N1_T0
14027 22 -5 0 S2_N1_T0
14029 22 -5 0 S2_N1_T0
14030 22 -5 0 S2_N1_T0
14031 22 -5 0 S2_N1_T0
14032 22 -5 0 S2_N1_T0
14033 22 -5 0 S2_N1_T0
14011 23 -5 0 S2_N1_T0
14012 23 -5 0 S2_N1_T0
14013 23 -5 0 S2_N1_T0
14015 23 -5 0 S2_N1_T0
14017 23 -5 0 S2_N1_T0
14018 23 -5 0 S2_N1_T0
14022 23 -5 11.0256775402934 S2_N1_T0
14023 23 -5 0 S2_N1_T0
14025 23 -5 0 S2_N1_T0
14027 23 -5 0 S2_N1_T0
14029 23 -5 0 S2_N1_T0
14030 23 -5 0 S2_N1_T0
14031 23 -5 1.52432742178425 S2_N1_T0
14032 23 -5 6.22841736386226 S2_N1_T0
14033 23 -5 0 S2_N1_T0
14011 24 -5 0 S2_N1_T0
14012 24 -5 0 S2_N1_T0
14013 24 -5 0 S2_N1_T0
14015 24 -5 0 S2_N1_T0
14017 24 -5 0 S2_N1_T0
14018 24 -5 0 S2_N1_T0
14022 24 -5 0 S2_N1_T0
14023 24 -5 0 S2_N1_T0
14025 24 -5 0 S2_N1_T0
14027 24 -5 0 S2_N1_T0
14029 24 -5 0 S2_N1_T0
14030 24 -5 0 S2_N1_T0
14031 24 -5 0 S2_N1_T0
14032 24 -5 0 S2_N1_T0
14033 24 -5 0 S2_N1_T0
14011 25 -5 0 S2_N1_T0
14012 25 -5 0 S2_N1_T0
14013 25 -5 0 S2_N1_T0
14015 25 -5 0 S2_N1_T0
14017 25 -5 0 S2_N1_T0
14018 25 -5 0 S2_N1_T0
14022 25 -5 95.6749262794702 S2_N1_T0
14023 25 -5 2.46200883725194 S2_N1_T0
14025 25 -5 0 S2_N1_T0
14027 25 -5 0 S2_N1_T0
14029 25 -5 0 S2_N1_T0
14030 25 -5 0 S2_N1_T0
14031 25 -5 50.9212683982241 S2_N1_T0
14032 25 -5 45.8938413655616 S2_N1_T0
14033 25 -5 0 S2_N1_T0
14011 26 -5 0 S2_N1_T0
14012 26 -5 0 S2_N1_T0
14013 26 -5 0 S2_N1_T0
14015 26 -5 0 S2_N1_T0
14017 26 -5 0 S2_N1_T0
14018 26 -5 0 S2_N1_T0
14022 26 -5 3.95995249495833 S2_N1_T0
14023 26 -5 0 S2_N1_T0
14025 26 -5 0 S2_N1_T0
14027 26 -5 0 S2_N1_T0
14029 26 -5 0 S2_N1_T0
14030 26 -5 0 S2_N1_T0
14031 26 -5 0 S2_N1_T0
14032 26 -5 2.54975169889339 S2_N1_T0
14033 26 -5 0 S2_N1_T0
14011 27 -5 0 S2_N1_T0
14012 27 -5 0 S2_N1_T0
14013 27 -5 0 S2_N1_T0
14015 27 -5 0 S2_N1_T0
14017 27 -5 0 S2_N1_T0
14018 27 -5 0 S2_N1_T0
14022 27 -5 0 S2_N1_T0
14023 27 -5 0 S2_N1_T0
14025 27 -5 0 S2_N1_T0
14027 27 -5 0 S2_N1_T0
14029 27 -5 0 S2_N1_T0
14030 27 -5 0 S2_N1_T0
14031 27 -5 0 S2_N1_T0
14032 27 -5 0 S2_N1_T0
14033 27 -5 0 S2_N1_T0
14011 28 -5 0 S2_N1_T0
14012 28 -5 0 S2_N1_T0
14013 28 -5 0 S2_N1_T0
14015 28 -5 0 S2_N1_T0
14017 28 -5 0 S2_N1_T0
14018 28 -5 0 S2_N1_T0
14022 28 -5 18.6479140086917 S2_N1_T0
14023 28 -5 0 S2_N1_T0
14025 28 -5 0 S2_N1_T0
14027 28 -5 0 S2_N1_T0
14029 28 -5 0 S2_N1_T0
14030 28 -5 0 S2_N1_T0
14031 28 -5 6.80550901287981 S2_N1_T0
14032 28 -5 15.1761902556264 S2_N1_T0
14033 28 -5 0 S2_N1_T0
14011 29 -5 0 S2_N1_T0
14012 29 -5 0 S2_N1_T0
14013 29 -5 0 S2_N1_T0
14015 29 -5 0 S2_N1_T0
14017 29 -5 0 S2_N1_T0
14018 29 -5 0 S2_N1_T0
14022 29 -5 0 S2_N1_T0
14023 29 -5 0 S2_N1_T0
14025 29 -5 0 S2_N1_T0
14027 29 -5 0 S2_N1_T0
14029 29 -5 0 S2_N1_T0
14030 29 -5 0 S2_N1_T0
14031 29 -5 0 S2_N1_T0
14032 29 -5 0 S2_N1_T0
14033 29 -5 0 S2_N1_T0
14011 30 -5 0 S2_N1_T0
14012 30 -5 0 S2_N1_T0
14013 30 -5 0 S2_N1_T0
14015 30 -5 0 S2_N1_T0
14017 30 -5 0 S2_N1_T0
14018 30 -5 0 S2_N1_T0
14022 30 -5 111.737976875627 S2_N1_T0
14023 30 -5 7.30661134728839 S2_N1_T0
14025 30 -5 0 S2_N1_T0
14027 30 -5 0 S2_N1_T0
14029 30 -5 0 S2_N1_T0
14030 30 -5 0 S2_N1_T0
14031 30 -5 67.5020999431867 S2_N1_T0
14032 30 -5 62.4013249391724 S2_N1_T0
14033 30 -5 0 S2_N1_T0
14011 31 -5 0 S2_N1_T0
14012 31 -5 0 S2_N1_T0
14013 31 -5 0 S2_N1_T0
14015 31 -5 0 S2_N1_T0
14017 31 -5 0 S2_N1_T0
14018 31 -5 0 S2_N1_T0
14022 31 -5 13.4192257155778 S2_N1_T0
14023 31 -5 0 S2_N1_T0
14025 31 -5 0 S2_N1_T0
14027 31 -5 0 S2_N1_T0
14029 31 -5 0 S2_N1_T0
14030 31 -5 0 S2_N1_T0
14031 31 -5 0 S2_N1_T0
14032 31 -5 2.35124019419937 S2_N1_T0
14033 31 -5 0 S2_N1_T0
