speciesID lakeID variable value scenario
14063 1 -0.5 22.9270141040157 S2_N0_Tm1
14064 1 -0.5 74.030726935542 S2_N0_Tm1
14065 1 -0.5 56.6980809800305 S2_N0_Tm1
14066 1 -0.5 0 S2_N0_Tm1
14072 1 -0.5 0 S2_N0_Tm1
14073 1 -0.5 201.695410667982 S2_N0_Tm1
14074 1 -0.5 0 S2_N0_Tm1
14075 1 -0.5 0 S2_N0_Tm1
14077 1 -0.5 12.3050902995186 S2_N0_Tm1
14078 1 -0.5 56.0695661314267 S2_N0_Tm1
14085 1 -0.5 0 S2_N0_Tm1
14086 1 -0.5 220.941643616817 S2_N0_Tm1
14087 1 -0.5 0 S2_N0_Tm1
14088 1 -0.5 0 S2_N0_Tm1
14089 1 -0.5 0 S2_N0_Tm1
14063 2 -0.5 0 S2_N0_Tm1
14064 2 -0.5 0 S2_N0_Tm1
14065 2 -0.5 0 S2_N0_Tm1
14066 2 -0.5 0 S2_N0_Tm1
14072 2 -0.5 0 S2_N0_Tm1
14073 2 -0.5 0 S2_N0_Tm1
14074 2 -0.5 0 S2_N0_Tm1
14075 2 -0.5 0 S2_N0_Tm1
14077 2 -0.5 0 S2_N0_Tm1
14078 2 -0.5 0 S2_N0_Tm1
14085 2 -0.5 0 S2_N0_Tm1
14086 2 -0.5 0 S2_N0_Tm1
14087 2 -0.5 0 S2_N0_Tm1
14088 2 -0.5 0 S2_N0_Tm1
14089 2 -0.5 0 S2_N0_Tm1
14063 3 -0.5 0 S2_N0_Tm1
14064 3 -0.5 11.7440509374202 S2_N0_Tm1
14065 3 -0.5 0 S2_N0_Tm1
14066 3 -0.5 0 S2_N0_Tm1
14072 3 -0.5 0 S2_N0_Tm1
14073 3 -0.5 76.7065769056362 S2_N0_Tm1
14074 3 -0.5 0 S2_N0_Tm1
14075 3 -0.5 0 S2_N0_Tm1
14077 3 -0.5 0 S2_N0_Tm1
14078 3 -0.5 0 S2_N0_Tm1
14085 3 -0.5 0 S2_N0_Tm1
14086 3 -0.5 18.2104586007101 S2_N0_Tm1
14087 3 -0.5 0 S2_N0_Tm1
14088 3 -0.5 0 S2_N0_Tm1
14089 3 -0.5 0 S2_N0_Tm1
14063 4 -0.5 1.32494558074501 S2_N0_Tm1
14064 4 -0.5 67.2926744611916 S2_N0_Tm1
14065 4 -0.5 41.7483511149408 S2_N0_Tm1
14066 4 -0.5 0 S2_N0_Tm1
14072 4 -0.5 0 S2_N0_Tm1
14073 4 -0.5 185.318409573444 S2_N0_Tm1
14074 4 -0.5 0 S2_N0_Tm1
14075 4 -0.5 0 S2_N0_Tm1
14077 4 -0.5 1.30218403909471 S2_N0_Tm1
14078 4 -0.5 18.3679114058187 S2_N0_Tm1
14085 4 -0.5 0 S2_N0_Tm1
14086 4 -0.5 198.60256026095 S2_N0_Tm1
14087 4 -0.5 0 S2_N0_Tm1
14088 4 -0.5 0 S2_N0_Tm1
14089 4 -0.5 0 S2_N0_Tm1
14063 5 -0.5 0 S2_N0_Tm1
14064 5 -0.5 0 S2_N0_Tm1
14065 5 -0.5 0 S2_N0_Tm1
14066 5 -0.5 0 S2_N0_Tm1
14072 5 -0.5 0 S2_N0_Tm1
14073 5 -0.5 0 S2_N0_Tm1
14074 5 -0.5 0 S2_N0_Tm1
14075 5 -0.5 0 S2_N0_Tm1
14077 5 -0.5 0 S2_N0_Tm1
14078 5 -0.5 0 S2_N0_Tm1
14085 5 -0.5 0 S2_N0_Tm1
14086 5 -0.5 0 S2_N0_Tm1
14087 5 -0.5 0 S2_N0_Tm1
14088 5 -0.5 0 S2_N0_Tm1
14089 5 -0.5 0 S2_N0_Tm1
14063 6 -0.5 0 S2_N0_Tm1
14064 6 -0.5 70.7521250498546 S2_N0_Tm1
14065 6 -0.5 42.5800602502572 S2_N0_Tm1
14066 6 -0.5 0 S2_N0_Tm1
14072 6 -0.5 0 S2_N0_Tm1
14073 6 -0.5 180.110223134075 S2_N0_Tm1
14074 6 -0.5 0 S2_N0_Tm1
14075 6 -0.5 0 S2_N0_Tm1
14077 6 -0.5 0 S2_N0_Tm1
14078 6 -0.5 10.9668828927768 S2_N0_Tm1
14085 6 -0.5 0 S2_N0_Tm1
14086 6 -0.5 197.969742173127 S2_N0_Tm1
14087 6 -0.5 0 S2_N0_Tm1
14088 6 -0.5 0 S2_N0_Tm1
14089 6 -0.5 0 S2_N0_Tm1
14063 7 -0.5 0 S2_N0_Tm1
14064 7 -0.5 0 S2_N0_Tm1
14065 7 -0.5 0 S2_N0_Tm1
14066 7 -0.5 0 S2_N0_Tm1
14072 7 -0.5 0 S2_N0_Tm1
14073 7 -0.5 0 S2_N0_Tm1
14074 7 -0.5 0 S2_N0_Tm1
14075 7 -0.5 0 S2_N0_Tm1
14077 7 -0.5 0 S2_N0_Tm1
14078 7 -0.5 0 S2_N0_Tm1
14085 7 -0.5 0 S2_N0_Tm1
14086 7 -0.5 0 S2_N0_Tm1
14087 7 -0.5 0 S2_N0_Tm1
14088 7 -0.5 0 S2_N0_Tm1
14089 7 -0.5 0 S2_N0_Tm1
14063 8 -0.5 6.08854540698693 S2_N0_Tm1
14064 8 -0.5 74.1611801532693 S2_N0_Tm1
14065 8 -0.5 52.8366468029685 S2_N0_Tm1
14066 8 -0.5 0 S2_N0_Tm1
14072 8 -0.5 0 S2_N0_Tm1
14073 8 -0.5 186.839775150463 S2_N0_Tm1
14074 8 -0.5 0 S2_N0_Tm1
14075 8 -0.5 0 S2_N0_Tm1
14077 8 -0.5 5.00755676235769 S2_N0_Tm1
14078 8 -0.5 46.752442052922 S2_N0_Tm1
14085 8 -0.5 0 S2_N0_Tm1
14086 8 -0.5 200.92299758889 S2_N0_Tm1
14087 8 -0.5 0 S2_N0_Tm1
14088 8 -0.5 0 S2_N0_Tm1
14089 8 -0.5 0 S2_N0_Tm1
14063 9 -0.5 0 S2_N0_Tm1
14064 9 -0.5 64.5442500367014 S2_N0_Tm1
14065 9 -0.5 35.6141190984497 S2_N0_Tm1
14066 9 -0.5 0 S2_N0_Tm1
14072 9 -0.5 0 S2_N0_Tm1
14073 9 -0.5 174.652138382847 S2_N0_Tm1
14074 9 -0.5 0 S2_N0_Tm1
14075 9 -0.5 0 S2_N0_Tm1
14077 9 -0.5 0 S2_N0_Tm1
14078 9 -0.5 6.24674112895821 S2_N0_Tm1
14085 9 -0.5 0 S2_N0_Tm1
14086 9 -0.5 187.019766513953 S2_N0_Tm1
14087 9 -0.5 0 S2_N0_Tm1
14088 9 -0.5 0 S2_N0_Tm1
14089 9 -0.5 0 S2_N0_Tm1
14063 10 -0.5 17.7402583607138 S2_N0_Tm1
14064 10 -0.5 78.148150740103 S2_N0_Tm1
14065 10 -0.5 58.373567025784 S2_N0_Tm1
14066 10 -0.5 0 S2_N0_Tm1
14072 10 -0.5 0 S2_N0_Tm1
14073 10 -0.5 200.082730906829 S2_N0_Tm1
14074 10 -0.5 0 S2_N0_Tm1
14075 10 -0.5 0 S2_N0_Tm1
14077 10 -0.5 10.7531998245176 S2_N0_Tm1
14078 10 -0.5 51.1428895159505 S2_N0_Tm1
14085 10 -0.5 0 S2_N0_Tm1
14086 10 -0.5 220.593780560093 S2_N0_Tm1
14087 10 -0.5 0 S2_N0_Tm1
14088 10 -0.5 0 S2_N0_Tm1
14089 10 -0.5 0 S2_N0_Tm1
14063 11 -0.5 3.58250725425336 S2_N0_Tm1
14064 11 -0.5 58.8223375317268 S2_N0_Tm1
14065 11 -0.5 38.2914827312525 S2_N0_Tm1
14066 11 -0.5 0 S2_N0_Tm1
14072 11 -0.5 0 S2_N0_Tm1
14073 11 -0.5 183.749275233039 S2_N0_Tm1
14074 11 -0.5 0 S2_N0_Tm1
14075 11 -0.5 0 S2_N0_Tm1
14077 11 -0.5 2.23765370882427 S2_N0_Tm1
14078 11 -0.5 34.748495541164 S2_N0_Tm1
14085 11 -0.5 0 S2_N0_Tm1
14086 11 -0.5 187.010471917283 S2_N0_Tm1
14087 11 -0.5 0 S2_N0_Tm1
14088 11 -0.5 0 S2_N0_Tm1
14089 11 -0.5 0 S2_N0_Tm1
14063 12 -0.5 0 S2_N0_Tm1
14064 12 -0.5 53.9969051712122 S2_N0_Tm1
14065 12 -0.5 31.2872733176825 S2_N0_Tm1
14066 12 -0.5 0 S2_N0_Tm1
14072 12 -0.5 0 S2_N0_Tm1
14073 12 -0.5 167.681536477193 S2_N0_Tm1
14074 12 -0.5 0 S2_N0_Tm1
14075 12 -0.5 0 S2_N0_Tm1
14077 12 -0.5 0 S2_N0_Tm1
14078 12 -0.5 26.3459459328329 S2_N0_Tm1
14085 12 -0.5 0 S2_N0_Tm1
14086 12 -0.5 161.265439896308 S2_N0_Tm1
14087 12 -0.5 0 S2_N0_Tm1
14088 12 -0.5 0 S2_N0_Tm1
14089 12 -0.5 0 S2_N0_Tm1
14063 13 -0.5 0 S2_N0_Tm1
14064 13 -0.5 25.8836911254529 S2_N0_Tm1
14065 13 -0.5 0 S2_N0_Tm1
14066 13 -0.5 0 S2_N0_Tm1
14072 13 -0.5 0 S2_N0_Tm1
14073 13 -0.5 96.1643198768401 S2_N0_Tm1
14074 13 -0.5 0 S2_N0_Tm1
14075 13 -0.5 0 S2_N0_Tm1
14077 13 -0.5 0 S2_N0_Tm1
14078 13 -0.5 0 S2_N0_Tm1
14085 13 -0.5 0 S2_N0_Tm1
14086 13 -0.5 32.633159388257 S2_N0_Tm1
14087 13 -0.5 0 S2_N0_Tm1
14088 13 -0.5 0 S2_N0_Tm1
14089 13 -0.5 0 S2_N0_Tm1
14063 14 -0.5 0 S2_N0_Tm1
14064 14 -0.5 0 S2_N0_Tm1
14065 14 -0.5 0 S2_N0_Tm1
14066 14 -0.5 0 S2_N0_Tm1
14072 14 -0.5 0 S2_N0_Tm1
14073 14 -0.5 0 S2_N0_Tm1
14074 14 -0.5 0 S2_N0_Tm1
14075 14 -0.5 0 S2_N0_Tm1
14077 14 -0.5 0 S2_N0_Tm1
14078 14 -0.5 0 S2_N0_Tm1
14085 14 -0.5 0 S2_N0_Tm1
14086 14 -0.5 0 S2_N0_Tm1
14087 14 -0.5 0 S2_N0_Tm1
14088 14 -0.5 0 S2_N0_Tm1
14089 14 -0.5 0 S2_N0_Tm1
14063 15 -0.5 36.9946361378152 S2_N0_Tm1
14064 15 -0.5 89.9193432276446 S2_N0_Tm1
14065 15 -0.5 73.1946024030805 S2_N0_Tm1
14066 15 -0.5 0 S2_N0_Tm1
14072 15 -0.5 0 S2_N0_Tm1
14073 15 -0.5 213.449650055397 S2_N0_Tm1
14074 15 -0.5 0 S2_N0_Tm1
14075 15 -0.5 0 S2_N0_Tm1
14077 15 -0.5 23.4207697486198 S2_N0_Tm1
14078 15 -0.5 65.2488641502627 S2_N0_Tm1
14085 15 -0.5 0 S2_N0_Tm1
14086 15 -0.5 244.624734611534 S2_N0_Tm1
14087 15 -0.5 0 S2_N0_Tm1
14088 15 -0.5 0 S2_N0_Tm1
14089 15 -0.5 0 S2_N0_Tm1
14063 16 -0.5 16.8774198289295 S2_N0_Tm1
14064 16 -0.5 79.8762587713148 S2_N0_Tm1
14065 16 -0.5 61.0534786252439 S2_N0_Tm1
14066 16 -0.5 0 S2_N0_Tm1
14072 16 -0.5 0 S2_N0_Tm1
14073 16 -0.5 196.967808446492 S2_N0_Tm1
14074 16 -0.5 0 S2_N0_Tm1
14075 16 -0.5 0 S2_N0_Tm1
14077 16 -0.5 11.1193570257532 S2_N0_Tm1
14078 16 -0.5 58.9017289283531 S2_N0_Tm1
14085 16 -0.5 0 S2_N0_Tm1
14086 16 -0.5 216.854286253707 S2_N0_Tm1
14087 16 -0.5 0 S2_N0_Tm1
14088 16 -0.5 0 S2_N0_Tm1
14089 16 -0.5 0 S2_N0_Tm1
14063 17 -0.5 0 S2_N0_Tm1
14064 17 -0.5 47.5355911234111 S2_N0_Tm1
14065 17 -0.5 10.8113610116623 S2_N0_Tm1
14066 17 -0.5 0 S2_N0_Tm1
14072 17 -0.5 0 S2_N0_Tm1
14073 17 -0.5 131.729895722577 S2_N0_Tm1
14074 17 -0.5 0 S2_N0_Tm1
14075 17 -0.5 0 S2_N0_Tm1
14077 17 -0.5 0 S2_N0_Tm1
14078 17 -0.5 0 S2_N0_Tm1
14085 17 -0.5 0 S2_N0_Tm1
14086 17 -0.5 119.57174048257 S2_N0_Tm1
14087 17 -0.5 0 S2_N0_Tm1
14088 17 -0.5 0 S2_N0_Tm1
14089 17 -0.5 0 S2_N0_Tm1
14063 18 -0.5 3.44526538663209 S2_N0_Tm1
14064 18 -0.5 65.7076101594278 S2_N0_Tm1
14065 18 -0.5 44.5655077985969 S2_N0_Tm1
14066 18 -0.5 0 S2_N0_Tm1
14072 18 -0.5 0 S2_N0_Tm1
14073 18 -0.5 182.205931586724 S2_N0_Tm1
14074 18 -0.5 0 S2_N0_Tm1
14075 18 -0.5 0 S2_N0_Tm1
14077 18 -0.5 2.82076386605275 S2_N0_Tm1
14078 18 -0.5 42.2853136753136 S2_N0_Tm1
14085 18 -0.5 0 S2_N0_Tm1
14086 18 -0.5 188.933245283677 S2_N0_Tm1
14087 18 -0.5 0 S2_N0_Tm1
14088 18 -0.5 0 S2_N0_Tm1
14089 18 -0.5 0 S2_N0_Tm1
14063 19 -0.5 12.3000203716682 S2_N0_Tm1
14064 19 -0.5 76.995328878787 S2_N0_Tm1
14065 19 -0.5 55.841352878346 S2_N0_Tm1
14066 19 -0.5 0 S2_N0_Tm1
14072 19 -0.5 0 S2_N0_Tm1
14073 19 -0.5 196.723389404761 S2_N0_Tm1
14074 19 -0.5 0 S2_N0_Tm1
14075 19 -0.5 0 S2_N0_Tm1
14077 19 -0.5 7.97452157577557 S2_N0_Tm1
14078 19 -0.5 45.6365283649965 S2_N0_Tm1
14085 19 -0.5 0 S2_N0_Tm1
14086 19 -0.5 216.090810099835 S2_N0_Tm1
14087 19 -0.5 0 S2_N0_Tm1
14088 19 -0.5 0 S2_N0_Tm1
14089 19 -0.5 0 S2_N0_Tm1
14063 20 -0.5 24.6116396854388 S2_N0_Tm1
14064 20 -0.5 84.7493274059038 S2_N0_Tm1
14065 20 -0.5 66.8030969224016 S2_N0_Tm1
14066 20 -0.5 0 S2_N0_Tm1
14072 20 -0.5 0 S2_N0_Tm1
14073 20 -0.5 202.989193148006 S2_N0_Tm1
14074 20 -0.5 0 S2_N0_Tm1
14075 20 -0.5 0 S2_N0_Tm1
14077 20 -0.5 16.0260437390367 S2_N0_Tm1
14078 20 -0.5 62.9737847753797 S2_N0_Tm1
14085 20 -0.5 0 S2_N0_Tm1
14086 20 -0.5 227.510542596282 S2_N0_Tm1
14087 20 -0.5 0 S2_N0_Tm1
14088 20 -0.5 0 S2_N0_Tm1
14089 20 -0.5 0 S2_N0_Tm1
14063 21 -0.5 15.7554696109326 S2_N0_Tm1
14064 21 -0.5 76.3664351324769 S2_N0_Tm1
14065 21 -0.5 55.8955985650649 S2_N0_Tm1
14066 21 -0.5 0 S2_N0_Tm1
14072 21 -0.5 0 S2_N0_Tm1
14073 21 -0.5 199.772182383174 S2_N0_Tm1
14074 21 -0.5 0 S2_N0_Tm1
14075 21 -0.5 0 S2_N0_Tm1
14077 21 -0.5 9.18104755191971 S2_N0_Tm1
14078 21 -0.5 45.7928527960034 S2_N0_Tm1
14085 21 -0.5 0 S2_N0_Tm1
14086 21 -0.5 219.873482595135 S2_N0_Tm1
14087 21 -0.5 0 S2_N0_Tm1
14088 21 -0.5 0 S2_N0_Tm1
14089 21 -0.5 0 S2_N0_Tm1
14063 22 -0.5 32.4733638757138 S2_N0_Tm1
14064 22 -0.5 80.2636428800136 S2_N0_Tm1
14065 22 -0.5 64.2739198920683 S2_N0_Tm1
14066 22 -0.5 0 S2_N0_Tm1
14072 22 -0.5 0 S2_N0_Tm1
14073 22 -0.5 208.014933911639 S2_N0_Tm1
14074 22 -0.5 0 S2_N0_Tm1
14075 22 -0.5 0 S2_N0_Tm1
14077 22 -0.5 18.5989403572117 S2_N0_Tm1
14078 22 -0.5 63.3715694911486 S2_N0_Tm1
14085 22 -0.5 0 S2_N0_Tm1
14086 22 -0.5 232.852596563707 S2_N0_Tm1
14087 22 -0.5 0 S2_N0_Tm1
14088 22 -0.5 0 S2_N0_Tm1
14089 22 -0.5 0 S2_N0_Tm1
14063 23 -0.5 8.77536179407847 S2_N0_Tm1
14064 23 -0.5 76.2313162540125 S2_N0_Tm1
14065 23 -0.5 53.3316898671807 S2_N0_Tm1
14066 23 -0.5 0 S2_N0_Tm1
14072 23 -0.5 0 S2_N0_Tm1
14073 23 -0.5 198.904675889898 S2_N0_Tm1
14074 23 -0.5 0 S2_N0_Tm1
14075 23 -0.5 0 S2_N0_Tm1
14077 23 -0.5 5.26729760104872 S2_N0_Tm1
14078 23 -0.5 32.2329107987439 S2_N0_Tm1
14085 23 -0.5 0 S2_N0_Tm1
14086 23 -0.5 222.448601809834 S2_N0_Tm1
14087 23 -0.5 0 S2_N0_Tm1
14088 23 -0.5 0 S2_N0_Tm1
14089 23 -0.5 0 S2_N0_Tm1
14063 24 -0.5 24.0391762704925 S2_N0_Tm1
14064 24 -0.5 78.7154452707513 S2_N0_Tm1
14065 24 -0.5 60.0908258119893 S2_N0_Tm1
14066 24 -0.5 0 S2_N0_Tm1
14072 24 -0.5 0 S2_N0_Tm1
14073 24 -0.5 204.434712814914 S2_N0_Tm1
14074 24 -0.5 0 S2_N0_Tm1
14075 24 -0.5 0 S2_N0_Tm1
14077 24 -0.5 13.6604537279342 S2_N0_Tm1
14078 24 -0.5 53.0644678555965 S2_N0_Tm1
14085 24 -0.5 0 S2_N0_Tm1
14086 24 -0.5 227.18168763059 S2_N0_Tm1
14087 24 -0.5 0 S2_N0_Tm1
14088 24 -0.5 0 S2_N0_Tm1
14089 24 -0.5 0 S2_N0_Tm1
14063 25 -0.5 0 S2_N0_Tm1
14064 25 -0.5 0 S2_N0_Tm1
14065 25 -0.5 0 S2_N0_Tm1
14066 25 -0.5 0 S2_N0_Tm1
14072 25 -0.5 0 S2_N0_Tm1
14073 25 -0.5 0 S2_N0_Tm1
14074 25 -0.5 0 S2_N0_Tm1
14075 25 -0.5 0 S2_N0_Tm1
14077 25 -0.5 0 S2_N0_Tm1
14078 25 -0.5 0 S2_N0_Tm1
14085 25 -0.5 0 S2_N0_Tm1
14086 25 -0.5 0 S2_N0_Tm1
14087 25 -0.5 0 S2_N0_Tm1
14088 25 -0.5 0 S2_N0_Tm1
14089 25 -0.5 0 S2_N0_Tm1
14063 26 -0.5 27.5838305039099 S2_N0_Tm1
14064 26 -0.5 81.8720614616218 S2_N0_Tm1
14065 26 -0.5 64.6557788586673 S2_N0_Tm1
14066 26 -0.5 0 S2_N0_Tm1
14072 26 -0.5 0 S2_N0_Tm1
14073 26 -0.5 205.428178566612 S2_N0_Tm1
14074 26 -0.5 0 S2_N0_Tm1
14075 26 -0.5 0 S2_N0_Tm1
14077 26 -0.5 16.5823816501106 S2_N0_Tm1
14078 26 -0.5 62.7276447919962 S2_N0_Tm1
14085 26 -0.5 0 S2_N0_Tm1
14086 26 -0.5 229.059495126004 S2_N0_Tm1
14087 26 -0.5 0 S2_N0_Tm1
14088 26 -0.5 0 S2_N0_Tm1
14089 26 -0.5 0 S2_N0_Tm1
14063 27 -0.5 0 S2_N0_Tm1
14064 27 -0.5 0 S2_N0_Tm1
14065 27 -0.5 0 S2_N0_Tm1
14066 27 -0.5 0 S2_N0_Tm1
14072 27 -0.5 0 S2_N0_Tm1
14073 27 -0.5 0 S2_N0_Tm1
14074 27 -0.5 0 S2_N0_Tm1
14075 27 -0.5 0 S2_N0_Tm1
14077 27 -0.5 0 S2_N0_Tm1
14078 27 -0.5 0 S2_N0_Tm1
14085 27 -0.5 0 S2_N0_Tm1
14086 27 -0.5 0 S2_N0_Tm1
14087 27 -0.5 0 S2_N0_Tm1
14088 27 -0.5 0 S2_N0_Tm1
14089 27 -0.5 0 S2_N0_Tm1
14063 28 -0.5 36.218445554545 S2_N0_Tm1
14064 28 -0.5 84.6334235675812 S2_N0_Tm1
14065 28 -0.5 69.0696292107016 S2_N0_Tm1
14066 28 -0.5 0 S2_N0_Tm1
14072 28 -0.5 0 S2_N0_Tm1
14073 28 -0.5 211.064496354579 S2_N0_Tm1
14074 28 -0.5 0 S2_N0_Tm1
14075 28 -0.5 0 S2_N0_Tm1
14077 28 -0.5 21.8489569000559 S2_N0_Tm1
14078 28 -0.5 67.7437066228793 S2_N0_Tm1
14085 28 -0.5 0 S2_N0_Tm1
14086 28 -0.5 238.588118335403 S2_N0_Tm1
14087 28 -0.5 0 S2_N0_Tm1
14088 28 -0.5 0 S2_N0_Tm1
14089 28 -0.5 0 S2_N0_Tm1
14063 29 -0.5 0 S2_N0_Tm1
14064 29 -0.5 51.2723307387522 S2_N0_Tm1
14065 29 -0.5 18.9945319122896 S2_N0_Tm1
14066 29 -0.5 0 S2_N0_Tm1
14072 29 -0.5 0 S2_N0_Tm1
14073 29 -0.5 150.796140345998 S2_N0_Tm1
14074 29 -0.5 0 S2_N0_Tm1
14075 29 -0.5 0 S2_N0_Tm1
14077 29 -0.5 0 S2_N0_Tm1
14078 29 -0.5 1.35714084151957 S2_N0_Tm1
14085 29 -0.5 0 S2_N0_Tm1
14086 29 -0.5 144.503136384219 S2_N0_Tm1
14087 29 -0.5 0 S2_N0_Tm1
14088 29 -0.5 0 S2_N0_Tm1
14089 29 -0.5 0 S2_N0_Tm1
14063 30 -0.5 0 S2_N0_Tm1
14064 30 -0.5 0 S2_N0_Tm1
14065 30 -0.5 0 S2_N0_Tm1
14066 30 -0.5 0 S2_N0_Tm1
14072 30 -0.5 0 S2_N0_Tm1
14073 30 -0.5 0 S2_N0_Tm1
14074 30 -0.5 0 S2_N0_Tm1
14075 30 -0.5 0 S2_N0_Tm1
14077 30 -0.5 0 S2_N0_Tm1
14078 30 -0.5 0 S2_N0_Tm1
14085 30 -0.5 0 S2_N0_Tm1
14086 30 -0.5 0 S2_N0_Tm1
14087 30 -0.5 0 S2_N0_Tm1
14088 30 -0.5 0 S2_N0_Tm1
14089 30 -0.5 0 S2_N0_Tm1
14063 31 -0.5 0 S2_N0_Tm1
14064 31 -0.5 7.10895181218557 S2_N0_Tm1
14065 31 -0.5 0 S2_N0_Tm1
14066 31 -0.5 0 S2_N0_Tm1
14072 31 -0.5 0 S2_N0_Tm1
14073 31 -0.5 97.946515777227 S2_N0_Tm1
14074 31 -0.5 0 S2_N0_Tm1
14075 31 -0.5 0 S2_N0_Tm1
14077 31 -0.5 0 S2_N0_Tm1
14078 31 -0.5 0 S2_N0_Tm1
14085 31 -0.5 0 S2_N0_Tm1
14086 31 -0.5 42.3098037550334 S2_N0_Tm1
14087 31 -0.5 0 S2_N0_Tm1
14088 31 -0.5 0 S2_N0_Tm1
14089 31 -0.5 0 S2_N0_Tm1
14063 1 -1.5 218.800499415786 S2_N0_Tm1
14064 1 -1.5 11.9599313064562 S2_N0_Tm1
14065 1 -1.5 70.06327269271 S2_N0_Tm1
14066 1 -1.5 0 S2_N0_Tm1
14072 1 -1.5 268.247111012385 S2_N0_Tm1
14073 1 -1.5 110.63584010159 S2_N0_Tm1
14074 1 -1.5 78.9304564421081 S2_N0_Tm1
14075 1 -1.5 0 S2_N0_Tm1
14077 1 -1.5 125.418768208453 S2_N0_Tm1
14078 1 -1.5 42.230602339232 S2_N0_Tm1
14085 1 -1.5 0 S2_N0_Tm1
14086 1 -1.5 141.647549795248 S2_N0_Tm1
14087 1 -1.5 0 S2_N0_Tm1
14088 1 -1.5 101.464784074579 S2_N0_Tm1
14089 1 -1.5 1.97056174109487 S2_N0_Tm1
14063 2 -1.5 0 S2_N0_Tm1
14064 2 -1.5 0 S2_N0_Tm1
14065 2 -1.5 0 S2_N0_Tm1
14066 2 -1.5 0 S2_N0_Tm1
14072 2 -1.5 0 S2_N0_Tm1
14073 2 -1.5 0 S2_N0_Tm1
14074 2 -1.5 0 S2_N0_Tm1
14075 2 -1.5 0 S2_N0_Tm1
14077 2 -1.5 0 S2_N0_Tm1
14078 2 -1.5 0 S2_N0_Tm1
14085 2 -1.5 0 S2_N0_Tm1
14086 2 -1.5 0 S2_N0_Tm1
14087 2 -1.5 0 S2_N0_Tm1
14088 2 -1.5 0 S2_N0_Tm1
14089 2 -1.5 0 S2_N0_Tm1
14063 3 -1.5 45.1471084027993 S2_N0_Tm1
14064 3 -1.5 0 S2_N0_Tm1
14065 3 -1.5 11.9472227619653 S2_N0_Tm1
14066 3 -1.5 0 S2_N0_Tm1
14072 3 -1.5 6.53061942238383 S2_N0_Tm1
14073 3 -1.5 44.4237097991929 S2_N0_Tm1
14074 3 -1.5 9.32602286086563 S2_N0_Tm1
14075 3 -1.5 0 S2_N0_Tm1
14077 3 -1.5 12.1816293941501 S2_N0_Tm1
14078 3 -1.5 0 S2_N0_Tm1
14085 3 -1.5 0 S2_N0_Tm1
14086 3 -1.5 11.3571553203271 S2_N0_Tm1
14087 3 -1.5 0 S2_N0_Tm1
14088 3 -1.5 3.5721495187586 S2_N0_Tm1
14089 3 -1.5 0 S2_N0_Tm1
14063 4 -1.5 201.666028517325 S2_N0_Tm1
14064 4 -1.5 14.7854994013373 S2_N0_Tm1
14065 4 -1.5 68.6871502122002 S2_N0_Tm1
14066 4 -1.5 0 S2_N0_Tm1
14072 4 -1.5 225.190266037585 S2_N0_Tm1
14073 4 -1.5 113.790021770884 S2_N0_Tm1
14074 4 -1.5 74.7128451759953 S2_N0_Tm1
14075 4 -1.5 0 S2_N0_Tm1
14077 4 -1.5 114.885716957443 S2_N0_Tm1
14078 4 -1.5 20.7490374307013 S2_N0_Tm1
14085 4 -1.5 0 S2_N0_Tm1
14086 4 -1.5 142.375934543003 S2_N0_Tm1
14087 4 -1.5 0 S2_N0_Tm1
14088 4 -1.5 80.72419701587 S2_N0_Tm1
14089 4 -1.5 0 S2_N0_Tm1
14063 5 -1.5 0 S2_N0_Tm1
14064 5 -1.5 0 S2_N0_Tm1
14065 5 -1.5 0 S2_N0_Tm1
14066 5 -1.5 0 S2_N0_Tm1
14072 5 -1.5 0 S2_N0_Tm1
14073 5 -1.5 0 S2_N0_Tm1
14074 5 -1.5 0 S2_N0_Tm1
14075 5 -1.5 0 S2_N0_Tm1
14077 5 -1.5 0 S2_N0_Tm1
14078 5 -1.5 0 S2_N0_Tm1
14085 5 -1.5 0 S2_N0_Tm1
14086 5 -1.5 0 S2_N0_Tm1
14087 5 -1.5 0 S2_N0_Tm1
14088 5 -1.5 0 S2_N0_Tm1
14089 5 -1.5 0 S2_N0_Tm1
14063 6 -1.5 235.64279521273 S2_N0_Tm1
14064 6 -1.5 47.6321145580704 S2_N0_Tm1
14065 6 -1.5 111.690768707839 S2_N0_Tm1
14066 6 -1.5 0 S2_N0_Tm1
14072 6 -1.5 276.491610066714 S2_N0_Tm1
14073 6 -1.5 158.765000673816 S2_N0_Tm1
14074 6 -1.5 114.42924742427 S2_N0_Tm1
14075 6 -1.5 0 S2_N0_Tm1
14077 6 -1.5 134.564333817956 S2_N0_Tm1
14078 6 -1.5 52.2485282829353 S2_N0_Tm1
14085 6 -1.5 0 S2_N0_Tm1
14086 6 -1.5 217.745975352248 S2_N0_Tm1
14087 6 -1.5 0 S2_N0_Tm1
14088 6 -1.5 119.658280130534 S2_N0_Tm1
14089 6 -1.5 12.5346303813386 S2_N0_Tm1
14063 7 -1.5 0 S2_N0_Tm1
14064 7 -1.5 0 S2_N0_Tm1
14065 7 -1.5 0 S2_N0_Tm1
14066 7 -1.5 0 S2_N0_Tm1
14072 7 -1.5 0 S2_N0_Tm1
14073 7 -1.5 0 S2_N0_Tm1
14074 7 -1.5 0 S2_N0_Tm1
14075 7 -1.5 0 S2_N0_Tm1
14077 7 -1.5 0 S2_N0_Tm1
14078 7 -1.5 0 S2_N0_Tm1
14085 7 -1.5 0 S2_N0_Tm1
14086 7 -1.5 0 S2_N0_Tm1
14087 7 -1.5 0 S2_N0_Tm1
14088 7 -1.5 0 S2_N0_Tm1
14089 7 -1.5 0 S2_N0_Tm1
14063 8 -1.5 244.262690291854 S2_N0_Tm1
14064 8 -1.5 32.0102364256687 S2_N0_Tm1
14065 8 -1.5 98.4493769119648 S2_N0_Tm1
14066 8 -1.5 0 S2_N0_Tm1
14072 8 -1.5 280.158784733248 S2_N0_Tm1
14073 8 -1.5 134.687803299455 S2_N0_Tm1
14074 8 -1.5 103.960959197659 S2_N0_Tm1
14075 8 -1.5 0 S2_N0_Tm1
14077 8 -1.5 141.941784784676 S2_N0_Tm1
14078 8 -1.5 63.673633824496 S2_N0_Tm1
14085 8 -1.5 0 S2_N0_Tm1
14086 8 -1.5 175.345130567747 S2_N0_Tm1
14087 8 -1.5 0 S2_N0_Tm1
14088 8 -1.5 127.862611778239 S2_N0_Tm1
14089 8 -1.5 8.70395282787907 S2_N0_Tm1
14063 9 -1.5 201.949422295198 S2_N0_Tm1
14064 9 -1.5 26.7291908171659 S2_N0_Tm1
14065 9 -1.5 81.7802523684582 S2_N0_Tm1
14066 9 -1.5 0 S2_N0_Tm1
14072 9 -1.5 226.413147673315 S2_N0_Tm1
14073 9 -1.5 129.018255993001 S2_N0_Tm1
14074 9 -1.5 86.0320284956927 S2_N0_Tm1
14075 9 -1.5 0 S2_N0_Tm1
14077 9 -1.5 114.797024574971 S2_N0_Tm1
14078 9 -1.5 24.1099768379299 S2_N0_Tm1
14085 9 -1.5 0 S2_N0_Tm1
14086 9 -1.5 168.373999659693 S2_N0_Tm1
14087 9 -1.5 0 S2_N0_Tm1
14088 9 -1.5 87.4023837984353 S2_N0_Tm1
14089 9 -1.5 1.94061847845879 S2_N0_Tm1
14063 10 -1.5 250.612424456252 S2_N0_Tm1
14064 10 -1.5 32.4795823348548 S2_N0_Tm1
14065 10 -1.5 98.2925622474204 S2_N0_Tm1
14066 10 -1.5 0 S2_N0_Tm1
14072 10 -1.5 300.285354973274 S2_N0_Tm1
14073 10 -1.5 139.981859746314 S2_N0_Tm1
14074 10 -1.5 105.937312390027 S2_N0_Tm1
14075 10 -1.5 0 S2_N0_Tm1
14077 10 -1.5 145.004225042013 S2_N0_Tm1
14078 10 -1.5 62.7651646801812 S2_N0_Tm1
14085 10 -1.5 0 S2_N0_Tm1
14086 10 -1.5 187.824207341827 S2_N0_Tm1
14087 10 -1.5 0 S2_N0_Tm1
14088 10 -1.5 127.108082381323 S2_N0_Tm1
14089 10 -1.5 10.940838641037 S2_N0_Tm1
14063 11 -1.5 142.785120763282 S2_N0_Tm1
14064 11 -1.5 0 S2_N0_Tm1
14065 11 -1.5 17.1911459694322 S2_N0_Tm1
14066 11 -1.5 0 S2_N0_Tm1
14072 11 -1.5 129.83021405801 S2_N0_Tm1
14073 11 -1.5 47.1082329407161 S2_N0_Tm1
14074 11 -1.5 19.6246581629274 S2_N0_Tm1
14075 11 -1.5 0 S2_N0_Tm1
14077 11 -1.5 74.7794009789141 S2_N0_Tm1
14078 11 -1.5 2.19529598413545 S2_N0_Tm1
14085 11 -1.5 0 S2_N0_Tm1
14086 11 -1.5 24.2390612147485 S2_N0_Tm1
14087 11 -1.5 0 S2_N0_Tm1
14088 11 -1.5 35.390027848516 S2_N0_Tm1
14089 11 -1.5 0 S2_N0_Tm1
14063 12 -1.5 137.740196334795 S2_N0_Tm1
14064 12 -1.5 0 S2_N0_Tm1
14065 12 -1.5 17.5134477823036 S2_N0_Tm1
14066 12 -1.5 0 S2_N0_Tm1
14072 12 -1.5 93.9368356686376 S2_N0_Tm1
14073 12 -1.5 44.1023397233312 S2_N0_Tm1
14074 12 -1.5 18.5432120900612 S2_N0_Tm1
14075 12 -1.5 0 S2_N0_Tm1
14077 12 -1.5 72.7255076507179 S2_N0_Tm1
14078 12 -1.5 2.28888041003519 S2_N0_Tm1
14085 12 -1.5 0 S2_N0_Tm1
14086 12 -1.5 16.7785573219495 S2_N0_Tm1
14087 12 -1.5 0 S2_N0_Tm1
14088 12 -1.5 35.062828235145 S2_N0_Tm1
14089 12 -1.5 0 S2_N0_Tm1
14063 13 -1.5 102.67653406927 S2_N0_Tm1
14064 13 -1.5 3.19313846719872 S2_N0_Tm1
14065 13 -1.5 34.5340531802841 S2_N0_Tm1
14066 13 -1.5 0 S2_N0_Tm1
14072 13 -1.5 14.2190707827383 S2_N0_Tm1
14073 13 -1.5 67.7086930648622 S2_N0_Tm1
14074 13 -1.5 30.1802008135808 S2_N0_Tm1
14075 13 -1.5 0 S2_N0_Tm1
14077 13 -1.5 56.4453953759978 S2_N0_Tm1
14078 13 -1.5 0 S2_N0_Tm1
14085 13 -1.5 0 S2_N0_Tm1
14086 13 -1.5 27.6489790211729 S2_N0_Tm1
14087 13 -1.5 0 S2_N0_Tm1
14088 13 -1.5 24.3613504370206 S2_N0_Tm1
14089 13 -1.5 0 S2_N0_Tm1
14063 14 -1.5 0 S2_N0_Tm1
14064 14 -1.5 0 S2_N0_Tm1
14065 14 -1.5 0 S2_N0_Tm1
14066 14 -1.5 0 S2_N0_Tm1
14072 14 -1.5 0 S2_N0_Tm1
14073 14 -1.5 0 S2_N0_Tm1
14074 14 -1.5 0 S2_N0_Tm1
14075 14 -1.5 0 S2_N0_Tm1
14077 14 -1.5 0 S2_N0_Tm1
14078 14 -1.5 0 S2_N0_Tm1
14085 14 -1.5 0 S2_N0_Tm1
14086 14 -1.5 0 S2_N0_Tm1
14087 14 -1.5 0 S2_N0_Tm1
14088 14 -1.5 0 S2_N0_Tm1
14089 14 -1.5 0 S2_N0_Tm1
14063 15 -1.5 317.027199564332 S2_N0_Tm1
14064 15 -1.5 67.4718575591728 S2_N0_Tm1
14065 15 -1.5 152.879371523154 S2_N0_Tm1
14066 15 -1.5 8.77584296949065 S2_N0_Tm1
14072 15 -1.5 396.219055485095 S2_N0_Tm1
14073 15 -1.5 193.997110826372 S2_N0_Tm1
14074 15 -1.5 158.23952432154 S2_N0_Tm1
14075 15 -1.5 16.7541851051002 S2_N0_Tm1
14077 15 -1.5 182.401111611134 S2_N0_Tm1
14078 15 -1.5 108.982750612315 S2_N0_Tm1
14085 15 -1.5 0 S2_N0_Tm1
14086 15 -1.5 274.309211136401 S2_N0_Tm1
14087 15 -1.5 8.16754343343143 S2_N0_Tm1
14088 15 -1.5 190.251679495667 S2_N0_Tm1
14089 15 -1.5 43.5280445441124 S2_N0_Tm1
14063 16 -1.5 267.392617987598 S2_N0_Tm1
14064 16 -1.5 41.8881341518963 S2_N0_Tm1
14065 16 -1.5 114.083532313322 S2_N0_Tm1
14066 16 -1.5 1.03504321693014 S2_N0_Tm1
14072 16 -1.5 320.219693314307 S2_N0_Tm1
14073 16 -1.5 151.013576183824 S2_N0_Tm1
14074 16 -1.5 120.391151844362 S2_N0_Tm1
14075 16 -1.5 1.62746565648013 S2_N0_Tm1
14077 16 -1.5 155.237621933504 S2_N0_Tm1
14078 16 -1.5 81.6321253804531 S2_N0_Tm1
14085 16 -1.5 0 S2_N0_Tm1
14086 16 -1.5 203.990741168794 S2_N0_Tm1
14087 16 -1.5 1.38449406191096 S2_N0_Tm1
14088 16 -1.5 150.683390812184 S2_N0_Tm1
14089 16 -1.5 20.3732627252261 S2_N0_Tm1
14063 17 -1.5 162.926525432689 S2_N0_Tm1
14064 17 -1.5 30.4775177252415 S2_N0_Tm1
14065 17 -1.5 82.0857755762974 S2_N0_Tm1
14066 17 -1.5 0 S2_N0_Tm1
14072 17 -1.5 147.302601141284 S2_N0_Tm1
14073 17 -1.5 121.85507984794 S2_N0_Tm1
14074 17 -1.5 80.2566419461099 S2_N0_Tm1
14075 17 -1.5 0 S2_N0_Tm1
14077 17 -1.5 91.6929891591672 S2_N0_Tm1
14078 17 -1.5 12.0901829476606 S2_N0_Tm1
14085 17 -1.5 0 S2_N0_Tm1
14086 17 -1.5 149.295804193782 S2_N0_Tm1
14087 17 -1.5 0 S2_N0_Tm1
14088 17 -1.5 76.771244463943 S2_N0_Tm1
14089 17 -1.5 0 S2_N0_Tm1
14063 18 -1.5 191.176126366468 S2_N0_Tm1
14064 18 -1.5 4.79730968247543 S2_N0_Tm1
14065 18 -1.5 54.7715452084738 S2_N0_Tm1
14066 18 -1.5 0 S2_N0_Tm1
14072 18 -1.5 204.216219930352 S2_N0_Tm1
14073 18 -1.5 89.1511724111916 S2_N0_Tm1
14074 18 -1.5 60.3091144172092 S2_N0_Tm1
14075 18 -1.5 0 S2_N0_Tm1
14077 18 -1.5 109.075442456394 S2_N0_Tm1
14078 18 -1.5 24.4511336216043 S2_N0_Tm1
14085 18 -1.5 0 S2_N0_Tm1
14086 18 -1.5 90.9911458670218 S2_N0_Tm1
14087 18 -1.5 0 S2_N0_Tm1
14088 18 -1.5 81.2141401131747 S2_N0_Tm1
14089 18 -1.5 0 S2_N0_Tm1
14063 19 -1.5 248.432331878857 S2_N0_Tm1
14064 19 -1.5 33.5071819109303 S2_N0_Tm1
14065 19 -1.5 98.8294475577306 S2_N0_Tm1
14066 19 -1.5 0 S2_N0_Tm1
14072 19 -1.5 293.355374681106 S2_N0_Tm1
14073 19 -1.5 140.701332289508 S2_N0_Tm1
14074 19 -1.5 105.757924175916 S2_N0_Tm1
14075 19 -1.5 0 S2_N0_Tm1
14077 19 -1.5 143.777674677554 S2_N0_Tm1
14078 19 -1.5 60.3239539793541 S2_N0_Tm1
14085 19 -1.5 0 S2_N0_Tm1
14086 19 -1.5 188.249733288484 S2_N0_Tm1
14087 19 -1.5 0 S2_N0_Tm1
14088 19 -1.5 124.545519269666 S2_N0_Tm1
14089 19 -1.5 10.3530630138359 S2_N0_Tm1
14063 20 -1.5 293.851326370965 S2_N0_Tm1
14064 20 -1.5 55.9017542589419 S2_N0_Tm1
14065 20 -1.5 135.701989265372 S2_N0_Tm1
14066 20 -1.5 3.23464853612882 S2_N0_Tm1
14072 20 -1.5 358.054588580091 S2_N0_Tm1
14073 20 -1.5 172.860227765897 S2_N0_Tm1
14074 20 -1.5 141.059851104673 S2_N0_Tm1
14075 20 -1.5 6.22025872151417 S2_N0_Tm1
14077 20 -1.5 170.135527841377 S2_N0_Tm1
14078 20 -1.5 98.6759202729346 S2_N0_Tm1
14085 20 -1.5 0 S2_N0_Tm1
14086 20 -1.5 239.402395311705 S2_N0_Tm1
14087 20 -1.5 3.80711533705601 S2_N0_Tm1
14088 20 -1.5 174.35858217447 S2_N0_Tm1
14089 20 -1.5 34.0222157631264 S2_N0_Tm1
14063 21 -1.5 239.316078085548 S2_N0_Tm1
14064 21 -1.5 26.9624421641472 S2_N0_Tm1
14065 21 -1.5 89.4890437298619 S2_N0_Tm1
14066 21 -1.5 0 S2_N0_Tm1
14072 21 -1.5 286.268101943033 S2_N0_Tm1
14073 21 -1.5 132.955124526066 S2_N0_Tm1
14074 21 -1.5 97.3884174606054 S2_N0_Tm1
14075 21 -1.5 0 S2_N0_Tm1
14077 21 -1.5 137.983337472336 S2_N0_Tm1
14078 21 -1.5 52.1104885987796 S2_N0_Tm1
14085 21 -1.5 0 S2_N0_Tm1
14086 21 -1.5 177.063499633662 S2_N0_Tm1
14087 21 -1.5 0 S2_N0_Tm1
14088 21 -1.5 114.468157285069 S2_N0_Tm1
14089 21 -1.5 6.5721788442108 S2_N0_Tm1
14063 22 -1.5 253.765959820061 S2_N0_Tm1
14064 22 -1.5 30.329684213608 S2_N0_Tm1
14065 22 -1.5 96.6153189533545 S2_N0_Tm1
14066 22 -1.5 0 S2_N0_Tm1
14072 22 -1.5 319.80210678837 S2_N0_Tm1
14073 22 -1.5 138.972238110168 S2_N0_Tm1
14074 22 -1.5 106.180859270056 S2_N0_Tm1
14075 22 -1.5 0 S2_N0_Tm1
14077 22 -1.5 146.510111755497 S2_N0_Tm1
14078 22 -1.5 68.283171904743 S2_N0_Tm1
14085 22 -1.5 0 S2_N0_Tm1
14086 22 -1.5 190.018663829235 S2_N0_Tm1
14087 22 -1.5 0 S2_N0_Tm1
14088 22 -1.5 133.148457323554 S2_N0_Tm1
14089 22 -1.5 12.6774478117526 S2_N0_Tm1
14063 23 -1.5 243.248324832456 S2_N0_Tm1
14064 23 -1.5 37.085268130306 S2_N0_Tm1
14065 23 -1.5 99.5162235704978 S2_N0_Tm1
14066 23 -1.5 0 S2_N0_Tm1
14072 23 -1.5 296.524660871564 S2_N0_Tm1
14073 23 -1.5 148.625249886885 S2_N0_Tm1
14074 23 -1.5 106.702791566757 S2_N0_Tm1
14075 23 -1.5 0 S2_N0_Tm1
14077 23 -1.5 139.35271676811 S2_N0_Tm1
14078 23 -1.5 51.7981324416542 S2_N0_Tm1
14085 23 -1.5 0 S2_N0_Tm1
14086 23 -1.5 204.496392013447 S2_N0_Tm1
14087 23 -1.5 0 S2_N0_Tm1
14088 23 -1.5 116.399281539816 S2_N0_Tm1
14089 23 -1.5 10.8268043172845 S2_N0_Tm1
14063 24 -1.5 248.574785614127 S2_N0_Tm1
14064 24 -1.5 30.0139173006898 S2_N0_Tm1
14065 24 -1.5 94.5424489393278 S2_N0_Tm1
14066 24 -1.5 0 S2_N0_Tm1
14072 24 -1.5 304.714365181959 S2_N0_Tm1
14073 24 -1.5 138.101494501136 S2_N0_Tm1
14074 24 -1.5 103.197965106391 S2_N0_Tm1
14075 24 -1.5 0 S2_N0_Tm1
14077 24 -1.5 143.403964128427 S2_N0_Tm1
14078 24 -1.5 59.9306999519695 S2_N0_Tm1
14085 24 -1.5 0 S2_N0_Tm1
14086 24 -1.5 186.941996908286 S2_N0_Tm1
14087 24 -1.5 0 S2_N0_Tm1
14088 24 -1.5 123.601397822798 S2_N0_Tm1
14089 24 -1.5 9.99451223735509 S2_N0_Tm1
14063 25 -1.5 0 S2_N0_Tm1
14064 25 -1.5 0 S2_N0_Tm1
14065 25 -1.5 0 S2_N0_Tm1
14066 25 -1.5 0 S2_N0_Tm1
14072 25 -1.5 0 S2_N0_Tm1
14073 25 -1.5 0 S2_N0_Tm1
14074 25 -1.5 0 S2_N0_Tm1
14075 25 -1.5 0 S2_N0_Tm1
14077 25 -1.5 0 S2_N0_Tm1
14078 25 -1.5 0 S2_N0_Tm1
14085 25 -1.5 0 S2_N0_Tm1
14086 25 -1.5 0 S2_N0_Tm1
14087 25 -1.5 0 S2_N0_Tm1
14088 25 -1.5 0 S2_N0_Tm1
14089 25 -1.5 0 S2_N0_Tm1
14063 26 -1.5 268.11031826125 S2_N0_Tm1
14064 26 -1.5 39.6510534067204 S2_N0_Tm1
14065 26 -1.5 110.469401686688 S2_N0_Tm1
14066 26 -1.5 1.066587124252 S2_N0_Tm1
14072 26 -1.5 330.503504315572 S2_N0_Tm1
14073 26 -1.5 150.925742770625 S2_N0_Tm1
14074 26 -1.5 118.620763376575 S2_N0_Tm1
14075 26 -1.5 1.69344397694665 S2_N0_Tm1
14077 26 -1.5 155.20054790816 S2_N0_Tm1
14078 26 -1.5 79.3205675098737 S2_N0_Tm1
14085 26 -1.5 0 S2_N0_Tm1
14086 26 -1.5 206.368426079602 S2_N0_Tm1
14087 26 -1.5 1.27463836971393 S2_N0_Tm1
14088 26 -1.5 147.65272797078 S2_N0_Tm1
14089 26 -1.5 20.3110429907776 S2_N0_Tm1
14063 27 -1.5 0 S2_N0_Tm1
14064 27 -1.5 0 S2_N0_Tm1
14065 27 -1.5 0 S2_N0_Tm1
14066 27 -1.5 0 S2_N0_Tm1
14072 27 -1.5 0 S2_N0_Tm1
14073 27 -1.5 0 S2_N0_Tm1
14074 27 -1.5 0 S2_N0_Tm1
14075 27 -1.5 0 S2_N0_Tm1
14077 27 -1.5 0 S2_N0_Tm1
14078 27 -1.5 0 S2_N0_Tm1
14085 27 -1.5 0 S2_N0_Tm1
14086 27 -1.5 0 S2_N0_Tm1
14087 27 -1.5 0 S2_N0_Tm1
14088 27 -1.5 0 S2_N0_Tm1
14089 27 -1.5 0 S2_N0_Tm1
14063 28 -1.5 280.288472092019 S2_N0_Tm1
14064 28 -1.5 44.9463328555482 S2_N0_Tm1
14065 28 -1.5 118.561898490344 S2_N0_Tm1
14066 28 -1.5 1.83670057135589 S2_N0_Tm1
14072 28 -1.5 353.920407990466 S2_N0_Tm1
14073 28 -1.5 160.394089304643 S2_N0_Tm1
14074 28 -1.5 127.367893139613 S2_N0_Tm1
14075 28 -1.5 3.30197030372713 S2_N0_Tm1
14077 28 -1.5 162.017535517076 S2_N0_Tm1
14078 28 -1.5 87.6807117126816 S2_N0_Tm1
14085 28 -1.5 0 S2_N0_Tm1
14086 28 -1.5 223.257187712279 S2_N0_Tm1
14087 28 -1.5 2.01787225281358 S2_N0_Tm1
14088 28 -1.5 158.785380615345 S2_N0_Tm1
14089 28 -1.5 27.2150068564595 S2_N0_Tm1
14063 29 -1.5 155.353789549198 S2_N0_Tm1
14064 29 -1.5 5.90913428768086 S2_N0_Tm1
14065 29 -1.5 48.6383018067248 S2_N0_Tm1
14066 29 -1.5 0 S2_N0_Tm1
14072 29 -1.5 119.959953325979 S2_N0_Tm1
14073 29 -1.5 89.3452632892659 S2_N0_Tm1
14074 29 -1.5 50.4745015768046 S2_N0_Tm1
14075 29 -1.5 0 S2_N0_Tm1
14077 29 -1.5 87.033606208319 S2_N0_Tm1
14078 29 -1.5 3.67266062946099 S2_N0_Tm1
14085 29 -1.5 0 S2_N0_Tm1
14086 29 -1.5 84.8667704266546 S2_N0_Tm1
14087 29 -1.5 0 S2_N0_Tm1
14088 29 -1.5 49.5426386629844 S2_N0_Tm1
14089 29 -1.5 0 S2_N0_Tm1
14063 30 -1.5 0 S2_N0_Tm1
14064 30 -1.5 0 S2_N0_Tm1
14065 30 -1.5 0 S2_N0_Tm1
14066 30 -1.5 0 S2_N0_Tm1
14072 30 -1.5 0 S2_N0_Tm1
14073 30 -1.5 0 S2_N0_Tm1
14074 30 -1.5 0 S2_N0_Tm1
14075 30 -1.5 0 S2_N0_Tm1
14077 30 -1.5 0 S2_N0_Tm1
14078 30 -1.5 0 S2_N0_Tm1
14085 30 -1.5 0 S2_N0_Tm1
14086 30 -1.5 0 S2_N0_Tm1
14087 30 -1.5 0 S2_N0_Tm1
14088 30 -1.5 0 S2_N0_Tm1
14089 30 -1.5 0 S2_N0_Tm1
14063 31 -1.5 67.40067943464 S2_N0_Tm1
14064 31 -1.5 0 S2_N0_Tm1
14065 31 -1.5 15.3159546782428 S2_N0_Tm1
14066 31 -1.5 0 S2_N0_Tm1
14072 31 -1.5 74.008783147446 S2_N0_Tm1
14073 31 -1.5 67.2268659119582 S2_N0_Tm1
14074 31 -1.5 18.6834961325313 S2_N0_Tm1
14075 31 -1.5 0 S2_N0_Tm1
14077 31 -1.5 11.7488698196336 S2_N0_Tm1
14078 31 -1.5 0 S2_N0_Tm1
14085 31 -1.5 0 S2_N0_Tm1
14086 31 -1.5 33.5987086029146 S2_N0_Tm1
14087 31 -1.5 0 S2_N0_Tm1
14088 31 -1.5 8.50829875604144 S2_N0_Tm1
14089 31 -1.5 0 S2_N0_Tm1
14063 1 -3 59.4574648803702 S2_N0_Tm1
14064 1 -3 0 S2_N0_Tm1
14065 1 -3 0 S2_N0_Tm1
14066 1 -3 0 S2_N0_Tm1
14072 1 -3 14.9744114442684 S2_N0_Tm1
14073 1 -3 1.84141595965341 S2_N0_Tm1
14074 1 -3 0 S2_N0_Tm1
14075 1 -3 0 S2_N0_Tm1
14077 1 -3 18.9722360467914 S2_N0_Tm1
14078 1 -3 0 S2_N0_Tm1
14085 1 -3 0 S2_N0_Tm1
14086 1 -3 0 S2_N0_Tm1
14087 1 -3 0 S2_N0_Tm1
14088 1 -3 1.41925511924711 S2_N0_Tm1
14089 1 -3 0 S2_N0_Tm1
14063 2 -3 0 S2_N0_Tm1
14064 2 -3 0 S2_N0_Tm1
14065 2 -3 0 S2_N0_Tm1
14066 2 -3 0 S2_N0_Tm1
14072 2 -3 0 S2_N0_Tm1
14073 2 -3 0 S2_N0_Tm1
14074 2 -3 0 S2_N0_Tm1
14075 2 -3 0 S2_N0_Tm1
14077 2 -3 0 S2_N0_Tm1
14078 2 -3 0 S2_N0_Tm1
14085 2 -3 0 S2_N0_Tm1
14086 2 -3 0 S2_N0_Tm1
14087 2 -3 0 S2_N0_Tm1
14088 2 -3 0 S2_N0_Tm1
14089 2 -3 0 S2_N0_Tm1
14063 3 -3 1.28787621711752 S2_N0_Tm1
14064 3 -3 0 S2_N0_Tm1
14065 3 -3 0 S2_N0_Tm1
14066 3 -3 0 S2_N0_Tm1
14072 3 -3 0 S2_N0_Tm1
14073 3 -3 0 S2_N0_Tm1
14074 3 -3 0 S2_N0_Tm1
14075 3 -3 0 S2_N0_Tm1
14077 3 -3 0 S2_N0_Tm1
14078 3 -3 0 S2_N0_Tm1
14085 3 -3 0 S2_N0_Tm1
14086 3 -3 0 S2_N0_Tm1
14087 3 -3 0 S2_N0_Tm1
14088 3 -3 0 S2_N0_Tm1
14089 3 -3 0 S2_N0_Tm1
14063 4 -3 71.6527592947884 S2_N0_Tm1
14064 4 -3 0 S2_N0_Tm1
14065 4 -3 0 S2_N0_Tm1
14066 4 -3 0 S2_N0_Tm1
14072 4 -3 14.7326804424773 S2_N0_Tm1
14073 4 -3 9.34266003153462 S2_N0_Tm1
14074 4 -3 0 S2_N0_Tm1
14075 4 -3 0 S2_N0_Tm1
14077 4 -3 28.9612317356911 S2_N0_Tm1
14078 4 -3 0 S2_N0_Tm1
14085 4 -3 0 S2_N0_Tm1
14086 4 -3 2.06313246188807 S2_N0_Tm1
14087 4 -3 0 S2_N0_Tm1
14088 4 -3 1.82848688063032 S2_N0_Tm1
14089 4 -3 0 S2_N0_Tm1
14063 5 -3 0 S2_N0_Tm1
14064 5 -3 0 S2_N0_Tm1
14065 5 -3 0 S2_N0_Tm1
14066 5 -3 0 S2_N0_Tm1
14072 5 -3 0 S2_N0_Tm1
14073 5 -3 0 S2_N0_Tm1
14074 5 -3 0 S2_N0_Tm1
14075 5 -3 0 S2_N0_Tm1
14077 5 -3 0 S2_N0_Tm1
14078 5 -3 0 S2_N0_Tm1
14085 5 -3 0 S2_N0_Tm1
14086 5 -3 0 S2_N0_Tm1
14087 5 -3 0 S2_N0_Tm1
14088 5 -3 0 S2_N0_Tm1
14089 5 -3 0 S2_N0_Tm1
14063 6 -3 173.400871012485 S2_N0_Tm1
14064 6 -3 14.7093173236362 S2_N0_Tm1
14065 6 -3 64.1836187002938 S2_N0_Tm1
14066 6 -3 4.17272924987931 S2_N0_Tm1
14072 6 -3 192.116904468913 S2_N0_Tm1
14073 6 -3 104.816597061624 S2_N0_Tm1
14074 6 -3 67.4382248525841 S2_N0_Tm1
14075 6 -3 9.03197437184836 S2_N0_Tm1
14077 6 -3 96.7050685661206 S2_N0_Tm1
14078 6 -3 10.952983576579 S2_N0_Tm1
14085 6 -3 0 S2_N0_Tm1
14086 6 -3 134.183598244947 S2_N0_Tm1
14087 6 -3 0 S2_N0_Tm1
14088 6 -3 78.5843722272843 S2_N0_Tm1
14089 6 -3 38.794819934235 S2_N0_Tm1
14063 7 -3 0 S2_N0_Tm1
14064 7 -3 0 S2_N0_Tm1
14065 7 -3 0 S2_N0_Tm1
14066 7 -3 0 S2_N0_Tm1
14072 7 -3 0 S2_N0_Tm1
14073 7 -3 0 S2_N0_Tm1
14074 7 -3 0 S2_N0_Tm1
14075 7 -3 0 S2_N0_Tm1
14077 7 -3 0 S2_N0_Tm1
14078 7 -3 0 S2_N0_Tm1
14085 7 -3 0 S2_N0_Tm1
14086 7 -3 0 S2_N0_Tm1
14087 7 -3 0 S2_N0_Tm1
14088 7 -3 0 S2_N0_Tm1
14089 7 -3 0 S2_N0_Tm1
14063 8 -3 130.175815576879 S2_N0_Tm1
14064 8 -3 0 S2_N0_Tm1
14065 8 -3 20.3778328744745 S2_N0_Tm1
14066 8 -3 0 S2_N0_Tm1
14072 8 -3 103.52282966061 S2_N0_Tm1
14073 8 -3 47.2414933459413 S2_N0_Tm1
14074 8 -3 21.671285375455 S2_N0_Tm1
14075 8 -3 0 S2_N0_Tm1
14077 8 -3 69.1044065506658 S2_N0_Tm1
14078 8 -3 2.17539295024964 S2_N0_Tm1
14085 8 -3 0 S2_N0_Tm1
14086 8 -3 22.3132869925889 S2_N0_Tm1
14087 8 -3 0 S2_N0_Tm1
14088 8 -3 44.5945718467522 S2_N0_Tm1
14089 8 -3 7.35876582779591 S2_N0_Tm1
14063 9 -3 108.029742252501 S2_N0_Tm1
14064 9 -3 0 S2_N0_Tm1
14065 9 -3 13.5145764720471 S2_N0_Tm1
14066 9 -3 0 S2_N0_Tm1
14072 9 -3 62.8270992389128 S2_N0_Tm1
14073 9 -3 49.5058638075648 S2_N0_Tm1
14074 9 -3 14.1060363460198 S2_N0_Tm1
14075 9 -3 0 S2_N0_Tm1
14077 9 -3 55.7040005436182 S2_N0_Tm1
14078 9 -3 0 S2_N0_Tm1
14085 9 -3 0 S2_N0_Tm1
14086 9 -3 25.954835952215 S2_N0_Tm1
14087 9 -3 0 S2_N0_Tm1
14088 9 -3 18.9186107622708 S2_N0_Tm1
14089 9 -3 3.35711929759478 S2_N0_Tm1
14063 10 -3 126.280774146301 S2_N0_Tm1
14064 10 -3 0 S2_N0_Tm1
14065 10 -3 15.6627364445786 S2_N0_Tm1
14066 10 -3 0 S2_N0_Tm1
14072 10 -3 115.000272742045 S2_N0_Tm1
14073 10 -3 44.5411505849952 S2_N0_Tm1
14074 10 -3 17.6161072781715 S2_N0_Tm1
14075 10 -3 0 S2_N0_Tm1
14077 10 -3 65.5786823300865 S2_N0_Tm1
14078 10 -3 1.28623882329513 S2_N0_Tm1
14085 10 -3 0 S2_N0_Tm1
14086 10 -3 23.1044978583073 S2_N0_Tm1
14087 10 -3 0 S2_N0_Tm1
14088 10 -3 37.5134910552983 S2_N0_Tm1
14089 10 -3 5.55561494589148 S2_N0_Tm1
14063 11 -3 0 S2_N0_Tm1
14064 11 -3 0 S2_N0_Tm1
14065 11 -3 0 S2_N0_Tm1
14066 11 -3 0 S2_N0_Tm1
14072 11 -3 0 S2_N0_Tm1
14073 11 -3 0 S2_N0_Tm1
14074 11 -3 0 S2_N0_Tm1
14075 11 -3 0 S2_N0_Tm1
14077 11 -3 0 S2_N0_Tm1
14078 11 -3 0 S2_N0_Tm1
14085 11 -3 0 S2_N0_Tm1
14086 11 -3 0 S2_N0_Tm1
14087 11 -3 0 S2_N0_Tm1
14088 11 -3 0 S2_N0_Tm1
14089 11 -3 0 S2_N0_Tm1
14063 12 -3 0 S2_N0_Tm1
14064 12 -3 0 S2_N0_Tm1
14065 12 -3 0 S2_N0_Tm1
14066 12 -3 0 S2_N0_Tm1
14072 12 -3 0 S2_N0_Tm1
14073 12 -3 0 S2_N0_Tm1
14074 12 -3 0 S2_N0_Tm1
14075 12 -3 0 S2_N0_Tm1
14077 12 -3 0 S2_N0_Tm1
14078 12 -3 0 S2_N0_Tm1
14085 12 -3 0 S2_N0_Tm1
14086 12 -3 0 S2_N0_Tm1
14087 12 -3 0 S2_N0_Tm1
14088 12 -3 0 S2_N0_Tm1
14089 12 -3 0 S2_N0_Tm1
14063 13 -3 36.1026063871431 S2_N0_Tm1
14064 13 -3 0 S2_N0_Tm1
14065 13 -3 0 S2_N0_Tm1
14066 13 -3 0 S2_N0_Tm1
14072 13 -3 0 S2_N0_Tm1
14073 13 -3 9.05693299513409 S2_N0_Tm1
14074 13 -3 0 S2_N0_Tm1
14075 13 -3 0 S2_N0_Tm1
14077 13 -3 11.0184741762196 S2_N0_Tm1
14078 13 -3 0 S2_N0_Tm1
14085 13 -3 0 S2_N0_Tm1
14086 13 -3 0 S2_N0_Tm1
14087 13 -3 0 S2_N0_Tm1
14088 13 -3 0 S2_N0_Tm1
14089 13 -3 0 S2_N0_Tm1
14063 14 -3 0 S2_N0_Tm1
14064 14 -3 0 S2_N0_Tm1
14065 14 -3 0 S2_N0_Tm1
14066 14 -3 0 S2_N0_Tm1
14072 14 -3 0 S2_N0_Tm1
14073 14 -3 0 S2_N0_Tm1
14074 14 -3 0 S2_N0_Tm1
14075 14 -3 0 S2_N0_Tm1
14077 14 -3 0 S2_N0_Tm1
14078 14 -3 0 S2_N0_Tm1
14085 14 -3 0 S2_N0_Tm1
14086 14 -3 0 S2_N0_Tm1
14087 14 -3 0 S2_N0_Tm1
14088 14 -3 0 S2_N0_Tm1
14089 14 -3 0 S2_N0_Tm1
14063 15 -3 248.907711628491 S2_N0_Tm1
14064 15 -3 37.1970199652521 S2_N0_Tm1
14065 15 -3 103.862928089737 S2_N0_Tm1
14066 15 -3 26.0880155761551 S2_N0_Tm1
14072 15 -3 313.269850275354 S2_N0_Tm1
14073 15 -3 140.006190883091 S2_N0_Tm1
14074 15 -3 109.576349982658 S2_N0_Tm1
14075 15 -3 47.8535609435839 S2_N0_Tm1
14077 15 -3 141.069394418336 S2_N0_Tm1
14078 15 -3 68.0943919635948 S2_N0_Tm1
14085 15 -3 31.5064464953968 S2_N0_Tm1
14086 15 -3 197.872082073115 S2_N0_Tm1
14087 15 -3 1.41642407788229 S2_N0_Tm1
14088 15 -3 146.128415233562 S2_N0_Tm1
14089 15 -3 69.3194151945774 S2_N0_Tm1
14063 16 -3 159.981785956412 S2_N0_Tm1
14064 16 -3 1.88988692509061 S2_N0_Tm1
14065 16 -3 40.6347503607464 S2_N0_Tm1
14066 16 -3 1.03433710250355 S2_N0_Tm1
14072 16 -3 173.304385481135 S2_N0_Tm1
14073 16 -3 69.0049699379681 S2_N0_Tm1
14074 16 -3 44.8546334000888 S2_N0_Tm1
14075 16 -3 3.02447991004234 S2_N0_Tm1
14077 16 -3 87.5090104428945 S2_N0_Tm1
14078 16 -3 12.0124339824314 S2_N0_Tm1
14085 16 -3 1.96002893348972 S2_N0_Tm1
14086 16 -3 62.815391771457 S2_N0_Tm1
14087 16 -3 0 S2_N0_Tm1
14088 16 -3 72.718274511734 S2_N0_Tm1
14089 16 -3 23.6216055994118 S2_N0_Tm1
14063 17 -3 123.864925507365 S2_N0_Tm1
14064 17 -3 7.5076055201014 S2_N0_Tm1
14065 17 -3 47.8103635313937 S2_N0_Tm1
14066 17 -3 0 S2_N0_Tm1
14072 17 -3 72.0766757584723 S2_N0_Tm1
14073 17 -3 84.8559846926195 S2_N0_Tm1
14074 17 -3 47.2303955628034 S2_N0_Tm1
14075 17 -3 1.09749507778636 S2_N0_Tm1
14077 17 -3 68.3865835228325 S2_N0_Tm1
14078 17 -3 1.60331123180065 S2_N0_Tm1
14085 17 -3 0 S2_N0_Tm1
14086 17 -3 78.8612022916579 S2_N0_Tm1
14087 17 -3 0 S2_N0_Tm1
14088 17 -3 50.8330176079462 S2_N0_Tm1
14089 17 -3 18.2908229352892 S2_N0_Tm1
14063 18 -3 30.01474139361 S2_N0_Tm1
14064 18 -3 0 S2_N0_Tm1
14065 18 -3 0 S2_N0_Tm1
14066 18 -3 0 S2_N0_Tm1
14072 18 -3 1.35251780376016 S2_N0_Tm1
14073 18 -3 0 S2_N0_Tm1
14074 18 -3 0 S2_N0_Tm1
14075 18 -3 0 S2_N0_Tm1
14077 18 -3 5.12450671725179 S2_N0_Tm1
14078 18 -3 0 S2_N0_Tm1
14085 18 -3 0 S2_N0_Tm1
14086 18 -3 0 S2_N0_Tm1
14087 18 -3 0 S2_N0_Tm1
14088 18 -3 0 S2_N0_Tm1
14089 18 -3 0 S2_N0_Tm1
14063 19 -3 130.207854493679 S2_N0_Tm1
14064 19 -3 0 S2_N0_Tm1
14065 19 -3 19.0904937507295 S2_N0_Tm1
14066 19 -3 0 S2_N0_Tm1
14072 19 -3 116.844923229532 S2_N0_Tm1
14073 19 -3 49.2607674865053 S2_N0_Tm1
14074 19 -3 21.1412658608484 S2_N0_Tm1
14075 19 -3 0 S2_N0_Tm1
14077 19 -3 68.475471078089 S2_N0_Tm1
14078 19 -3 1.47110082254388 S2_N0_Tm1
14085 19 -3 0 S2_N0_Tm1
14086 19 -3 28.3837792071847 S2_N0_Tm1
14087 19 -3 0 S2_N0_Tm1
14088 19 -3 39.8797070324829 S2_N0_Tm1
14089 19 -3 7.06194050058411 S2_N0_Tm1
14063 20 -3 208.783073629702 S2_N0_Tm1
14064 20 -3 16.6293793156451 S2_N0_Tm1
14065 20 -3 75.7597408380085 S2_N0_Tm1
14066 20 -3 8.0542473920111 S2_N0_Tm1
14072 20 -3 249.901333292159 S2_N0_Tm1
14073 20 -3 106.895355854166 S2_N0_Tm1
14074 20 -3 80.81813112353 S2_N0_Tm1
14075 20 -3 22.2069417972425 S2_N0_Tm1
14077 20 -3 117.561742372884 S2_N0_Tm1
14078 20 -3 45.5877528493297 S2_N0_Tm1
14085 20 -3 18.5433008457451 S2_N0_Tm1
14086 20 -3 140.071106259326 S2_N0_Tm1
14087 20 -3 0 S2_N0_Tm1
14088 20 -3 114.987450226849 S2_N0_Tm1
14089 20 -3 50.554822080405 S2_N0_Tm1
14063 21 -3 108.266357815253 S2_N0_Tm1
14064 21 -3 0 S2_N0_Tm1
14065 21 -3 6.3726211616815 S2_N0_Tm1
14066 21 -3 0 S2_N0_Tm1
14072 21 -3 79.844501291949 S2_N0_Tm1
14073 21 -3 30.7741991782226 S2_N0_Tm1
14074 21 -3 7.38074059867717 S2_N0_Tm1
14075 21 -3 0 S2_N0_Tm1
14077 21 -3 53.6541912990042 S2_N0_Tm1
14078 21 -3 0 S2_N0_Tm1
14085 21 -3 0 S2_N0_Tm1
14086 21 -3 10.9202941323267 S2_N0_Tm1
14087 21 -3 0 S2_N0_Tm1
14088 21 -3 19.7712421027655 S2_N0_Tm1
14089 21 -3 1.87868579051549 S2_N0_Tm1
14063 22 -3 117.461383542696 S2_N0_Tm1
14064 22 -3 0 S2_N0_Tm1
14065 22 -3 9.45813139440303 S2_N0_Tm1
14066 22 -3 0 S2_N0_Tm1
14072 22 -3 119.72981754177 S2_N0_Tm1
14073 22 -3 35.1313955629545 S2_N0_Tm1
14074 22 -3 11.4033243402547 S2_N0_Tm1
14075 22 -3 0 S2_N0_Tm1
14077 22 -3 59.0560645909639 S2_N0_Tm1
14078 22 -3 0 S2_N0_Tm1
14085 22 -3 0 S2_N0_Tm1
14086 22 -3 16.359629756174 S2_N0_Tm1
14087 22 -3 0 S2_N0_Tm1
14088 22 -3 33.3092231458569 S2_N0_Tm1
14089 22 -3 3.22839717851489 S2_N0_Tm1
14063 23 -3 137.298667342255 S2_N0_Tm1
14064 23 -3 0 S2_N0_Tm1
14065 23 -3 26.4511346718112 S2_N0_Tm1
14066 23 -3 0 S2_N0_Tm1
14072 23 -3 145.573868398988 S2_N0_Tm1
14073 23 -3 63.1461718679604 S2_N0_Tm1
14074 23 -3 30.0968924999215 S2_N0_Tm1
14075 23 -3 1.05874823998893 S2_N0_Tm1
14077 23 -3 72.9019501784239 S2_N0_Tm1
14078 23 -3 1.39553228873632 S2_N0_Tm1
14085 23 -3 0 S2_N0_Tm1
14086 23 -3 57.6855431230376 S2_N0_Tm1
14087 23 -3 0 S2_N0_Tm1
14088 23 -3 42.0795272245755 S2_N0_Tm1
14089 23 -3 11.2808071246788 S2_N0_Tm1
14063 24 -3 116.877901975966 S2_N0_Tm1
14064 24 -3 0 S2_N0_Tm1
14065 24 -3 9.57131195134032 S2_N0_Tm1
14066 24 -3 0 S2_N0_Tm1
14072 24 -3 107.16009180908 S2_N0_Tm1
14073 24 -3 36.7318926679973 S2_N0_Tm1
14074 24 -3 11.2297316494293 S2_N0_Tm1
14075 24 -3 0 S2_N0_Tm1
14077 24 -3 59.0021460113785 S2_N0_Tm1
14078 24 -3 0 S2_N0_Tm1
14085 24 -3 0 S2_N0_Tm1
14086 24 -3 16.5889228961583 S2_N0_Tm1
14087 24 -3 0 S2_N0_Tm1
14088 24 -3 28.4224401362472 S2_N0_Tm1
14089 24 -3 3.09731227739015 S2_N0_Tm1
14063 25 -3 0 S2_N0_Tm1
14064 25 -3 0 S2_N0_Tm1
14065 25 -3 0 S2_N0_Tm1
14066 25 -3 0 S2_N0_Tm1
14072 25 -3 0 S2_N0_Tm1
14073 25 -3 0 S2_N0_Tm1
14074 25 -3 0 S2_N0_Tm1
14075 25 -3 0 S2_N0_Tm1
14077 25 -3 0 S2_N0_Tm1
14078 25 -3 0 S2_N0_Tm1
14085 25 -3 0 S2_N0_Tm1
14086 25 -3 0 S2_N0_Tm1
14087 25 -3 0 S2_N0_Tm1
14088 25 -3 0 S2_N0_Tm1
14089 25 -3 0 S2_N0_Tm1
14063 26 -3 149.139140606024 S2_N0_Tm1
14064 26 -3 0 S2_N0_Tm1
14065 26 -3 31.0249300571326 S2_N0_Tm1
14066 26 -3 0 S2_N0_Tm1
14072 26 -3 166.902605891785 S2_N0_Tm1
14073 26 -3 60.4328078962993 S2_N0_Tm1
14074 26 -3 35.3195961571954 S2_N0_Tm1
14075 26 -3 1.62412314340748 S2_N0_Tm1
14077 26 -3 79.9049699717917 S2_N0_Tm1
14078 26 -3 6.45695378311214 S2_N0_Tm1
14085 26 -3 0 S2_N0_Tm1
14086 26 -3 50.74938400107 S2_N0_Tm1
14087 26 -3 0 S2_N0_Tm1
14088 26 -3 61.3342662056957 S2_N0_Tm1
14089 26 -3 16.2243672155468 S2_N0_Tm1
14063 27 -3 0 S2_N0_Tm1
14064 27 -3 0 S2_N0_Tm1
14065 27 -3 0 S2_N0_Tm1
14066 27 -3 0 S2_N0_Tm1
14072 27 -3 0 S2_N0_Tm1
14073 27 -3 0 S2_N0_Tm1
14074 27 -3 0 S2_N0_Tm1
14075 27 -3 0 S2_N0_Tm1
14077 27 -3 0 S2_N0_Tm1
14078 27 -3 0 S2_N0_Tm1
14085 27 -3 0 S2_N0_Tm1
14086 27 -3 0 S2_N0_Tm1
14087 27 -3 0 S2_N0_Tm1
14088 27 -3 0 S2_N0_Tm1
14089 27 -3 0 S2_N0_Tm1
14063 28 -3 166.110861821928 S2_N0_Tm1
14064 28 -3 2.0839137871881 S2_N0_Tm1
14065 28 -3 42.2867543746575 S2_N0_Tm1
14066 28 -3 1.27374291575792 S2_N0_Tm1
14072 28 -3 201.892455319478 S2_N0_Tm1
14073 28 -3 73.2919936059318 S2_N0_Tm1
14074 28 -3 48.2794425663394 S2_N0_Tm1
14075 28 -3 3.85169485232271 S2_N0_Tm1
14077 28 -3 90.2956511420179 S2_N0_Tm1
14078 28 -3 14.5653355822021 S2_N0_Tm1
14085 28 -3 4.88394595333756 S2_N0_Tm1
14086 28 -3 81.4808196990311 S2_N0_Tm1
14087 28 -3 0 S2_N0_Tm1
14088 28 -3 76.2524325981549 S2_N0_Tm1
14089 28 -3 26.799755883684 S2_N0_Tm1
14063 29 -3 42.4578725788612 S2_N0_Tm1
14064 29 -3 0 S2_N0_Tm1
14065 29 -3 0 S2_N0_Tm1
14066 29 -3 0 S2_N0_Tm1
14072 29 -3 1.6261122945186 S2_N0_Tm1
14073 29 -3 3.1398666555142 S2_N0_Tm1
14074 29 -3 0 S2_N0_Tm1
14075 29 -3 0 S2_N0_Tm1
14077 29 -3 11.5568318988643 S2_N0_Tm1
14078 29 -3 0 S2_N0_Tm1
14085 29 -3 0 S2_N0_Tm1
14086 29 -3 0 S2_N0_Tm1
14087 29 -3 0 S2_N0_Tm1
14088 29 -3 0 S2_N0_Tm1
14089 29 -3 0 S2_N0_Tm1
14063 30 -3 0 S2_N0_Tm1
14064 30 -3 0 S2_N0_Tm1
14065 30 -3 0 S2_N0_Tm1
14066 30 -3 0 S2_N0_Tm1
14072 30 -3 0 S2_N0_Tm1
14073 30 -3 0 S2_N0_Tm1
14074 30 -3 0 S2_N0_Tm1
14075 30 -3 0 S2_N0_Tm1
14077 30 -3 0 S2_N0_Tm1
14078 30 -3 0 S2_N0_Tm1
14085 30 -3 0 S2_N0_Tm1
14086 30 -3 0 S2_N0_Tm1
14087 30 -3 0 S2_N0_Tm1
14088 30 -3 0 S2_N0_Tm1
14089 30 -3 0 S2_N0_Tm1
14063 31 -3 6.1353030637887 S2_N0_Tm1
14064 31 -3 0 S2_N0_Tm1
14065 31 -3 0 S2_N0_Tm1
14066 31 -3 0 S2_N0_Tm1
14072 31 -3 4.03524913734709 S2_N0_Tm1
14073 31 -3 6.1977923489919 S2_N0_Tm1
14074 31 -3 0 S2_N0_Tm1
14075 31 -3 0 S2_N0_Tm1
14077 31 -3 0 S2_N0_Tm1
14078 31 -3 0 S2_N0_Tm1
14085 31 -3 0 S2_N0_Tm1
14086 31 -3 0 S2_N0_Tm1
14087 31 -3 0 S2_N0_Tm1
14088 31 -3 0 S2_N0_Tm1
14089 31 -3 0 S2_N0_Tm1
14063 1 -5 0 S2_N0_Tm1
14064 1 -5 0 S2_N0_Tm1
14065 1 -5 0 S2_N0_Tm1
14066 1 -5 0 S2_N0_Tm1
14072 1 -5 0 S2_N0_Tm1
14073 1 -5 0 S2_N0_Tm1
14074 1 -5 0 S2_N0_Tm1
14075 1 -5 0 S2_N0_Tm1
14077 1 -5 0 S2_N0_Tm1
14078 1 -5 0 S2_N0_Tm1
14085 1 -5 0 S2_N0_Tm1
14086 1 -5 0 S2_N0_Tm1
14087 1 -5 0 S2_N0_Tm1
14088 1 -5 0 S2_N0_Tm1
14089 1 -5 0 S2_N0_Tm1
14063 2 -5 0 S2_N0_Tm1
14064 2 -5 0 S2_N0_Tm1
14065 2 -5 0 S2_N0_Tm1
14066 2 -5 0 S2_N0_Tm1
14072 2 -5 0 S2_N0_Tm1
14073 2 -5 0 S2_N0_Tm1
14074 2 -5 0 S2_N0_Tm1
14075 2 -5 0 S2_N0_Tm1
14077 2 -5 0 S2_N0_Tm1
14078 2 -5 0 S2_N0_Tm1
14085 2 -5 0 S2_N0_Tm1
14086 2 -5 0 S2_N0_Tm1
14087 2 -5 0 S2_N0_Tm1
14088 2 -5 0 S2_N0_Tm1
14089 2 -5 0 S2_N0_Tm1
14063 3 -5 0 S2_N0_Tm1
14064 3 -5 0 S2_N0_Tm1
14065 3 -5 0 S2_N0_Tm1
14066 3 -5 0 S2_N0_Tm1
14072 3 -5 0 S2_N0_Tm1
14073 3 -5 0 S2_N0_Tm1
14074 3 -5 0 S2_N0_Tm1
14075 3 -5 0 S2_N0_Tm1
14077 3 -5 0 S2_N0_Tm1
14078 3 -5 0 S2_N0_Tm1
14085 3 -5 0 S2_N0_Tm1
14086 3 -5 0 S2_N0_Tm1
14087 3 -5 0 S2_N0_Tm1
14088 3 -5 0 S2_N0_Tm1
14089 3 -5 0 S2_N0_Tm1
14063 4 -5 0 S2_N0_Tm1
14064 4 -5 0 S2_N0_Tm1
14065 4 -5 0 S2_N0_Tm1
14066 4 -5 0 S2_N0_Tm1
14072 4 -5 0 S2_N0_Tm1
14073 4 -5 0 S2_N0_Tm1
14074 4 -5 0 S2_N0_Tm1
14075 4 -5 0 S2_N0_Tm1
14077 4 -5 0 S2_N0_Tm1
14078 4 -5 0 S2_N0_Tm1
14085 4 -5 0 S2_N0_Tm1
14086 4 -5 0 S2_N0_Tm1
14087 4 -5 0 S2_N0_Tm1
14088 4 -5 0 S2_N0_Tm1
14089 4 -5 0 S2_N0_Tm1
14063 5 -5 0 S2_N0_Tm1
14064 5 -5 0 S2_N0_Tm1
14065 5 -5 0 S2_N0_Tm1
14066 5 -5 0 S2_N0_Tm1
14072 5 -5 0 S2_N0_Tm1
14073 5 -5 0 S2_N0_Tm1
14074 5 -5 0 S2_N0_Tm1
14075 5 -5 0 S2_N0_Tm1
14077 5 -5 0 S2_N0_Tm1
14078 5 -5 0 S2_N0_Tm1
14085 5 -5 0 S2_N0_Tm1
14086 5 -5 0 S2_N0_Tm1
14087 5 -5 0 S2_N0_Tm1
14088 5 -5 0 S2_N0_Tm1
14089 5 -5 0 S2_N0_Tm1
14063 6 -5 102.075502148984 S2_N0_Tm1
14064 6 -5 0 S2_N0_Tm1
14065 6 -5 11.6162766386093 S2_N0_Tm1
14066 6 -5 0 S2_N0_Tm1
14072 6 -5 54.9525296083982 S2_N0_Tm1
14073 6 -5 45.9542948148104 S2_N0_Tm1
14074 6 -5 12.047542348763 S2_N0_Tm1
14075 6 -5 0 S2_N0_Tm1
14077 6 -5 52.626131585373 S2_N0_Tm1
14078 6 -5 0 S2_N0_Tm1
14085 6 -5 0 S2_N0_Tm1
14086 6 -5 22.0498713674978 S2_N0_Tm1
14087 6 -5 0 S2_N0_Tm1
14088 6 -5 16.8664734702093 S2_N0_Tm1
14089 6 -5 9.04074881420682 S2_N0_Tm1
14063 7 -5 0 S2_N0_Tm1
14064 7 -5 0 S2_N0_Tm1
14065 7 -5 0 S2_N0_Tm1
14066 7 -5 0 S2_N0_Tm1
14072 7 -5 0 S2_N0_Tm1
14073 7 -5 0 S2_N0_Tm1
14074 7 -5 0 S2_N0_Tm1
14075 7 -5 0 S2_N0_Tm1
14077 7 -5 0 S2_N0_Tm1
14078 7 -5 0 S2_N0_Tm1
14085 7 -5 0 S2_N0_Tm1
14086 7 -5 0 S2_N0_Tm1
14087 7 -5 0 S2_N0_Tm1
14088 7 -5 0 S2_N0_Tm1
14089 7 -5 0 S2_N0_Tm1
14063 8 -5 14.4230705995221 S2_N0_Tm1
14064 8 -5 0 S2_N0_Tm1
14065 8 -5 0 S2_N0_Tm1
14066 8 -5 0 S2_N0_Tm1
14072 8 -5 0 S2_N0_Tm1
14073 8 -5 0 S2_N0_Tm1
14074 8 -5 0 S2_N0_Tm1
14075 8 -5 0 S2_N0_Tm1
14077 8 -5 1.83169950284306 S2_N0_Tm1
14078 8 -5 0 S2_N0_Tm1
14085 8 -5 0 S2_N0_Tm1
14086 8 -5 0 S2_N0_Tm1
14087 8 -5 0 S2_N0_Tm1
14088 8 -5 0 S2_N0_Tm1
14089 8 -5 0 S2_N0_Tm1
14063 9 -5 8.75544041010018 S2_N0_Tm1
14064 9 -5 0 S2_N0_Tm1
14065 9 -5 0 S2_N0_Tm1
14066 9 -5 0 S2_N0_Tm1
14072 9 -5 0 S2_N0_Tm1
14073 9 -5 0 S2_N0_Tm1
14074 9 -5 0 S2_N0_Tm1
14075 9 -5 0 S2_N0_Tm1
14077 9 -5 1.13383705804057 S2_N0_Tm1
14078 9 -5 0 S2_N0_Tm1
14085 9 -5 0 S2_N0_Tm1
14086 9 -5 0 S2_N0_Tm1
14087 9 -5 0 S2_N0_Tm1
14088 9 -5 0 S2_N0_Tm1
14089 9 -5 0 S2_N0_Tm1
14063 10 -5 7.06473819242821 S2_N0_Tm1
14064 10 -5 0 S2_N0_Tm1
14065 10 -5 0 S2_N0_Tm1
14066 10 -5 0 S2_N0_Tm1
14072 10 -5 0 S2_N0_Tm1
14073 10 -5 0 S2_N0_Tm1
14074 10 -5 0 S2_N0_Tm1
14075 10 -5 0 S2_N0_Tm1
14077 10 -5 0 S2_N0_Tm1
14078 10 -5 0 S2_N0_Tm1
14085 10 -5 0 S2_N0_Tm1
14086 10 -5 0 S2_N0_Tm1
14087 10 -5 0 S2_N0_Tm1
14088 10 -5 0 S2_N0_Tm1
14089 10 -5 0 S2_N0_Tm1
14063 11 -5 0 S2_N0_Tm1
14064 11 -5 0 S2_N0_Tm1
14065 11 -5 0 S2_N0_Tm1
14066 11 -5 0 S2_N0_Tm1
14072 11 -5 0 S2_N0_Tm1
14073 11 -5 0 S2_N0_Tm1
14074 11 -5 0 S2_N0_Tm1
14075 11 -5 0 S2_N0_Tm1
14077 11 -5 0 S2_N0_Tm1
14078 11 -5 0 S2_N0_Tm1
14085 11 -5 0 S2_N0_Tm1
14086 11 -5 0 S2_N0_Tm1
14087 11 -5 0 S2_N0_Tm1
14088 11 -5 0 S2_N0_Tm1
14089 11 -5 0 S2_N0_Tm1
14063 12 -5 0 S2_N0_Tm1
14064 12 -5 0 S2_N0_Tm1
14065 12 -5 0 S2_N0_Tm1
14066 12 -5 0 S2_N0_Tm1
14072 12 -5 0 S2_N0_Tm1
14073 12 -5 0 S2_N0_Tm1
14074 12 -5 0 S2_N0_Tm1
14075 12 -5 0 S2_N0_Tm1
14077 12 -5 0 S2_N0_Tm1
14078 12 -5 0 S2_N0_Tm1
14085 12 -5 0 S2_N0_Tm1
14086 12 -5 0 S2_N0_Tm1
14087 12 -5 0 S2_N0_Tm1
14088 12 -5 0 S2_N0_Tm1
14089 12 -5 0 S2_N0_Tm1
14063 13 -5 0 S2_N0_Tm1
14064 13 -5 0 S2_N0_Tm1
14065 13 -5 0 S2_N0_Tm1
14066 13 -5 0 S2_N0_Tm1
14072 13 -5 0 S2_N0_Tm1
14073 13 -5 0 S2_N0_Tm1
14074 13 -5 0 S2_N0_Tm1
14075 13 -5 0 S2_N0_Tm1
14077 13 -5 0 S2_N0_Tm1
14078 13 -5 0 S2_N0_Tm1
14085 13 -5 0 S2_N0_Tm1
14086 13 -5 0 S2_N0_Tm1
14087 13 -5 0 S2_N0_Tm1
14088 13 -5 0 S2_N0_Tm1
14089 13 -5 0 S2_N0_Tm1
14063 14 -5 0 S2_N0_Tm1
14064 14 -5 0 S2_N0_Tm1
14065 14 -5 0 S2_N0_Tm1
14066 14 -5 0 S2_N0_Tm1
14072 14 -5 0 S2_N0_Tm1
14073 14 -5 0 S2_N0_Tm1
14074 14 -5 0 S2_N0_Tm1
14075 14 -5 0 S2_N0_Tm1
14077 14 -5 0 S2_N0_Tm1
14078 14 -5 0 S2_N0_Tm1
14085 14 -5 0 S2_N0_Tm1
14086 14 -5 0 S2_N0_Tm1
14087 14 -5 0 S2_N0_Tm1
14088 14 -5 0 S2_N0_Tm1
14089 14 -5 0 S2_N0_Tm1
14063 15 -5 169.793685416939 S2_N0_Tm1
14064 15 -5 4.12807660120418 S2_N0_Tm1
14065 15 -5 49.3864540543983 S2_N0_Tm1
14066 15 -5 5.1394861885377 S2_N0_Tm1
14072 15 -5 203.20462637309 S2_N0_Tm1
14073 15 -5 80.0616332871375 S2_N0_Tm1
14074 15 -5 54.7513636134105 S2_N0_Tm1
14075 15 -5 8.46197485390899 S2_N0_Tm1
14077 15 -5 92.4360809625938 S2_N0_Tm1
14078 15 -5 16.2100527185646 S2_N0_Tm1
14085 15 -5 36.5789924684932 S2_N0_Tm1
14086 15 -5 97.4289758952449 S2_N0_Tm1
14087 15 -5 0 S2_N0_Tm1
14088 15 -5 79.2835893489599 S2_N0_Tm1
14089 15 -5 44.9019347460533 S2_N0_Tm1
14063 16 -5 50.3206168748197 S2_N0_Tm1
14064 16 -5 0 S2_N0_Tm1
14065 16 -5 0 S2_N0_Tm1
14066 16 -5 0 S2_N0_Tm1
14072 16 -5 4.64631206876763 S2_N0_Tm1
14073 16 -5 1.13567048006842 S2_N0_Tm1
14074 16 -5 0 S2_N0_Tm1
14075 16 -5 0 S2_N0_Tm1
14077 16 -5 14.2980754407306 S2_N0_Tm1
14078 16 -5 0 S2_N0_Tm1
14085 16 -5 0 S2_N0_Tm1
14086 16 -5 0 S2_N0_Tm1
14087 16 -5 0 S2_N0_Tm1
14088 16 -5 0 S2_N0_Tm1
14089 16 -5 0 S2_N0_Tm1
14063 17 -5 76.2960558857062 S2_N0_Tm1
14064 17 -5 0 S2_N0_Tm1
14065 17 -5 9.18557789687033 S2_N0_Tm1
14066 17 -5 0 S2_N0_Tm1
14072 17 -5 10.6270569169635 S2_N0_Tm1
14073 17 -5 41.7551033132327 S2_N0_Tm1
14074 17 -5 7.84376426094527 S2_N0_Tm1
14075 17 -5 0 S2_N0_Tm1
14077 17 -5 37.0438791580871 S2_N0_Tm1
14078 17 -5 0 S2_N0_Tm1
14085 17 -5 0 S2_N0_Tm1
14086 17 -5 11.3177647362788 S2_N0_Tm1
14087 17 -5 0 S2_N0_Tm1
14088 17 -5 8.35909381346359 S2_N0_Tm1
14089 17 -5 4.75028655996445 S2_N0_Tm1
14063 18 -5 0 S2_N0_Tm1
14064 18 -5 0 S2_N0_Tm1
14065 18 -5 0 S2_N0_Tm1
14066 18 -5 0 S2_N0_Tm1
14072 18 -5 0 S2_N0_Tm1
14073 18 -5 0 S2_N0_Tm1
14074 18 -5 0 S2_N0_Tm1
14075 18 -5 0 S2_N0_Tm1
14077 18 -5 0 S2_N0_Tm1
14078 18 -5 0 S2_N0_Tm1
14085 18 -5 0 S2_N0_Tm1
14086 18 -5 0 S2_N0_Tm1
14087 18 -5 0 S2_N0_Tm1
14088 18 -5 0 S2_N0_Tm1
14089 18 -5 0 S2_N0_Tm1
14063 19 -5 12.2209247349881 S2_N0_Tm1
14064 19 -5 0 S2_N0_Tm1
14065 19 -5 0 S2_N0_Tm1
14066 19 -5 0 S2_N0_Tm1
14072 19 -5 0 S2_N0_Tm1
14073 19 -5 0 S2_N0_Tm1
14074 19 -5 0 S2_N0_Tm1
14075 19 -5 0 S2_N0_Tm1
14077 19 -5 1.4040535945139 S2_N0_Tm1
14078 19 -5 0 S2_N0_Tm1
14085 19 -5 0 S2_N0_Tm1
14086 19 -5 0 S2_N0_Tm1
14087 19 -5 0 S2_N0_Tm1
14088 19 -5 0 S2_N0_Tm1
14089 19 -5 0 S2_N0_Tm1
14063 20 -5 115.530025023222 S2_N0_Tm1
14064 20 -5 0 S2_N0_Tm1
14065 20 -5 12.2276803399242 S2_N0_Tm1
14066 20 -5 0 S2_N0_Tm1
14072 20 -5 93.7999529923755 S2_N0_Tm1
14073 20 -5 37.0807661681164 S2_N0_Tm1
14074 20 -5 13.4409624648147 S2_N0_Tm1
14075 20 -5 0 S2_N0_Tm1
14077 20 -5 59.565933810234 S2_N0_Tm1
14078 20 -5 1.17721352814527 S2_N0_Tm1
14085 20 -5 12.5492283670557 S2_N0_Tm1
14086 20 -5 14.4811021424716 S2_N0_Tm1
14087 20 -5 0 S2_N0_Tm1
14088 20 -5 35.5614799395709 S2_N0_Tm1
14089 20 -5 11.8681845832657 S2_N0_Tm1
14063 21 -5 1.09119847076457 S2_N0_Tm1
14064 21 -5 0 S2_N0_Tm1
14065 21 -5 0 S2_N0_Tm1
14066 21 -5 0 S2_N0_Tm1
14072 21 -5 0 S2_N0_Tm1
14073 21 -5 0 S2_N0_Tm1
14074 21 -5 0 S2_N0_Tm1
14075 21 -5 0 S2_N0_Tm1
14077 21 -5 0 S2_N0_Tm1
14078 21 -5 0 S2_N0_Tm1
14085 21 -5 0 S2_N0_Tm1
14086 21 -5 0 S2_N0_Tm1
14087 21 -5 0 S2_N0_Tm1
14088 21 -5 0 S2_N0_Tm1
14089 21 -5 0 S2_N0_Tm1
14063 22 -5 1.7799674530194 S2_N0_Tm1
14064 22 -5 0 S2_N0_Tm1
14065 22 -5 0 S2_N0_Tm1
14066 22 -5 0 S2_N0_Tm1
14072 22 -5 0 S2_N0_Tm1
14073 22 -5 0 S2_N0_Tm1
14074 22 -5 0 S2_N0_Tm1
14075 22 -5 0 S2_N0_Tm1
14077 22 -5 0 S2_N0_Tm1
14078 22 -5 0 S2_N0_Tm1
14085 22 -5 0 S2_N0_Tm1
14086 22 -5 0 S2_N0_Tm1
14087 22 -5 0 S2_N0_Tm1
14088 22 -5 0 S2_N0_Tm1
14089 22 -5 0 S2_N0_Tm1
14063 23 -5 27.4307225159138 S2_N0_Tm1
14064 23 -5 0 S2_N0_Tm1
14065 23 -5 0 S2_N0_Tm1
14066 23 -5 0 S2_N0_Tm1
14072 23 -5 1.71546650480663 S2_N0_Tm1
14073 23 -5 0 S2_N0_Tm1
14074 23 -5 0 S2_N0_Tm1
14075 23 -5 0 S2_N0_Tm1
14077 23 -5 4.25804160622698 S2_N0_Tm1
14078 23 -5 0 S2_N0_Tm1
14085 23 -5 0 S2_N0_Tm1
14086 23 -5 0 S2_N0_Tm1
14087 23 -5 0 S2_N0_Tm1
14088 23 -5 0 S2_N0_Tm1
14089 23 -5 0 S2_N0_Tm1
14063 24 -5 2.20860701333114 S2_N0_Tm1
14064 24 -5 0 S2_N0_Tm1
14065 24 -5 0 S2_N0_Tm1
14066 24 -5 0 S2_N0_Tm1
14072 24 -5 0 S2_N0_Tm1
14073 24 -5 0 S2_N0_Tm1
14074 24 -5 0 S2_N0_Tm1
14075 24 -5 0 S2_N0_Tm1
14077 24 -5 0 S2_N0_Tm1
14078 24 -5 0 S2_N0_Tm1
14085 24 -5 0 S2_N0_Tm1
14086 24 -5 0 S2_N0_Tm1
14087 24 -5 0 S2_N0_Tm1
14088 24 -5 0 S2_N0_Tm1
14089 24 -5 0 S2_N0_Tm1
14063 25 -5 0 S2_N0_Tm1
14064 25 -5 0 S2_N0_Tm1
14065 25 -5 0 S2_N0_Tm1
14066 25 -5 0 S2_N0_Tm1
14072 25 -5 0 S2_N0_Tm1
14073 25 -5 0 S2_N0_Tm1
14074 25 -5 0 S2_N0_Tm1
14075 25 -5 0 S2_N0_Tm1
14077 25 -5 0 S2_N0_Tm1
14078 25 -5 0 S2_N0_Tm1
14085 25 -5 0 S2_N0_Tm1
14086 25 -5 0 S2_N0_Tm1
14087 25 -5 0 S2_N0_Tm1
14088 25 -5 0 S2_N0_Tm1
14089 25 -5 0 S2_N0_Tm1
14063 26 -5 29.9230272013619 S2_N0_Tm1
14064 26 -5 0 S2_N0_Tm1
14065 26 -5 0 S2_N0_Tm1
14066 26 -5 0 S2_N0_Tm1
14072 26 -5 1.98664723083998 S2_N0_Tm1
14073 26 -5 0 S2_N0_Tm1
14074 26 -5 0 S2_N0_Tm1
14075 26 -5 0 S2_N0_Tm1
14077 26 -5 4.75547986229244 S2_N0_Tm1
14078 26 -5 0 S2_N0_Tm1
14085 26 -5 0 S2_N0_Tm1
14086 26 -5 0 S2_N0_Tm1
14087 26 -5 0 S2_N0_Tm1
14088 26 -5 0 S2_N0_Tm1
14089 26 -5 0 S2_N0_Tm1
14063 27 -5 0 S2_N0_Tm1
14064 27 -5 0 S2_N0_Tm1
14065 27 -5 0 S2_N0_Tm1
14066 27 -5 0 S2_N0_Tm1
14072 27 -5 0 S2_N0_Tm1
14073 27 -5 0 S2_N0_Tm1
14074 27 -5 0 S2_N0_Tm1
14075 27 -5 0 S2_N0_Tm1
14077 27 -5 0 S2_N0_Tm1
14078 27 -5 0 S2_N0_Tm1
14085 27 -5 0 S2_N0_Tm1
14086 27 -5 0 S2_N0_Tm1
14087 27 -5 0 S2_N0_Tm1
14088 27 -5 0 S2_N0_Tm1
14089 27 -5 0 S2_N0_Tm1
14063 28 -5 51.6861245982724 S2_N0_Tm1
14064 28 -5 0 S2_N0_Tm1
14065 28 -5 0 S2_N0_Tm1
14066 28 -5 0 S2_N0_Tm1
14072 28 -5 9.35038914668016 S2_N0_Tm1
14073 28 -5 1.1249938881624 S2_N0_Tm1
14074 28 -5 0 S2_N0_Tm1
14075 28 -5 0 S2_N0_Tm1
14077 28 -5 14.4408264938797 S2_N0_Tm1
14078 28 -5 0 S2_N0_Tm1
14085 28 -5 0 S2_N0_Tm1
14086 28 -5 0 S2_N0_Tm1
14087 28 -5 0 S2_N0_Tm1
14088 28 -5 0 S2_N0_Tm1
14089 28 -5 0 S2_N0_Tm1
14063 29 -5 0 S2_N0_Tm1
14064 29 -5 0 S2_N0_Tm1
14065 29 -5 0 S2_N0_Tm1
14066 29 -5 0 S2_N0_Tm1
14072 29 -5 0 S2_N0_Tm1
14073 29 -5 0 S2_N0_Tm1
14074 29 -5 0 S2_N0_Tm1
14075 29 -5 0 S2_N0_Tm1
14077 29 -5 0 S2_N0_Tm1
14078 29 -5 0 S2_N0_Tm1
14085 29 -5 0 S2_N0_Tm1
14086 29 -5 0 S2_N0_Tm1
14087 29 -5 0 S2_N0_Tm1
14088 29 -5 0 S2_N0_Tm1
14089 29 -5 0 S2_N0_Tm1
14063 30 -5 0 S2_N0_Tm1
14064 30 -5 0 S2_N0_Tm1
14065 30 -5 0 S2_N0_Tm1
14066 30 -5 0 S2_N0_Tm1
14072 30 -5 0 S2_N0_Tm1
14073 30 -5 0 S2_N0_Tm1
14074 30 -5 0 S2_N0_Tm1
14075 30 -5 0 S2_N0_Tm1
14077 30 -5 0 S2_N0_Tm1
14078 30 -5 0 S2_N0_Tm1
14085 30 -5 0 S2_N0_Tm1
14086 30 -5 0 S2_N0_Tm1
14087 30 -5 0 S2_N0_Tm1
14088 30 -5 0 S2_N0_Tm1
14089 30 -5 0 S2_N0_Tm1
14063 31 -5 0 S2_N0_Tm1
14064 31 -5 0 S2_N0_Tm1
14065 31 -5 0 S2_N0_Tm1
14066 31 -5 0 S2_N0_Tm1
14072 31 -5 0 S2_N0_Tm1
14073 31 -5 0 S2_N0_Tm1
14074 31 -5 0 S2_N0_Tm1
14075 31 -5 0 S2_N0_Tm1
14077 31 -5 0 S2_N0_Tm1
14078 31 -5 0 S2_N0_Tm1
14085 31 -5 0 S2_N0_Tm1
14086 31 -5 0 S2_N0_Tm1
14087 31 -5 0 S2_N0_Tm1
14088 31 -5 0 S2_N0_Tm1
14089 31 -5 0 S2_N0_Tm1
