speciesID lakeID variable value scenario
16023 1 -0.5 0 S2_N1_T0
16028 1 -0.5 273.418214835283 S2_N1_T0
16029 1 -0.5 966.361307380471 S2_N1_T0
16030 1 -0.5 0 S2_N1_T0
16031 1 -0.5 0 S2_N1_T0
16033 1 -0.5 0 S2_N1_T0
16034 1 -0.5 0 S2_N1_T0
16035 1 -0.5 11.7563592768307 S2_N1_T0
16038 1 -0.5 0 S2_N1_T0
16039 1 -0.5 209.942409607181 S2_N1_T0
16040 1 -0.5 348.997620307009 S2_N1_T0
16041 1 -0.5 243.834605379583 S2_N1_T0
16042 1 -0.5 25.3938555438991 S2_N1_T0
16044 1 -0.5 0 S2_N1_T0
16045 1 -0.5 277.41596537158 S2_N1_T0
16023 2 -0.5 0 S2_N1_T0
16028 2 -0.5 2.52919529730878 S2_N1_T0
16029 2 -0.5 82.4876245379934 S2_N1_T0
16030 2 -0.5 0 S2_N1_T0
16031 2 -0.5 0 S2_N1_T0
16033 2 -0.5 0 S2_N1_T0
16034 2 -0.5 0 S2_N1_T0
16035 2 -0.5 0 S2_N1_T0
16038 2 -0.5 0 S2_N1_T0
16039 2 -0.5 0 S2_N1_T0
16040 2 -0.5 73.6676240356361 S2_N1_T0
16041 2 -0.5 42.74221919695 S2_N1_T0
16042 2 -0.5 0 S2_N1_T0
16044 2 -0.5 0 S2_N1_T0
16045 2 -0.5 32.6288023218689 S2_N1_T0
16023 3 -0.5 0 S2_N1_T0
16028 3 -0.5 61.6695852308295 S2_N1_T0
16029 3 -0.5 335.081509236729 S2_N1_T0
16030 3 -0.5 0 S2_N1_T0
16031 3 -0.5 0 S2_N1_T0
16033 3 -0.5 0 S2_N1_T0
16034 3 -0.5 0 S2_N1_T0
16035 3 -0.5 0 S2_N1_T0
16038 3 -0.5 0 S2_N1_T0
16039 3 -0.5 0 S2_N1_T0
16040 3 -0.5 121.336062590723 S2_N1_T0
16041 3 -0.5 89.6330663452367 S2_N1_T0
16042 3 -0.5 0 S2_N1_T0
16044 3 -0.5 0 S2_N1_T0
16045 3 -0.5 114.868073725817 S2_N1_T0
16023 4 -0.5 0 S2_N1_T0
16028 4 -0.5 115.948032899341 S2_N1_T0
16029 4 -0.5 537.788686257253 S2_N1_T0
16030 4 -0.5 0 S2_N1_T0
16031 4 -0.5 0 S2_N1_T0
16033 4 -0.5 0 S2_N1_T0
16034 4 -0.5 0 S2_N1_T0
16035 4 -0.5 0 S2_N1_T0
16038 4 -0.5 0 S2_N1_T0
16039 4 -0.5 41.8708986603884 S2_N1_T0
16040 4 -0.5 173.003325449962 S2_N1_T0
16041 4 -0.5 127.829449440794 S2_N1_T0
16042 4 -0.5 0 S2_N1_T0
16044 4 -0.5 0 S2_N1_T0
16045 4 -0.5 176.080917975031 S2_N1_T0
16023 5 -0.5 0 S2_N1_T0
16028 5 -0.5 0 S2_N1_T0
16029 5 -0.5 0 S2_N1_T0
16030 5 -0.5 0 S2_N1_T0
16031 5 -0.5 0 S2_N1_T0
16033 5 -0.5 0 S2_N1_T0
16034 5 -0.5 0 S2_N1_T0
16035 5 -0.5 0 S2_N1_T0
16038 5 -0.5 0 S2_N1_T0
16039 5 -0.5 0 S2_N1_T0
16040 5 -0.5 0 S2_N1_T0
16041 5 -0.5 0 S2_N1_T0
16042 5 -0.5 0 S2_N1_T0
16044 5 -0.5 0 S2_N1_T0
16045 5 -0.5 0 S2_N1_T0
16023 6 -0.5 0 S2_N1_T0
16028 6 -0.5 110.344954421474 S2_N1_T0
16029 6 -0.5 496.949608545451 S2_N1_T0
16030 6 -0.5 0 S2_N1_T0
16031 6 -0.5 0 S2_N1_T0
16033 6 -0.5 0 S2_N1_T0
16034 6 -0.5 0 S2_N1_T0
16035 6 -0.5 0 S2_N1_T0
16038 6 -0.5 0 S2_N1_T0
16039 6 -0.5 33.9591767063561 S2_N1_T0
16040 6 -0.5 169.221448891672 S2_N1_T0
16041 6 -0.5 136.767915186757 S2_N1_T0
16042 6 -0.5 0 S2_N1_T0
16044 6 -0.5 0 S2_N1_T0
16045 6 -0.5 178.436483022188 S2_N1_T0
16023 7 -0.5 0 S2_N1_T0
16028 7 -0.5 3.54900533985861 S2_N1_T0
16029 7 -0.5 90.6324757878718 S2_N1_T0
16030 7 -0.5 0 S2_N1_T0
16031 7 -0.5 0 S2_N1_T0
16033 7 -0.5 0 S2_N1_T0
16034 7 -0.5 0 S2_N1_T0
16035 7 -0.5 0 S2_N1_T0
16038 7 -0.5 0 S2_N1_T0
16039 7 -0.5 0 S2_N1_T0
16040 7 -0.5 75.6220744048538 S2_N1_T0
16041 7 -0.5 45.7901794975193 S2_N1_T0
16042 7 -0.5 0 S2_N1_T0
16044 7 -0.5 0 S2_N1_T0
16045 7 -0.5 35.3791785023473 S2_N1_T0
16023 8 -0.5 0 S2_N1_T0
16028 8 -0.5 158.508656279814 S2_N1_T0
16029 8 -0.5 673.316481701662 S2_N1_T0
16030 8 -0.5 0 S2_N1_T0
16031 8 -0.5 0 S2_N1_T0
16033 8 -0.5 0 S2_N1_T0
16034 8 -0.5 0 S2_N1_T0
16035 8 -0.5 0 S2_N1_T0
16038 8 -0.5 0 S2_N1_T0
16039 8 -0.5 112.712957727414 S2_N1_T0
16040 8 -0.5 224.891819075729 S2_N1_T0
16041 8 -0.5 167.591481407411 S2_N1_T0
16042 8 -0.5 0 S2_N1_T0
16044 8 -0.5 0 S2_N1_T0
16045 8 -0.5 219.692604307136 S2_N1_T0
16023 9 -0.5 0 S2_N1_T0
16028 9 -0.5 101.841672944252 S2_N1_T0
16029 9 -0.5 481.267074433196 S2_N1_T0
16030 9 -0.5 0 S2_N1_T0
16031 9 -0.5 0 S2_N1_T0
16033 9 -0.5 0 S2_N1_T0
16034 9 -0.5 0 S2_N1_T0
16035 9 -0.5 0 S2_N1_T0
16038 9 -0.5 0 S2_N1_T0
16039 9 -0.5 24.550998593087 S2_N1_T0
16040 9 -0.5 160.87378160871 S2_N1_T0
16041 9 -0.5 123.749324549033 S2_N1_T0
16042 9 -0.5 0 S2_N1_T0
16044 9 -0.5 0 S2_N1_T0
16045 9 -0.5 166.017282749566 S2_N1_T0
16023 10 -0.5 0 S2_N1_T0
16028 10 -0.5 167.223524298252 S2_N1_T0
16029 10 -0.5 696.062991791235 S2_N1_T0
16030 10 -0.5 0 S2_N1_T0
16031 10 -0.5 0 S2_N1_T0
16033 10 -0.5 0 S2_N1_T0
16034 10 -0.5 0 S2_N1_T0
16035 10 -0.5 0 S2_N1_T0
16038 10 -0.5 0 S2_N1_T0
16039 10 -0.5 103.954538622126 S2_N1_T0
16040 10 -0.5 225.393342736838 S2_N1_T0
16041 10 -0.5 171.366951655685 S2_N1_T0
16042 10 -0.5 0 S2_N1_T0
16044 10 -0.5 0 S2_N1_T0
16045 10 -0.5 225.81194274911 S2_N1_T0
16023 11 -0.5 0 S2_N1_T0
16028 11 -0.5 219.569229174637 S2_N1_T0
16029 11 -0.5 855.579409132337 S2_N1_T0
16030 11 -0.5 0 S2_N1_T0
16031 11 -0.5 0 S2_N1_T0
16033 11 -0.5 0 S2_N1_T0
16034 11 -0.5 0 S2_N1_T0
16035 11 -0.5 1.07936284219087 S2_N1_T0
16038 11 -0.5 0 S2_N1_T0
16039 11 -0.5 164.542455234297 S2_N1_T0
16040 11 -0.5 296.754310510292 S2_N1_T0
16041 11 -0.5 191.444301979387 S2_N1_T0
16042 11 -0.5 3.70941752566057 S2_N1_T0
16044 11 -0.5 0 S2_N1_T0
16045 11 -0.5 233.921416391879 S2_N1_T0
16023 12 -0.5 0 S2_N1_T0
16028 12 -0.5 261.604243866436 S2_N1_T0
16029 12 -0.5 854.341989619247 S2_N1_T0
16030 12 -0.5 0 S2_N1_T0
16031 12 -0.5 0 S2_N1_T0
16033 12 -0.5 0 S2_N1_T0
16034 12 -0.5 0 S2_N1_T0
16035 12 -0.5 1.52707594439022 S2_N1_T0
16038 12 -0.5 0 S2_N1_T0
16039 12 -0.5 209.050769426418 S2_N1_T0
16040 12 -0.5 370.712606083428 S2_N1_T0
16041 12 -0.5 226.964753449367 S2_N1_T0
16042 12 -0.5 13.9547264802354 S2_N1_T0
16044 12 -0.5 0 S2_N1_T0
16045 12 -0.5 233.898850085757 S2_N1_T0
16023 13 -0.5 0 S2_N1_T0
16028 13 -0.5 15.9831298246105 S2_N1_T0
16029 13 -0.5 277.305302794189 S2_N1_T0
16030 13 -0.5 0 S2_N1_T0
16031 13 -0.5 0 S2_N1_T0
16033 13 -0.5 0 S2_N1_T0
16034 13 -0.5 0 S2_N1_T0
16035 13 -0.5 0 S2_N1_T0
16038 13 -0.5 0 S2_N1_T0
16039 13 -0.5 0 S2_N1_T0
16040 13 -0.5 98.5717506139696 S2_N1_T0
16041 13 -0.5 55.1919198422855 S2_N1_T0
16042 13 -0.5 0 S2_N1_T0
16044 13 -0.5 0 S2_N1_T0
16045 13 -0.5 88.9123124888751 S2_N1_T0
16023 14 -0.5 0 S2_N1_T0
16028 14 -0.5 38.7044656155156 S2_N1_T0
16029 14 -0.5 253.250199742558 S2_N1_T0
16030 14 -0.5 0 S2_N1_T0
16031 14 -0.5 0 S2_N1_T0
16033 14 -0.5 0 S2_N1_T0
16034 14 -0.5 0 S2_N1_T0
16035 14 -0.5 0 S2_N1_T0
16038 14 -0.5 0 S2_N1_T0
16039 14 -0.5 0 S2_N1_T0
16040 14 -0.5 106.450475724548 S2_N1_T0
16041 14 -0.5 82.0865141187045 S2_N1_T0
16042 14 -0.5 0 S2_N1_T0
16044 14 -0.5 0 S2_N1_T0
16045 14 -0.5 93.7482989321823 S2_N1_T0
16023 15 -0.5 0 S2_N1_T0
16028 15 -0.5 189.140752110855 S2_N1_T0
16029 15 -0.5 739.674910262264 S2_N1_T0
16030 15 -0.5 0 S2_N1_T0
16031 15 -0.5 0 S2_N1_T0
16033 15 -0.5 0 S2_N1_T0
16034 15 -0.5 0 S2_N1_T0
16035 15 -0.5 2.64893251962696 S2_N1_T0
16038 15 -0.5 0 S2_N1_T0
16039 15 -0.5 121.862874073335 S2_N1_T0
16040 15 -0.5 243.104151860134 S2_N1_T0
16041 15 -0.5 196.058193868645 S2_N1_T0
16042 15 -0.5 1.94536310830704 S2_N1_T0
16044 15 -0.5 0 S2_N1_T0
16045 15 -0.5 250.25251906252 S2_N1_T0
16023 16 -0.5 0 S2_N1_T0
16028 16 -0.5 216.979376318781 S2_N1_T0
16029 16 -0.5 820.593994384122 S2_N1_T0
16030 16 -0.5 0 S2_N1_T0
16031 16 -0.5 0 S2_N1_T0
16033 16 -0.5 0 S2_N1_T0
16034 16 -0.5 0 S2_N1_T0
16035 16 -0.5 2.48558821889992 S2_N1_T0
16038 16 -0.5 0 S2_N1_T0
16039 16 -0.5 172.511624886806 S2_N1_T0
16040 16 -0.5 287.209098858309 S2_N1_T0
16041 16 -0.5 213.405968513087 S2_N1_T0
16042 16 -0.5 6.86359903355809 S2_N1_T0
16044 16 -0.5 0 S2_N1_T0
16045 16 -0.5 260.786566081564 S2_N1_T0
16023 17 -0.5 0 S2_N1_T0
16028 17 -0.5 64.6750086251219 S2_N1_T0
16029 17 -0.5 377.826528174183 S2_N1_T0
16030 17 -0.5 0 S2_N1_T0
16031 17 -0.5 0 S2_N1_T0
16033 17 -0.5 0 S2_N1_T0
16034 17 -0.5 0 S2_N1_T0
16035 17 -0.5 0 S2_N1_T0
16038 17 -0.5 0 S2_N1_T0
16039 17 -0.5 5.28246946688743 S2_N1_T0
16040 17 -0.5 135.202381872735 S2_N1_T0
16041 17 -0.5 104.932537316263 S2_N1_T0
16042 17 -0.5 0 S2_N1_T0
16044 17 -0.5 0 S2_N1_T0
16045 17 -0.5 137.629708177936 S2_N1_T0
16023 18 -0.5 0 S2_N1_T0
16028 18 -0.5 240.195359638556 S2_N1_T0
16029 18 -0.5 859.391162666941 S2_N1_T0
16030 18 -0.5 0 S2_N1_T0
16031 18 -0.5 0 S2_N1_T0
16033 18 -0.5 0 S2_N1_T0
16034 18 -0.5 0 S2_N1_T0
16035 18 -0.5 1.94837558239493 S2_N1_T0
16038 18 -0.5 0 S2_N1_T0
16039 18 -0.5 197.284299824965 S2_N1_T0
16040 18 -0.5 327.519824863244 S2_N1_T0
16041 18 -0.5 219.668453577585 S2_N1_T0
16042 18 -0.5 10.7947538061221 S2_N1_T0
16044 18 -0.5 0 S2_N1_T0
16045 18 -0.5 250.696847469529 S2_N1_T0
16023 19 -0.5 0 S2_N1_T0
16028 19 -0.5 151.09628566524 S2_N1_T0
16029 19 -0.5 645.950316607398 S2_N1_T0
16030 19 -0.5 0 S2_N1_T0
16031 19 -0.5 0 S2_N1_T0
16033 19 -0.5 0 S2_N1_T0
16034 19 -0.5 0 S2_N1_T0
16035 19 -0.5 0 S2_N1_T0
16038 19 -0.5 0 S2_N1_T0
16039 19 -0.5 87.89353220238 S2_N1_T0
16040 19 -0.5 209.86465440369 S2_N1_T0
16041 19 -0.5 160.173552364193 S2_N1_T0
16042 19 -0.5 0 S2_N1_T0
16044 19 -0.5 0 S2_N1_T0
16045 19 -0.5 213.306265994176 S2_N1_T0
16023 20 -0.5 0 S2_N1_T0
16028 20 -0.5 202.602697374692 S2_N1_T0
16029 20 -0.5 783.756810460475 S2_N1_T0
16030 20 -0.5 0 S2_N1_T0
16031 20 -0.5 0 S2_N1_T0
16033 20 -0.5 0 S2_N1_T0
16034 20 -0.5 0 S2_N1_T0
16035 20 -0.5 2.29147156556185 S2_N1_T0
16038 20 -0.5 0 S2_N1_T0
16039 20 -0.5 152.096445547489 S2_N1_T0
16040 20 -0.5 266.484300762544 S2_N1_T0
16041 20 -0.5 205.654218381317 S2_N1_T0
16042 20 -0.5 3.84304507597244 S2_N1_T0
16044 20 -0.5 0 S2_N1_T0
16045 20 -0.5 257.621636637604 S2_N1_T0
16023 21 -0.5 0 S2_N1_T0
16028 21 -0.5 156.004997905272 S2_N1_T0
16029 21 -0.5 662.109773709421 S2_N1_T0
16030 21 -0.5 0 S2_N1_T0
16031 21 -0.5 0 S2_N1_T0
16033 21 -0.5 0 S2_N1_T0
16034 21 -0.5 0 S2_N1_T0
16035 21 -0.5 0 S2_N1_T0
16038 21 -0.5 0 S2_N1_T0
16039 21 -0.5 86.2749673755386 S2_N1_T0
16040 21 -0.5 211.33812645077 S2_N1_T0
16041 21 -0.5 160.418136952464 S2_N1_T0
16042 21 -0.5 0 S2_N1_T0
16044 21 -0.5 0 S2_N1_T0
16045 21 -0.5 214.265403566718 S2_N1_T0
16023 22 -0.5 0 S2_N1_T0
16028 22 -0.5 264.311093708707 S2_N1_T0
16029 22 -0.5 951.864991297709 S2_N1_T0
16030 22 -0.5 0 S2_N1_T0
16031 22 -0.5 0 S2_N1_T0
16033 22 -0.5 0 S2_N1_T0
16034 22 -0.5 0 S2_N1_T0
16035 22 -0.5 14.3625591498518 S2_N1_T0
16038 22 -0.5 0 S2_N1_T0
16039 22 -0.5 201.396665946022 S2_N1_T0
16040 22 -0.5 331.51434939484 S2_N1_T0
16041 22 -0.5 241.574820602601 S2_N1_T0
16042 22 -0.5 24.4786032079253 S2_N1_T0
16044 22 -0.5 0 S2_N1_T0
16045 22 -0.5 282.778355704619 S2_N1_T0
16023 23 -0.5 0 S2_N1_T0
16028 23 -0.5 137.619906253289 S2_N1_T0
16029 23 -0.5 584.538035742164 S2_N1_T0
16030 23 -0.5 0 S2_N1_T0
16031 23 -0.5 0 S2_N1_T0
16033 23 -0.5 0 S2_N1_T0
16034 23 -0.5 0 S2_N1_T0
16035 23 -0.5 0 S2_N1_T0
16038 23 -0.5 0 S2_N1_T0
16039 23 -0.5 55.1863729219462 S2_N1_T0
16040 23 -0.5 188.083449988616 S2_N1_T0
16041 23 -0.5 148.870765837245 S2_N1_T0
16042 23 -0.5 0 S2_N1_T0
16044 23 -0.5 0 S2_N1_T0
16045 23 -0.5 196.943772272599 S2_N1_T0
16023 24 -0.5 0 S2_N1_T0
16028 24 -0.5 175.050230665231 S2_N1_T0
16029 24 -0.5 719.457295057437 S2_N1_T0
16030 24 -0.5 0 S2_N1_T0
16031 24 -0.5 0 S2_N1_T0
16033 24 -0.5 0 S2_N1_T0
16034 24 -0.5 0 S2_N1_T0
16035 24 -0.5 1.12330164880423 S2_N1_T0
16038 24 -0.5 0 S2_N1_T0
16039 24 -0.5 104.490711976036 S2_N1_T0
16040 24 -0.5 228.86132706325 S2_N1_T0
16041 24 -0.5 174.647299557765 S2_N1_T0
16042 24 -0.5 0 S2_N1_T0
16044 24 -0.5 0 S2_N1_T0
16045 24 -0.5 229.540471258237 S2_N1_T0
16023 25 -0.5 0 S2_N1_T0
16028 25 -0.5 48.6253936507754 S2_N1_T0
16029 25 -0.5 269.559129387658 S2_N1_T0
16030 25 -0.5 0 S2_N1_T0
16031 25 -0.5 0 S2_N1_T0
16033 25 -0.5 0 S2_N1_T0
16034 25 -0.5 0 S2_N1_T0
16035 25 -0.5 0 S2_N1_T0
16038 25 -0.5 0 S2_N1_T0
16039 25 -0.5 0 S2_N1_T0
16040 25 -0.5 109.778680193925 S2_N1_T0
16041 25 -0.5 86.0863190277096 S2_N1_T0
16042 25 -0.5 0 S2_N1_T0
16044 25 -0.5 0 S2_N1_T0
16045 25 -0.5 97.0510896043734 S2_N1_T0
16023 26 -0.5 0 S2_N1_T0
16028 26 -0.5 231.294945084714 S2_N1_T0
16029 26 -0.5 867.418954855258 S2_N1_T0
16030 26 -0.5 0 S2_N1_T0
16031 26 -0.5 0 S2_N1_T0
16033 26 -0.5 0 S2_N1_T0
16034 26 -0.5 0 S2_N1_T0
16035 26 -0.5 5.14131952240116 S2_N1_T0
16038 26 -0.5 0 S2_N1_T0
16039 26 -0.5 176.013649852339 S2_N1_T0
16040 26 -0.5 296.686701697281 S2_N1_T0
16041 26 -0.5 221.464902962229 S2_N1_T0
16042 26 -0.5 12.4332503692531 S2_N1_T0
16044 26 -0.5 0 S2_N1_T0
16045 26 -0.5 270.216603897483 S2_N1_T0
16023 27 -0.5 0 S2_N1_T0
16028 27 -0.5 1.34948557433825 S2_N1_T0
16029 27 -0.5 62.7835035014097 S2_N1_T0
16030 27 -0.5 0 S2_N1_T0
16031 27 -0.5 0 S2_N1_T0
16033 27 -0.5 0 S2_N1_T0
16034 27 -0.5 0 S2_N1_T0
16035 27 -0.5 0 S2_N1_T0
16038 27 -0.5 0 S2_N1_T0
16039 27 -0.5 0 S2_N1_T0
16040 27 -0.5 67.0850958626512 S2_N1_T0
16041 27 -0.5 31.9121339590312 S2_N1_T0
16042 27 -0.5 0 S2_N1_T0
16044 27 -0.5 0 S2_N1_T0
16045 27 -0.5 23.3724978602153 S2_N1_T0
16023 28 -0.5 0 S2_N1_T0
16028 28 -0.5 268.41880318426 S2_N1_T0
16029 28 -0.5 953.283279618842 S2_N1_T0
16030 28 -0.5 0 S2_N1_T0
16031 28 -0.5 0 S2_N1_T0
16033 28 -0.5 0 S2_N1_T0
16034 28 -0.5 0 S2_N1_T0
16035 28 -0.5 18.1583040374709 S2_N1_T0
16038 28 -0.5 0 S2_N1_T0
16039 28 -0.5 208.1295152078 S2_N1_T0
16040 28 -0.5 336.443989336259 S2_N1_T0
16041 28 -0.5 249.010412864207 S2_N1_T0
16042 28 -0.5 27.3734328537277 S2_N1_T0
16044 28 -0.5 0 S2_N1_T0
16045 28 -0.5 290.29866892546 S2_N1_T0
16023 29 -0.5 0 S2_N1_T0
16028 29 -0.5 69.2149680654546 S2_N1_T0
16029 29 -0.5 410.186126889237 S2_N1_T0
16030 29 -0.5 0 S2_N1_T0
16031 29 -0.5 0 S2_N1_T0
16033 29 -0.5 0 S2_N1_T0
16034 29 -0.5 0 S2_N1_T0
16035 29 -0.5 0 S2_N1_T0
16038 29 -0.5 0 S2_N1_T0
16039 29 -0.5 10.6835197889255 S2_N1_T0
16040 29 -0.5 137.182813594453 S2_N1_T0
16041 29 -0.5 93.3817851087074 S2_N1_T0
16042 29 -0.5 0 S2_N1_T0
16044 29 -0.5 0 S2_N1_T0
16045 29 -0.5 134.310514439811 S2_N1_T0
16023 30 -0.5 0 S2_N1_T0
16028 30 -0.5 34.3437492796074 S2_N1_T0
16029 30 -0.5 243.526876613741 S2_N1_T0
16030 30 -0.5 0 S2_N1_T0
16031 30 -0.5 0 S2_N1_T0
16033 30 -0.5 0 S2_N1_T0
16034 30 -0.5 0 S2_N1_T0
16035 30 -0.5 0 S2_N1_T0
16038 30 -0.5 0 S2_N1_T0
16039 30 -0.5 0 S2_N1_T0
16040 30 -0.5 103.102487011276 S2_N1_T0
16041 30 -0.5 76.7164732556334 S2_N1_T0
16042 30 -0.5 0 S2_N1_T0
16044 30 -0.5 0 S2_N1_T0
16045 30 -0.5 88.6914887330063 S2_N1_T0
16023 31 -0.5 0 S2_N1_T0
16028 31 -0.5 78.4401732995798 S2_N1_T0
16029 31 -0.5 421.233622202216 S2_N1_T0
16030 31 -0.5 0 S2_N1_T0
16031 31 -0.5 0 S2_N1_T0
16033 31 -0.5 0 S2_N1_T0
16034 31 -0.5 0 S2_N1_T0
16035 31 -0.5 0 S2_N1_T0
16038 31 -0.5 0 S2_N1_T0
16039 31 -0.5 0 S2_N1_T0
16040 31 -0.5 119.153766592781 S2_N1_T0
16041 31 -0.5 118.887034463148 S2_N1_T0
16042 31 -0.5 0 S2_N1_T0
16044 31 -0.5 0 S2_N1_T0
16045 31 -0.5 133.956454519674 S2_N1_T0
16023 1 -1.5 3.8645635592311 S2_N1_T0
16028 1 -1.5 662.444929523069 S2_N1_T0
16029 1 -1.5 562.096254627087 S2_N1_T0
16030 1 -1.5 523.715817733103 S2_N1_T0
16031 1 -1.5 555.821918903117 S2_N1_T0
16033 1 -1.5 27.0732320040241 S2_N1_T0
16034 1 -1.5 26.9052554513432 S2_N1_T0
16035 1 -1.5 0 S2_N1_T0
16038 1 -1.5 242.291244275047 S2_N1_T0
16039 1 -1.5 66.0658361470117 S2_N1_T0
16040 1 -1.5 299.248846054014 S2_N1_T0
16041 1 -1.5 103.464328830872 S2_N1_T0
16042 1 -1.5 38.0862070742533 S2_N1_T0
16044 1 -1.5 100.626352332818 S2_N1_T0
16045 1 -1.5 87.8327389139557 S2_N1_T0
16023 2 -1.5 0 S2_N1_T0
16028 2 -1.5 211.412130467281 S2_N1_T0
16029 2 -1.5 32.8617739508334 S2_N1_T0
16030 2 -1.5 154.441790509678 S2_N1_T0
16031 2 -1.5 210.913360943357 S2_N1_T0
16033 2 -1.5 0 S2_N1_T0
16034 2 -1.5 0 S2_N1_T0
16035 2 -1.5 0 S2_N1_T0
16038 2 -1.5 0 S2_N1_T0
16039 2 -1.5 0 S2_N1_T0
16040 2 -1.5 96.6449289780947 S2_N1_T0
16041 2 -1.5 58.5697345853003 S2_N1_T0
16042 2 -1.5 0 S2_N1_T0
16044 2 -1.5 38.9866297839134 S2_N1_T0
16045 2 -1.5 12.7245142664969 S2_N1_T0
16023 3 -1.5 0 S2_N1_T0
16028 3 -1.5 227.927081738598 S2_N1_T0
16029 3 -1.5 136.997215314291 S2_N1_T0
16030 3 -1.5 195.91482613098 S2_N1_T0
16031 3 -1.5 225.757448686275 S2_N1_T0
16033 3 -1.5 0 S2_N1_T0
16034 3 -1.5 0 S2_N1_T0
16035 3 -1.5 0 S2_N1_T0
16038 3 -1.5 0 S2_N1_T0
16039 3 -1.5 0 S2_N1_T0
16040 3 -1.5 94.1740718229175 S2_N1_T0
16041 3 -1.5 38.3215569203996 S2_N1_T0
16042 3 -1.5 0 S2_N1_T0
16044 3 -1.5 26.6368412692906 S2_N1_T0
16045 3 -1.5 28.7682357379415 S2_N1_T0
16023 4 -1.5 0 S2_N1_T0
16028 4 -1.5 281.491582336842 S2_N1_T0
16029 4 -1.5 246.951869510202 S2_N1_T0
16030 4 -1.5 279.638428319754 S2_N1_T0
16031 4 -1.5 270.701151485042 S2_N1_T0
16033 4 -1.5 0 S2_N1_T0
16034 4 -1.5 0 S2_N1_T0
16035 4 -1.5 0 S2_N1_T0
16038 4 -1.5 11.0232134029943 S2_N1_T0
16039 4 -1.5 0 S2_N1_T0
16040 4 -1.5 117.298387250014 S2_N1_T0
16041 4 -1.5 43.4550326645786 S2_N1_T0
16042 4 -1.5 0 S2_N1_T0
16044 4 -1.5 34.5364147543506 S2_N1_T0
16045 4 -1.5 48.9260364045671 S2_N1_T0
16023 5 -1.5 0 S2_N1_T0
16028 5 -1.5 66.2568431911675 S2_N1_T0
16029 5 -1.5 0 S2_N1_T0
16030 5 -1.5 0 S2_N1_T0
16031 5 -1.5 73.5777424538771 S2_N1_T0
16033 5 -1.5 0 S2_N1_T0
16034 5 -1.5 0 S2_N1_T0
16035 5 -1.5 0 S2_N1_T0
16038 5 -1.5 0 S2_N1_T0
16039 5 -1.5 0 S2_N1_T0
16040 5 -1.5 2.63803007576825 S2_N1_T0
16041 5 -1.5 0 S2_N1_T0
16042 5 -1.5 0 S2_N1_T0
16044 5 -1.5 0 S2_N1_T0
16045 5 -1.5 0 S2_N1_T0
16023 6 -1.5 2.469261893174 S2_N1_T0
16028 6 -1.5 354.413512223236 S2_N1_T0
16029 6 -1.5 377.175223628242 S2_N1_T0
16030 6 -1.5 360.565252996513 S2_N1_T0
16031 6 -1.5 337.603929728288 S2_N1_T0
16033 6 -1.5 0 S2_N1_T0
16034 6 -1.5 12.7454577678056 S2_N1_T0
16035 6 -1.5 0 S2_N1_T0
16038 6 -1.5 59.3128298798446 S2_N1_T0
16039 6 -1.5 6.9056180425915 S2_N1_T0
16040 6 -1.5 176.31237524793 S2_N1_T0
16041 6 -1.5 124.252721097654 S2_N1_T0
16042 6 -1.5 25.2851832158237 S2_N1_T0
16044 6 -1.5 113.878369193863 S2_N1_T0
16045 6 -1.5 122.124327026765 S2_N1_T0
16023 7 -1.5 0 S2_N1_T0
16028 7 -1.5 216.597678695285 S2_N1_T0
16029 7 -1.5 40.8349476877286 S2_N1_T0
16030 7 -1.5 158.614760517082 S2_N1_T0
16031 7 -1.5 215.852337400333 S2_N1_T0
16033 7 -1.5 0 S2_N1_T0
16034 7 -1.5 0 S2_N1_T0
16035 7 -1.5 0 S2_N1_T0
16038 7 -1.5 0 S2_N1_T0
16039 7 -1.5 0 S2_N1_T0
16040 7 -1.5 99.696384096252 S2_N1_T0
16041 7 -1.5 63.7119308512396 S2_N1_T0
16042 7 -1.5 0 S2_N1_T0
16044 7 -1.5 44.1497812764012 S2_N1_T0
16045 7 -1.5 15.5074326724035 S2_N1_T0
16023 8 -1.5 2.26960517625653 S2_N1_T0
16028 8 -1.5 411.428222648321 S2_N1_T0
16029 8 -1.5 442.420147361949 S2_N1_T0
16030 8 -1.5 432.469468195685 S2_N1_T0
16031 8 -1.5 377.826022721001 S2_N1_T0
16033 8 -1.5 9.63257037840686 S2_N1_T0
16034 8 -1.5 12.9094773696913 S2_N1_T0
16035 8 -1.5 0 S2_N1_T0
16038 8 -1.5 130.382015845792 S2_N1_T0
16039 8 -1.5 41.79221507014 S2_N1_T0
16040 8 -1.5 203.118368841979 S2_N1_T0
16041 8 -1.5 106.267250326591 S2_N1_T0
16042 8 -1.5 23.3338231584848 S2_N1_T0
16044 8 -1.5 98.0998476669808 S2_N1_T0
16045 8 -1.5 107.725011173948 S2_N1_T0
16023 9 -1.5 0 S2_N1_T0
16028 9 -1.5 301.975784342088 S2_N1_T0
16029 9 -1.5 288.625733907594 S2_N1_T0
16030 9 -1.5 301.388545030664 S2_N1_T0
16031 9 -1.5 290.655528853016 S2_N1_T0
16033 9 -1.5 0 S2_N1_T0
16034 9 -1.5 0 S2_N1_T0
16035 9 -1.5 0 S2_N1_T0
16038 9 -1.5 14.989201323831 S2_N1_T0
16039 9 -1.5 0 S2_N1_T0
16040 9 -1.5 138.71104809674 S2_N1_T0
16041 9 -1.5 75.0045045544679 S2_N1_T0
16042 9 -1.5 4.05947870947476 S2_N1_T0
16044 9 -1.5 64.5231675865477 S2_N1_T0
16045 9 -1.5 75.6480136539239 S2_N1_T0
16023 10 -1.5 1.42954359195593 S2_N1_T0
16028 10 -1.5 414.597483859141 S2_N1_T0
16029 10 -1.5 448.882242447824 S2_N1_T0
16030 10 -1.5 425.155480112595 S2_N1_T0
16031 10 -1.5 383.206779273011 S2_N1_T0
16033 10 -1.5 5.00769160654427 S2_N1_T0
16034 10 -1.5 10.0936932011996 S2_N1_T0
16035 10 -1.5 0 S2_N1_T0
16038 10 -1.5 113.049329574695 S2_N1_T0
16039 10 -1.5 30.2733422213269 S2_N1_T0
16040 10 -1.5 195.40156785004 S2_N1_T0
16041 10 -1.5 101.068709714682 S2_N1_T0
16042 10 -1.5 23.131673514898 S2_N1_T0
16044 10 -1.5 93.8942947992216 S2_N1_T0
16045 10 -1.5 104.234692783835 S2_N1_T0
16023 11 -1.5 0 S2_N1_T0
16028 11 -1.5 359.978948398212 S2_N1_T0
16029 11 -1.5 149.855906838346 S2_N1_T0
16030 11 -1.5 217.693733897234 S2_N1_T0
16031 11 -1.5 301.700762518233 S2_N1_T0
16033 11 -1.5 0 S2_N1_T0
16034 11 -1.5 0 S2_N1_T0
16035 11 -1.5 0 S2_N1_T0
16038 11 -1.5 51.4743987466325 S2_N1_T0
16039 11 -1.5 2.69957031680192 S2_N1_T0
16040 11 -1.5 101.108453695805 S2_N1_T0
16041 11 -1.5 6.31276426305914 S2_N1_T0
16042 11 -1.5 0 S2_N1_T0
16044 11 -1.5 4.97841262460723 S2_N1_T0
16045 11 -1.5 5.09567397054587 S2_N1_T0
16023 12 -1.5 0 S2_N1_T0
16028 12 -1.5 577.607848402189 S2_N1_T0
16029 12 -1.5 175.849958787051 S2_N1_T0
16030 12 -1.5 288.391210019681 S2_N1_T0
16031 12 -1.5 451.600443227677 S2_N1_T0
16033 12 -1.5 0 S2_N1_T0
16034 12 -1.5 0 S2_N1_T0
16035 12 -1.5 0 S2_N1_T0
16038 12 -1.5 94.436320906506 S2_N1_T0
16039 12 -1.5 17.3810043507334 S2_N1_T0
16040 12 -1.5 239.398267453102 S2_N1_T0
16041 12 -1.5 26.040253712333 S2_N1_T0
16042 12 -1.5 0 S2_N1_T0
16044 12 -1.5 22.9007359982678 S2_N1_T0
16045 12 -1.5 9.0168271041572 S2_N1_T0
16023 13 -1.5 0 S2_N1_T0
16028 13 -1.5 187.271271996271 S2_N1_T0
16029 13 -1.5 88.3097471496282 S2_N1_T0
16030 13 -1.5 192.739482507289 S2_N1_T0
16031 13 -1.5 182.349129397073 S2_N1_T0
16033 13 -1.5 0 S2_N1_T0
16034 13 -1.5 0 S2_N1_T0
16035 13 -1.5 0 S2_N1_T0
16038 13 -1.5 0 S2_N1_T0
16039 13 -1.5 0 S2_N1_T0
16040 13 -1.5 83.8271824356126 S2_N1_T0
16041 13 -1.5 21.2104974391949 S2_N1_T0
16042 13 -1.5 0 S2_N1_T0
16044 13 -1.5 11.6736099298655 S2_N1_T0
16045 13 -1.5 17.4754624817105 S2_N1_T0
16023 14 -1.5 0 S2_N1_T0
16028 14 -1.5 261.069905252505 S2_N1_T0
16029 14 -1.5 185.769543671609 S2_N1_T0
16030 14 -1.5 221.079988632897 S2_N1_T0
16031 14 -1.5 256.722881533379 S2_N1_T0
16033 14 -1.5 0 S2_N1_T0
16034 14 -1.5 0 S2_N1_T0
16035 14 -1.5 0 S2_N1_T0
16038 14 -1.5 0 S2_N1_T0
16039 14 -1.5 0 S2_N1_T0
16040 14 -1.5 125.118507936314 S2_N1_T0
16041 14 -1.5 91.764993527012 S2_N1_T0
16042 14 -1.5 2.65783869281263 S2_N1_T0
16044 14 -1.5 76.170125846742 S2_N1_T0
16045 14 -1.5 62.1208614794214 S2_N1_T0
16023 15 -1.5 34.7458884317322 S2_N1_T0
16028 15 -1.5 510.242321127776 S2_N1_T0
16029 15 -1.5 606.53775956404 S2_N1_T0
16030 15 -1.5 529.182746710474 S2_N1_T0
16031 15 -1.5 466.399407385577 S2_N1_T0
16033 15 -1.5 59.9951567167199 S2_N1_T0
16034 15 -1.5 67.265254531221 S2_N1_T0
16035 15 -1.5 0 S2_N1_T0
16038 15 -1.5 201.909186529919 S2_N1_T0
16039 15 -1.5 86.1564630741078 S2_N1_T0
16040 15 -1.5 261.057777697991 S2_N1_T0
16041 15 -1.5 187.061457563192 S2_N1_T0
16042 15 -1.5 72.8640699361213 S2_N1_T0
16044 15 -1.5 177.99427850976 S2_N1_T0
16045 15 -1.5 188.793961537077 S2_N1_T0
16023 16 -1.5 22.8057646534286 S2_N1_T0
16028 16 -1.5 559.429120205815 S2_N1_T0
16029 16 -1.5 603.836845596551 S2_N1_T0
16030 16 -1.5 550.262375188129 S2_N1_T0
16031 16 -1.5 494.14021475902 S2_N1_T0
16033 16 -1.5 62.3354247809763 S2_N1_T0
16034 16 -1.5 54.2438433517602 S2_N1_T0
16035 16 -1.5 0 S2_N1_T0
16038 16 -1.5 246.803755761834 S2_N1_T0
16039 16 -1.5 95.2860337904879 S2_N1_T0
16040 16 -1.5 284.970400135072 S2_N1_T0
16041 16 -1.5 159.043353681882 S2_N1_T0
16042 16 -1.5 59.4266580375271 S2_N1_T0
16044 16 -1.5 149.962509895853 S2_N1_T0
16045 16 -1.5 151.004037232082 S2_N1_T0
16023 17 -1.5 0 S2_N1_T0
16028 17 -1.5 295.858244517975 S2_N1_T0
16029 17 -1.5 289.727080818158 S2_N1_T0
16030 17 -1.5 299.393355396536 S2_N1_T0
16031 17 -1.5 284.769437332782 S2_N1_T0
16033 17 -1.5 0 S2_N1_T0
16034 17 -1.5 3.14545023918917 S2_N1_T0
16035 17 -1.5 0 S2_N1_T0
16038 17 -1.5 12.4080078885665 S2_N1_T0
16039 17 -1.5 0 S2_N1_T0
16040 17 -1.5 149.696228816049 S2_N1_T0
16041 17 -1.5 105.337274298937 S2_N1_T0
16042 17 -1.5 7.42677026994688 S2_N1_T0
16044 17 -1.5 92.1959131119677 S2_N1_T0
16045 17 -1.5 97.6652335041608 S2_N1_T0
16023 18 -1.5 1.12153516115166 S2_N1_T0
16028 18 -1.5 561.72040046229 S2_N1_T0
16029 18 -1.5 392.172680974365 S2_N1_T0
16030 18 -1.5 451.005766243744 S2_N1_T0
16031 18 -1.5 475.912476911622 S2_N1_T0
16033 18 -1.5 10.7277824659739 S2_N1_T0
16034 18 -1.5 8.8807232702242 S2_N1_T0
16035 18 -1.5 0 S2_N1_T0
16038 18 -1.5 183.547196204194 S2_N1_T0
16039 18 -1.5 49.6831913590768 S2_N1_T0
16040 18 -1.5 261.07443851628 S2_N1_T0
16041 18 -1.5 75.6605043298476 S2_N1_T0
16042 18 -1.5 16.2390072055421 S2_N1_T0
16044 18 -1.5 71.3498384730818 S2_N1_T0
16045 18 -1.5 60.9472616648188 S2_N1_T0
16023 19 -1.5 1.06417795729116 S2_N1_T0
16028 19 -1.5 386.36779379639 S2_N1_T0
16029 19 -1.5 414.690236916447 S2_N1_T0
16030 19 -1.5 400.408267560987 S2_N1_T0
16031 19 -1.5 360.539250236144 S2_N1_T0
16033 19 -1.5 2.52083114187958 S2_N1_T0
16034 19 -1.5 6.94315476785676 S2_N1_T0
16035 19 -1.5 0 S2_N1_T0
16038 19 -1.5 94.4545467096865 S2_N1_T0
16039 19 -1.5 20.576397230437 S2_N1_T0
16040 19 -1.5 182.835711312953 S2_N1_T0
16041 19 -1.5 97.0954227543758 S2_N1_T0
16042 19 -1.5 18.3343175483454 S2_N1_T0
16044 19 -1.5 89.1309119236277 S2_N1_T0
16045 19 -1.5 100.752757750205 S2_N1_T0
16023 20 -1.5 33.094841771912 S2_N1_T0
16028 20 -1.5 538.173729370131 S2_N1_T0
16029 20 -1.5 617.729544477609 S2_N1_T0
16030 20 -1.5 552.053013760207 S2_N1_T0
16031 20 -1.5 483.211092922348 S2_N1_T0
16033 20 -1.5 70.2559639027683 S2_N1_T0
16034 20 -1.5 64.9549312977215 S2_N1_T0
16035 20 -1.5 0 S2_N1_T0
16038 20 -1.5 235.168255924117 S2_N1_T0
16039 20 -1.5 98.8194532693985 S2_N1_T0
16040 20 -1.5 278.166288469423 S2_N1_T0
16041 20 -1.5 179.649081330226 S2_N1_T0
16042 20 -1.5 68.8714119737831 S2_N1_T0
16044 20 -1.5 169.622838471411 S2_N1_T0
16045 20 -1.5 176.971893257914 S2_N1_T0
16023 21 -1.5 0 S2_N1_T0
16028 21 -1.5 376.130897946462 S2_N1_T0
16029 21 -1.5 392.42242477674 S2_N1_T0
16030 21 -1.5 381.889118368066 S2_N1_T0
16031 21 -1.5 351.616718465365 S2_N1_T0
16033 21 -1.5 1.1452646405337 S2_N1_T0
16034 21 -1.5 3.08042185544871 S2_N1_T0
16035 21 -1.5 0 S2_N1_T0
16038 21 -1.5 79.366585171627 S2_N1_T0
16039 21 -1.5 12.3258476122833 S2_N1_T0
16040 21 -1.5 170.141217437278 S2_N1_T0
16041 21 -1.5 82.1290651910134 S2_N1_T0
16042 21 -1.5 11.9582611581184 S2_N1_T0
16044 21 -1.5 74.9885701390302 S2_N1_T0
16045 21 -1.5 86.6365763223416 S2_N1_T0
16023 22 -1.5 16.5920503825217 S2_N1_T0
16028 22 -1.5 654.797910083691 S2_N1_T0
16029 22 -1.5 660.514516904416 S2_N1_T0
16030 22 -1.5 571.508851912272 S2_N1_T0
16031 22 -1.5 560.41404830245 S2_N1_T0
16033 22 -1.5 55.3683109831634 S2_N1_T0
16034 22 -1.5 50.3165557095845 S2_N1_T0
16035 22 -1.5 0 S2_N1_T0
16038 22 -1.5 275.091867940697 S2_N1_T0
16039 22 -1.5 90.2995218610526 S2_N1_T0
16040 22 -1.5 310.316735150419 S2_N1_T0
16041 22 -1.5 144.755137500397 S2_N1_T0
16042 22 -1.5 59.2186643541255 S2_N1_T0
16044 22 -1.5 139.086617948798 S2_N1_T0
16045 22 -1.5 130.608008478821 S2_N1_T0
16023 23 -1.5 0 S2_N1_T0
16028 23 -1.5 360.556207742261 S2_N1_T0
16029 23 -1.5 385.689142216065 S2_N1_T0
16030 23 -1.5 359.844944117079 S2_N1_T0
16031 23 -1.5 341.63551683087 S2_N1_T0
16033 23 -1.5 0 S2_N1_T0
16034 23 -1.5 4.80290203367194 S2_N1_T0
16035 23 -1.5 0 S2_N1_T0
16038 23 -1.5 58.2089291408927 S2_N1_T0
16039 23 -1.5 5.46416735452706 S2_N1_T0
16040 23 -1.5 165.852794170662 S2_N1_T0
16041 23 -1.5 96.8058780022574 S2_N1_T0
16042 23 -1.5 16.6594777558653 S2_N1_T0
16044 23 -1.5 88.8659791186178 S2_N1_T0
16045 23 -1.5 99.1084454083314 S2_N1_T0
16023 24 -1.5 1.01354044723323 S2_N1_T0
16028 24 -1.5 418.515161849616 S2_N1_T0
16029 24 -1.5 454.224485020845 S2_N1_T0
16030 24 -1.5 420.581001220059 S2_N1_T0
16031 24 -1.5 386.304377002708 S2_N1_T0
16033 24 -1.5 3.712316811971 S2_N1_T0
16034 24 -1.5 8.12274145187441 S2_N1_T0
16035 24 -1.5 0 S2_N1_T0
16038 24 -1.5 107.615030451206 S2_N1_T0
16039 24 -1.5 26.280333457783 S2_N1_T0
16040 24 -1.5 191.348785189843 S2_N1_T0
16041 24 -1.5 95.6600403646596 S2_N1_T0
16042 24 -1.5 21.8248129743476 S2_N1_T0
16044 24 -1.5 89.4350970834951 S2_N1_T0
16045 24 -1.5 99.1175491424482 S2_N1_T0
16023 25 -1.5 0 S2_N1_T0
16028 25 -1.5 256.390761315246 S2_N1_T0
16029 25 -1.5 173.79837236202 S2_N1_T0
16030 25 -1.5 208.882282652131 S2_N1_T0
16031 25 -1.5 253.026755912514 S2_N1_T0
16033 25 -1.5 0 S2_N1_T0
16034 25 -1.5 0 S2_N1_T0
16035 25 -1.5 0 S2_N1_T0
16038 25 -1.5 0 S2_N1_T0
16039 25 -1.5 0 S2_N1_T0
16040 25 -1.5 117.313681885219 S2_N1_T0
16041 25 -1.5 79.4809476782432 S2_N1_T0
16042 25 -1.5 1.89736720787504 S2_N1_T0
16044 25 -1.5 65.2850767098405 S2_N1_T0
16045 25 -1.5 51.4730116148718 S2_N1_T0
16023 26 -1.5 19.059503557799 S2_N1_T0
16028 26 -1.5 582.016626467417 S2_N1_T0
16029 26 -1.5 627.810139050405 S2_N1_T0
16030 26 -1.5 556.977914523931 S2_N1_T0
16031 26 -1.5 512.139772171367 S2_N1_T0
16033 26 -1.5 57.2008294194422 S2_N1_T0
16034 26 -1.5 51.5425615949208 S2_N1_T0
16035 26 -1.5 0 S2_N1_T0
16038 26 -1.5 247.071090922935 S2_N1_T0
16039 26 -1.5 89.8745902635169 S2_N1_T0
16040 26 -1.5 286.572593696999 S2_N1_T0
16041 26 -1.5 153.542816522438 S2_N1_T0
16042 26 -1.5 59.3772010086323 S2_N1_T0
16044 26 -1.5 145.72615173858 S2_N1_T0
16045 26 -1.5 146.144132231758 S2_N1_T0
16023 27 -1.5 0 S2_N1_T0
16028 27 -1.5 171.898105678412 S2_N1_T0
16029 27 -1.5 5.31819371256191 S2_N1_T0
16030 27 -1.5 114.898589270793 S2_N1_T0
16031 27 -1.5 173.908733141993 S2_N1_T0
16033 27 -1.5 0 S2_N1_T0
16034 27 -1.5 0 S2_N1_T0
16035 27 -1.5 0 S2_N1_T0
16038 27 -1.5 0 S2_N1_T0
16039 27 -1.5 0 S2_N1_T0
16040 27 -1.5 68.2355982352415 S2_N1_T0
16041 27 -1.5 18.6265689922656 S2_N1_T0
16042 27 -1.5 0 S2_N1_T0
16044 27 -1.5 8.47121237833719 S2_N1_T0
16045 27 -1.5 1.82640746395065 S2_N1_T0
16023 28 -1.5 40.8868910293085 S2_N1_T0
16028 28 -1.5 686.645181007342 S2_N1_T0
16029 28 -1.5 723.607733334209 S2_N1_T0
16030 28 -1.5 616.971327058425 S2_N1_T0
16031 28 -1.5 588.643850142016 S2_N1_T0
16033 28 -1.5 85.9298480034525 S2_N1_T0
16034 28 -1.5 76.2452829869128 S2_N1_T0
16035 28 -1.5 0 S2_N1_T0
16038 28 -1.5 315.806465499424 S2_N1_T0
16039 28 -1.5 119.856173509066 S2_N1_T0
16040 28 -1.5 339.390506497664 S2_N1_T0
16041 28 -1.5 188.851896767777 S2_N1_T0
16042 28 -1.5 79.9728806254279 S2_N1_T0
16044 28 -1.5 178.633536556393 S2_N1_T0
16045 28 -1.5 171.269160393333 S2_N1_T0
16023 29 -1.5 0 S2_N1_T0
16028 29 -1.5 211.385378845171 S2_N1_T0
16029 29 -1.5 129.686484522515 S2_N1_T0
16030 29 -1.5 211.31769369903 S2_N1_T0
16031 29 -1.5 205.723010852562 S2_N1_T0
16033 29 -1.5 0 S2_N1_T0
16034 29 -1.5 0 S2_N1_T0
16035 29 -1.5 0 S2_N1_T0
16038 29 -1.5 0 S2_N1_T0
16039 29 -1.5 0 S2_N1_T0
16040 29 -1.5 85.1909719237878 S2_N1_T0
16041 29 -1.5 18.8340463541708 S2_N1_T0
16042 29 -1.5 0 S2_N1_T0
16044 29 -1.5 11.2883824109543 S2_N1_T0
16045 29 -1.5 21.451406425925 S2_N1_T0
16023 30 -1.5 0 S2_N1_T0
16028 30 -1.5 247.418800833972 S2_N1_T0
16029 30 -1.5 155.542654346176 S2_N1_T0
16030 30 -1.5 207.688520833878 S2_N1_T0
16031 30 -1.5 244.048522880061 S2_N1_T0
16033 30 -1.5 0 S2_N1_T0
16034 30 -1.5 0 S2_N1_T0
16035 30 -1.5 0 S2_N1_T0
16038 30 -1.5 0 S2_N1_T0
16039 30 -1.5 0 S2_N1_T0
16040 30 -1.5 116.137039536565 S2_N1_T0
16041 30 -1.5 77.7590808864698 S2_N1_T0
16042 30 -1.5 1.26038851498194 S2_N1_T0
16044 30 -1.5 61.7767244956069 S2_N1_T0
16045 30 -1.5 49.019752836198 S2_N1_T0
16023 31 -1.5 0 S2_N1_T0
16028 31 -1.5 280.64212493602 S2_N1_T0
16029 31 -1.5 257.422110682728 S2_N1_T0
16030 31 -1.5 220.686747944012 S2_N1_T0
16031 31 -1.5 284.769214024821 S2_N1_T0
16033 31 -1.5 0 S2_N1_T0
16034 31 -1.5 0 S2_N1_T0
16035 31 -1.5 0 S2_N1_T0
16038 31 -1.5 0 S2_N1_T0
16039 31 -1.5 0 S2_N1_T0
16040 31 -1.5 101.28004868888 S2_N1_T0
16041 31 -1.5 75.7361016830626 S2_N1_T0
16042 31 -1.5 0 S2_N1_T0
16044 31 -1.5 64.0861074164037 S2_N1_T0
16045 31 -1.5 53.1700068234552 S2_N1_T0
16023 1 -3 0 S2_N1_T0
16028 1 -3 98.2715110882578 S2_N1_T0
16029 1 -3 0 S2_N1_T0
16030 1 -3 48.8726076714257 S2_N1_T0
16031 1 -3 40.5949829595741 S2_N1_T0
16033 1 -3 0 S2_N1_T0
16034 1 -3 0 S2_N1_T0
16035 1 -3 0 S2_N1_T0
16038 1 -3 1.07635732407738 S2_N1_T0
16039 1 -3 0 S2_N1_T0
16040 1 -3 8.46631900930943 S2_N1_T0
16041 1 -3 0 S2_N1_T0
16042 1 -3 0 S2_N1_T0
16044 1 -3 0 S2_N1_T0
16045 1 -3 0 S2_N1_T0
16023 2 -3 0 S2_N1_T0
16028 2 -3 202.712140516403 S2_N1_T0
16029 2 -3 4.86536426875953 S2_N1_T0
16030 2 -3 127.372014634994 S2_N1_T0
16031 2 -3 163.223664457316 S2_N1_T0
16033 2 -3 0 S2_N1_T0
16034 2 -3 3.34847559651204 S2_N1_T0
16035 2 -3 0 S2_N1_T0
16038 2 -3 0 S2_N1_T0
16039 2 -3 0 S2_N1_T0
16040 2 -3 67.2883948884868 S2_N1_T0
16041 2 -3 18.4500558560073 S2_N1_T0
16042 2 -3 11.2592583229182 S2_N1_T0
16044 2 -3 12.6714913733143 S2_N1_T0
16045 2 -3 1.81251943928676 S2_N1_T0
16023 3 -3 0 S2_N1_T0
16028 3 -3 92.8864659172545 S2_N1_T0
16029 3 -3 0 S2_N1_T0
16030 3 -3 57.0032115578421 S2_N1_T0
16031 3 -3 53.5512367229911 S2_N1_T0
16033 3 -3 0 S2_N1_T0
16034 3 -3 0 S2_N1_T0
16035 3 -3 0 S2_N1_T0
16038 3 -3 0 S2_N1_T0
16039 3 -3 0 S2_N1_T0
16040 3 -3 4.28611894473571 S2_N1_T0
16041 3 -3 0 S2_N1_T0
16042 3 -3 0 S2_N1_T0
16044 3 -3 0 S2_N1_T0
16045 3 -3 0 S2_N1_T0
16023 4 -3 0 S2_N1_T0
16028 4 -3 61.6206578657557 S2_N1_T0
16029 4 -3 0 S2_N1_T0
16030 4 -3 40.1362831823387 S2_N1_T0
16031 4 -3 19.4420354882186 S2_N1_T0
16033 4 -3 0 S2_N1_T0
16034 4 -3 0 S2_N1_T0
16035 4 -3 0 S2_N1_T0
16038 4 -3 0 S2_N1_T0
16039 4 -3 0 S2_N1_T0
16040 4 -3 0 S2_N1_T0
16041 4 -3 0 S2_N1_T0
16042 4 -3 0 S2_N1_T0
16044 4 -3 0 S2_N1_T0
16045 4 -3 0 S2_N1_T0
16023 5 -3 0 S2_N1_T0
16028 5 -3 31.8388207171505 S2_N1_T0
16029 5 -3 0 S2_N1_T0
16030 5 -3 0 S2_N1_T0
16031 5 -3 10.3546675675432 S2_N1_T0
16033 5 -3 0 S2_N1_T0
16034 5 -3 0 S2_N1_T0
16035 5 -3 0 S2_N1_T0
16038 5 -3 0 S2_N1_T0
16039 5 -3 0 S2_N1_T0
16040 5 -3 0 S2_N1_T0
16041 5 -3 0 S2_N1_T0
16042 5 -3 0 S2_N1_T0
16044 5 -3 0 S2_N1_T0
16045 5 -3 0 S2_N1_T0
16023 6 -3 0 S2_N1_T0
16028 6 -3 287.693550700007 S2_N1_T0
16029 6 -3 197.200000044674 S2_N1_T0
16030 6 -3 247.344984614147 S2_N1_T0
16031 6 -3 215.822978620242 S2_N1_T0
16033 6 -3 0 S2_N1_T0
16034 6 -3 21.4072056862566 S2_N1_T0
16035 6 -3 0 S2_N1_T0
16038 6 -3 12.7769344680139 S2_N1_T0
16039 6 -3 0 S2_N1_T0
16040 6 -3 99.8302245541542 S2_N1_T0
16041 6 -3 43.2515496319932 S2_N1_T0
16042 6 -3 32.3765861251358 S2_N1_T0
16044 6 -3 41.4742671739549 S2_N1_T0
16045 6 -3 45.9133710401875 S2_N1_T0
16023 7 -3 0 S2_N1_T0
16028 7 -3 211.339459502575 S2_N1_T0
16029 7 -3 7.33625730313003 S2_N1_T0
16030 7 -3 134.316089835809 S2_N1_T0
16031 7 -3 170.968880704129 S2_N1_T0
16033 7 -3 0 S2_N1_T0
16034 7 -3 4.96209135639478 S2_N1_T0
16035 7 -3 0 S2_N1_T0
16038 7 -3 0 S2_N1_T0
16039 7 -3 0 S2_N1_T0
16040 7 -3 72.563892932702 S2_N1_T0
16041 7 -3 24.5373506901668 S2_N1_T0
16042 7 -3 15.5049790040477 S2_N1_T0
16044 7 -3 17.5081426335617 S2_N1_T0
16045 7 -3 2.67795476302951 S2_N1_T0
16023 8 -3 0 S2_N1_T0
16028 8 -3 186.208662932654 S2_N1_T0
16029 8 -3 44.9086708573041 S2_N1_T0
16030 8 -3 141.574487527637 S2_N1_T0
16031 8 -3 113.600109131174 S2_N1_T0
16033 8 -3 0 S2_N1_T0
16034 8 -3 0 S2_N1_T0
16035 8 -3 0 S2_N1_T0
16038 8 -3 8.97277155353882 S2_N1_T0
16039 8 -3 0 S2_N1_T0
16040 8 -3 48.1552816895022 S2_N1_T0
16041 8 -3 1.20959932586509 S2_N1_T0
16042 8 -3 0 S2_N1_T0
16044 8 -3 1.31467490718135 S2_N1_T0
16045 8 -3 1.91837118700162 S2_N1_T0
16023 9 -3 0 S2_N1_T0
16028 9 -3 141.154217201859 S2_N1_T0
16029 9 -3 9.42764815051816 S2_N1_T0
16030 9 -3 109.284405659102 S2_N1_T0
16031 9 -3 93.0206817329211 S2_N1_T0
16033 9 -3 0 S2_N1_T0
16034 9 -3 0 S2_N1_T0
16035 9 -3 0 S2_N1_T0
16038 9 -3 0 S2_N1_T0
16039 9 -3 0 S2_N1_T0
16040 9 -3 26.7304049950761 S2_N1_T0
16041 9 -3 0 S2_N1_T0
16042 9 -3 0 S2_N1_T0
16044 9 -3 0 S2_N1_T0
16045 9 -3 0 S2_N1_T0
16023 10 -3 0 S2_N1_T0
16028 10 -3 157.947720339446 S2_N1_T0
16029 10 -3 29.7312637506479 S2_N1_T0
16030 10 -3 119.852889542516 S2_N1_T0
16031 10 -3 97.5742209660469 S2_N1_T0
16033 10 -3 0 S2_N1_T0
16034 10 -3 0 S2_N1_T0
16035 10 -3 0 S2_N1_T0
16038 10 -3 2.39446553694458 S2_N1_T0
16039 10 -3 0 S2_N1_T0
16040 10 -3 35.1876836670754 S2_N1_T0
16041 10 -3 0 S2_N1_T0
16042 10 -3 0 S2_N1_T0
16044 10 -3 0 S2_N1_T0
16045 10 -3 0 S2_N1_T0
16023 11 -3 0 S2_N1_T0
16028 11 -3 0 S2_N1_T0
16029 11 -3 0 S2_N1_T0
16030 11 -3 0 S2_N1_T0
16031 11 -3 0 S2_N1_T0
16033 11 -3 0 S2_N1_T0
16034 11 -3 0 S2_N1_T0
16035 11 -3 0 S2_N1_T0
16038 11 -3 0 S2_N1_T0
16039 11 -3 0 S2_N1_T0
16040 11 -3 0 S2_N1_T0
16041 11 -3 0 S2_N1_T0
16042 11 -3 0 S2_N1_T0
16044 11 -3 0 S2_N1_T0
16045 11 -3 0 S2_N1_T0
16023 12 -3 0 S2_N1_T0
16028 12 -3 0 S2_N1_T0
16029 12 -3 0 S2_N1_T0
16030 12 -3 0 S2_N1_T0
16031 12 -3 0 S2_N1_T0
16033 12 -3 0 S2_N1_T0
16034 12 -3 0 S2_N1_T0
16035 12 -3 0 S2_N1_T0
16038 12 -3 0 S2_N1_T0
16039 12 -3 0 S2_N1_T0
16040 12 -3 0 S2_N1_T0
16041 12 -3 0 S2_N1_T0
16042 12 -3 0 S2_N1_T0
16044 12 -3 0 S2_N1_T0
16045 12 -3 0 S2_N1_T0
16023 13 -3 0 S2_N1_T0
16028 13 -3 90.3896378996683 S2_N1_T0
16029 13 -3 0 S2_N1_T0
16030 13 -3 73.0363484069172 S2_N1_T0
16031 13 -3 49.2221688188302 S2_N1_T0
16033 13 -3 0 S2_N1_T0
16034 13 -3 0 S2_N1_T0
16035 13 -3 0 S2_N1_T0
16038 13 -3 0 S2_N1_T0
16039 13 -3 0 S2_N1_T0
16040 13 -3 6.03814089412587 S2_N1_T0
16041 13 -3 0 S2_N1_T0
16042 13 -3 0 S2_N1_T0
16044 13 -3 0 S2_N1_T0
16045 13 -3 0 S2_N1_T0
16023 14 -3 0 S2_N1_T0
16028 14 -3 242.73115327854 S2_N1_T0
16029 14 -3 71.5166671109768 S2_N1_T0
16030 14 -3 178.017741234727 S2_N1_T0
16031 14 -3 193.771740610213 S2_N1_T0
16033 14 -3 0 S2_N1_T0
16034 14 -3 13.3510379998034 S2_N1_T0
16035 14 -3 0 S2_N1_T0
16038 14 -3 0 S2_N1_T0
16039 14 -3 0 S2_N1_T0
16040 14 -3 87.5790614685596 S2_N1_T0
16041 14 -3 40.5041500686885 S2_N1_T0
16042 14 -3 28.5211627130792 S2_N1_T0
16044 14 -3 34.3113727577532 S2_N1_T0
16045 14 -3 18.4075814844254 S2_N1_T0
16023 15 -3 2.4905941147791 S2_N1_T0
16028 15 -3 465.285112407555 S2_N1_T0
16029 15 -3 415.140597766418 S2_N1_T0
16030 15 -3 423.362380314121 S2_N1_T0
16031 15 -3 336.889323852114 S2_N1_T0
16033 15 -3 8.45058288563104 S2_N1_T0
16034 15 -3 80.7436474152341 S2_N1_T0
16035 15 -3 0 S2_N1_T0
16038 15 -3 147.485100874978 S2_N1_T0
16039 15 -3 36.394330677391 S2_N1_T0
16040 15 -3 176.973849047941 S2_N1_T0
16041 15 -3 110.110952373972 S2_N1_T0
16042 15 -3 85.0289697429221 S2_N1_T0
16044 15 -3 112.40129896662 S2_N1_T0
16045 15 -3 112.583570097817 S2_N1_T0
16023 16 -3 0 S2_N1_T0
16028 16 -3 379.015979672197 S2_N1_T0
16029 16 -3 200.784842593975 S2_N1_T0
16030 16 -3 267.934572415645 S2_N1_T0
16031 16 -3 229.180710209975 S2_N1_T0
16033 16 -3 0 S2_N1_T0
16034 16 -3 18.7306288603106 S2_N1_T0
16035 16 -3 0 S2_N1_T0
16038 16 -3 93.745076920465 S2_N1_T0
16039 16 -3 8.95491137304156 S2_N1_T0
16040 16 -3 105.814911624255 S2_N1_T0
16041 16 -3 25.1841041582009 S2_N1_T0
16042 16 -3 18.2697088638846 S2_N1_T0
16044 16 -3 27.5093682481622 S2_N1_T0
16045 16 -3 25.2703713798466 S2_N1_T0
16023 17 -3 0 S2_N1_T0
16028 17 -3 259.633043601288 S2_N1_T0
16029 17 -3 150.482846056567 S2_N1_T0
16030 17 -3 226.527840060701 S2_N1_T0
16031 17 -3 199.679168069055 S2_N1_T0
16033 17 -3 0 S2_N1_T0
16034 17 -3 18.4137996464921 S2_N1_T0
16035 17 -3 0 S2_N1_T0
16038 17 -3 3.03524715965872 S2_N1_T0
16039 17 -3 0 S2_N1_T0
16040 17 -3 96.1511221746346 S2_N1_T0
16041 17 -3 41.1205668762264 S2_N1_T0
16042 17 -3 28.8041957383743 S2_N1_T0
16044 17 -3 36.7372020740436 S2_N1_T0
16045 17 -3 37.864552685385 S2_N1_T0
16023 18 -3 0 S2_N1_T0
16028 18 -3 57.9840532130545 S2_N1_T0
16029 18 -3 0 S2_N1_T0
16030 18 -3 18.8966720043421 S2_N1_T0
16031 18 -3 8.68518092622289 S2_N1_T0
16033 18 -3 0 S2_N1_T0
16034 18 -3 0 S2_N1_T0
16035 18 -3 0 S2_N1_T0
16038 18 -3 0 S2_N1_T0
16039 18 -3 0 S2_N1_T0
16040 18 -3 1.01540077149652 S2_N1_T0
16041 18 -3 0 S2_N1_T0
16042 18 -3 0 S2_N1_T0
16044 18 -3 0 S2_N1_T0
16045 18 -3 0 S2_N1_T0
16023 19 -3 0 S2_N1_T0
16028 19 -3 159.479324792012 S2_N1_T0
16029 19 -3 29.2657307879205 S2_N1_T0
16030 19 -3 123.853103979184 S2_N1_T0
16031 19 -3 100.709503714312 S2_N1_T0
16033 19 -3 0 S2_N1_T0
16034 19 -3 0 S2_N1_T0
16035 19 -3 0 S2_N1_T0
16038 19 -3 1.57319911601247 S2_N1_T0
16039 19 -3 0 S2_N1_T0
16040 19 -3 36.2730906874855 S2_N1_T0
16041 19 -3 0 S2_N1_T0
16042 19 -3 0 S2_N1_T0
16044 19 -3 0 S2_N1_T0
16045 19 -3 1.05800031110044 S2_N1_T0
16023 20 -3 0 S2_N1_T0
16028 20 -3 450.23737716367 S2_N1_T0
16029 20 -3 345.30112688171 S2_N1_T0
16030 20 -3 386.763277779041 S2_N1_T0
16031 20 -3 306.514129168514 S2_N1_T0
16033 20 -3 4.78433924277732 S2_N1_T0
16034 20 -3 57.2815650985202 S2_N1_T0
16035 20 -3 0 S2_N1_T0
16038 20 -3 139.502919465155 S2_N1_T0
16039 20 -3 31.0923781102452 S2_N1_T0
16040 20 -3 158.90659965131 S2_N1_T0
16041 20 -3 76.8207384656777 S2_N1_T0
16042 20 -3 58.2971326646451 S2_N1_T0
16044 20 -3 79.2876716286208 S2_N1_T0
16045 20 -3 77.7049495262236 S2_N1_T0
16023 21 -3 0 S2_N1_T0
16028 21 -3 116.473811250041 S2_N1_T0
16029 21 -3 5.62504586772375 S2_N1_T0
16030 21 -3 87.1758454171394 S2_N1_T0
16031 21 -3 66.635235835706 S2_N1_T0
16033 21 -3 0 S2_N1_T0
16034 21 -3 0 S2_N1_T0
16035 21 -3 0 S2_N1_T0
16038 21 -3 0 S2_N1_T0
16039 21 -3 0 S2_N1_T0
16040 21 -3 14.2369316723694 S2_N1_T0
16041 21 -3 0 S2_N1_T0
16042 21 -3 0 S2_N1_T0
16044 21 -3 0 S2_N1_T0
16045 21 -3 0 S2_N1_T0
16023 22 -3 0 S2_N1_T0
16028 22 -3 280.249581295348 S2_N1_T0
16029 22 -3 79.5097599114694 S2_N1_T0
16030 22 -3 132.40022642274 S2_N1_T0
16031 22 -3 126.830929692635 S2_N1_T0
16033 22 -3 0 S2_N1_T0
16034 22 -3 1.05725263772213 S2_N1_T0
16035 22 -3 0 S2_N1_T0
16038 22 -3 44.2917051735712 S2_N1_T0
16039 22 -3 0 S2_N1_T0
16040 22 -3 58.6806616813019 S2_N1_T0
16041 22 -3 1.64525492910321 S2_N1_T0
16042 22 -3 0 S2_N1_T0
16044 22 -3 2.31301295243933 S2_N1_T0
16045 22 -3 1.34942191341053 S2_N1_T0
16023 23 -3 0 S2_N1_T0
16028 23 -3 172.746032535986 S2_N1_T0
16029 23 -3 48.7177452215705 S2_N1_T0
16030 23 -3 131.972237395176 S2_N1_T0
16031 23 -3 115.557633418118 S2_N1_T0
16033 23 -3 0 S2_N1_T0
16034 23 -3 0 S2_N1_T0
16035 23 -3 0 S2_N1_T0
16038 23 -3 0 S2_N1_T0
16039 23 -3 0 S2_N1_T0
16040 23 -3 41.0770483386677 S2_N1_T0
16041 23 -3 1.23156562821987 S2_N1_T0
16042 23 -3 0 S2_N1_T0
16044 23 -3 1.33907124297993 S2_N1_T0
16045 23 -3 2.03464555274731 S2_N1_T0
16023 24 -3 0 S2_N1_T0
16028 24 -3 137.207876369471 S2_N1_T0
16029 24 -3 17.279746450049 S2_N1_T0
16030 24 -3 101.865202731726 S2_N1_T0
16031 24 -3 82.1737263914416 S2_N1_T0
16033 24 -3 0 S2_N1_T0
16034 24 -3 0 S2_N1_T0
16035 24 -3 0 S2_N1_T0
16038 24 -3 0 S2_N1_T0
16039 24 -3 0 S2_N1_T0
16040 24 -3 24.4319170298129 S2_N1_T0
16041 24 -3 0 S2_N1_T0
16042 24 -3 0 S2_N1_T0
16044 24 -3 0 S2_N1_T0
16045 24 -3 0 S2_N1_T0
16023 25 -3 0 S2_N1_T0
16028 25 -3 205.882999212628 S2_N1_T0
16029 25 -3 25.3044146515146 S2_N1_T0
16030 25 -3 139.183974206642 S2_N1_T0
16031 25 -3 160.096106234647 S2_N1_T0
16033 25 -3 0 S2_N1_T0
16034 25 -3 2.40691053191874 S2_N1_T0
16035 25 -3 0 S2_N1_T0
16038 25 -3 0 S2_N1_T0
16039 25 -3 0 S2_N1_T0
16040 25 -3 62.637583532443 S2_N1_T0
16041 25 -3 12.694582542533 S2_N1_T0
16042 25 -3 8.61099160122008 S2_N1_T0
16044 25 -3 10.2332214178749 S2_N1_T0
16045 25 -3 4.07687389236864 S2_N1_T0
16023 26 -3 0 S2_N1_T0
16028 26 -3 349.045421865343 S2_N1_T0
16029 26 -3 161.15041796278 S2_N1_T0
16030 26 -3 212.053988336209 S2_N1_T0
16031 26 -3 196.624857399322 S2_N1_T0
16033 26 -3 0 S2_N1_T0
16034 26 -3 8.07042598758143 S2_N1_T0
16035 26 -3 0 S2_N1_T0
16038 26 -3 72.8049573534964 S2_N1_T0
16039 26 -3 3.34563251482052 S2_N1_T0
16040 26 -3 85.4220537642742 S2_N1_T0
16041 26 -3 11.9374101711271 S2_N1_T0
16042 26 -3 8.08071315669363 S2_N1_T0
16044 26 -3 14.1013619978163 S2_N1_T0
16045 26 -3 12.6188283364344 S2_N1_T0
16023 27 -3 0 S2_N1_T0
16028 27 -3 111.800066108188 S2_N1_T0
16029 27 -3 0 S2_N1_T0
16030 27 -3 48.7059248507896 S2_N1_T0
16031 27 -3 77.6657106633313 S2_N1_T0
16033 27 -3 0 S2_N1_T0
16034 27 -3 0 S2_N1_T0
16035 27 -3 0 S2_N1_T0
16038 27 -3 0 S2_N1_T0
16039 27 -3 0 S2_N1_T0
16040 27 -3 9.78619145704019 S2_N1_T0
16041 27 -3 0 S2_N1_T0
16042 27 -3 0 S2_N1_T0
16044 27 -3 0 S2_N1_T0
16045 27 -3 0 S2_N1_T0
16023 28 -3 0 S2_N1_T0
16028 28 -3 511.77937069506 S2_N1_T0
16029 28 -3 265.489867276823 S2_N1_T0
16030 28 -3 308.679802381913 S2_N1_T0
16031 28 -3 291.772986361757 S2_N1_T0
16033 28 -3 1.51286386441782 S2_N1_T0
16034 28 -3 31.8558371486261 S2_N1_T0
16035 28 -3 0 S2_N1_T0
16038 28 -3 124.262848296741 S2_N1_T0
16039 28 -3 20.5548402157746 S2_N1_T0
16040 28 -3 135.200685297191 S2_N1_T0
16041 28 -3 40.3885608534568 S2_N1_T0
16042 28 -3 30.6600652970715 S2_N1_T0
16044 28 -3 45.4364874638632 S2_N1_T0
16045 28 -3 34.6847275062658 S2_N1_T0
16023 29 -3 0 S2_N1_T0
16028 29 -3 40.1336225743711 S2_N1_T0
16029 29 -3 0 S2_N1_T0
16030 29 -3 23.5567370719379 S2_N1_T0
16031 29 -3 6.77750844970722 S2_N1_T0
16033 29 -3 0 S2_N1_T0
16034 29 -3 0 S2_N1_T0
16035 29 -3 0 S2_N1_T0
16038 29 -3 0 S2_N1_T0
16039 29 -3 0 S2_N1_T0
16040 29 -3 0 S2_N1_T0
16041 29 -3 0 S2_N1_T0
16042 29 -3 0 S2_N1_T0
16044 29 -3 0 S2_N1_T0
16045 29 -3 0 S2_N1_T0
16023 30 -3 0 S2_N1_T0
16028 30 -3 212.677684157665 S2_N1_T0
16029 30 -3 26.8789904778953 S2_N1_T0
16030 30 -3 150.655590416013 S2_N1_T0
16031 30 -3 166.812433932077 S2_N1_T0
16033 30 -3 0 S2_N1_T0
16034 30 -3 3.98563876666315 S2_N1_T0
16035 30 -3 0 S2_N1_T0
16038 30 -3 0 S2_N1_T0
16039 30 -3 0 S2_N1_T0
16040 30 -3 69.6120250223652 S2_N1_T0
16041 30 -3 17.8014945224556 S2_N1_T0
16042 30 -3 11.8194090875179 S2_N1_T0
16044 30 -3 13.7813464118806 S2_N1_T0
16045 30 -3 5.99535972339675 S2_N1_T0
16023 31 -3 0 S2_N1_T0
16028 31 -3 143.775381614043 S2_N1_T0
16029 31 -3 14.1657819325523 S2_N1_T0
16030 31 -3 85.7806820553848 S2_N1_T0
16031 31 -3 102.404580284787 S2_N1_T0
16033 31 -3 0 S2_N1_T0
16034 31 -3 0 S2_N1_T0
16035 31 -3 0 S2_N1_T0
16038 31 -3 0 S2_N1_T0
16039 31 -3 0 S2_N1_T0
16040 31 -3 10.4648098295239 S2_N1_T0
16041 31 -3 0 S2_N1_T0
16042 31 -3 0 S2_N1_T0
16044 31 -3 0 S2_N1_T0
16045 31 -3 0 S2_N1_T0
16023 1 -5 0 S2_N1_T0
16028 1 -5 0 S2_N1_T0
16029 1 -5 0 S2_N1_T0
16030 1 -5 0 S2_N1_T0
16031 1 -5 0 S2_N1_T0
16033 1 -5 0 S2_N1_T0
16034 1 -5 0 S2_N1_T0
16035 1 -5 0 S2_N1_T0
16038 1 -5 0 S2_N1_T0
16039 1 -5 0 S2_N1_T0
16040 1 -5 0 S2_N1_T0
16041 1 -5 0 S2_N1_T0
16042 1 -5 0 S2_N1_T0
16044 1 -5 0 S2_N1_T0
16045 1 -5 0 S2_N1_T0
16023 2 -5 0 S2_N1_T0
16028 2 -5 148.933254970342 S2_N1_T0
16029 2 -5 0 S2_N1_T0
16030 2 -5 76.632991792609 S2_N1_T0
16031 2 -5 106.580505339858 S2_N1_T0
16033 2 -5 0 S2_N1_T0
16034 2 -5 0 S2_N1_T0
16035 2 -5 0 S2_N1_T0
16038 2 -5 0 S2_N1_T0
16039 2 -5 0 S2_N1_T0
16040 2 -5 26.4851961587887 S2_N1_T0
16041 2 -5 1.15961577221604 S2_N1_T0
16042 2 -5 7.84527130422993 S2_N1_T0
16044 2 -5 0 S2_N1_T0
16045 2 -5 0 S2_N1_T0
16023 3 -5 0 S2_N1_T0
16028 3 -5 0 S2_N1_T0
16029 3 -5 0 S2_N1_T0
16030 3 -5 0 S2_N1_T0
16031 3 -5 0 S2_N1_T0
16033 3 -5 0 S2_N1_T0
16034 3 -5 0 S2_N1_T0
16035 3 -5 0 S2_N1_T0
16038 3 -5 0 S2_N1_T0
16039 3 -5 0 S2_N1_T0
16040 3 -5 0 S2_N1_T0
16041 3 -5 0 S2_N1_T0
16042 3 -5 0 S2_N1_T0
16044 3 -5 0 S2_N1_T0
16045 3 -5 0 S2_N1_T0
16023 4 -5 0 S2_N1_T0
16028 4 -5 0 S2_N1_T0
16029 4 -5 0 S2_N1_T0
16030 4 -5 0 S2_N1_T0
16031 4 -5 0 S2_N1_T0
16033 4 -5 0 S2_N1_T0
16034 4 -5 0 S2_N1_T0
16035 4 -5 0 S2_N1_T0
16038 4 -5 0 S2_N1_T0
16039 4 -5 0 S2_N1_T0
16040 4 -5 0 S2_N1_T0
16041 4 -5 0 S2_N1_T0
16042 4 -5 0 S2_N1_T0
16044 4 -5 0 S2_N1_T0
16045 4 -5 0 S2_N1_T0
16023 5 -5 0 S2_N1_T0
16028 5 -5 0 S2_N1_T0
16029 5 -5 0 S2_N1_T0
16030 5 -5 0 S2_N1_T0
16031 5 -5 0 S2_N1_T0
16033 5 -5 0 S2_N1_T0
16034 5 -5 0 S2_N1_T0
16035 5 -5 0 S2_N1_T0
16038 5 -5 0 S2_N1_T0
16039 5 -5 0 S2_N1_T0
16040 5 -5 0 S2_N1_T0
16041 5 -5 0 S2_N1_T0
16042 5 -5 0 S2_N1_T0
16044 5 -5 0 S2_N1_T0
16045 5 -5 0 S2_N1_T0
16023 6 -5 0 S2_N1_T0
16028 6 -5 138.032817109249 S2_N1_T0
16029 6 -5 6.05911197681051 S2_N1_T0
16030 6 -5 102.692232451588 S2_N1_T0
16031 6 -5 84.6774802249034 S2_N1_T0
16033 6 -5 0 S2_N1_T0
16034 6 -5 0 S2_N1_T0
16035 6 -5 0 S2_N1_T0
16038 6 -5 0 S2_N1_T0
16039 6 -5 0 S2_N1_T0
16040 6 -5 21.5779403258321 S2_N1_T0
16041 6 -5 0 S2_N1_T0
16042 6 -5 1.69422067836479 S2_N1_T0
16044 6 -5 0 S2_N1_T0
16045 6 -5 0 S2_N1_T0
16023 7 -5 0 S2_N1_T0
16028 7 -5 161.126615167503 S2_N1_T0
16029 7 -5 0 S2_N1_T0
16030 7 -5 86.6353312347486 S2_N1_T0
16031 7 -5 117.86317643081 S2_N1_T0
16033 7 -5 0 S2_N1_T0
16034 7 -5 1.14349877613703 S2_N1_T0
16035 7 -5 0 S2_N1_T0
16038 7 -5 0 S2_N1_T0
16039 7 -5 0 S2_N1_T0
16040 7 -5 34.4369652477126 S2_N1_T0
16041 7 -5 2.16188870235702 S2_N1_T0
16042 7 -5 13.4186989919885 S2_N1_T0
16044 7 -5 1.53741013036906 S2_N1_T0
16045 7 -5 0 S2_N1_T0
16023 8 -5 0 S2_N1_T0
16028 8 -5 5.131045810099 S2_N1_T0
16029 8 -5 0 S2_N1_T0
16030 8 -5 1.01417460091968 S2_N1_T0
16031 8 -5 0 S2_N1_T0
16033 8 -5 0 S2_N1_T0
16034 8 -5 0 S2_N1_T0
16035 8 -5 0 S2_N1_T0
16038 8 -5 0 S2_N1_T0
16039 8 -5 0 S2_N1_T0
16040 8 -5 0 S2_N1_T0
16041 8 -5 0 S2_N1_T0
16042 8 -5 0 S2_N1_T0
16044 8 -5 0 S2_N1_T0
16045 8 -5 0 S2_N1_T0
16023 9 -5 0 S2_N1_T0
16028 9 -5 2.68989624775914 S2_N1_T0
16029 9 -5 0 S2_N1_T0
16030 9 -5 0 S2_N1_T0
16031 9 -5 0 S2_N1_T0
16033 9 -5 0 S2_N1_T0
16034 9 -5 0 S2_N1_T0
16035 9 -5 0 S2_N1_T0
16038 9 -5 0 S2_N1_T0
16039 9 -5 0 S2_N1_T0
16040 9 -5 0 S2_N1_T0
16041 9 -5 0 S2_N1_T0
16042 9 -5 0 S2_N1_T0
16044 9 -5 0 S2_N1_T0
16045 9 -5 0 S2_N1_T0
16023 10 -5 0 S2_N1_T0
16028 10 -5 0 S2_N1_T0
16029 10 -5 0 S2_N1_T0
16030 10 -5 0 S2_N1_T0
16031 10 -5 0 S2_N1_T0
16033 10 -5 0 S2_N1_T0
16034 10 -5 0 S2_N1_T0
16035 10 -5 0 S2_N1_T0
16038 10 -5 0 S2_N1_T0
16039 10 -5 0 S2_N1_T0
16040 10 -5 0 S2_N1_T0
16041 10 -5 0 S2_N1_T0
16042 10 -5 0 S2_N1_T0
16044 10 -5 0 S2_N1_T0
16045 10 -5 0 S2_N1_T0
16023 11 -5 0 S2_N1_T0
16028 11 -5 0 S2_N1_T0
16029 11 -5 0 S2_N1_T0
16030 11 -5 0 S2_N1_T0
16031 11 -5 0 S2_N1_T0
16033 11 -5 0 S2_N1_T0
16034 11 -5 0 S2_N1_T0
16035 11 -5 0 S2_N1_T0
16038 11 -5 0 S2_N1_T0
16039 11 -5 0 S2_N1_T0
16040 11 -5 0 S2_N1_T0
16041 11 -5 0 S2_N1_T0
16042 11 -5 0 S2_N1_T0
16044 11 -5 0 S2_N1_T0
16045 11 -5 0 S2_N1_T0
16023 12 -5 0 S2_N1_T0
16028 12 -5 0 S2_N1_T0
16029 12 -5 0 S2_N1_T0
16030 12 -5 0 S2_N1_T0
16031 12 -5 0 S2_N1_T0
16033 12 -5 0 S2_N1_T0
16034 12 -5 0 S2_N1_T0
16035 12 -5 0 S2_N1_T0
16038 12 -5 0 S2_N1_T0
16039 12 -5 0 S2_N1_T0
16040 12 -5 0 S2_N1_T0
16041 12 -5 0 S2_N1_T0
16042 12 -5 0 S2_N1_T0
16044 12 -5 0 S2_N1_T0
16045 12 -5 0 S2_N1_T0
16023 13 -5 0 S2_N1_T0
16028 13 -5 0 S2_N1_T0
16029 13 -5 0 S2_N1_T0
16030 13 -5 0 S2_N1_T0
16031 13 -5 0 S2_N1_T0
16033 13 -5 0 S2_N1_T0
16034 13 -5 0 S2_N1_T0
16035 13 -5 0 S2_N1_T0
16038 13 -5 0 S2_N1_T0
16039 13 -5 0 S2_N1_T0
16040 13 -5 0 S2_N1_T0
16041 13 -5 0 S2_N1_T0
16042 13 -5 0 S2_N1_T0
16044 13 -5 0 S2_N1_T0
16045 13 -5 0 S2_N1_T0
16023 14 -5 0 S2_N1_T0
16028 14 -5 169.464957329658 S2_N1_T0
16029 14 -5 3.817692797832 S2_N1_T0
16030 14 -5 109.737317662386 S2_N1_T0
16031 14 -5 121.375447013968 S2_N1_T0
16033 14 -5 0 S2_N1_T0
16034 14 -5 1.59186603150717 S2_N1_T0
16035 14 -5 0 S2_N1_T0
16038 14 -5 0 S2_N1_T0
16039 14 -5 0 S2_N1_T0
16040 14 -5 39.8437883494047 S2_N1_T0
16041 14 -5 2.53143312795662 S2_N1_T0
16042 14 -5 14.8572113009606 S2_N1_T0
16044 14 -5 2.03582895550738 S2_N1_T0
16045 14 -5 0 S2_N1_T0
16023 15 -5 0 S2_N1_T0
16028 15 -5 258.218090825554 S2_N1_T0
16029 15 -5 171.440940408685 S2_N1_T0
16030 15 -5 198.871036965598 S2_N1_T0
16031 15 -5 169.146806534883 S2_N1_T0
16033 15 -5 0 S2_N1_T0
16034 15 -5 19.8282871226194 S2_N1_T0
16035 15 -5 0 S2_N1_T0
16038 15 -5 42.8421615273702 S2_N1_T0
16039 15 -5 0 S2_N1_T0
16040 15 -5 81.5521415210898 S2_N1_T0
16041 15 -5 17.8411387299637 S2_N1_T0
16042 15 -5 39.9175834393079 S2_N1_T0
16044 15 -5 19.829581662724 S2_N1_T0
16045 15 -5 24.1460759316091 S2_N1_T0
16023 16 -5 0 S2_N1_T0
16028 16 -5 68.0142333866665 S2_N1_T0
16029 16 -5 0 S2_N1_T0
16030 16 -5 33.0609872904696 S2_N1_T0
16031 16 -5 12.3078250325305 S2_N1_T0
16033 16 -5 0 S2_N1_T0
16034 16 -5 0 S2_N1_T0
16035 16 -5 0 S2_N1_T0
16038 16 -5 0 S2_N1_T0
16039 16 -5 0 S2_N1_T0
16040 16 -5 1.02302851484024 S2_N1_T0
16041 16 -5 0 S2_N1_T0
16042 16 -5 0 S2_N1_T0
16044 16 -5 0 S2_N1_T0
16045 16 -5 0 S2_N1_T0
16023 17 -5 0 S2_N1_T0
16028 17 -5 156.238256358544 S2_N1_T0
16029 17 -5 7.57136294236103 S2_N1_T0
16030 17 -5 120.881924386712 S2_N1_T0
16031 17 -5 103.676166779609 S2_N1_T0
16033 17 -5 0 S2_N1_T0
16034 17 -5 0 S2_N1_T0
16035 17 -5 0 S2_N1_T0
16038 17 -5 0 S2_N1_T0
16039 17 -5 0 S2_N1_T0
16040 17 -5 34.3965131920183 S2_N1_T0
16041 17 -5 1.03432389032785 S2_N1_T0
16042 17 -5 6.15216706074435 S2_N1_T0
16044 17 -5 0 S2_N1_T0
16045 17 -5 1.01460574136881 S2_N1_T0
16023 18 -5 0 S2_N1_T0
16028 18 -5 0 S2_N1_T0
16029 18 -5 0 S2_N1_T0
16030 18 -5 0 S2_N1_T0
16031 18 -5 0 S2_N1_T0
16033 18 -5 0 S2_N1_T0
16034 18 -5 0 S2_N1_T0
16035 18 -5 0 S2_N1_T0
16038 18 -5 0 S2_N1_T0
16039 18 -5 0 S2_N1_T0
16040 18 -5 0 S2_N1_T0
16041 18 -5 0 S2_N1_T0
16042 18 -5 0 S2_N1_T0
16044 18 -5 0 S2_N1_T0
16045 18 -5 0 S2_N1_T0
16023 19 -5 0 S2_N1_T0
16028 19 -5 1.6546893473526 S2_N1_T0
16029 19 -5 0 S2_N1_T0
16030 19 -5 0 S2_N1_T0
16031 19 -5 0 S2_N1_T0
16033 19 -5 0 S2_N1_T0
16034 19 -5 0 S2_N1_T0
16035 19 -5 0 S2_N1_T0
16038 19 -5 0 S2_N1_T0
16039 19 -5 0 S2_N1_T0
16040 19 -5 0 S2_N1_T0
16041 19 -5 0 S2_N1_T0
16042 19 -5 0 S2_N1_T0
16044 19 -5 0 S2_N1_T0
16045 19 -5 0 S2_N1_T0
16023 20 -5 0 S2_N1_T0
16028 20 -5 167.539562079737 S2_N1_T0
16029 20 -5 29.7424691891479 S2_N1_T0
16030 20 -5 121.282342038767 S2_N1_T0
16031 20 -5 98.0536168955357 S2_N1_T0
16033 20 -5 0 S2_N1_T0
16034 20 -5 1.04107216108692 S2_N1_T0
16035 20 -5 0 S2_N1_T0
16038 20 -5 9.46880135619309 S2_N1_T0
16039 20 -5 0 S2_N1_T0
16040 20 -5 39.8999466222074 S2_N1_T0
16041 20 -5 0 S2_N1_T0
16042 20 -5 2.93782638505749 S2_N1_T0
16044 20 -5 0 S2_N1_T0
16045 20 -5 0 S2_N1_T0
16023 21 -5 0 S2_N1_T0
16028 21 -5 0 S2_N1_T0
16029 21 -5 0 S2_N1_T0
16030 21 -5 0 S2_N1_T0
16031 21 -5 0 S2_N1_T0
16033 21 -5 0 S2_N1_T0
16034 21 -5 0 S2_N1_T0
16035 21 -5 0 S2_N1_T0
16038 21 -5 0 S2_N1_T0
16039 21 -5 0 S2_N1_T0
16040 21 -5 0 S2_N1_T0
16041 21 -5 0 S2_N1_T0
16042 21 -5 0 S2_N1_T0
16044 21 -5 0 S2_N1_T0
16045 21 -5 0 S2_N1_T0
16023 22 -5 0 S2_N1_T0
16028 22 -5 1.47002480078447 S2_N1_T0
16029 22 -5 0 S2_N1_T0
16030 22 -5 0 S2_N1_T0
16031 22 -5 0 S2_N1_T0
16033 22 -5 0 S2_N1_T0
16034 22 -5 0 S2_N1_T0
16035 22 -5 0 S2_N1_T0
16038 22 -5 0 S2_N1_T0
16039 22 -5 0 S2_N1_T0
16040 22 -5 0 S2_N1_T0
16041 22 -5 0 S2_N1_T0
16042 22 -5 0 S2_N1_T0
16044 22 -5 0 S2_N1_T0
16045 22 -5 0 S2_N1_T0
16023 23 -5 0 S2_N1_T0
16028 23 -5 8.92518822721687 S2_N1_T0
16029 23 -5 0 S2_N1_T0
16030 23 -5 1.49762675030251 S2_N1_T0
16031 23 -5 0 S2_N1_T0
16033 23 -5 0 S2_N1_T0
16034 23 -5 0 S2_N1_T0
16035 23 -5 0 S2_N1_T0
16038 23 -5 0 S2_N1_T0
16039 23 -5 0 S2_N1_T0
16040 23 -5 0 S2_N1_T0
16041 23 -5 0 S2_N1_T0
16042 23 -5 0 S2_N1_T0
16044 23 -5 0 S2_N1_T0
16045 23 -5 0 S2_N1_T0
16023 24 -5 0 S2_N1_T0
16028 24 -5 0 S2_N1_T0
16029 24 -5 0 S2_N1_T0
16030 24 -5 0 S2_N1_T0
16031 24 -5 0 S2_N1_T0
16033 24 -5 0 S2_N1_T0
16034 24 -5 0 S2_N1_T0
16035 24 -5 0 S2_N1_T0
16038 24 -5 0 S2_N1_T0
16039 24 -5 0 S2_N1_T0
16040 24 -5 0 S2_N1_T0
16041 24 -5 0 S2_N1_T0
16042 24 -5 0 S2_N1_T0
16044 24 -5 0 S2_N1_T0
16045 24 -5 0 S2_N1_T0
16023 25 -5 0 S2_N1_T0
16028 25 -5 105.125232853217 S2_N1_T0
16029 25 -5 0 S2_N1_T0
16030 25 -5 51.4502464585108 S2_N1_T0
16031 25 -5 60.4182108213729 S2_N1_T0
16033 25 -5 0 S2_N1_T0
16034 25 -5 0 S2_N1_T0
16035 25 -5 0 S2_N1_T0
16038 25 -5 0 S2_N1_T0
16039 25 -5 0 S2_N1_T0
16040 25 -5 4.91528152583126 S2_N1_T0
16041 25 -5 0 S2_N1_T0
16042 25 -5 0 S2_N1_T0
16044 25 -5 0 S2_N1_T0
16045 25 -5 0 S2_N1_T0
16023 26 -5 0 S2_N1_T0
16028 26 -5 36.8367199108995 S2_N1_T0
16029 26 -5 0 S2_N1_T0
16030 26 -5 8.31860274547563 S2_N1_T0
16031 26 -5 1.600374908642 S2_N1_T0
16033 26 -5 0 S2_N1_T0
16034 26 -5 0 S2_N1_T0
16035 26 -5 0 S2_N1_T0
16038 26 -5 0 S2_N1_T0
16039 26 -5 0 S2_N1_T0
16040 26 -5 0 S2_N1_T0
16041 26 -5 0 S2_N1_T0
16042 26 -5 0 S2_N1_T0
16044 26 -5 0 S2_N1_T0
16045 26 -5 0 S2_N1_T0
16023 27 -5 0 S2_N1_T0
16028 27 -5 14.1217768472761 S2_N1_T0
16029 27 -5 0 S2_N1_T0
16030 27 -5 0 S2_N1_T0
16031 27 -5 1.06189320324506 S2_N1_T0
16033 27 -5 0 S2_N1_T0
16034 27 -5 0 S2_N1_T0
16035 27 -5 0 S2_N1_T0
16038 27 -5 0 S2_N1_T0
16039 27 -5 0 S2_N1_T0
16040 27 -5 0 S2_N1_T0
16041 27 -5 0 S2_N1_T0
16042 27 -5 0 S2_N1_T0
16044 27 -5 0 S2_N1_T0
16045 27 -5 0 S2_N1_T0
16023 28 -5 0 S2_N1_T0
16028 28 -5 80.297180879997 S2_N1_T0
16029 28 -5 0 S2_N1_T0
16030 28 -5 35.1631455367281 S2_N1_T0
16031 28 -5 19.7239810846869 S2_N1_T0
16033 28 -5 0 S2_N1_T0
16034 28 -5 0 S2_N1_T0
16035 28 -5 0 S2_N1_T0
16038 28 -5 0 S2_N1_T0
16039 28 -5 0 S2_N1_T0
16040 28 -5 1.94152954792918 S2_N1_T0
16041 28 -5 0 S2_N1_T0
16042 28 -5 0 S2_N1_T0
16044 28 -5 0 S2_N1_T0
16045 28 -5 0 S2_N1_T0
16023 29 -5 0 S2_N1_T0
16028 29 -5 0 S2_N1_T0
16029 29 -5 0 S2_N1_T0
16030 29 -5 0 S2_N1_T0
16031 29 -5 0 S2_N1_T0
16033 29 -5 0 S2_N1_T0
16034 29 -5 0 S2_N1_T0
16035 29 -5 0 S2_N1_T0
16038 29 -5 0 S2_N1_T0
16039 29 -5 0 S2_N1_T0
16040 29 -5 0 S2_N1_T0
16041 29 -5 0 S2_N1_T0
16042 29 -5 0 S2_N1_T0
16044 29 -5 0 S2_N1_T0
16045 29 -5 0 S2_N1_T0
16023 30 -5 0 S2_N1_T0
16028 30 -5 125.270782773122 S2_N1_T0
16029 30 -5 0 S2_N1_T0
16030 30 -5 72.0443114069083 S2_N1_T0
16031 30 -5 80.3793460832143 S2_N1_T0
16033 30 -5 0 S2_N1_T0
16034 30 -5 0 S2_N1_T0
16035 30 -5 0 S2_N1_T0
16038 30 -5 0 S2_N1_T0
16039 30 -5 0 S2_N1_T0
16040 30 -5 13.1841038179933 S2_N1_T0
16041 30 -5 0 S2_N1_T0
16042 30 -5 1.58347960050728 S2_N1_T0
16044 30 -5 0 S2_N1_T0
16045 30 -5 0 S2_N1_T0
16023 31 -5 0 S2_N1_T0
16028 31 -5 4.00612602561314 S2_N1_T0
16029 31 -5 0 S2_N1_T0
16030 31 -5 0 S2_N1_T0
16031 31 -5 0 S2_N1_T0
16033 31 -5 0 S2_N1_T0
16034 31 -5 0 S2_N1_T0
16035 31 -5 0 S2_N1_T0
16038 31 -5 0 S2_N1_T0
16039 31 -5 0 S2_N1_T0
16040 31 -5 0 S2_N1_T0
16041 31 -5 0 S2_N1_T0
16042 31 -5 0 S2_N1_T0
16044 31 -5 0 S2_N1_T0
16045 31 -5 0 S2_N1_T0
