speciesID lakeID variable value scenario
15070 1 -0.5 0 base
15072 1 -0.5 0 base
15073 1 -0.5 57.6769787508546 base
15074 1 -0.5 24.85168974605 base
15077 1 -0.5 0 base
15079 1 -0.5 161.169830490969 base
15081 1 -0.5 93.9699993052862 base
15082 1 -0.5 414.337517898067 base
15084 1 -0.5 626.395407002312 base
15086 1 -0.5 0 base
14001 1 -0.5 0 base
14002 1 -0.5 0 base
14003 1 -0.5 0 base
14005 1 -0.5 0 base
14008 1 -0.5 0 base
15070 2 -0.5 0 base
15072 2 -0.5 0 base
15073 2 -0.5 0 base
15074 2 -0.5 0 base
15077 2 -0.5 0 base
15079 2 -0.5 0 base
15081 2 -0.5 0 base
15082 2 -0.5 0 base
15084 2 -0.5 0 base
15086 2 -0.5 0 base
14001 2 -0.5 0 base
14002 2 -0.5 0 base
14003 2 -0.5 0 base
14005 2 -0.5 0 base
14008 2 -0.5 0 base
15070 3 -0.5 0 base
15072 3 -0.5 0 base
15073 3 -0.5 0 base
15074 3 -0.5 0 base
15077 3 -0.5 0 base
15079 3 -0.5 39.0100308094199 base
15081 3 -0.5 0 base
15082 3 -0.5 0 base
15084 3 -0.5 39.6256774013815 base
15086 3 -0.5 0 base
14001 3 -0.5 0 base
14002 3 -0.5 0 base
14003 3 -0.5 0 base
14005 3 -0.5 0 base
14008 3 -0.5 0 base
15070 4 -0.5 0 base
15072 4 -0.5 0 base
15073 4 -0.5 0 base
15074 4 -0.5 0 base
15077 4 -0.5 0 base
15079 4 -0.5 116.431145282674 base
15081 4 -0.5 1.20614993062161 base
15082 4 -0.5 195.774513254357 base
15084 4 -0.5 386.956714251388 base
15086 4 -0.5 0 base
14001 4 -0.5 0 base
14002 4 -0.5 0 base
14003 4 -0.5 0 base
14005 4 -0.5 0 base
14008 4 -0.5 0 base
15070 5 -0.5 0 base
15072 5 -0.5 0 base
15073 5 -0.5 0 base
15074 5 -0.5 0 base
15077 5 -0.5 0 base
15079 5 -0.5 0 base
15081 5 -0.5 0 base
15082 5 -0.5 0 base
15084 5 -0.5 0 base
15086 5 -0.5 0 base
14001 5 -0.5 0 base
14002 5 -0.5 0 base
14003 5 -0.5 0 base
14005 5 -0.5 0 base
14008 5 -0.5 0 base
15070 6 -0.5 0 base
15072 6 -0.5 0 base
15073 6 -0.5 0 base
15074 6 -0.5 0 base
15077 6 -0.5 0 base
15079 6 -0.5 115.61927289402 base
15081 6 -0.5 0 base
15082 6 -0.5 142.868576507405 base
15084 6 -0.5 303.233999706851 base
15086 6 -0.5 0 base
14001 6 -0.5 0 base
14002 6 -0.5 0 base
14003 6 -0.5 0 base
14005 6 -0.5 0 base
14008 6 -0.5 0 base
15070 7 -0.5 0 base
15072 7 -0.5 0 base
15073 7 -0.5 0 base
15074 7 -0.5 0 base
15077 7 -0.5 0 base
15079 7 -0.5 0 base
15081 7 -0.5 0 base
15082 7 -0.5 0 base
15084 7 -0.5 0 base
15086 7 -0.5 0 base
14001 7 -0.5 0 base
14002 7 -0.5 0 base
14003 7 -0.5 0 base
14005 7 -0.5 0 base
14008 7 -0.5 0 base
15070 8 -0.5 0 base
15072 8 -0.5 0 base
15073 8 -0.5 0 base
15074 8 -0.5 0 base
15077 8 -0.5 0 base
15079 8 -0.5 139.173452033925 base
15081 8 -0.5 53.4503005844211 base
15082 8 -0.5 318.759902200867 base
15084 8 -0.5 505.385149213289 base
15086 8 -0.5 0 base
14001 8 -0.5 0 base
14002 8 -0.5 0 base
14003 8 -0.5 0 base
14005 8 -0.5 0 base
14008 8 -0.5 0 base
15070 9 -0.5 0 base
15072 9 -0.5 0 base
15073 9 -0.5 0 base
15074 9 -0.5 0 base
15077 9 -0.5 0 base
15079 9 -0.5 105.728121025176 base
15081 9 -0.5 0 base
15082 9 -0.5 130.280147159748 base
15084 9 -0.5 291.622083492761 base
15086 9 -0.5 0 base
14001 9 -0.5 0 base
14002 9 -0.5 0 base
14003 9 -0.5 0 base
14005 9 -0.5 0 base
14008 9 -0.5 0 base
15070 10 -0.5 0 base
15072 10 -0.5 0 base
15073 10 -0.5 0 base
15074 10 -0.5 0 base
15077 10 -0.5 0 base
15079 10 -0.5 149.91007516533 base
15081 10 -0.5 54.0953635766927 base
15082 10 -0.5 331.758646717212 base
15084 10 -0.5 546.490128869662 base
15086 10 -0.5 0 base
14001 10 -0.5 0 base
14002 10 -0.5 0 base
14003 10 -0.5 0 base
14005 10 -0.5 0 base
14008 10 -0.5 0 base
15070 11 -0.5 0 base
15072 11 -0.5 0 base
15073 11 -0.5 27.0555327875383 base
15074 11 -0.5 1.57990323507342 base
15077 11 -0.5 0 base
15079 11 -0.5 129.161550931134 base
15081 11 -0.5 63.0974586269513 base
15082 11 -0.5 364.36593998832 base
15084 11 -0.5 567.751351297777 base
15086 11 -0.5 0 base
14001 11 -0.5 0 base
14002 11 -0.5 0 base
14003 11 -0.5 0 base
14005 11 -0.5 0 base
14008 11 -0.5 0 base
15070 12 -0.5 0 base
15072 12 -0.5 0 base
15073 12 -0.5 21.6831574481605 base
15074 12 -0.5 0 base
15077 12 -0.5 0 base
15079 12 -0.5 113.711668608202 base
15081 12 -0.5 54.7404155123492 base
15082 12 -0.5 323.218100083604 base
15084 12 -0.5 492.455335596109 base
15086 12 -0.5 0 base
14001 12 -0.5 0 base
14002 12 -0.5 0 base
14003 12 -0.5 0 base
14005 12 -0.5 0 base
14008 12 -0.5 0 base
15070 13 -0.5 0 base
15072 13 -0.5 0 base
15073 13 -0.5 0 base
15074 13 -0.5 0 base
15077 13 -0.5 0 base
15079 13 -0.5 25.1052019114318 base
15081 13 -0.5 0 base
15082 13 -0.5 0 base
15084 13 -0.5 90.3205525486129 base
15086 13 -0.5 0 base
14001 13 -0.5 0 base
14002 13 -0.5 0 base
14003 13 -0.5 0 base
14005 13 -0.5 0 base
14008 13 -0.5 0 base
15070 14 -0.5 0 base
15072 14 -0.5 0 base
15073 14 -0.5 0 base
15074 14 -0.5 0 base
15077 14 -0.5 0 base
15079 14 -0.5 1.96296666725745 base
15081 14 -0.5 0 base
15082 14 -0.5 0 base
15084 14 -0.5 0 base
15086 14 -0.5 0 base
14001 14 -0.5 0 base
14002 14 -0.5 0 base
14003 14 -0.5 0 base
14005 14 -0.5 0 base
14008 14 -0.5 0 base
15070 15 -0.5 0 base
15072 15 -0.5 0 base
15073 15 -0.5 0 base
15074 15 -0.5 0 base
15077 15 -0.5 0 base
15079 15 -0.5 171.425795758627 base
15081 15 -0.5 75.0611300313309 base
15082 15 -0.5 360.577633057709 base
15084 15 -0.5 582.740783077592 base
15086 15 -0.5 0 base
14001 15 -0.5 1.02271247520653 base
14002 15 -0.5 0 base
14003 15 -0.5 0 base
14005 15 -0.5 0 base
14008 15 -0.5 0 base
15070 16 -0.5 0 base
15072 16 -0.5 0 base
15073 16 -0.5 41.4322672664745 base
15074 16 -0.5 5.9413813576653 base
15077 16 -0.5 0 base
15079 16 -0.5 158.747214433946 base
15081 16 -0.5 88.7458209412675 base
15082 16 -0.5 377.463977623834 base
15084 16 -0.5 566.719883777085 base
15086 16 -0.5 0 base
14001 16 -0.5 0 base
14002 16 -0.5 0 base
14003 16 -0.5 0 base
14005 16 -0.5 0 base
14008 16 -0.5 0 base
15070 17 -0.5 0 base
15072 17 -0.5 0 base
15073 17 -0.5 0 base
15074 17 -0.5 0 base
15077 17 -0.5 0 base
15079 17 -0.5 71.7498461486177 base
15081 17 -0.5 0 base
15082 17 -0.5 17.8877643505687 base
15084 17 -0.5 152.886193545904 base
15086 17 -0.5 0 base
14001 17 -0.5 0 base
14002 17 -0.5 0 base
14003 17 -0.5 0 base
14005 17 -0.5 0 base
14008 17 -0.5 0 base
15070 18 -0.5 0 base
15072 18 -0.5 0 base
15073 18 -0.5 37.3738931591535 base
15074 18 -0.5 1.68358527972584 base
15077 18 -0.5 0 base
15079 18 -0.5 135.951840993364 base
15081 18 -0.5 72.9962793091282 base
15082 18 -0.5 355.30568095768 base
15084 18 -0.5 534.77823045236 base
15086 18 -0.5 0 base
14001 18 -0.5 0 base
14002 18 -0.5 0 base
14003 18 -0.5 0 base
14005 18 -0.5 0 base
14008 18 -0.5 0 base
15070 19 -0.5 0 base
15072 19 -0.5 0 base
15073 19 -0.5 0 base
15074 19 -0.5 0 base
15077 19 -0.5 0 base
15079 19 -0.5 142.481789864421 base
15081 19 -0.5 36.1898689757955 base
15082 19 -0.5 297.627420652527 base
15084 19 -0.5 506.719232359904 base
15086 19 -0.5 0 base
14001 19 -0.5 0 base
14002 19 -0.5 0 base
14003 19 -0.5 0 base
14005 19 -0.5 0 base
14008 19 -0.5 0 base
15070 20 -0.5 0 base
15072 20 -0.5 0 base
15073 20 -0.5 22.6710922755032 base
15074 20 -0.5 2.39093985327965 base
15077 20 -0.5 0 base
15079 20 -0.5 164.917355087555 base
15081 20 -0.5 87.2103038969941 base
15082 20 -0.5 375.826948646317 base
15084 20 -0.5 574.732949626261 base
15086 20 -0.5 0 base
14001 20 -0.5 0 base
14002 20 -0.5 0 base
14003 20 -0.5 0 base
14005 20 -0.5 0 base
14008 20 -0.5 0 base
15070 21 -0.5 0 base
15072 21 -0.5 0 base
15073 21 -0.5 0 base
15074 21 -0.5 0 base
15077 21 -0.5 0 base
15079 21 -0.5 144.567420500317 base
15081 21 -0.5 37.7477827991738 base
15082 21 -0.5 306.262978940544 base
15084 21 -0.5 525.250102540109 base
15086 21 -0.5 0 base
14001 21 -0.5 0 base
14002 21 -0.5 0 base
14003 21 -0.5 0 base
14005 21 -0.5 0 base
14008 21 -0.5 0 base
15070 22 -0.5 0 base
15072 22 -0.5 0 base
15073 22 -0.5 63.3753725548142 base
15074 22 -0.5 32.2265704748331 base
15077 22 -0.5 0 base
15079 22 -0.5 171.826699799885 base
15081 22 -0.5 102.733163600972 base
15082 22 -0.5 425.854340879321 base
15084 22 -0.5 641.191479985559 base
15086 22 -0.5 0 base
14001 22 -0.5 0 base
14002 22 -0.5 0 base
14003 22 -0.5 0 base
14005 22 -0.5 0 base
14008 22 -0.5 0 base
15070 23 -0.5 0 base
15072 23 -0.5 0 base
15073 23 -0.5 0 base
15074 23 -0.5 0 base
15077 23 -0.5 0 base
15079 23 -0.5 135.68234178531 base
15081 23 -0.5 4.25056849386483 base
15082 23 -0.5 224.729995835636 base
15084 23 -0.5 426.21813759192 base
15086 23 -0.5 0 base
14001 23 -0.5 0 base
14002 23 -0.5 0 base
14003 23 -0.5 0 base
14005 23 -0.5 0 base
14008 23 -0.5 0 base
15070 24 -0.5 0 base
15072 24 -0.5 0 base
15073 24 -0.5 0 base
15074 24 -0.5 0 base
15077 24 -0.5 0 base
15079 24 -0.5 154.672484336016 base
15081 24 -0.5 57.9456453379689 base
15082 24 -0.5 345.631617899819 base
15084 24 -0.5 571.223791949965 base
15086 24 -0.5 0 base
14001 24 -0.5 0 base
14002 24 -0.5 0 base
14003 24 -0.5 0 base
14005 24 -0.5 0 base
14008 24 -0.5 0 base
15070 25 -0.5 0 base
15072 25 -0.5 0 base
15073 25 -0.5 0 base
15074 25 -0.5 0 base
15077 25 -0.5 0 base
15079 25 -0.5 2.88983935883327 base
15081 25 -0.5 0 base
15082 25 -0.5 0 base
15084 25 -0.5 0 base
15086 25 -0.5 0 base
14001 25 -0.5 0 base
14002 25 -0.5 0 base
14003 25 -0.5 0 base
14005 25 -0.5 0 base
14008 25 -0.5 0 base
15070 26 -0.5 0 base
15072 26 -0.5 0 base
15073 26 -0.5 48.8705175230366 base
15074 26 -0.5 17.2407621076776 base
15077 26 -0.5 0 base
15079 26 -0.5 167.861188882907 base
15081 26 -0.5 95.6990465068693 base
15082 26 -0.5 402.741199673391 base
15084 26 -0.5 610.40879570905 base
15086 26 -0.5 0 base
14001 26 -0.5 0 base
14002 26 -0.5 0 base
14003 26 -0.5 0 base
14005 26 -0.5 0 base
14008 26 -0.5 0 base
15070 27 -0.5 0 base
15072 27 -0.5 0 base
15073 27 -0.5 0 base
15074 27 -0.5 0 base
15077 27 -0.5 0 base
15079 27 -0.5 0 base
15081 27 -0.5 0 base
15082 27 -0.5 0 base
15084 27 -0.5 0 base
15086 27 -0.5 0 base
14001 27 -0.5 0 base
14002 27 -0.5 0 base
14003 27 -0.5 0 base
14005 27 -0.5 0 base
14008 27 -0.5 0 base
15070 28 -0.5 0 base
15072 28 -0.5 0 base
15073 28 -0.5 69.3137391070141 base
15074 28 -0.5 35.774709284126 base
15077 28 -0.5 0 base
15079 28 -0.5 177.64546144691 base
15081 28 -0.5 108.943250952231 base
15082 28 -0.5 428.028521253004 base
15084 28 -0.5 640.815773407183 base
15086 28 -0.5 0 base
14001 28 -0.5 0 base
14002 28 -0.5 0 base
14003 28 -0.5 0 base
14005 28 -0.5 0 base
14008 28 -0.5 0 base
15070 29 -0.5 0 base
15072 29 -0.5 0 base
15073 29 -0.5 0 base
15074 29 -0.5 0 base
15077 29 -0.5 0 base
15079 29 -0.5 77.6795026334428 base
15081 29 -0.5 0 base
15082 29 -0.5 91.3837406628433 base
15084 29 -0.5 237.448710541184 base
15086 29 -0.5 0 base
14001 29 -0.5 0 base
14002 29 -0.5 0 base
14003 29 -0.5 0 base
14005 29 -0.5 0 base
14008 29 -0.5 0 base
15070 30 -0.5 0 base
15072 30 -0.5 0 base
15073 30 -0.5 0 base
15074 30 -0.5 0 base
15077 30 -0.5 0 base
15079 30 -0.5 1.53224704220423 base
15081 30 -0.5 0 base
15082 30 -0.5 0 base
15084 30 -0.5 0 base
15086 30 -0.5 0 base
14001 30 -0.5 0 base
14002 30 -0.5 0 base
14003 30 -0.5 0 base
14005 30 -0.5 0 base
14008 30 -0.5 0 base
15070 31 -0.5 0 base
15072 31 -0.5 0 base
15073 31 -0.5 0 base
15074 31 -0.5 0 base
15077 31 -0.5 0 base
15079 31 -0.5 39.9692962159014 base
15081 31 -0.5 0 base
15082 31 -0.5 0 base
15084 31 -0.5 48.6408286592011 base
15086 31 -0.5 0 base
14001 31 -0.5 0 base
14002 31 -0.5 0 base
14003 31 -0.5 0 base
14005 31 -0.5 0 base
14008 31 -0.5 0 base
15070 1 -1.5 7.71148887110778 base
15072 1 -1.5 75.6405338406011 base
15073 1 -1.5 2.70099075644853 base
15074 1 -1.5 196.269204852321 base
15077 1 -1.5 0 base
15079 1 -1.5 46.2578215389012 base
15081 1 -1.5 32.7245885514402 base
15082 1 -1.5 406.231549425275 base
15084 1 -1.5 487.295838503849 base
15086 1 -1.5 86.034517672642 base
14001 1 -1.5 0 base
14002 1 -1.5 7.94679397201414 base
14003 1 -1.5 98.1640184402661 base
14005 1 -1.5 40.6463753036844 base
14008 1 -1.5 0 base
15070 2 -1.5 0 base
15072 2 -1.5 0 base
15073 2 -1.5 0 base
15074 2 -1.5 0 base
15077 2 -1.5 0 base
15079 2 -1.5 0 base
15081 2 -1.5 0 base
15082 2 -1.5 0 base
15084 2 -1.5 0 base
15086 2 -1.5 0 base
14001 2 -1.5 0 base
14002 2 -1.5 0 base
14003 2 -1.5 0 base
14005 2 -1.5 0 base
14008 2 -1.5 0 base
15070 3 -1.5 0 base
15072 3 -1.5 0 base
15073 3 -1.5 0 base
15074 3 -1.5 0 base
15077 3 -1.5 0 base
15079 3 -1.5 2.17697755674304 base
15081 3 -1.5 0 base
15082 3 -1.5 0 base
15084 3 -1.5 9.84192085625111 base
15086 3 -1.5 0 base
14001 3 -1.5 0 base
14002 3 -1.5 0 base
14003 3 -1.5 34.8662348836759 base
14005 3 -1.5 0 base
14008 3 -1.5 0 base
15070 4 -1.5 0 base
15072 4 -1.5 0 base
15073 4 -1.5 0 base
15074 4 -1.5 2.07698206530902 base
15077 4 -1.5 0 base
15079 4 -1.5 29.4409951102946 base
15081 4 -1.5 0 base
15082 4 -1.5 165.674479516962 base
15084 4 -1.5 266.447149169346 base
15086 4 -1.5 0 base
14001 4 -1.5 0 base
14002 4 -1.5 4.49332415027913 base
14003 4 -1.5 86.7790982780365 base
14005 4 -1.5 29.2116409118209 base
14008 4 -1.5 0 base
15070 5 -1.5 0 base
15072 5 -1.5 0 base
15073 5 -1.5 0 base
15074 5 -1.5 0 base
15077 5 -1.5 0 base
15079 5 -1.5 0 base
15081 5 -1.5 0 base
15082 5 -1.5 0 base
15084 5 -1.5 0 base
15086 5 -1.5 0 base
14001 5 -1.5 0 base
14002 5 -1.5 0 base
14003 5 -1.5 0 base
14005 5 -1.5 0 base
14008 5 -1.5 0 base
15070 6 -1.5 0 base
15072 6 -1.5 0 base
15073 6 -1.5 0 base
15074 6 -1.5 1.24912744847035 base
15077 6 -1.5 0 base
15079 6 -1.5 79.0200015381122 base
15081 6 -1.5 0 base
15082 6 -1.5 193.277830256696 base
15084 6 -1.5 291.156426067596 base
15086 6 -1.5 0 base
14001 6 -1.5 0 base
14002 6 -1.5 32.1895749432483 base
14003 6 -1.5 129.093224878147 base
14005 6 -1.5 73.7865650577288 base
14008 6 -1.5 0 base
15070 7 -1.5 0 base
15072 7 -1.5 0 base
15073 7 -1.5 0 base
15074 7 -1.5 0 base
15077 7 -1.5 0 base
15079 7 -1.5 0 base
15081 7 -1.5 0 base
15082 7 -1.5 0 base
15084 7 -1.5 0 base
15086 7 -1.5 0 base
14001 7 -1.5 0 base
14002 7 -1.5 0 base
14003 7 -1.5 0 base
14005 7 -1.5 0 base
14008 7 -1.5 0 base
15070 8 -1.5 0 base
15072 8 -1.5 57.18474385726 base
15073 8 -1.5 0 base
15074 8 -1.5 157.828122948623 base
15077 8 -1.5 0 base
15079 8 -1.5 67.4657148704129 base
15081 8 -1.5 31.0585661142033 base
15082 8 -1.5 359.390906196048 base
15084 8 -1.5 448.729542669111 base
15086 8 -1.5 71.7172302074617 base
14001 8 -1.5 0 base
14002 8 -1.5 20.3596414944809 base
14003 8 -1.5 117.844582210887 base
14005 8 -1.5 65.219232547731 base
14008 8 -1.5 0 base
15070 9 -1.5 0 base
15072 9 -1.5 0 base
15073 9 -1.5 0 base
15074 9 -1.5 0 base
15077 9 -1.5 0 base
15079 9 -1.5 44.5838994924048 base
15081 9 -1.5 0 base
15082 9 -1.5 142.829784715495 base
15084 9 -1.5 230.649521271013 base
15086 9 -1.5 0 base
14001 9 -1.5 0 base
14002 9 -1.5 9.75111215844671 base
14003 9 -1.5 98.6585857147944 base
14005 9 -1.5 40.8002041265014 base
14008 9 -1.5 0 base
15070 10 -1.5 0 base
15072 10 -1.5 57.7151900708686 base
15073 10 -1.5 0 base
15074 10 -1.5 143.758355967128 base
15077 10 -1.5 0 base
15079 10 -1.5 70.4281582217275 base
15081 10 -1.5 26.4840096950255 base
15082 10 -1.5 364.473677345728 base
15084 10 -1.5 482.297753480981 base
15086 10 -1.5 61.3923589753872 base
14001 10 -1.5 0 base
14002 10 -1.5 25.2441853622269 base
14003 10 -1.5 123.102802212807 base
14005 10 -1.5 71.6250937390007 base
14008 10 -1.5 0 base
15070 11 -1.5 0 base
15072 11 -1.5 0 base
15073 11 -1.5 0 base
15074 11 -1.5 61.7984179753381 base
15077 11 -1.5 0 base
15079 11 -1.5 1.05819318216144 base
15081 11 -1.5 0 base
15082 11 -1.5 157.916278004379 base
15084 11 -1.5 189.10479649411 base
15086 11 -1.5 2.77775033436478 base
14001 11 -1.5 0 base
14002 11 -1.5 0 base
14003 11 -1.5 31.7891362765665 base
14005 11 -1.5 0 base
14008 11 -1.5 0 base
15070 12 -1.5 0 base
15072 12 -1.5 0 base
15073 12 -1.5 0 base
15074 12 -1.5 58.0755326950389 base
15077 12 -1.5 0 base
15079 12 -1.5 0 base
15081 12 -1.5 0 base
15082 12 -1.5 149.041870158374 base
15084 12 -1.5 167.755870658537 base
15086 12 -1.5 1.44437895743434 base
14001 12 -1.5 0 base
14002 12 -1.5 0 base
14003 12 -1.5 28.0462091728879 base
14005 12 -1.5 0 base
14008 12 -1.5 0 base
15070 13 -1.5 0 base
15072 13 -1.5 0 base
15073 13 -1.5 0 base
15074 13 -1.5 0 base
15077 13 -1.5 0 base
15079 13 -1.5 1.70450563520661 base
15081 13 -1.5 0 base
15082 13 -1.5 6.68881050401407 base
15084 13 -1.5 61.4574465563613 base
15086 13 -1.5 0 base
14001 13 -1.5 0 base
14002 13 -1.5 0 base
14003 13 -1.5 37.1420785188408 base
14005 13 -1.5 0 base
14008 13 -1.5 0 base
15070 14 -1.5 0 base
15072 14 -1.5 0 base
15073 14 -1.5 0 base
15074 14 -1.5 0 base
15077 14 -1.5 0 base
15079 14 -1.5 0 base
15081 14 -1.5 0 base
15082 14 -1.5 0 base
15084 14 -1.5 0 base
15086 14 -1.5 0 base
14001 14 -1.5 0 base
14002 14 -1.5 0 base
14003 14 -1.5 3.66599733728492 base
14005 14 -1.5 0 base
14008 14 -1.5 0 base
15070 15 -1.5 0 base
15072 15 -1.5 129.362278544782 base
15073 15 -1.5 0 base
15074 15 -1.5 240.292571887203 base
15077 15 -1.5 1.1400593194578 base
15079 15 -1.5 132.483359877791 base
15081 15 -1.5 86.0050890589324 base
15082 15 -1.5 476.227045554137 base
15084 15 -1.5 612.252525634731 base
15086 15 -1.5 141.544091794493 base
14001 15 -1.5 0 base
14002 15 -1.5 73.3648495227242 base
14003 15 -1.5 184.263956834826 base
14005 15 -1.5 137.614745766457 base
14008 15 -1.5 0 base
15070 16 -1.5 19.3305936535618 base
15072 16 -1.5 111.349899056614 base
15073 16 -1.5 13.8947857344419 base
15074 16 -1.5 263.244060507489 base
15077 16 -1.5 0 base
15079 16 -1.5 91.3766622721057 base
15081 16 -1.5 72.4017945171557 base
15082 16 -1.5 457.373617423387 base
15084 16 -1.5 539.687341391564 base
15086 16 -1.5 137.524577122791 base
14001 16 -1.5 0 base
14002 16 -1.5 37.3170022322645 base
14003 16 -1.5 139.283966123328 base
14005 16 -1.5 88.0051504786332 base
14008 16 -1.5 0 base
15070 17 -1.5 0 base
15072 17 -1.5 0 base
15073 17 -1.5 0 base
15074 17 -1.5 0 base
15077 17 -1.5 0 base
15079 17 -1.5 43.9188736962862 base
15081 17 -1.5 0 base
15082 17 -1.5 84.4957209623112 base
15084 17 -1.5 153.735590304114 base
15086 17 -1.5 0 base
14001 17 -1.5 0 base
14002 17 -1.5 5.88852677432627 base
14003 17 -1.5 91.7013851272403 base
14005 17 -1.5 25.1317775692189 base
14008 17 -1.5 0 base
15070 18 -1.5 0 base
15072 18 -1.5 36.17979654829 base
15073 18 -1.5 0 base
15074 18 -1.5 134.756972608313 base
15077 18 -1.5 0 base
15079 18 -1.5 21.1609263731984 base
15081 18 -1.5 11.2525102929253 base
15082 18 -1.5 301.097094319282 base
15084 18 -1.5 350.692264105598 base
15086 18 -1.5 46.2862670614347 base
14001 18 -1.5 0 base
14002 18 -1.5 1.54988428552913 base
14003 18 -1.5 73.126649400794 base
14005 18 -1.5 13.30272934727 base
14008 18 -1.5 0 base
15070 19 -1.5 0 base
15072 19 -1.5 40.2144597322738 base
15073 19 -1.5 0 base
15074 19 -1.5 111.456318533789 base
15077 19 -1.5 0 base
15079 19 -1.5 68.2979432265475 base
15081 19 -1.5 15.5056996390482 base
15082 19 -1.5 325.656493435361 base
15084 19 -1.5 444.612864086921 base
15086 19 -1.5 28.0639843799694 base
14001 19 -1.5 0 base
14002 19 -1.5 24.0421455496637 base
14003 19 -1.5 121.321557629208 base
14005 19 -1.5 69.7972907676432 base
14008 19 -1.5 0 base
15070 20 -1.5 10.8078246389842 base
15072 20 -1.5 128.977343652155 base
15073 20 -1.5 11.6666554956783 base
15074 20 -1.5 276.179352340641 base
15077 20 -1.5 0 base
15079 20 -1.5 114.405381240718 base
15081 20 -1.5 87.336031277226 base
15082 20 -1.5 482.986751607452 base
15084 20 -1.5 583.368032692423 base
15086 20 -1.5 158.038237343481 base
14001 20 -1.5 0 base
14002 20 -1.5 56.1564359165631 base
14003 20 -1.5 162.757686204622 base
14005 20 -1.5 113.730397934102 base
14008 20 -1.5 0 base
15070 21 -1.5 0 base
15072 21 -1.5 34.4822932931721 base
15073 21 -1.5 0 base
15074 21 -1.5 100.423249745882 base
15077 21 -1.5 0 base
15079 21 -1.5 59.5109794080312 base
15081 21 -1.5 10.0672833621354 base
15082 21 -1.5 314.751117706783 base
15084 21 -1.5 439.171725053691 base
15086 21 -1.5 20.2996421144504 base
14001 21 -1.5 0 base
14002 21 -1.5 18.3411596419595 base
14003 21 -1.5 113.784609109595 base
14005 21 -1.5 61.4001132942869 base
14008 21 -1.5 0 base
15070 22 -1.5 33.8171395609798 base
15072 22 -1.5 113.842520519314 base
15073 22 -1.5 15.0206564857868 base
15074 22 -1.5 269.868973131231 base
15077 22 -1.5 0 base
15079 22 -1.5 78.9161390147637 base
15081 22 -1.5 63.7071365848978 base
15082 22 -1.5 483.823462748395 base
15084 22 -1.5 578.02614021343 base
15086 22 -1.5 130.881348410629 base
14001 22 -1.5 0 base
14002 22 -1.5 29.5466255382101 base
14003 22 -1.5 129.419620126611 base
14005 22 -1.5 76.6849403737061 base
14008 22 -1.5 0 base
15070 23 -1.5 0 base
15072 23 -1.5 7.17169066035821 base
15073 23 -1.5 0 base
15074 23 -1.5 26.877352772713 base
15077 23 -1.5 0 base
15079 23 -1.5 69.9553928304076 base
15081 23 -1.5 2.0590548485279 base
15082 23 -1.5 243.431945977458 base
15084 23 -1.5 368.192443727242 base
15086 23 -1.5 0 base
14001 23 -1.5 0 base
14002 23 -1.5 27.7766298609072 base
14003 23 -1.5 124.337198914893 base
14005 23 -1.5 71.8874704975673 base
14008 23 -1.5 0 base
15070 24 -1.5 0 base
15072 24 -1.5 59.9850057196547 base
15073 24 -1.5 0 base
15074 24 -1.5 142.424813779535 base
15077 24 -1.5 0 base
15079 24 -1.5 68.6651159372969 base
15081 24 -1.5 25.0318101758877 base
15082 24 -1.5 371.219205337347 base
15084 24 -1.5 497.340540676901 base
15086 24 -1.5 61.6936369623249 base
14001 24 -1.5 0 base
14002 24 -1.5 24.5948769232713 base
14003 24 -1.5 122.242288505705 base
14005 24 -1.5 70.5714723269975 base
14008 24 -1.5 0 base
15070 25 -1.5 0 base
15072 25 -1.5 0 base
15073 25 -1.5 0 base
15074 25 -1.5 0 base
15077 25 -1.5 0 base
15079 25 -1.5 0 base
15081 25 -1.5 0 base
15082 25 -1.5 0 base
15084 25 -1.5 0 base
15086 25 -1.5 0 base
14001 25 -1.5 0 base
14002 25 -1.5 0 base
14003 25 -1.5 3.43660386788018 base
14005 25 -1.5 0 base
14008 25 -1.5 0 base
15070 26 -1.5 21.919279092217 base
15072 26 -1.5 116.99792049525 base
15073 26 -1.5 14.2772909817733 base
15074 26 -1.5 272.208000696442 base
15077 26 -1.5 0 base
15079 26 -1.5 90.9508949465971 base
15081 26 -1.5 71.594339305896 base
15082 26 -1.5 479.674492750149 base
15084 26 -1.5 575.582219466935 base
15086 26 -1.5 140.82427645731 base
14001 26 -1.5 0 base
14002 26 -1.5 38.4329398490773 base
14003 26 -1.5 140.41345706812 base
14005 26 -1.5 89.4253263050128 base
14008 26 -1.5 0 base
15070 27 -1.5 0 base
15072 27 -1.5 0 base
15073 27 -1.5 0 base
15074 27 -1.5 0 base
15077 27 -1.5 0 base
15079 27 -1.5 0 base
15081 27 -1.5 0 base
15082 27 -1.5 0 base
15084 27 -1.5 0 base
15086 27 -1.5 0 base
14001 27 -1.5 0 base
14002 27 -1.5 0 base
14003 27 -1.5 0 base
14005 27 -1.5 0 base
14008 27 -1.5 0 base
15070 28 -1.5 67.340234657038 base
15072 28 -1.5 142.640503694918 base
15073 28 -1.5 35.1227281110101 base
15074 28 -1.5 316.529542591224 base
15077 28 -1.5 0 base
15079 28 -1.5 103.892832623692 base
15081 28 -1.5 88.3880697130746 base
15082 28 -1.5 525.835853205753 base
15084 28 -1.5 623.289065263017 base
15086 28 -1.5 166.200285234709 base
14001 28 -1.5 0 base
14002 28 -1.5 48.1895455265933 base
14003 28 -1.5 152.972177859339 base
14005 28 -1.5 102.473167683027 base
14008 28 -1.5 0 base
15070 29 -1.5 0 base
15072 29 -1.5 0 base
15073 29 -1.5 0 base
15074 29 -1.5 0 base
15077 29 -1.5 0 base
15079 29 -1.5 6.58116772290171 base
15081 29 -1.5 0 base
15082 29 -1.5 77.6540281483362 base
15084 29 -1.5 142.306570870408 base
15086 29 -1.5 0 base
14001 29 -1.5 0 base
14002 29 -1.5 0 base
14003 29 -1.5 58.4082733120297 base
14005 29 -1.5 3.37223847266907 base
14008 29 -1.5 0 base
15070 30 -1.5 0 base
15072 30 -1.5 0 base
15073 30 -1.5 0 base
15074 30 -1.5 0 base
15077 30 -1.5 0 base
15079 30 -1.5 0 base
15081 30 -1.5 0 base
15082 30 -1.5 0 base
15084 30 -1.5 0 base
15086 30 -1.5 0 base
14001 30 -1.5 0 base
14002 30 -1.5 0 base
14003 30 -1.5 2.15278948902196 base
14005 30 -1.5 0 base
14008 30 -1.5 0 base
15070 31 -1.5 0 base
15072 31 -1.5 0 base
15073 31 -1.5 0 base
15074 31 -1.5 0 base
15077 31 -1.5 0 base
15079 31 -1.5 3.32686670483199 base
15081 31 -1.5 0 base
15082 31 -1.5 0 base
15084 31 -1.5 20.2850131108767 base
15086 31 -1.5 0 base
14001 31 -1.5 0 base
14002 31 -1.5 0 base
14003 31 -1.5 34.1198672835523 base
14005 31 -1.5 0 base
14008 31 -1.5 0 base
15070 1 -3 0 base
15072 1 -3 7.20309483867746 base
15073 1 -3 0 base
15074 1 -3 1.17541476212626 base
15077 1 -3 0 base
15079 1 -3 0 base
15081 1 -3 0 base
15082 1 -3 62.62697222671 base
15084 1 -3 63.4639493488563 base
15086 1 -3 0 base
14001 1 -3 0 base
14002 1 -3 0 base
14003 1 -3 1.97671480709229 base
14005 1 -3 0 base
14008 1 -3 0 base
15070 2 -3 0 base
15072 2 -3 0 base
15073 2 -3 0 base
15074 2 -3 0 base
15077 2 -3 0 base
15079 2 -3 0 base
15081 2 -3 0 base
15082 2 -3 0 base
15084 2 -3 0 base
15086 2 -3 0 base
14001 2 -3 0 base
14002 2 -3 0 base
14003 2 -3 0 base
14005 2 -3 0 base
14008 2 -3 0 base
15070 3 -3 0 base
15072 3 -3 0 base
15073 3 -3 0 base
15074 3 -3 0 base
15077 3 -3 0 base
15079 3 -3 0 base
15081 3 -3 0 base
15082 3 -3 0 base
15084 3 -3 0 base
15086 3 -3 0 base
14001 3 -3 0 base
14002 3 -3 0 base
14003 3 -3 1.54990090803843 base
14005 3 -3 0 base
14008 3 -3 0 base
15070 4 -3 0 base
15072 4 -3 0 base
15073 4 -3 0 base
15074 4 -3 0 base
15077 4 -3 0 base
15079 4 -3 0 base
15081 4 -3 0 base
15082 4 -3 16.6773510336613 base
15084 4 -3 50.8184513490704 base
15086 4 -3 0 base
14001 4 -3 0 base
14002 4 -3 0 base
14003 4 -3 5.87416409618834 base
14005 4 -3 0 base
14008 4 -3 0 base
15070 5 -3 0 base
15072 5 -3 0 base
15073 5 -3 0 base
15074 5 -3 0 base
15077 5 -3 0 base
15079 5 -3 0 base
15081 5 -3 0 base
15082 5 -3 0 base
15084 5 -3 0 base
15086 5 -3 0 base
14001 5 -3 0 base
14002 5 -3 0 base
14003 5 -3 0 base
14005 5 -3 0 base
14008 5 -3 0 base
15070 6 -3 0 base
15072 6 -3 63.9865605107709 base
15073 6 -3 0 base
15074 6 -3 0 base
15077 6 -3 0 base
15079 6 -3 23.9684709487814 base
15081 6 -3 0 base
15082 6 -3 141.318902553695 base
15084 6 -3 192.731702933795 base
15086 6 -3 0 base
14001 6 -3 0 base
14002 6 -3 4.57260382079071 base
14003 6 -3 102.450846259907 base
14005 6 -3 28.6111782816029 base
14008 6 -3 0 base
15070 7 -3 0 base
15072 7 -3 0 base
15073 7 -3 0 base
15074 7 -3 0 base
15077 7 -3 0 base
15079 7 -3 0 base
15081 7 -3 0 base
15082 7 -3 0 base
15084 7 -3 0 base
15086 7 -3 0 base
14001 7 -3 0 base
14002 7 -3 0 base
14003 7 -3 0 base
14005 7 -3 0 base
14008 7 -3 0 base
15070 8 -3 0 base
15072 8 -3 66.0118612307344 base
15073 8 -3 0 base
15074 8 -3 22.4679702443576 base
15077 8 -3 0 base
15079 8 -3 0 base
15081 8 -3 0 base
15082 8 -3 156.78781484479 base
15084 8 -3 164.751934469029 base
15086 8 -3 13.7992925833635 base
14001 8 -3 0 base
14002 8 -3 0 base
14003 8 -3 49.646262093423 base
14005 8 -3 0 base
14008 8 -3 0 base
15070 9 -3 0 base
15072 9 -3 1.33684705467844 base
15073 9 -3 0 base
15074 9 -3 0 base
15077 9 -3 0 base
15079 9 -3 0 base
15081 9 -3 0 base
15082 9 -3 46.5487799150058 base
15084 9 -3 89.4716757986164 base
15086 9 -3 0 base
14001 9 -3 0 base
14002 9 -3 0 base
14003 9 -3 42.1859396587985 base
14005 9 -3 0 base
14008 9 -3 0 base
15070 10 -3 0 base
15072 10 -3 53.782433150255 base
15073 10 -3 0 base
15074 10 -3 8.95899605127829 base
15077 10 -3 0 base
15079 10 -3 0 base
15081 10 -3 0 base
15082 10 -3 141.207455147843 base
15084 10 -3 156.252954817448 base
15086 10 -3 4.4901598580286 base
14001 10 -3 0 base
14002 10 -3 0 base
14003 10 -3 46.1181123241299 base
14005 10 -3 0 base
14008 10 -3 0 base
15070 11 -3 0 base
15072 11 -3 0 base
15073 11 -3 0 base
15074 11 -3 0 base
15077 11 -3 0 base
15079 11 -3 0 base
15081 11 -3 0 base
15082 11 -3 0 base
15084 11 -3 0 base
15086 11 -3 0 base
14001 11 -3 0 base
14002 11 -3 0 base
14003 11 -3 0 base
14005 11 -3 0 base
14008 11 -3 0 base
15070 12 -3 0 base
15072 12 -3 0 base
15073 12 -3 0 base
15074 12 -3 0 base
15077 12 -3 0 base
15079 12 -3 0 base
15081 12 -3 0 base
15082 12 -3 0 base
15084 12 -3 0 base
15086 12 -3 0 base
14001 12 -3 0 base
14002 12 -3 0 base
14003 12 -3 0 base
14005 12 -3 0 base
14008 12 -3 0 base
15070 13 -3 0 base
15072 13 -3 0 base
15073 13 -3 0 base
15074 13 -3 0 base
15077 13 -3 0 base
15079 13 -3 0 base
15081 13 -3 0 base
15082 13 -3 0 base
15084 13 -3 1.67993937456132 base
15086 13 -3 0 base
14001 13 -3 0 base
14002 13 -3 0 base
14003 13 -3 4.46730413031416 base
14005 13 -3 0 base
14008 13 -3 0 base
15070 14 -3 0 base
15072 14 -3 0 base
15073 14 -3 0 base
15074 14 -3 0 base
15077 14 -3 0 base
15079 14 -3 0 base
15081 14 -3 0 base
15082 14 -3 0 base
15084 14 -3 0 base
15086 14 -3 0 base
14001 14 -3 0 base
14002 14 -3 0 base
14003 14 -3 4.36332606476687 base
14005 14 -3 0 base
14008 14 -3 0 base
15070 15 -3 0 base
15072 15 -3 234.000987538966 base
15073 15 -3 0 base
15074 15 -3 160.726398143062 base
15077 15 -3 0 base
15079 15 -3 79.5627361229816 base
15081 15 -3 35.9531256415977 base
15082 15 -3 412.971976916471 base
15084 15 -3 478.665154385652 base
15086 15 -3 150.029760682391 base
14001 15 -3 0 base
14002 15 -3 37.138655523404 base
14003 15 -3 158.269834056692 base
14005 15 -3 87.5404942741325 base
14008 15 -3 3.97277210739326 base
15070 16 -3 0 base
15072 16 -3 130.687153757644 base
15073 16 -3 0 base
15074 16 -3 99.9290527677574 base
15077 16 -3 0 base
15079 16 -3 8.21344121020783 base
15081 16 -3 2.40413775614294 base
15082 16 -3 251.080308552079 base
15084 16 -3 245.162206369315 base
15086 16 -3 84.8861445232482 base
14001 16 -3 0 base
14002 16 -3 0 base
14003 16 -3 76.6375418908791 base
14005 16 -3 8.13951025396415 base
14008 16 -3 0 base
15070 17 -3 0 base
15072 17 -3 10.7149988662023 base
15073 17 -3 0 base
15074 17 -3 0 base
15077 17 -3 0 base
15079 17 -3 8.34548483747878 base
15081 17 -3 0 base
15082 17 -3 59.7075276077964 base
15084 17 -3 106.380589193824 base
15086 17 -3 0 base
14001 17 -3 0 base
14002 17 -3 0 base
14003 17 -3 80.614561669055 base
14005 17 -3 4.13066217885051 base
14008 17 -3 0 base
15070 18 -3 0 base
15072 18 -3 0 base
15073 18 -3 0 base
15074 18 -3 0 base
15077 18 -3 0 base
15079 18 -3 0 base
15081 18 -3 0 base
15082 18 -3 18.2103866636663 base
15084 18 -3 21.8086534249155 base
15086 18 -3 0 base
14001 18 -3 0 base
14002 18 -3 0 base
14003 18 -3 0 base
14005 18 -3 0 base
14008 18 -3 0 base
15070 19 -3 0 base
15072 19 -3 47.8966112487285 base
15073 19 -3 0 base
15074 19 -3 2.94731122603649 base
15077 19 -3 0 base
15079 19 -3 0 base
15081 19 -3 0 base
15082 19 -3 135.017415254635 base
15084 19 -3 156.593452384407 base
15086 19 -3 1.07031398327209 base
14001 19 -3 0 base
14002 19 -3 0 base
14003 19 -3 49.5532680926588 base
14005 19 -3 0 base
14008 19 -3 0 base
15070 20 -3 3.17732848162889 base
15072 20 -3 198.031659404266 base
15073 20 -3 0 base
15074 20 -3 153.003073528222 base
15077 20 -3 0 base
15079 20 -3 46.5061254700674 base
15081 20 -3 21.2541322296603 base
15082 20 -3 367.731937854094 base
15084 20 -3 387.527354146373 base
15086 20 -3 140.48561191567 base
14001 20 -3 0 base
14002 20 -3 11.3698024212695 base
14003 20 -3 120.464392251025 base
14005 20 -3 50.5976875199769 base
14008 20 -3 0 base
15070 21 -3 0 base
15072 21 -3 22.1115422147667 base
15073 21 -3 0 base
15074 21 -3 0 base
15077 21 -3 0 base
15079 21 -3 0 base
15081 21 -3 0 base
15082 21 -3 100.745972128609 base
15084 21 -3 121.033446783965 base
15086 21 -3 0 base
14001 21 -3 0 base
14002 21 -3 0 base
14003 21 -3 30.599270976701 base
14005 21 -3 0 base
14008 21 -3 0 base
15070 22 -3 0 base
15072 22 -3 78.6587671275118 base
15073 22 -3 0 base
15074 22 -3 51.464903200336 base
15077 22 -3 0 base
15079 22 -3 0 base
15081 22 -3 0 base
15082 22 -3 160.43267482533 base
15084 22 -3 155.307813216823 base
15086 22 -3 35.8145644037247 base
14001 22 -3 0 base
14002 22 -3 0 base
14003 22 -3 40.7315546123703 base
14005 22 -3 0 base
14008 22 -3 0 base
15070 23 -3 0 base
15072 23 -3 32.6991350509151 base
15073 23 -3 0 base
15074 23 -3 0 base
15077 23 -3 0 base
15079 23 -3 1.52926209048441 base
15081 23 -3 0 base
15082 23 -3 111.792081875013 base
15084 23 -3 150.641720703804 base
15086 23 -3 0 base
14001 23 -3 0 base
14002 23 -3 0 base
14003 23 -3 60.6739563746568 base
14005 23 -3 1.99104665518542 base
14008 23 -3 0 base
15070 24 -3 0 base
15072 24 -3 43.7557873423401 base
15073 24 -3 0 base
15074 24 -3 4.84261772788036 base
15077 24 -3 0 base
15079 24 -3 0 base
15081 24 -3 0 base
15082 24 -3 127.072078200296 base
15084 24 -3 141.814610682366 base
15086 24 -3 2.31155720764513 base
14001 24 -3 0 base
14002 24 -3 0 base
14003 24 -3 38.5034466901034 base
14005 24 -3 0 base
14008 24 -3 0 base
15070 25 -3 0 base
15072 25 -3 0 base
15073 25 -3 0 base
15074 25 -3 0 base
15077 25 -3 0 base
15079 25 -3 0 base
15081 25 -3 0 base
15082 25 -3 0 base
15084 25 -3 0 base
15086 25 -3 0 base
14001 25 -3 0 base
14002 25 -3 0 base
14003 25 -3 1.66535006117749 base
14005 25 -3 0 base
14008 25 -3 0 base
15070 26 -3 0 base
15072 26 -3 115.816425894532 base
15073 26 -3 0 base
15074 26 -3 86.641195894742 base
15077 26 -3 0 base
15079 26 -3 4.18100865693956 base
15081 26 -3 1.11247137065049 base
15082 26 -3 223.919237194526 base
15084 26 -3 219.60071422883 base
15086 26 -3 72.4111268406133 base
14001 26 -3 0 base
14002 26 -3 0 base
14003 26 -3 67.3673842053629 base
14005 26 -3 3.92765598801582 base
14008 26 -3 0 base
15070 27 -3 0 base
15072 27 -3 0 base
15073 27 -3 0 base
15074 27 -3 0 base
15077 27 -3 0 base
15079 27 -3 0 base
15081 27 -3 0 base
15082 27 -3 0 base
15084 27 -3 0 base
15086 27 -3 0 base
14001 27 -3 0 base
14002 27 -3 0 base
14003 27 -3 0 base
14005 27 -3 0 base
14008 27 -3 0 base
15070 28 -3 6.48073067314564 base
15072 28 -3 150.819876158399 base
15073 28 -3 0 base
15074 28 -3 119.826366929643 base
15077 28 -3 0 base
15079 28 -3 13.2024462634886 base
15081 28 -3 5.29083521725407 base
15082 28 -3 291.589975090685 base
15084 28 -3 283.038832166204 base
15086 28 -3 103.084066303914 base
14001 28 -3 0 base
14002 28 -3 1.28171049513013 base
14003 28 -3 83.394232412934 base
14005 28 -3 13.301010661571 base
14008 28 -3 0 base
15070 29 -3 0 base
15072 29 -3 0 base
15073 29 -3 0 base
15074 29 -3 0 base
15077 29 -3 0 base
15079 29 -3 0 base
15081 29 -3 0 base
15082 29 -3 0 base
15084 29 -3 6.35233645324186 base
15086 29 -3 0 base
14001 29 -3 0 base
14002 29 -3 0 base
14003 29 -3 1.15719597412984 base
14005 29 -3 0 base
14008 29 -3 0 base
15070 30 -3 0 base
15072 30 -3 0 base
15073 30 -3 0 base
15074 30 -3 0 base
15077 30 -3 0 base
15079 30 -3 0 base
15081 30 -3 0 base
15082 30 -3 0 base
15084 30 -3 0 base
15086 30 -3 0 base
14001 30 -3 0 base
14002 30 -3 0 base
14003 30 -3 1.68121058018052 base
14005 30 -3 0 base
14008 30 -3 0 base
15070 31 -3 0 base
15072 31 -3 0 base
15073 31 -3 0 base
15074 31 -3 0 base
15077 31 -3 0 base
15079 31 -3 0 base
15081 31 -3 0 base
15082 31 -3 0 base
15084 31 -3 0 base
15086 31 -3 0 base
14001 31 -3 0 base
14002 31 -3 0 base
14003 31 -3 3.0792792317855 base
14005 31 -3 0 base
14008 31 -3 0 base
15070 1 -5 0 base
15072 1 -5 0 base
15073 1 -5 0 base
15074 1 -5 0 base
15077 1 -5 0 base
15079 1 -5 0 base
15081 1 -5 0 base
15082 1 -5 0 base
15084 1 -5 0 base
15086 1 -5 0 base
14001 1 -5 0 base
14002 1 -5 0 base
14003 1 -5 0 base
14005 1 -5 0 base
14008 1 -5 0 base
15070 2 -5 0 base
15072 2 -5 0 base
15073 2 -5 0 base
15074 2 -5 0 base
15077 2 -5 0 base
15079 2 -5 0 base
15081 2 -5 0 base
15082 2 -5 0 base
15084 2 -5 0 base
15086 2 -5 0 base
14001 2 -5 0 base
14002 2 -5 0 base
14003 2 -5 0 base
14005 2 -5 0 base
14008 2 -5 0 base
15070 3 -5 0 base
15072 3 -5 0 base
15073 3 -5 0 base
15074 3 -5 0 base
15077 3 -5 0 base
15079 3 -5 0 base
15081 3 -5 0 base
15082 3 -5 0 base
15084 3 -5 0 base
15086 3 -5 0 base
14001 3 -5 0 base
14002 3 -5 0 base
14003 3 -5 0 base
14005 3 -5 0 base
14008 3 -5 0 base
15070 4 -5 0 base
15072 4 -5 0 base
15073 4 -5 0 base
15074 4 -5 0 base
15077 4 -5 0 base
15079 4 -5 0 base
15081 4 -5 0 base
15082 4 -5 0 base
15084 4 -5 0 base
15086 4 -5 0 base
14001 4 -5 0 base
14002 4 -5 0 base
14003 4 -5 0 base
14005 4 -5 0 base
14008 4 -5 0 base
15070 5 -5 0 base
15072 5 -5 0 base
15073 5 -5 0 base
15074 5 -5 0 base
15077 5 -5 0 base
15079 5 -5 0 base
15081 5 -5 0 base
15082 5 -5 0 base
15084 5 -5 0 base
15086 5 -5 0 base
14001 5 -5 0 base
14002 5 -5 0 base
14003 5 -5 0 base
14005 5 -5 0 base
14008 5 -5 0 base
15070 6 -5 0 base
15072 6 -5 15.6306574830965 base
15073 6 -5 0 base
15074 6 -5 0 base
15077 6 -5 0 base
15079 6 -5 0 base
15081 6 -5 0 base
15082 6 -5 52.5043546545081 base
15084 6 -5 87.5211303558574 base
15086 6 -5 0 base
14001 6 -5 0 base
14002 6 -5 0 base
14003 6 -5 39.8909252927081 base
14005 6 -5 0 base
14008 6 -5 0 base
15070 7 -5 0 base
15072 7 -5 0 base
15073 7 -5 0 base
15074 7 -5 0 base
15077 7 -5 0 base
15079 7 -5 0 base
15081 7 -5 0 base
15082 7 -5 0 base
15084 7 -5 0 base
15086 7 -5 0 base
14001 7 -5 0 base
14002 7 -5 0 base
14003 7 -5 0 base
14005 7 -5 0 base
14008 7 -5 0 base
15070 8 -5 0 base
15072 8 -5 0 base
15073 8 -5 0 base
15074 8 -5 0 base
15077 8 -5 0 base
15079 8 -5 0 base
15081 8 -5 0 base
15082 8 -5 2.53984501077281 base
15084 8 -5 4.87302903839686 base
15086 8 -5 0 base
14001 8 -5 0 base
14002 8 -5 0 base
14003 8 -5 0 base
14005 8 -5 0 base
14008 8 -5 0 base
15070 9 -5 0 base
15072 9 -5 0 base
15073 9 -5 0 base
15074 9 -5 0 base
15077 9 -5 0 base
15079 9 -5 0 base
15081 9 -5 0 base
15082 9 -5 0 base
15084 9 -5 0 base
15086 9 -5 0 base
14001 9 -5 0 base
14002 9 -5 0 base
14003 9 -5 0 base
14005 9 -5 0 base
14008 9 -5 0 base
15070 10 -5 0 base
15072 10 -5 0 base
15073 10 -5 0 base
15074 10 -5 0 base
15077 10 -5 0 base
15079 10 -5 0 base
15081 10 -5 0 base
15082 10 -5 0 base
15084 10 -5 1.32477691053338 base
15086 10 -5 0 base
14001 10 -5 0 base
14002 10 -5 0 base
14003 10 -5 0 base
14005 10 -5 0 base
14008 10 -5 0 base
15070 11 -5 0 base
15072 11 -5 0 base
15073 11 -5 0 base
15074 11 -5 0 base
15077 11 -5 0 base
15079 11 -5 0 base
15081 11 -5 0 base
15082 11 -5 0 base
15084 11 -5 0 base
15086 11 -5 0 base
14001 11 -5 0 base
14002 11 -5 0 base
14003 11 -5 0 base
14005 11 -5 0 base
14008 11 -5 0 base
15070 12 -5 0 base
15072 12 -5 0 base
15073 12 -5 0 base
15074 12 -5 0 base
15077 12 -5 0 base
15079 12 -5 0 base
15081 12 -5 0 base
15082 12 -5 0 base
15084 12 -5 0 base
15086 12 -5 0 base
14001 12 -5 0 base
14002 12 -5 0 base
14003 12 -5 0 base
14005 12 -5 0 base
14008 12 -5 0 base
15070 13 -5 0 base
15072 13 -5 0 base
15073 13 -5 0 base
15074 13 -5 0 base
15077 13 -5 0 base
15079 13 -5 0 base
15081 13 -5 0 base
15082 13 -5 0 base
15084 13 -5 0 base
15086 13 -5 0 base
14001 13 -5 0 base
14002 13 -5 0 base
14003 13 -5 0 base
14005 13 -5 0 base
14008 13 -5 0 base
15070 14 -5 0 base
15072 14 -5 0 base
15073 14 -5 0 base
15074 14 -5 0 base
15077 14 -5 0 base
15079 14 -5 0 base
15081 14 -5 0 base
15082 14 -5 0 base
15084 14 -5 0 base
15086 14 -5 0 base
14001 14 -5 0 base
14002 14 -5 0 base
14003 14 -5 0 base
14005 14 -5 0 base
14008 14 -5 0 base
15070 15 -5 0 base
15072 15 -5 164.816610755826 base
15073 15 -5 0 base
15074 15 -5 67.2238194128857 base
15077 15 -5 0 base
15079 15 -5 15.120048732199 base
15081 15 -5 1.00464177978963 base
15082 15 -5 244.585154728623 base
15084 15 -5 253.302411415601 base
15086 15 -5 64.2696867923298 base
14001 15 -5 0 base
14002 15 -5 2.01984105797514 base
14003 15 -5 88.6294055246586 base
14005 15 -5 20.9532445770808 base
14008 15 -5 0 base
15070 16 -5 0 base
15072 16 -5 15.4908526683122 base
15073 16 -5 0 base
15074 16 -5 0 base
15077 16 -5 0 base
15079 16 -5 0 base
15081 16 -5 0 base
15082 16 -5 53.0832207786971 base
15084 16 -5 50.1801692913398 base
15086 16 -5 0 base
14001 16 -5 0 base
14002 16 -5 0 base
14003 16 -5 0 base
14005 16 -5 0 base
14008 16 -5 0 base
15070 17 -5 0 base
15072 17 -5 1.980565029061 base
15073 17 -5 0 base
15074 17 -5 0 base
15077 17 -5 0 base
15079 17 -5 0 base
15081 17 -5 0 base
15082 17 -5 7.95349944349781 base
15084 17 -5 40.2618024111015 base
15086 17 -5 0 base
14001 17 -5 0 base
14002 17 -5 0 base
14003 17 -5 35.7487523056712 base
14005 17 -5 0 base
14008 17 -5 0 base
15070 18 -5 0 base
15072 18 -5 0 base
15073 18 -5 0 base
15074 18 -5 0 base
15077 18 -5 0 base
15079 18 -5 0 base
15081 18 -5 0 base
15082 18 -5 0 base
15084 18 -5 0 base
15086 18 -5 0 base
14001 18 -5 0 base
14002 18 -5 0 base
14003 18 -5 0 base
14005 18 -5 0 base
14008 18 -5 0 base
15070 19 -5 0 base
15072 19 -5 0 base
15073 19 -5 0 base
15074 19 -5 0 base
15077 19 -5 0 base
15079 19 -5 0 base
15081 19 -5 0 base
15082 19 -5 0 base
15084 19 -5 2.48728007448978 base
15086 19 -5 0 base
14001 19 -5 0 base
14002 19 -5 0 base
14003 19 -5 0 base
14005 19 -5 0 base
14008 19 -5 0 base
15070 20 -5 0 base
15072 20 -5 101.789492210766 base
15073 20 -5 0 base
15074 20 -5 29.4607272078702 base
15077 20 -5 0 base
15079 20 -5 0 base
15081 20 -5 0 base
15082 20 -5 159.002444040927 base
15084 20 -5 151.733341709559 base
15086 20 -5 25.5514231699252 base
14001 20 -5 0 base
14002 20 -5 0 base
14003 20 -5 41.2859132256379 base
14005 20 -5 0 base
14008 20 -5 0 base
15070 21 -5 0 base
15072 21 -5 0 base
15073 21 -5 0 base
15074 21 -5 0 base
15077 21 -5 0 base
15079 21 -5 0 base
15081 21 -5 0 base
15082 21 -5 0 base
15084 21 -5 0 base
15086 21 -5 0 base
14001 21 -5 0 base
14002 21 -5 0 base
14003 21 -5 0 base
14005 21 -5 0 base
14008 21 -5 0 base
15070 22 -5 0 base
15072 22 -5 0 base
15073 22 -5 0 base
15074 22 -5 0 base
15077 22 -5 0 base
15079 22 -5 0 base
15081 22 -5 0 base
15082 22 -5 0 base
15084 22 -5 0 base
15086 22 -5 0 base
14001 22 -5 0 base
14002 22 -5 0 base
14003 22 -5 0 base
14005 22 -5 0 base
14008 22 -5 0 base
15070 23 -5 0 base
15072 23 -5 0 base
15073 23 -5 0 base
15074 23 -5 0 base
15077 23 -5 0 base
15079 23 -5 0 base
15081 23 -5 0 base
15082 23 -5 0 base
15084 23 -5 5.71972384646767 base
15086 23 -5 0 base
14001 23 -5 0 base
14002 23 -5 0 base
14003 23 -5 0 base
14005 23 -5 0 base
14008 23 -5 0 base
15070 24 -5 0 base
15072 24 -5 0 base
15073 24 -5 0 base
15074 24 -5 0 base
15077 24 -5 0 base
15079 24 -5 0 base
15081 24 -5 0 base
15082 24 -5 0 base
15084 24 -5 0 base
15086 24 -5 0 base
14001 24 -5 0 base
14002 24 -5 0 base
14003 24 -5 0 base
14005 24 -5 0 base
14008 24 -5 0 base
15070 25 -5 0 base
15072 25 -5 0 base
15073 25 -5 0 base
15074 25 -5 0 base
15077 25 -5 0 base
15079 25 -5 0 base
15081 25 -5 0 base
15082 25 -5 0 base
15084 25 -5 0 base
15086 25 -5 0 base
14001 25 -5 0 base
14002 25 -5 0 base
14003 25 -5 0 base
14005 25 -5 0 base
14008 25 -5 0 base
15070 26 -5 0 base
15072 26 -5 2.39951920919583 base
15073 26 -5 0 base
15074 26 -5 0 base
15077 26 -5 0 base
15079 26 -5 0 base
15081 26 -5 0 base
15082 26 -5 24.5770760737165 base
15084 26 -5 25.098438718666 base
15086 26 -5 0 base
14001 26 -5 0 base
14002 26 -5 0 base
14003 26 -5 0 base
14005 26 -5 0 base
14008 26 -5 0 base
15070 27 -5 0 base
15072 27 -5 0 base
15073 27 -5 0 base
15074 27 -5 0 base
15077 27 -5 0 base
15079 27 -5 0 base
15081 27 -5 0 base
15082 27 -5 0 base
15084 27 -5 0 base
15086 27 -5 0 base
14001 27 -5 0 base
14002 27 -5 0 base
14003 27 -5 0 base
14005 27 -5 0 base
14008 27 -5 0 base
15070 28 -5 0 base
15072 28 -5 23.0417472849909 base
15073 28 -5 0 base
15074 28 -5 0 base
15077 28 -5 0 base
15079 28 -5 0 base
15081 28 -5 0 base
15082 28 -5 60.0176084438511 base
15084 28 -5 55.556896502434 base
15086 28 -5 0 base
14001 28 -5 0 base
14002 28 -5 0 base
14003 28 -5 1.17231602071161 base
14005 28 -5 0 base
14008 28 -5 0 base
15070 29 -5 0 base
15072 29 -5 0 base
15073 29 -5 0 base
15074 29 -5 0 base
15077 29 -5 0 base
15079 29 -5 0 base
15081 29 -5 0 base
15082 29 -5 0 base
15084 29 -5 0 base
15086 29 -5 0 base
14001 29 -5 0 base
14002 29 -5 0 base
14003 29 -5 0 base
14005 29 -5 0 base
14008 29 -5 0 base
15070 30 -5 0 base
15072 30 -5 0 base
15073 30 -5 0 base
15074 30 -5 0 base
15077 30 -5 0 base
15079 30 -5 0 base
15081 30 -5 0 base
15082 30 -5 0 base
15084 30 -5 0 base
15086 30 -5 0 base
14001 30 -5 0 base
14002 30 -5 0 base
14003 30 -5 0 base
14005 30 -5 0 base
14008 30 -5 0 base
15070 31 -5 0 base
15072 31 -5 0 base
15073 31 -5 0 base
15074 31 -5 0 base
15077 31 -5 0 base
15079 31 -5 0 base
15081 31 -5 0 base
15082 31 -5 0 base
15084 31 -5 0 base
15086 31 -5 0 base
14001 31 -5 0 base
14002 31 -5 0 base
14003 31 -5 0 base
14005 31 -5 0 base
14008 31 -5 0 base
