speciesID lakeID variable value scenario
15042 1 -0.5 69.0658949370867 S0_1
15045 1 -0.5 0 S0_1
15048 1 -0.5 8.90069084264122 S0_1
15049 1 -0.5 11.6690646348805 S0_1
15051 1 -0.5 476.573908217433 S0_1
15053 1 -0.5 586.108353206079 S0_1
15054 1 -0.5 0 S0_1
15055 1 -0.5 0 S0_1
15056 1 -0.5 0 S0_1
15057 1 -0.5 0 S0_1
15059 1 -0.5 274.740462872119 S0_1
15060 1 -0.5 0 S0_1
15063 1 -0.5 24.8922038756171 S0_1
15066 1 -0.5 0 S0_1
15069 1 -0.5 306.796074605863 S0_1
15042 2 -0.5 0 S0_1
15045 2 -0.5 0 S0_1
15048 2 -0.5 0 S0_1
15049 2 -0.5 0 S0_1
15051 2 -0.5 0 S0_1
15053 2 -0.5 0 S0_1
15054 2 -0.5 0 S0_1
15055 2 -0.5 0 S0_1
15056 2 -0.5 0 S0_1
15057 2 -0.5 0 S0_1
15059 2 -0.5 0 S0_1
15060 2 -0.5 0 S0_1
15063 2 -0.5 0 S0_1
15066 2 -0.5 0 S0_1
15069 2 -0.5 0 S0_1
15042 3 -0.5 0 S0_1
15045 3 -0.5 0 S0_1
15048 3 -0.5 0 S0_1
15049 3 -0.5 0 S0_1
15051 3 -0.5 7.36816952847879 S0_1
15053 3 -0.5 0 S0_1
15054 3 -0.5 0 S0_1
15055 3 -0.5 0 S0_1
15056 3 -0.5 0 S0_1
15057 3 -0.5 0 S0_1
15059 3 -0.5 5.35160192434554 S0_1
15060 3 -0.5 0 S0_1
15063 3 -0.5 0 S0_1
15066 3 -0.5 0 S0_1
15069 3 -0.5 0 S0_1
15042 4 -0.5 37.4681335548443 S0_1
15045 4 -0.5 0 S0_1
15048 4 -0.5 1.64429277920382 S0_1
15049 4 -0.5 0 S0_1
15051 4 -0.5 163.328434633259 S0_1
15053 4 -0.5 207.836031273341 S0_1
15054 4 -0.5 0 S0_1
15055 4 -0.5 0 S0_1
15056 4 -0.5 0 S0_1
15057 4 -0.5 0 S0_1
15059 4 -0.5 176.192009171553 S0_1
15060 4 -0.5 0 S0_1
15063 4 -0.5 3.66511440697914 S0_1
15066 4 -0.5 0 S0_1
15069 4 -0.5 141.972543231823 S0_1
15042 5 -0.5 0 S0_1
15045 5 -0.5 0 S0_1
15048 5 -0.5 0 S0_1
15049 5 -0.5 0 S0_1
15051 5 -0.5 0 S0_1
15053 5 -0.5 0 S0_1
15054 5 -0.5 0 S0_1
15055 5 -0.5 0 S0_1
15056 5 -0.5 0 S0_1
15057 5 -0.5 0 S0_1
15059 5 -0.5 0 S0_1
15060 5 -0.5 0 S0_1
15063 5 -0.5 0 S0_1
15066 5 -0.5 0 S0_1
15069 5 -0.5 0 S0_1
15042 6 -0.5 48.7785902874899 S0_1
15045 6 -0.5 0 S0_1
15048 6 -0.5 9.05218995862363 S0_1
15049 6 -0.5 0 S0_1
15051 6 -0.5 142.319628909074 S0_1
15053 6 -0.5 161.312281024725 S0_1
15054 6 -0.5 0 S0_1
15055 6 -0.5 0 S0_1
15056 6 -0.5 0 S0_1
15057 6 -0.5 0 S0_1
15059 6 -0.5 157.497649589766 S0_1
15060 6 -0.5 0 S0_1
15063 6 -0.5 5.33679026757338 S0_1
15066 6 -0.5 0 S0_1
15069 6 -0.5 108.545073750337 S0_1
15042 7 -0.5 0 S0_1
15045 7 -0.5 0 S0_1
15048 7 -0.5 0 S0_1
15049 7 -0.5 0 S0_1
15051 7 -0.5 0 S0_1
15053 7 -0.5 0 S0_1
15054 7 -0.5 0 S0_1
15055 7 -0.5 0 S0_1
15056 7 -0.5 0 S0_1
15057 7 -0.5 0 S0_1
15059 7 -0.5 0 S0_1
15060 7 -0.5 0 S0_1
15063 7 -0.5 0 S0_1
15066 7 -0.5 0 S0_1
15069 7 -0.5 0 S0_1
15042 8 -0.5 61.9430896686779 S0_1
15045 8 -0.5 0 S0_1
15048 8 -0.5 0 S0_1
15049 8 -0.5 0 S0_1
15051 8 -0.5 292.281320126553 S0_1
15053 8 -0.5 391.804483192129 S0_1
15054 8 -0.5 0 S0_1
15055 8 -0.5 0 S0_1
15056 8 -0.5 0 S0_1
15057 8 -0.5 0 S0_1
15059 8 -0.5 231.630551237351 S0_1
15060 8 -0.5 0 S0_1
15063 8 -0.5 11.8320571824868 S0_1
15066 8 -0.5 0 S0_1
15069 8 -0.5 245.880251062816 S0_1
15042 9 -0.5 31.1824509078 S0_1
15045 9 -0.5 0 S0_1
15048 9 -0.5 2.64655144394258 S0_1
15049 9 -0.5 0 S0_1
15051 9 -0.5 125.059560863932 S0_1
15053 9 -0.5 144.746795828773 S0_1
15054 9 -0.5 0 S0_1
15055 9 -0.5 0 S0_1
15056 9 -0.5 0 S0_1
15057 9 -0.5 0 S0_1
15059 9 -0.5 143.588662709997 S0_1
15060 9 -0.5 0 S0_1
15063 9 -0.5 2.41415035237334 S0_1
15066 9 -0.5 0 S0_1
15069 9 -0.5 93.5407372446857 S0_1
15042 10 -0.5 72.8477094711738 S0_1
15045 10 -0.5 0 S0_1
15048 10 -0.5 7.28822374748191 S0_1
15049 10 -0.5 0 S0_1
15051 10 -0.5 297.358534517787 S0_1
15053 10 -0.5 394.933736019896 S0_1
15054 10 -0.5 0 S0_1
15055 10 -0.5 0 S0_1
15056 10 -0.5 0 S0_1
15057 10 -0.5 0 S0_1
15059 10 -0.5 248.166766327976 S0_1
15060 10 -0.5 0 S0_1
15063 10 -0.5 20.5829067631756 S0_1
15066 10 -0.5 0 S0_1
15069 10 -0.5 254.789305502051 S0_1
15042 11 -0.5 25.6335109060851 S0_1
15045 11 -0.5 0 S0_1
15048 11 -0.5 0 S0_1
15049 11 -0.5 0 S0_1
15051 11 -0.5 391.49345016657 S0_1
15053 11 -0.5 511.238951711364 S0_1
15054 11 -0.5 0 S0_1
15055 11 -0.5 0 S0_1
15056 11 -0.5 0 S0_1
15057 11 -0.5 0 S0_1
15059 11 -0.5 225.988129473083 S0_1
15060 11 -0.5 0 S0_1
15063 11 -0.5 3.43920818523944 S0_1
15066 11 -0.5 0 S0_1
15069 11 -0.5 253.00354499026 S0_1
15042 12 -0.5 14.9730248086355 S0_1
15045 12 -0.5 0 S0_1
15048 12 -0.5 0 S0_1
15049 12 -0.5 0 S0_1
15051 12 -0.5 374.468991679252 S0_1
15053 12 -0.5 467.879402753551 S0_1
15054 12 -0.5 0 S0_1
15055 12 -0.5 0 S0_1
15056 12 -0.5 0 S0_1
15057 12 -0.5 0 S0_1
15059 12 -0.5 197.194049276233 S0_1
15060 12 -0.5 0 S0_1
15063 12 -0.5 1.42485353372887 S0_1
15066 12 -0.5 0 S0_1
15069 12 -0.5 224.901367268309 S0_1
15042 13 -0.5 0 S0_1
15045 13 -0.5 0 S0_1
15048 13 -0.5 0 S0_1
15049 13 -0.5 0 S0_1
15051 13 -0.5 4.99338284348602 S0_1
15053 13 -0.5 4.35612719992024 S0_1
15054 13 -0.5 0 S0_1
15055 13 -0.5 0 S0_1
15056 13 -0.5 0 S0_1
15057 13 -0.5 0 S0_1
15059 13 -0.5 17.5122583954038 S0_1
15060 13 -0.5 0 S0_1
15063 13 -0.5 0 S0_1
15066 13 -0.5 0 S0_1
15069 13 -0.5 0 S0_1
15042 14 -0.5 0 S0_1
15045 14 -0.5 0 S0_1
15048 14 -0.5 0 S0_1
15049 14 -0.5 0 S0_1
15051 14 -0.5 0 S0_1
15053 14 -0.5 0 S0_1
15054 14 -0.5 0 S0_1
15055 14 -0.5 0 S0_1
15056 14 -0.5 0 S0_1
15057 14 -0.5 0 S0_1
15059 14 -0.5 0 S0_1
15060 14 -0.5 0 S0_1
15063 14 -0.5 0 S0_1
15066 14 -0.5 0 S0_1
15069 14 -0.5 0 S0_1
15042 15 -0.5 107.104093515325 S0_1
15045 15 -0.5 0 S0_1
15048 15 -0.5 32.0579362441521 S0_1
15049 15 -0.5 5.33633262475548 S0_1
15051 15 -0.5 336.658526399243 S0_1
15053 15 -0.5 432.832520712358 S0_1
15054 15 -0.5 0 S0_1
15055 15 -0.5 0 S0_1
15056 15 -0.5 0 S0_1
15057 15 -0.5 0 S0_1
15059 15 -0.5 278.918447257617 S0_1
15060 15 -0.5 0 S0_1
15063 15 -0.5 51.3781341905758 S0_1
15066 15 -0.5 0 S0_1
15069 15 -0.5 288.042718481464 S0_1
15042 16 -0.5 81.1547776048837 S0_1
15045 16 -0.5 0 S0_1
15048 16 -0.5 3.83473392207504 S0_1
15049 16 -0.5 10.6617846297665 S0_1
15051 16 -0.5 401.127844740601 S0_1
15053 16 -0.5 512.524941776575 S0_1
15054 16 -0.5 0 S0_1
15055 16 -0.5 0 S0_1
15056 16 -0.5 0 S0_1
15057 16 -0.5 0 S0_1
15059 16 -0.5 264.433340438033 S0_1
15060 16 -0.5 0 S0_1
15063 16 -0.5 28.4345990752022 S0_1
15066 16 -0.5 0 S0_1
15069 16 -0.5 293.982199279045 S0_1
15042 17 -0.5 6.85943325255068 S0_1
15045 17 -0.5 0 S0_1
15048 17 -0.5 0 S0_1
15049 17 -0.5 0 S0_1
15051 17 -0.5 57.7727564796872 S0_1
15053 17 -0.5 51.7676347424133 S0_1
15054 17 -0.5 0 S0_1
15055 17 -0.5 0 S0_1
15056 17 -0.5 0 S0_1
15057 17 -0.5 0 S0_1
15059 17 -0.5 75.6630509964888 S0_1
15060 17 -0.5 0 S0_1
15063 17 -0.5 0 S0_1
15066 17 -0.5 0 S0_1
15069 17 -0.5 7.23978818257948 S0_1
15042 18 -0.5 41.3370506178306 S0_1
15045 18 -0.5 0 S0_1
15048 18 -0.5 0 S0_1
15049 18 -0.5 1.68024420635461 S0_1
15051 18 -0.5 404.133234643277 S0_1
15053 18 -0.5 506.437940606341 S0_1
15054 18 -0.5 0 S0_1
15055 18 -0.5 0 S0_1
15056 18 -0.5 0 S0_1
15057 18 -0.5 0 S0_1
15059 18 -0.5 231.489948089464 S0_1
15060 18 -0.5 0 S0_1
15063 18 -0.5 6.73139011556814 S0_1
15066 18 -0.5 0 S0_1
15069 18 -0.5 261.445749186734 S0_1
15042 19 -0.5 67.5420989118535 S0_1
15045 19 -0.5 0 S0_1
15048 19 -0.5 4.75137734696524 S0_1
15049 19 -0.5 0 S0_1
15051 19 -0.5 258.896300754234 S0_1
15053 19 -0.5 341.919128701837 S0_1
15054 19 -0.5 0 S0_1
15055 19 -0.5 0 S0_1
15056 19 -0.5 0 S0_1
15057 19 -0.5 0 S0_1
15059 19 -0.5 232.148293547466 S0_1
15060 19 -0.5 0 S0_1
15063 19 -0.5 15.396339709416 S0_1
15066 19 -0.5 0 S0_1
15069 19 -0.5 229.008109760513 S0_1
15042 20 -0.5 93.9851036896242 S0_1
15045 20 -0.5 0 S0_1
15048 20 -0.5 11.8754598085804 S0_1
15049 20 -0.5 12.7163523926719 S0_1
15051 20 -0.5 377.689050841232 S0_1
15053 20 -0.5 488.497792144995 S0_1
15054 20 -0.5 0 S0_1
15055 20 -0.5 0 S0_1
15056 20 -0.5 0 S0_1
15057 20 -0.5 0 S0_1
15059 20 -0.5 272.538976371515 S0_1
15060 20 -0.5 0 S0_1
15063 20 -0.5 38.7837273210572 S0_1
15066 20 -0.5 0 S0_1
15069 20 -0.5 297.342974364087 S0_1
15042 21 -0.5 67.0684494540521 S0_1
15045 21 -0.5 0 S0_1
15048 21 -0.5 8.36028500772888 S0_1
15049 21 -0.5 0 S0_1
15051 21 -0.5 264.47524203699 S0_1
15053 21 -0.5 349.745673816348 S0_1
15054 21 -0.5 0 S0_1
15055 21 -0.5 0 S0_1
15056 21 -0.5 0 S0_1
15057 21 -0.5 0 S0_1
15059 21 -0.5 236.844933904273 S0_1
15060 21 -0.5 0 S0_1
15063 21 -0.5 16.4200662698053 S0_1
15066 21 -0.5 0 S0_1
15069 21 -0.5 232.581881131375 S0_1
15042 22 -0.5 87.0789895107873 S0_1
15045 22 -0.5 0 S0_1
15048 22 -0.5 21.2323085947363 S0_1
15049 22 -0.5 23.2665087912494 S0_1
15051 22 -0.5 478.229264799471 S0_1
15053 22 -0.5 592.695255794743 S0_1
15054 22 -0.5 0 S0_1
15055 22 -0.5 0 S0_1
15056 22 -0.5 0 S0_1
15057 22 -0.5 0 S0_1
15059 22 -0.5 290.080391837964 S0_1
15060 22 -0.5 0 S0_1
15063 22 -0.5 40.0240574860392 S0_1
15066 22 -0.5 0 S0_1
15069 22 -0.5 322.693571712136 S0_1
15042 23 -0.5 65.9133567702912 S0_1
15045 23 -0.5 0 S0_1
15048 23 -0.5 20.9200871694709 S0_1
15049 23 -0.5 0 S0_1
15051 23 -0.5 197.205918852808 S0_1
15053 23 -0.5 240.832772835039 S0_1
15054 23 -0.5 0 S0_1
15055 23 -0.5 0 S0_1
15056 23 -0.5 0 S0_1
15057 23 -0.5 0 S0_1
15059 23 -0.5 204.789746553102 S0_1
15060 23 -0.5 0 S0_1
15063 23 -0.5 14.1281424607249 S0_1
15066 23 -0.5 0 S0_1
15069 23 -0.5 170.389330644586 S0_1
15042 24 -0.5 76.5591685730879 S0_1
15045 24 -0.5 0 S0_1
15048 24 -0.5 15.12940650478 S0_1
15049 24 -0.5 1.11273528956116 S0_1
15051 24 -0.5 309.14856910984 S0_1
15053 24 -0.5 409.209707246562 S0_1
15054 24 -0.5 0 S0_1
15055 24 -0.5 0 S0_1
15056 24 -0.5 0 S0_1
15057 24 -0.5 0 S0_1
15059 24 -0.5 257.179650935156 S0_1
15060 24 -0.5 0 S0_1
15063 24 -0.5 25.00949594307 S0_1
15066 24 -0.5 0 S0_1
15069 24 -0.5 263.195065381508 S0_1
15042 25 -0.5 0 S0_1
15045 25 -0.5 0 S0_1
15048 25 -0.5 0 S0_1
15049 25 -0.5 0 S0_1
15051 25 -0.5 0 S0_1
15053 25 -0.5 0 S0_1
15054 25 -0.5 0 S0_1
15055 25 -0.5 0 S0_1
15056 25 -0.5 0 S0_1
15057 25 -0.5 0 S0_1
15059 25 -0.5 0 S0_1
15060 25 -0.5 0 S0_1
15063 25 -0.5 0 S0_1
15066 25 -0.5 0 S0_1
15069 25 -0.5 0 S0_1
15042 26 -0.5 88.045741485453 S0_1
15045 26 -0.5 0 S0_1
15048 26 -0.5 14.5118635418582 S0_1
15049 26 -0.5 18.3543606385891 S0_1
15051 26 -0.5 429.56576249364 S0_1
15053 26 -0.5 546.698531635176 S0_1
15054 26 -0.5 0 S0_1
15055 26 -0.5 0 S0_1
15056 26 -0.5 0 S0_1
15057 26 -0.5 0 S0_1
15059 26 -0.5 281.010254873156 S0_1
15060 26 -0.5 0 S0_1
15063 26 -0.5 37.7401457479386 S0_1
15066 26 -0.5 0 S0_1
15069 26 -0.5 310.950538230323 S0_1
15042 27 -0.5 0 S0_1
15045 27 -0.5 0 S0_1
15048 27 -0.5 0 S0_1
15049 27 -0.5 0 S0_1
15051 27 -0.5 0 S0_1
15053 27 -0.5 0 S0_1
15054 27 -0.5 0 S0_1
15055 27 -0.5 0 S0_1
15056 27 -0.5 0 S0_1
15057 27 -0.5 0 S0_1
15059 27 -0.5 0 S0_1
15060 27 -0.5 0 S0_1
15063 27 -0.5 0 S0_1
15066 27 -0.5 0 S0_1
15069 27 -0.5 0 S0_1
15042 28 -0.5 98.1940908180595 S0_1
15045 28 -0.5 0 S0_1
15048 28 -0.5 26.0353006197813 S0_1
15049 28 -0.5 31.59550153765 S0_1
15051 28 -0.5 484.61009080044 S0_1
15053 28 -0.5 597.3349014302 S0_1
15054 28 -0.5 0 S0_1
15055 28 -0.5 0 S0_1
15056 28 -0.5 0 S0_1
15057 28 -0.5 0 S0_1
15059 28 -0.5 296.906676979149 S0_1
15060 28 -0.5 0 S0_1
15063 28 -0.5 49.6993475068798 S0_1
15066 28 -0.5 0 S0_1
15069 28 -0.5 330.618937257727 S0_1
15042 29 -0.5 7.00184980941695 S0_1
15045 29 -0.5 0 S0_1
15048 29 -0.5 0 S0_1
15049 29 -0.5 0 S0_1
15051 29 -0.5 81.7906341348922 S0_1
15053 29 -0.5 101.911044783478 S0_1
15054 29 -0.5 0 S0_1
15055 29 -0.5 0 S0_1
15056 29 -0.5 0 S0_1
15057 29 -0.5 0 S0_1
15059 29 -0.5 104.717856196455 S0_1
15060 29 -0.5 0 S0_1
15063 29 -0.5 0 S0_1
15066 29 -0.5 0 S0_1
15069 29 -0.5 56.5474752126545 S0_1
15042 30 -0.5 0 S0_1
15045 30 -0.5 0 S0_1
15048 30 -0.5 0 S0_1
15049 30 -0.5 0 S0_1
15051 30 -0.5 0 S0_1
15053 30 -0.5 0 S0_1
15054 30 -0.5 0 S0_1
15055 30 -0.5 0 S0_1
15056 30 -0.5 0 S0_1
15057 30 -0.5 0 S0_1
15059 30 -0.5 0 S0_1
15060 30 -0.5 0 S0_1
15063 30 -0.5 0 S0_1
15066 30 -0.5 0 S0_1
15069 30 -0.5 0 S0_1
15042 31 -0.5 0 S0_1
15045 31 -0.5 0 S0_1
15048 31 -0.5 12.5403772146771 S0_1
15049 31 -0.5 0 S0_1
15051 31 -0.5 13.636312179943 S0_1
15053 31 -0.5 1.78667486932998 S0_1
15054 31 -0.5 0 S0_1
15055 31 -0.5 0 S0_1
15056 31 -0.5 0 S0_1
15057 31 -0.5 0 S0_1
15059 31 -0.5 8.26495110220673 S0_1
15060 31 -0.5 0 S0_1
15063 31 -0.5 0 S0_1
15066 31 -0.5 0 S0_1
15069 31 -0.5 0 S0_1
15042 1 -1.5 0 S0_1
15045 1 -1.5 0 S0_1
15048 1 -1.5 243.394213979793 S0_1
15049 1 -1.5 0 S0_1
15051 1 -1.5 155.88243915442 S0_1
15053 1 -1.5 214.525650063182 S0_1
15054 1 -1.5 0 S0_1
15055 1 -1.5 0 S0_1
15056 1 -1.5 0 S0_1
15057 1 -1.5 6.63633143127391 S0_1
15059 1 -1.5 115.310756287504 S0_1
15060 1 -1.5 56.5560274596765 S0_1
15063 1 -1.5 0 S0_1
15066 1 -1.5 51.1647898153208 S0_1
15069 1 -1.5 108.68089484954 S0_1
15042 2 -1.5 0 S0_1
15045 2 -1.5 0 S0_1
15048 2 -1.5 353.524003176597 S0_1
15049 2 -1.5 0 S0_1
15051 2 -1.5 0 S0_1
15053 2 -1.5 0 S0_1
15054 2 -1.5 0 S0_1
15055 2 -1.5 0 S0_1
15056 2 -1.5 0 S0_1
15057 2 -1.5 0 S0_1
15059 2 -1.5 0 S0_1
15060 2 -1.5 0 S0_1
15063 2 -1.5 0 S0_1
15066 2 -1.5 0 S0_1
15069 2 -1.5 0 S0_1
15042 3 -1.5 0 S0_1
15045 3 -1.5 0 S0_1
15048 3 -1.5 388.584079498241 S0_1
15049 3 -1.5 0 S0_1
15051 3 -1.5 0 S0_1
15053 3 -1.5 0 S0_1
15054 3 -1.5 0 S0_1
15055 3 -1.5 0 S0_1
15056 3 -1.5 0 S0_1
15057 3 -1.5 0 S0_1
15059 3 -1.5 0 S0_1
15060 3 -1.5 0 S0_1
15063 3 -1.5 0 S0_1
15066 3 -1.5 0 S0_1
15069 3 -1.5 0 S0_1
15042 4 -1.5 0 S0_1
15045 4 -1.5 0 S0_1
15048 4 -1.5 304.790584914501 S0_1
15049 4 -1.5 0 S0_1
15051 4 -1.5 30.0857348324981 S0_1
15053 4 -1.5 49.4273315889478 S0_1
15054 4 -1.5 0 S0_1
15055 4 -1.5 0 S0_1
15056 4 -1.5 0 S0_1
15057 4 -1.5 7.67234677196826 S0_1
15059 4 -1.5 82.6360367824242 S0_1
15060 4 -1.5 0 S0_1
15063 4 -1.5 0 S0_1
15066 4 -1.5 23.6940158023146 S0_1
15069 4 -1.5 36.7752787771423 S0_1
15042 5 -1.5 0 S0_1
15045 5 -1.5 0 S0_1
15048 5 -1.5 0 S0_1
15049 5 -1.5 0 S0_1
15051 5 -1.5 0 S0_1
15053 5 -1.5 0 S0_1
15054 5 -1.5 0 S0_1
15055 5 -1.5 0 S0_1
15056 5 -1.5 0 S0_1
15057 5 -1.5 0 S0_1
15059 5 -1.5 0 S0_1
15060 5 -1.5 0 S0_1
15063 5 -1.5 0 S0_1
15066 5 -1.5 0 S0_1
15069 5 -1.5 0 S0_1
15042 6 -1.5 5.52997576477676 S0_1
15045 6 -1.5 26.0553189093246 S0_1
15048 6 -1.5 534.101939495489 S0_1
15049 6 -1.5 0 S0_1
15051 6 -1.5 93.4297976289971 S0_1
15053 6 -1.5 103.074678507699 S0_1
15054 6 -1.5 2.02782926467014 S0_1
15055 6 -1.5 0 S0_1
15056 6 -1.5 2.40073382622676 S0_1
15057 6 -1.5 78.3485282714717 S0_1
15059 6 -1.5 154.247076696731 S0_1
15060 6 -1.5 21.4600218470677 S0_1
15063 6 -1.5 0 S0_1
15066 6 -1.5 135.74173305211 S0_1
15069 6 -1.5 82.1937424888213 S0_1
15042 7 -1.5 0 S0_1
15045 7 -1.5 0 S0_1
15048 7 -1.5 363.264317650665 S0_1
15049 7 -1.5 0 S0_1
15051 7 -1.5 0 S0_1
15053 7 -1.5 0 S0_1
15054 7 -1.5 0 S0_1
15055 7 -1.5 0 S0_1
15056 7 -1.5 0 S0_1
15057 7 -1.5 0 S0_1
15059 7 -1.5 0 S0_1
15060 7 -1.5 0 S0_1
15063 7 -1.5 0 S0_1
15066 7 -1.5 0 S0_1
15069 7 -1.5 0 S0_1
15042 8 -1.5 0 S0_1
15045 8 -1.5 6.95476281435335 S0_1
15048 8 -1.5 377.011355499913 S0_1
15049 8 -1.5 0 S0_1
15051 8 -1.5 147.266607292907 S0_1
15053 8 -1.5 209.525450425221 S0_1
15054 8 -1.5 0 S0_1
15055 8 -1.5 0 S0_1
15056 8 -1.5 0 S0_1
15057 8 -1.5 38.6699884803393 S0_1
15059 8 -1.5 166.099959374598 S0_1
15060 8 -1.5 78.5737688502302 S0_1
15063 8 -1.5 0 S0_1
15066 8 -1.5 119.991539371135 S0_1
15069 8 -1.5 143.923463769169 S0_1
15042 9 -1.5 0 S0_1
15045 9 -1.5 1.66384047066924 S0_1
15048 9 -1.5 424.320300293296 S0_1
15049 9 -1.5 0 S0_1
15051 9 -1.5 38.6706147273694 S0_1
15053 9 -1.5 45.8835908129742 S0_1
15054 9 -1.5 0 S0_1
15055 9 -1.5 0 S0_1
15056 9 -1.5 0 S0_1
15057 9 -1.5 27.7906515196812 S0_1
15059 9 -1.5 98.6248039988437 S0_1
15060 9 -1.5 1.25542459781298 S0_1
15063 9 -1.5 0 S0_1
15066 9 -1.5 46.5776880898421 S0_1
15069 9 -1.5 31.7868203264119 S0_1
15042 10 -1.5 0 S0_1
15045 10 -1.5 7.81843878431723 S0_1
15048 10 -1.5 405.822997013506 S0_1
15049 10 -1.5 0 S0_1
15051 10 -1.5 138.905341706629 S0_1
15053 10 -1.5 194.556611219493 S0_1
15054 10 -1.5 0 S0_1
15055 10 -1.5 0 S0_1
15056 10 -1.5 0 S0_1
15057 10 -1.5 43.1394422176007 S0_1
15059 10 -1.5 168.362746183892 S0_1
15060 10 -1.5 74.1574912006485 S0_1
15063 10 -1.5 0 S0_1
15066 10 -1.5 124.680348186655 S0_1
15069 10 -1.5 139.558817380472 S0_1
15042 11 -1.5 0 S0_1
15045 11 -1.5 0 S0_1
15048 11 -1.5 51.2536480582666 S0_1
15049 11 -1.5 0 S0_1
15051 11 -1.5 20.1339137160714 S0_1
15053 11 -1.5 41.0653118752941 S0_1
15054 11 -1.5 0 S0_1
15055 11 -1.5 0 S0_1
15056 11 -1.5 0 S0_1
15057 11 -1.5 0 S0_1
15059 11 -1.5 10.1424751360794 S0_1
15060 11 -1.5 0 S0_1
15063 11 -1.5 0 S0_1
15066 11 -1.5 0 S0_1
15069 11 -1.5 6.54511438826764 S0_1
15042 12 -1.5 0 S0_1
15045 12 -1.5 0 S0_1
15048 12 -1.5 50.1361597460603 S0_1
15049 12 -1.5 0 S0_1
15051 12 -1.5 26.9048259994943 S0_1
15053 12 -1.5 43.7679340785808 S0_1
15054 12 -1.5 0 S0_1
15055 12 -1.5 0 S0_1
15056 12 -1.5 0 S0_1
15057 12 -1.5 0 S0_1
15059 12 -1.5 9.29553641212221 S0_1
15060 12 -1.5 0 S0_1
15063 12 -1.5 0 S0_1
15066 12 -1.5 0 S0_1
15069 12 -1.5 6.28002351084437 S0_1
15042 13 -1.5 0 S0_1
15045 13 -1.5 0 S0_1
15048 13 -1.5 271.191258908739 S0_1
15049 13 -1.5 0 S0_1
15051 13 -1.5 0 S0_1
15053 13 -1.5 0 S0_1
15054 13 -1.5 0 S0_1
15055 13 -1.5 0 S0_1
15056 13 -1.5 0 S0_1
15057 13 -1.5 0 S0_1
15059 13 -1.5 6.29188226168877 S0_1
15060 13 -1.5 0 S0_1
15063 13 -1.5 0 S0_1
15066 13 -1.5 0 S0_1
15069 13 -1.5 0 S0_1
15042 14 -1.5 0 S0_1
15045 14 -1.5 0 S0_1
15048 14 -1.5 486.824823605226 S0_1
15049 14 -1.5 0 S0_1
15051 14 -1.5 0 S0_1
15053 14 -1.5 0 S0_1
15054 14 -1.5 0 S0_1
15055 14 -1.5 0 S0_1
15056 14 -1.5 0 S0_1
15057 14 -1.5 0 S0_1
15059 14 -1.5 0 S0_1
15060 14 -1.5 0 S0_1
15063 14 -1.5 0 S0_1
15066 14 -1.5 0 S0_1
15069 14 -1.5 0 S0_1
15042 15 -1.5 52.3792809391329 S0_1
15045 15 -1.5 103.874201750607 S0_1
15048 15 -1.5 605.418127977564 S0_1
15049 15 -1.5 3.67515804326059 S0_1
15051 15 -1.5 271.139831405281 S0_1
15053 15 -1.5 347.095897429373 S0_1
15054 15 -1.5 7.88593353930343 S0_1
15055 15 -1.5 3.78824733400426 S0_1
15056 15 -1.5 32.1353003875719 S0_1
15057 15 -1.5 130.430085102646 S0_1
15059 15 -1.5 291.115514723944 S0_1
15060 15 -1.5 192.963519365208 S0_1
15063 15 -1.5 10.9570522369824 S0_1
15066 15 -1.5 284.858455150856 S0_1
15069 15 -1.5 256.764469254569 S0_1
15042 16 -1.5 4.22774425456008 S0_1
15045 16 -1.5 31.0391677314025 S0_1
15048 16 -1.5 445.094416329911 S0_1
15049 16 -1.5 0 S0_1
15051 16 -1.5 252.816792812541 S0_1
15053 16 -1.5 341.884167543152 S0_1
15054 16 -1.5 0 S0_1
15055 16 -1.5 0 S0_1
15056 16 -1.5 1.26076684623401 S0_1
15057 16 -1.5 65.1868664383863 S0_1
15059 16 -1.5 218.872350510191 S0_1
15060 16 -1.5 141.57315875625 S0_1
15063 16 -1.5 0 S0_1
15066 16 -1.5 170.297062509513 S0_1
15069 16 -1.5 201.814004499196 S0_1
15042 17 -1.5 0 S0_1
15045 17 -1.5 3.92042500958628 S0_1
15048 17 -1.5 477.42236696557 S0_1
15049 17 -1.5 0 S0_1
15051 17 -1.5 26.7915689575296 S0_1
15053 17 -1.5 16.1113460827205 S0_1
15054 17 -1.5 1.15306835264962 S0_1
15055 17 -1.5 0 S0_1
15056 17 -1.5 0 S0_1
15057 17 -1.5 34.4666341174631 S0_1
15059 17 -1.5 87.852463115988 S0_1
15060 17 -1.5 0 S0_1
15063 17 -1.5 0 S0_1
15066 17 -1.5 25.1253702719865 S0_1
15069 17 -1.5 4.86784133251178 S0_1
15042 18 -1.5 0 S0_1
15045 18 -1.5 0 S0_1
15048 18 -1.5 157.122713662341 S0_1
15049 18 -1.5 0 S0_1
15051 18 -1.5 105.119469050602 S0_1
15053 18 -1.5 134.675736710929 S0_1
15054 18 -1.5 0 S0_1
15055 18 -1.5 0 S0_1
15056 18 -1.5 0 S0_1
15057 18 -1.5 0 S0_1
15059 18 -1.5 76.7275191215791 S0_1
15060 18 -1.5 14.5576424904596 S0_1
15063 18 -1.5 0 S0_1
15066 18 -1.5 7.93690300657866 S0_1
15069 18 -1.5 70.8375802989087 S0_1
15042 19 -1.5 0 S0_1
15045 19 -1.5 7.23493636537007 S0_1
15048 19 -1.5 410.416115873286 S0_1
15049 19 -1.5 0 S0_1
15051 19 -1.5 121.883093949697 S0_1
15053 19 -1.5 166.214315757548 S0_1
15054 19 -1.5 0 S0_1
15055 19 -1.5 0 S0_1
15056 19 -1.5 0 S0_1
15057 19 -1.5 44.1800508907607 S0_1
15059 19 -1.5 161.338680356848 S0_1
15060 19 -1.5 59.8720715338674 S0_1
15063 19 -1.5 0 S0_1
15066 19 -1.5 121.863664823674 S0_1
15069 19 -1.5 127.758685894902 S0_1
15042 20 -1.5 22.9809134587495 S0_1
15045 20 -1.5 71.7768455419597 S0_1
15048 20 -1.5 525.553988174675 S0_1
15049 20 -1.5 3.609745348496 S0_1
15051 20 -1.5 279.761064485922 S0_1
15053 20 -1.5 369.182437310914 S0_1
15054 20 -1.5 1.39678064298303 S0_1
15055 20 -1.5 0 S0_1
15056 20 -1.5 10.3572336213684 S0_1
15057 20 -1.5 100.050755915154 S0_1
15059 20 -1.5 263.400452305465 S0_1
15060 20 -1.5 179.470848139645 S0_1
15063 20 -1.5 2.66579124465727 S0_1
15066 20 -1.5 233.383807035756 S0_1
15069 20 -1.5 242.760770308951 S0_1
15042 21 -1.5 0 S0_1
15045 21 -1.5 3.11912764231122 S0_1
15048 21 -1.5 378.445475410723 S0_1
15049 21 -1.5 0 S0_1
15051 21 -1.5 105.413106267343 S0_1
15053 21 -1.5 145.260110700979 S0_1
15054 21 -1.5 0 S0_1
15055 21 -1.5 0 S0_1
15056 21 -1.5 0 S0_1
15057 21 -1.5 30.8167876710106 S0_1
15059 21 -1.5 141.75557703567 S0_1
15060 21 -1.5 42.36907223821 S0_1
15063 21 -1.5 0 S0_1
15066 21 -1.5 98.6232302795341 S0_1
15069 21 -1.5 111.293243464474 S0_1
15042 22 -1.5 1.03825543046172 S0_1
15045 22 -1.5 12.4022374677554 S0_1
15048 22 -1.5 409.855265030172 S0_1
15049 22 -1.5 0 S0_1
15051 22 -1.5 245.020389386188 S0_1
15053 22 -1.5 340.046946326749 S0_1
15054 22 -1.5 0 S0_1
15055 22 -1.5 0 S0_1
15056 22 -1.5 0 S0_1
15057 22 -1.5 42.8389439176764 S0_1
15059 22 -1.5 190.279386585665 S0_1
15060 22 -1.5 118.10716454797 S0_1
15063 22 -1.5 0 S0_1
15066 22 -1.5 133.554590907809 S0_1
15069 22 -1.5 172.60555292044 S0_1
15042 23 -1.5 1.49142985502091 S0_1
15045 23 -1.5 9.95762896908004 S0_1
15048 23 -1.5 480.514908454652 S0_1
15049 23 -1.5 0 S0_1
15051 23 -1.5 93.0397876205064 S0_1
15053 23 -1.5 115.406937010737 S0_1
15054 23 -1.5 0 S0_1
15055 23 -1.5 0 S0_1
15056 23 -1.5 0 S0_1
15057 23 -1.5 55.3206214464818 S0_1
15059 23 -1.5 149.288599323051 S0_1
15060 23 -1.5 28.7794769136842 S0_1
15063 23 -1.5 0 S0_1
15066 23 -1.5 121.863009288426 S0_1
15069 23 -1.5 95.497550778803 S0_1
15042 24 -1.5 0 S0_1
15045 24 -1.5 6.38799192434617 S0_1
15048 24 -1.5 404.023225812232 S0_1
15049 24 -1.5 0 S0_1
15051 24 -1.5 134.683544834505 S0_1
15053 24 -1.5 188.05457236056 S0_1
15054 24 -1.5 0 S0_1
15055 24 -1.5 0 S0_1
15056 24 -1.5 0 S0_1
15057 24 -1.5 39.5111638390214 S0_1
15059 24 -1.5 162.965930706787 S0_1
15060 24 -1.5 70.0632233384366 S0_1
15063 24 -1.5 0 S0_1
15066 24 -1.5 119.54047103077 S0_1
15069 24 -1.5 134.776660530486 S0_1
15042 25 -1.5 0 S0_1
15045 25 -1.5 0 S0_1
15048 25 -1.5 483.767812096332 S0_1
15049 25 -1.5 0 S0_1
15051 25 -1.5 0 S0_1
15053 25 -1.5 0 S0_1
15054 25 -1.5 0 S0_1
15055 25 -1.5 0 S0_1
15056 25 -1.5 0 S0_1
15057 25 -1.5 0 S0_1
15059 25 -1.5 0 S0_1
15060 25 -1.5 0 S0_1
15063 25 -1.5 0 S0_1
15066 25 -1.5 0 S0_1
15069 25 -1.5 0 S0_1
15042 26 -1.5 3.42795333206906 S0_1
15045 26 -1.5 28.4138449764907 S0_1
15048 26 -1.5 453.776532911115 S0_1
15049 26 -1.5 0 S0_1
15051 26 -1.5 254.574746411082 S0_1
15053 26 -1.5 350.191272428137 S0_1
15054 26 -1.5 0 S0_1
15055 26 -1.5 0 S0_1
15056 26 -1.5 1.1123606969138 S0_1
15057 26 -1.5 62.5672841998899 S0_1
15059 26 -1.5 218.916389118297 S0_1
15060 26 -1.5 138.704040611999 S0_1
15063 26 -1.5 0 S0_1
15066 26 -1.5 166.250816205253 S0_1
15069 26 -1.5 199.33801841147 S0_1
15042 27 -1.5 0 S0_1
15045 27 -1.5 0 S0_1
15048 27 -1.5 275.42271939493 S0_1
15049 27 -1.5 0 S0_1
15051 27 -1.5 0 S0_1
15053 27 -1.5 0 S0_1
15054 27 -1.5 0 S0_1
15055 27 -1.5 0 S0_1
15056 27 -1.5 0 S0_1
15057 27 -1.5 0 S0_1
15059 27 -1.5 0 S0_1
15060 27 -1.5 0 S0_1
15063 27 -1.5 0 S0_1
15066 27 -1.5 0 S0_1
15069 27 -1.5 0 S0_1
15042 28 -1.5 8.35634676502549 S0_1
15045 28 -1.5 48.5741052738092 S0_1
15048 28 -1.5 500.269046150559 S0_1
15049 28 -1.5 2.41418623076323 S0_1
15051 28 -1.5 319.277679683482 S0_1
15053 28 -1.5 414.877975180845 S0_1
15054 28 -1.5 0 S0_1
15055 28 -1.5 0 S0_1
15056 28 -1.5 3.44161925563829 S0_1
15057 28 -1.5 77.6656617273528 S0_1
15059 28 -1.5 247.579755933493 S0_1
15060 28 -1.5 169.169966274286 S0_1
15063 28 -1.5 1.01384226928068 S0_1
15066 28 -1.5 196.14185199662 S0_1
15069 28 -1.5 229.456104791521 S0_1
15042 29 -1.5 0 S0_1
15045 29 -1.5 0 S0_1
15048 29 -1.5 236.379113402497 S0_1
15049 29 -1.5 0 S0_1
15051 29 -1.5 1.35456242511015 S0_1
15053 29 -1.5 2.26072367949667 S0_1
15054 29 -1.5 0 S0_1
15055 29 -1.5 0 S0_1
15056 29 -1.5 0 S0_1
15057 29 -1.5 1.02288054725729 S0_1
15059 29 -1.5 33.4410295882547 S0_1
15060 29 -1.5 0 S0_1
15063 29 -1.5 0 S0_1
15066 29 -1.5 1.17902772127598 S0_1
15069 29 -1.5 1.37869529745225 S0_1
15042 30 -1.5 0 S0_1
15045 30 -1.5 0 S0_1
15048 30 -1.5 459.198290071623 S0_1
15049 30 -1.5 0 S0_1
15051 30 -1.5 0 S0_1
15053 30 -1.5 0 S0_1
15054 30 -1.5 0 S0_1
15055 30 -1.5 0 S0_1
15056 30 -1.5 0 S0_1
15057 30 -1.5 0 S0_1
15059 30 -1.5 0 S0_1
15060 30 -1.5 0 S0_1
15063 30 -1.5 0 S0_1
15066 30 -1.5 0 S0_1
15069 30 -1.5 0 S0_1
15042 31 -1.5 0 S0_1
15045 31 -1.5 0 S0_1
15048 31 -1.5 499.780145638465 S0_1
15049 31 -1.5 0 S0_1
15051 31 -1.5 0 S0_1
15053 31 -1.5 0 S0_1
15054 31 -1.5 0 S0_1
15055 31 -1.5 0 S0_1
15056 31 -1.5 0 S0_1
15057 31 -1.5 0 S0_1
15059 31 -1.5 2.52715813056871 S0_1
15060 31 -1.5 0 S0_1
15063 31 -1.5 0 S0_1
15066 31 -1.5 0 S0_1
15069 31 -1.5 0 S0_1
15042 1 -3 0 S0_1
15045 1 -3 0 S0_1
15048 1 -3 0 S0_1
15049 1 -3 0 S0_1
15051 1 -3 0 S0_1
15053 1 -3 0 S0_1
15054 1 -3 0 S0_1
15055 1 -3 0 S0_1
15056 1 -3 0 S0_1
15057 1 -3 0 S0_1
15059 1 -3 0 S0_1
15060 1 -3 0 S0_1
15063 1 -3 0 S0_1
15066 1 -3 0 S0_1
15069 1 -3 0 S0_1
15042 2 -3 0 S0_1
15045 2 -3 0 S0_1
15048 2 -3 272.708558418884 S0_1
15049 2 -3 0 S0_1
15051 2 -3 0 S0_1
15053 2 -3 0 S0_1
15054 2 -3 0 S0_1
15055 2 -3 0 S0_1
15056 2 -3 0 S0_1
15057 2 -3 0 S0_1
15059 2 -3 0 S0_1
15060 2 -3 0 S0_1
15063 2 -3 0 S0_1
15066 2 -3 0 S0_1
15069 2 -3 0 S0_1
15042 3 -3 0 S0_1
15045 3 -3 0 S0_1
15048 3 -3 77.7381618117103 S0_1
15049 3 -3 0 S0_1
15051 3 -3 0 S0_1
15053 3 -3 0 S0_1
15054 3 -3 0 S0_1
15055 3 -3 0 S0_1
15056 3 -3 0 S0_1
15057 3 -3 0 S0_1
15059 3 -3 0 S0_1
15060 3 -3 0 S0_1
15063 3 -3 0 S0_1
15066 3 -3 0 S0_1
15069 3 -3 0 S0_1
15042 4 -3 0 S0_1
15045 4 -3 0 S0_1
15048 4 -3 2.80257845704987 S0_1
15049 4 -3 0 S0_1
15051 4 -3 0 S0_1
15053 4 -3 0 S0_1
15054 4 -3 0 S0_1
15055 4 -3 0 S0_1
15056 4 -3 0 S0_1
15057 4 -3 0 S0_1
15059 4 -3 0 S0_1
15060 4 -3 0 S0_1
15063 4 -3 0 S0_1
15066 4 -3 0 S0_1
15069 4 -3 0 S0_1
15042 5 -3 0 S0_1
15045 5 -3 0 S0_1
15048 5 -3 0 S0_1
15049 5 -3 0 S0_1
15051 5 -3 0 S0_1
15053 5 -3 0 S0_1
15054 5 -3 0 S0_1
15055 5 -3 0 S0_1
15056 5 -3 0 S0_1
15057 5 -3 0 S0_1
15059 5 -3 0 S0_1
15060 5 -3 0 S0_1
15063 5 -3 0 S0_1
15066 5 -3 0 S0_1
15069 5 -3 0 S0_1
15042 6 -3 0 S0_1
15045 6 -3 0 S0_1
15048 6 -3 297.349848207297 S0_1
15049 6 -3 0 S0_1
15051 6 -3 11.6830164414366 S0_1
15053 6 -3 15.0783825310277 S0_1
15054 6 -3 0 S0_1
15055 6 -3 0 S0_1
15056 6 -3 0 S0_1
15057 6 -3 9.27392151067776 S0_1
15059 6 -3 65.6230471364737 S0_1
15060 6 -3 0 S0_1
15063 6 -3 0 S0_1
15066 6 -3 10.1686223089214 S0_1
15069 6 -3 9.34065379505706 S0_1
15042 7 -3 0 S0_1
15045 7 -3 0 S0_1
15048 7 -3 288.508457486305 S0_1
15049 7 -3 0 S0_1
15051 7 -3 0 S0_1
15053 7 -3 0 S0_1
15054 7 -3 0 S0_1
15055 7 -3 0 S0_1
15056 7 -3 0 S0_1
15057 7 -3 0 S0_1
15059 7 -3 0 S0_1
15060 7 -3 0 S0_1
15063 7 -3 0 S0_1
15066 7 -3 0 S0_1
15069 7 -3 0 S0_1
15042 8 -3 0 S0_1
15045 8 -3 0 S0_1
15048 8 -3 68.2689672501461 S0_1
15049 8 -3 0 S0_1
15051 8 -3 2.43235227168117 S0_1
15053 8 -3 13.8286101666011 S0_1
15054 8 -3 0 S0_1
15055 8 -3 0 S0_1
15056 8 -3 0 S0_1
15057 8 -3 0 S0_1
15059 8 -3 8.33883550754772 S0_1
15060 8 -3 0 S0_1
15063 8 -3 0 S0_1
15066 8 -3 0 S0_1
15069 8 -3 3.70917044240528 S0_1
15042 9 -3 0 S0_1
15045 9 -3 0 S0_1
15048 9 -3 101.306903466435 S0_1
15049 9 -3 0 S0_1
15051 9 -3 0 S0_1
15053 9 -3 0 S0_1
15054 9 -3 0 S0_1
15055 9 -3 0 S0_1
15056 9 -3 0 S0_1
15057 9 -3 0 S0_1
15059 9 -3 0 S0_1
15060 9 -3 0 S0_1
15063 9 -3 0 S0_1
15066 9 -3 0 S0_1
15069 9 -3 0 S0_1
15042 10 -3 0 S0_1
15045 10 -3 0 S0_1
15048 10 -3 57.4059907648291 S0_1
15049 10 -3 0 S0_1
15051 10 -3 0 S0_1
15053 10 -3 4.64776313488324 S0_1
15054 10 -3 0 S0_1
15055 10 -3 0 S0_1
15056 10 -3 0 S0_1
15057 10 -3 0 S0_1
15059 10 -3 4.28887244699694 S0_1
15060 10 -3 0 S0_1
15063 10 -3 0 S0_1
15066 10 -3 0 S0_1
15069 10 -3 1.41191298471981 S0_1
15042 11 -3 0 S0_1
15045 11 -3 0 S0_1
15048 11 -3 0 S0_1
15049 11 -3 0 S0_1
15051 11 -3 0 S0_1
15053 11 -3 0 S0_1
15054 11 -3 0 S0_1
15055 11 -3 0 S0_1
15056 11 -3 0 S0_1
15057 11 -3 0 S0_1
15059 11 -3 0 S0_1
15060 11 -3 0 S0_1
15063 11 -3 0 S0_1
15066 11 -3 0 S0_1
15069 11 -3 0 S0_1
15042 12 -3 0 S0_1
15045 12 -3 0 S0_1
15048 12 -3 0 S0_1
15049 12 -3 0 S0_1
15051 12 -3 0 S0_1
15053 12 -3 0 S0_1
15054 12 -3 0 S0_1
15055 12 -3 0 S0_1
15056 12 -3 0 S0_1
15057 12 -3 0 S0_1
15059 12 -3 0 S0_1
15060 12 -3 0 S0_1
15063 12 -3 0 S0_1
15066 12 -3 0 S0_1
15069 12 -3 0 S0_1
15042 13 -3 0 S0_1
15045 13 -3 0 S0_1
15048 13 -3 65.084832808834 S0_1
15049 13 -3 0 S0_1
15051 13 -3 0 S0_1
15053 13 -3 0 S0_1
15054 13 -3 0 S0_1
15055 13 -3 0 S0_1
15056 13 -3 0 S0_1
15057 13 -3 0 S0_1
15059 13 -3 0 S0_1
15060 13 -3 0 S0_1
15063 13 -3 0 S0_1
15066 13 -3 0 S0_1
15069 13 -3 0 S0_1
15042 14 -3 0 S0_1
15045 14 -3 0 S0_1
15048 14 -3 364.539405303807 S0_1
15049 14 -3 0 S0_1
15051 14 -3 0 S0_1
15053 14 -3 0 S0_1
15054 14 -3 0 S0_1
15055 14 -3 0 S0_1
15056 14 -3 0 S0_1
15057 14 -3 0 S0_1
15059 14 -3 0 S0_1
15060 14 -3 0 S0_1
15063 14 -3 0 S0_1
15066 14 -3 0 S0_1
15069 14 -3 0 S0_1
15042 15 -3 2.02808555035953 S0_1
15045 15 -3 16.1928000056198 S0_1
15048 15 -3 386.531359238597 S0_1
15049 15 -3 0 S0_1
15051 15 -3 153.32399277997 S0_1
15053 15 -3 197.7767734744 S0_1
15054 15 -3 0 S0_1
15055 15 -3 6.12614562249313 S0_1
15056 15 -3 15.557770728323 S0_1
15057 15 -3 60.5767181880604 S0_1
15059 15 -3 172.315294994158 S0_1
15060 15 -3 98.5464878002634 S0_1
15063 15 -3 0 S0_1
15066 15 -3 146.121990636098 S0_1
15069 15 -3 151.593493280236 S0_1
15042 16 -3 0 S0_1
15045 16 -3 0 S0_1
15048 16 -3 121.627608800111 S0_1
15049 16 -3 0 S0_1
15051 16 -3 56.8941033293319 S0_1
15053 16 -3 84.6647637667632 S0_1
15054 16 -3 0 S0_1
15055 16 -3 0 S0_1
15056 16 -3 0 S0_1
15057 16 -3 0 S0_1
15059 16 -3 47.3593664211804 S0_1
15060 16 -3 2.63040267127179 S0_1
15063 16 -3 0 S0_1
15066 16 -3 1.39986041535321 S0_1
15069 16 -3 41.2272813385018 S0_1
15042 17 -3 0 S0_1
15045 17 -3 0 S0_1
15048 17 -3 316.36200570801 S0_1
15049 17 -3 0 S0_1
15051 17 -3 0 S0_1
15053 17 -3 0 S0_1
15054 17 -3 0 S0_1
15055 17 -3 0 S0_1
15056 17 -3 0 S0_1
15057 17 -3 2.75575282428015 S0_1
15059 17 -3 24.7141060977828 S0_1
15060 17 -3 0 S0_1
15063 17 -3 0 S0_1
15066 17 -3 0 S0_1
15069 17 -3 0 S0_1
15042 18 -3 0 S0_1
15045 18 -3 0 S0_1
15048 18 -3 0 S0_1
15049 18 -3 0 S0_1
15051 18 -3 0 S0_1
15053 18 -3 0 S0_1
15054 18 -3 0 S0_1
15055 18 -3 0 S0_1
15056 18 -3 0 S0_1
15057 18 -3 0 S0_1
15059 18 -3 0 S0_1
15060 18 -3 0 S0_1
15063 18 -3 0 S0_1
15066 18 -3 0 S0_1
15069 18 -3 0 S0_1
15042 19 -3 0 S0_1
15045 19 -3 0 S0_1
15048 19 -3 71.1488337768139 S0_1
15049 19 -3 0 S0_1
15051 19 -3 0 S0_1
15053 19 -3 3.19808888582982 S0_1
15054 19 -3 0 S0_1
15055 19 -3 0 S0_1
15056 19 -3 0 S0_1
15057 19 -3 0 S0_1
15059 19 -3 5.62154830599559 S0_1
15060 19 -3 0 S0_1
15063 19 -3 0 S0_1
15066 19 -3 0 S0_1
15069 19 -3 1.3348732633117 S0_1
15042 20 -3 0 S0_1
15045 20 -3 0 S0_1
15048 20 -3 242.23543349903 S0_1
15049 20 -3 0 S0_1
15051 20 -3 119.551971368938 S0_1
15053 20 -3 158.701999769549 S0_1
15054 20 -3 0 S0_1
15055 20 -3 0 S0_1
15056 20 -3 0 S0_1
15057 20 -3 12.7687613954317 S0_1
15059 20 -3 116.562835965288 S0_1
15060 20 -3 52.0976383098216 S0_1
15063 20 -3 0 S0_1
15066 20 -3 58.66247697457 S0_1
15069 20 -3 107.657375511261 S0_1
15042 21 -3 0 S0_1
15045 21 -3 0 S0_1
15048 21 -3 27.3476140809313 S0_1
15049 21 -3 0 S0_1
15051 21 -3 0 S0_1
15053 21 -3 0 S0_1
15054 21 -3 0 S0_1
15055 21 -3 0 S0_1
15056 21 -3 0 S0_1
15057 21 -3 0 S0_1
15059 21 -3 0 S0_1
15060 21 -3 0 S0_1
15063 21 -3 0 S0_1
15066 21 -3 0 S0_1
15069 21 -3 0 S0_1
15042 22 -3 0 S0_1
15045 22 -3 0 S0_1
15048 22 -3 34.1032676715128 S0_1
15049 22 -3 0 S0_1
15051 22 -3 7.63894923366254 S0_1
15053 22 -3 19.7173189044706 S0_1
15054 22 -3 0 S0_1
15055 22 -3 0 S0_1
15056 22 -3 0 S0_1
15057 22 -3 0 S0_1
15059 22 -3 2.74595091656918 S0_1
15060 22 -3 0 S0_1
15063 22 -3 0 S0_1
15066 22 -3 0 S0_1
15069 22 -3 1.90208839858605 S0_1
15042 23 -3 0 S0_1
15045 23 -3 0 S0_1
15048 23 -3 116.892603345534 S0_1
15049 23 -3 0 S0_1
15051 23 -3 0 S0_1
15053 23 -3 0 S0_1
15054 23 -3 0 S0_1
15055 23 -3 0 S0_1
15056 23 -3 0 S0_1
15057 23 -3 0 S0_1
15059 23 -3 9.08370182798696 S0_1
15060 23 -3 0 S0_1
15063 23 -3 0 S0_1
15066 23 -3 0 S0_1
15069 23 -3 0 S0_1
15042 24 -3 0 S0_1
15045 24 -3 0 S0_1
15048 24 -3 38.726927527447 S0_1
15049 24 -3 0 S0_1
15051 24 -3 0 S0_1
15053 24 -3 1.68701383171367 S0_1
15054 24 -3 0 S0_1
15055 24 -3 0 S0_1
15056 24 -3 0 S0_1
15057 24 -3 0 S0_1
15059 24 -3 1.57952199508732 S0_1
15060 24 -3 0 S0_1
15063 24 -3 0 S0_1
15066 24 -3 0 S0_1
15069 24 -3 0 S0_1
15042 25 -3 0 S0_1
15045 25 -3 0 S0_1
15048 25 -3 286.447521207977 S0_1
15049 25 -3 0 S0_1
15051 25 -3 0 S0_1
15053 25 -3 0 S0_1
15054 25 -3 0 S0_1
15055 25 -3 0 S0_1
15056 25 -3 0 S0_1
15057 25 -3 0 S0_1
15059 25 -3 0 S0_1
15060 25 -3 0 S0_1
15063 25 -3 0 S0_1
15066 25 -3 0 S0_1
15069 25 -3 0 S0_1
15042 26 -3 0 S0_1
15045 26 -3 0 S0_1
15048 26 -3 95.6912584938163 S0_1
15049 26 -3 0 S0_1
15051 26 -3 39.3332875413169 S0_1
15053 26 -3 64.4613124685322 S0_1
15054 26 -3 0 S0_1
15055 26 -3 0 S0_1
15056 26 -3 0 S0_1
15057 26 -3 0 S0_1
15059 26 -3 30.4287014856571 S0_1
15060 26 -3 0 S0_1
15063 26 -3 0 S0_1
15066 26 -3 0 S0_1
15069 26 -3 24.6154008581385 S0_1
15042 27 -3 0 S0_1
15045 27 -3 0 S0_1
15048 27 -3 117.796119254687 S0_1
15049 27 -3 0 S0_1
15051 27 -3 0 S0_1
15053 27 -3 0 S0_1
15054 27 -3 0 S0_1
15055 27 -3 0 S0_1
15056 27 -3 0 S0_1
15057 27 -3 0 S0_1
15059 27 -3 0 S0_1
15060 27 -3 0 S0_1
15063 27 -3 0 S0_1
15066 27 -3 0 S0_1
15069 27 -3 0 S0_1
15042 28 -3 0 S0_1
15045 28 -3 0 S0_1
15048 28 -3 129.714956958334 S0_1
15049 28 -3 0 S0_1
15051 28 -3 77.15997796685 S0_1
15053 28 -3 100.41834993064 S0_1
15054 28 -3 0 S0_1
15055 28 -3 0 S0_1
15056 28 -3 0 S0_1
15057 28 -3 0 S0_1
15059 28 -3 55.4074523837818 S0_1
15060 28 -3 6.29651640242178 S0_1
15063 28 -3 0 S0_1
15066 28 -3 2.65320170393777 S0_1
15069 28 -3 50.825776358192 S0_1
15042 29 -3 0 S0_1
15045 29 -3 0 S0_1
15048 29 -3 1.22678328449222 S0_1
15049 29 -3 0 S0_1
15051 29 -3 0 S0_1
15053 29 -3 0 S0_1
15054 29 -3 0 S0_1
15055 29 -3 0 S0_1
15056 29 -3 0 S0_1
15057 29 -3 0 S0_1
15059 29 -3 0 S0_1
15060 29 -3 0 S0_1
15063 29 -3 0 S0_1
15066 29 -3 0 S0_1
15069 29 -3 0 S0_1
15042 30 -3 0 S0_1
15045 30 -3 0 S0_1
15048 30 -3 302.125233015417 S0_1
15049 30 -3 0 S0_1
15051 30 -3 0 S0_1
15053 30 -3 0 S0_1
15054 30 -3 0 S0_1
15055 30 -3 0 S0_1
15056 30 -3 0 S0_1
15057 30 -3 0 S0_1
15059 30 -3 0 S0_1
15060 30 -3 0 S0_1
15063 30 -3 0 S0_1
15066 30 -3 0 S0_1
15069 30 -3 0 S0_1
15042 31 -3 0 S0_1
15045 31 -3 0 S0_1
15048 31 -3 145.076366585502 S0_1
15049 31 -3 0 S0_1
15051 31 -3 0 S0_1
15053 31 -3 0 S0_1
15054 31 -3 0 S0_1
15055 31 -3 0 S0_1
15056 31 -3 0 S0_1
15057 31 -3 0 S0_1
15059 31 -3 0 S0_1
15060 31 -3 0 S0_1
15063 31 -3 0 S0_1
15066 31 -3 0 S0_1
15069 31 -3 0 S0_1
15042 1 -5 0 S0_1
15045 1 -5 0 S0_1
15048 1 -5 0 S0_1
15049 1 -5 0 S0_1
15051 1 -5 0 S0_1
15053 1 -5 0 S0_1
15054 1 -5 0 S0_1
15055 1 -5 0 S0_1
15056 1 -5 0 S0_1
15057 1 -5 0 S0_1
15059 1 -5 0 S0_1
15060 1 -5 0 S0_1
15063 1 -5 0 S0_1
15066 1 -5 0 S0_1
15069 1 -5 0 S0_1
15042 2 -5 0 S0_1
15045 2 -5 0 S0_1
15048 2 -5 167.816651169526 S0_1
15049 2 -5 0 S0_1
15051 2 -5 0 S0_1
15053 2 -5 0 S0_1
15054 2 -5 0 S0_1
15055 2 -5 0 S0_1
15056 2 -5 0 S0_1
15057 2 -5 0 S0_1
15059 2 -5 0 S0_1
15060 2 -5 0 S0_1
15063 2 -5 0 S0_1
15066 2 -5 0 S0_1
15069 2 -5 0 S0_1
15042 3 -5 0 S0_1
15045 3 -5 0 S0_1
15048 3 -5 0 S0_1
15049 3 -5 0 S0_1
15051 3 -5 0 S0_1
15053 3 -5 0 S0_1
15054 3 -5 0 S0_1
15055 3 -5 0 S0_1
15056 3 -5 0 S0_1
15057 3 -5 0 S0_1
15059 3 -5 0 S0_1
15060 3 -5 0 S0_1
15063 3 -5 0 S0_1
15066 3 -5 0 S0_1
15069 3 -5 0 S0_1
15042 4 -5 0 S0_1
15045 4 -5 0 S0_1
15048 4 -5 0 S0_1
15049 4 -5 0 S0_1
15051 4 -5 0 S0_1
15053 4 -5 0 S0_1
15054 4 -5 0 S0_1
15055 4 -5 0 S0_1
15056 4 -5 0 S0_1
15057 4 -5 0 S0_1
15059 4 -5 0 S0_1
15060 4 -5 0 S0_1
15063 4 -5 0 S0_1
15066 4 -5 0 S0_1
15069 4 -5 0 S0_1
15042 5 -5 0 S0_1
15045 5 -5 0 S0_1
15048 5 -5 0 S0_1
15049 5 -5 0 S0_1
15051 5 -5 0 S0_1
15053 5 -5 0 S0_1
15054 5 -5 0 S0_1
15055 5 -5 0 S0_1
15056 5 -5 0 S0_1
15057 5 -5 0 S0_1
15059 5 -5 0 S0_1
15060 5 -5 0 S0_1
15063 5 -5 0 S0_1
15066 5 -5 0 S0_1
15069 5 -5 0 S0_1
15042 6 -5 0 S0_1
15045 6 -5 0 S0_1
15048 6 -5 93.5967055483773 S0_1
15049 6 -5 0 S0_1
15051 6 -5 0 S0_1
15053 6 -5 0 S0_1
15054 6 -5 0 S0_1
15055 6 -5 0 S0_1
15056 6 -5 0 S0_1
15057 6 -5 0 S0_1
15059 6 -5 0 S0_1
15060 6 -5 0 S0_1
15063 6 -5 0 S0_1
15066 6 -5 0 S0_1
15069 6 -5 0 S0_1
15042 7 -5 0 S0_1
15045 7 -5 0 S0_1
15048 7 -5 187.279002207994 S0_1
15049 7 -5 0 S0_1
15051 7 -5 0 S0_1
15053 7 -5 0 S0_1
15054 7 -5 0 S0_1
15055 7 -5 0 S0_1
15056 7 -5 0 S0_1
15057 7 -5 0 S0_1
15059 7 -5 0 S0_1
15060 7 -5 0 S0_1
15063 7 -5 0 S0_1
15066 7 -5 0 S0_1
15069 7 -5 0 S0_1
15042 8 -5 0 S0_1
15045 8 -5 0 S0_1
15048 8 -5 0 S0_1
15049 8 -5 0 S0_1
15051 8 -5 0 S0_1
15053 8 -5 0 S0_1
15054 8 -5 0 S0_1
15055 8 -5 0 S0_1
15056 8 -5 0 S0_1
15057 8 -5 0 S0_1
15059 8 -5 0 S0_1
15060 8 -5 0 S0_1
15063 8 -5 0 S0_1
15066 8 -5 0 S0_1
15069 8 -5 0 S0_1
15042 9 -5 0 S0_1
15045 9 -5 0 S0_1
15048 9 -5 0 S0_1
15049 9 -5 0 S0_1
15051 9 -5 0 S0_1
15053 9 -5 0 S0_1
15054 9 -5 0 S0_1
15055 9 -5 0 S0_1
15056 9 -5 0 S0_1
15057 9 -5 0 S0_1
15059 9 -5 0 S0_1
15060 9 -5 0 S0_1
15063 9 -5 0 S0_1
15066 9 -5 0 S0_1
15069 9 -5 0 S0_1
15042 10 -5 0 S0_1
15045 10 -5 0 S0_1
15048 10 -5 0 S0_1
15049 10 -5 0 S0_1
15051 10 -5 0 S0_1
15053 10 -5 0 S0_1
15054 10 -5 0 S0_1
15055 10 -5 0 S0_1
15056 10 -5 0 S0_1
15057 10 -5 0 S0_1
15059 10 -5 0 S0_1
15060 10 -5 0 S0_1
15063 10 -5 0 S0_1
15066 10 -5 0 S0_1
15069 10 -5 0 S0_1
15042 11 -5 0 S0_1
15045 11 -5 0 S0_1
15048 11 -5 0 S0_1
15049 11 -5 0 S0_1
15051 11 -5 0 S0_1
15053 11 -5 0 S0_1
15054 11 -5 0 S0_1
15055 11 -5 0 S0_1
15056 11 -5 0 S0_1
15057 11 -5 0 S0_1
15059 11 -5 0 S0_1
15060 11 -5 0 S0_1
15063 11 -5 0 S0_1
15066 11 -5 0 S0_1
15069 11 -5 0 S0_1
15042 12 -5 0 S0_1
15045 12 -5 0 S0_1
15048 12 -5 0 S0_1
15049 12 -5 0 S0_1
15051 12 -5 0 S0_1
15053 12 -5 0 S0_1
15054 12 -5 0 S0_1
15055 12 -5 0 S0_1
15056 12 -5 0 S0_1
15057 12 -5 0 S0_1
15059 12 -5 0 S0_1
15060 12 -5 0 S0_1
15063 12 -5 0 S0_1
15066 12 -5 0 S0_1
15069 12 -5 0 S0_1
15042 13 -5 0 S0_1
15045 13 -5 0 S0_1
15048 13 -5 0 S0_1
15049 13 -5 0 S0_1
15051 13 -5 0 S0_1
15053 13 -5 0 S0_1
15054 13 -5 0 S0_1
15055 13 -5 0 S0_1
15056 13 -5 0 S0_1
15057 13 -5 0 S0_1
15059 13 -5 0 S0_1
15060 13 -5 0 S0_1
15063 13 -5 0 S0_1
15066 13 -5 0 S0_1
15069 13 -5 0 S0_1
15042 14 -5 0 S0_1
15045 14 -5 0 S0_1
15048 14 -5 207.939218122131 S0_1
15049 14 -5 0 S0_1
15051 14 -5 0 S0_1
15053 14 -5 0 S0_1
15054 14 -5 0 S0_1
15055 14 -5 0 S0_1
15056 14 -5 0 S0_1
15057 14 -5 0 S0_1
15059 14 -5 0 S0_1
15060 14 -5 0 S0_1
15063 14 -5 0 S0_1
15066 14 -5 0 S0_1
15069 14 -5 0 S0_1
15042 15 -5 0 S0_1
15045 15 -5 0 S0_1
15048 15 -5 156.469038584741 S0_1
15049 15 -5 0 S0_1
15051 15 -5 39.4035894054469 S0_1
15053 15 -5 69.0258142629487 S0_1
15054 15 -5 0 S0_1
15055 15 -5 0 S0_1
15056 15 -5 0 S0_1
15057 15 -5 0 S0_1
15059 15 -5 60.4493356450577 S0_1
15060 15 -5 2.15984463935803 S0_1
15063 15 -5 0 S0_1
15066 15 -5 5.25398720936513 S0_1
15069 15 -5 44.820156931758 S0_1
15042 16 -5 0 S0_1
15045 16 -5 0 S0_1
15048 16 -5 0 S0_1
15049 16 -5 0 S0_1
15051 16 -5 0 S0_1
15053 16 -5 0 S0_1
15054 16 -5 0 S0_1
15055 16 -5 0 S0_1
15056 16 -5 0 S0_1
15057 16 -5 0 S0_1
15059 16 -5 0 S0_1
15060 16 -5 0 S0_1
15063 16 -5 0 S0_1
15066 16 -5 0 S0_1
15069 16 -5 0 S0_1
15042 17 -5 0 S0_1
15045 17 -5 0 S0_1
15048 17 -5 143.447349052857 S0_1
15049 17 -5 0 S0_1
15051 17 -5 0 S0_1
15053 17 -5 0 S0_1
15054 17 -5 0 S0_1
15055 17 -5 0 S0_1
15056 17 -5 0 S0_1
15057 17 -5 0 S0_1
15059 17 -5 0 S0_1
15060 17 -5 0 S0_1
15063 17 -5 0 S0_1
15066 17 -5 0 S0_1
15069 17 -5 0 S0_1
15042 18 -5 0 S0_1
15045 18 -5 0 S0_1
15048 18 -5 0 S0_1
15049 18 -5 0 S0_1
15051 18 -5 0 S0_1
15053 18 -5 0 S0_1
15054 18 -5 0 S0_1
15055 18 -5 0 S0_1
15056 18 -5 0 S0_1
15057 18 -5 0 S0_1
15059 18 -5 0 S0_1
15060 18 -5 0 S0_1
15063 18 -5 0 S0_1
15066 18 -5 0 S0_1
15069 18 -5 0 S0_1
15042 19 -5 0 S0_1
15045 19 -5 0 S0_1
15048 19 -5 0 S0_1
15049 19 -5 0 S0_1
15051 19 -5 0 S0_1
15053 19 -5 0 S0_1
15054 19 -5 0 S0_1
15055 19 -5 0 S0_1
15056 19 -5 0 S0_1
15057 19 -5 0 S0_1
15059 19 -5 0 S0_1
15060 19 -5 0 S0_1
15063 19 -5 0 S0_1
15066 19 -5 0 S0_1
15069 19 -5 0 S0_1
15042 20 -5 0 S0_1
15045 20 -5 0 S0_1
15048 20 -5 40.6093174257429 S0_1
15049 20 -5 0 S0_1
15051 20 -5 1.89238677766367 S0_1
15053 20 -5 9.75591692829922 S0_1
15054 20 -5 0 S0_1
15055 20 -5 0 S0_1
15056 20 -5 0 S0_1
15057 20 -5 0 S0_1
15059 20 -5 2.905511334211 S0_1
15060 20 -5 0 S0_1
15063 20 -5 0 S0_1
15066 20 -5 0 S0_1
15069 20 -5 1.64754881406056 S0_1
15042 21 -5 0 S0_1
15045 21 -5 0 S0_1
15048 21 -5 0 S0_1
15049 21 -5 0 S0_1
15051 21 -5 0 S0_1
15053 21 -5 0 S0_1
15054 21 -5 0 S0_1
15055 21 -5 0 S0_1
15056 21 -5 0 S0_1
15057 21 -5 0 S0_1
15059 21 -5 0 S0_1
15060 21 -5 0 S0_1
15063 21 -5 0 S0_1
15066 21 -5 0 S0_1
15069 21 -5 0 S0_1
15042 22 -5 0 S0_1
15045 22 -5 0 S0_1
15048 22 -5 0 S0_1
15049 22 -5 0 S0_1
15051 22 -5 0 S0_1
15053 22 -5 0 S0_1
15054 22 -5 0 S0_1
15055 22 -5 0 S0_1
15056 22 -5 0 S0_1
15057 22 -5 0 S0_1
15059 22 -5 0 S0_1
15060 22 -5 0 S0_1
15063 22 -5 0 S0_1
15066 22 -5 0 S0_1
15069 22 -5 0 S0_1
15042 23 -5 0 S0_1
15045 23 -5 0 S0_1
15048 23 -5 0 S0_1
15049 23 -5 0 S0_1
15051 23 -5 0 S0_1
15053 23 -5 0 S0_1
15054 23 -5 0 S0_1
15055 23 -5 0 S0_1
15056 23 -5 0 S0_1
15057 23 -5 0 S0_1
15059 23 -5 0 S0_1
15060 23 -5 0 S0_1
15063 23 -5 0 S0_1
15066 23 -5 0 S0_1
15069 23 -5 0 S0_1
15042 24 -5 0 S0_1
15045 24 -5 0 S0_1
15048 24 -5 0 S0_1
15049 24 -5 0 S0_1
15051 24 -5 0 S0_1
15053 24 -5 0 S0_1
15054 24 -5 0 S0_1
15055 24 -5 0 S0_1
15056 24 -5 0 S0_1
15057 24 -5 0 S0_1
15059 24 -5 0 S0_1
15060 24 -5 0 S0_1
15063 24 -5 0 S0_1
15066 24 -5 0 S0_1
15069 24 -5 0 S0_1
15042 25 -5 0 S0_1
15045 25 -5 0 S0_1
15048 25 -5 104.586155634045 S0_1
15049 25 -5 0 S0_1
15051 25 -5 0 S0_1
15053 25 -5 0 S0_1
15054 25 -5 0 S0_1
15055 25 -5 0 S0_1
15056 25 -5 0 S0_1
15057 25 -5 0 S0_1
15059 25 -5 0 S0_1
15060 25 -5 0 S0_1
15063 25 -5 0 S0_1
15066 25 -5 0 S0_1
15069 25 -5 0 S0_1
15042 26 -5 0 S0_1
15045 26 -5 0 S0_1
15048 26 -5 0 S0_1
15049 26 -5 0 S0_1
15051 26 -5 0 S0_1
15053 26 -5 0 S0_1
15054 26 -5 0 S0_1
15055 26 -5 0 S0_1
15056 26 -5 0 S0_1
15057 26 -5 0 S0_1
15059 26 -5 0 S0_1
15060 26 -5 0 S0_1
15063 26 -5 0 S0_1
15066 26 -5 0 S0_1
15069 26 -5 0 S0_1
15042 27 -5 0 S0_1
15045 27 -5 0 S0_1
15048 27 -5 0 S0_1
15049 27 -5 0 S0_1
15051 27 -5 0 S0_1
15053 27 -5 0 S0_1
15054 27 -5 0 S0_1
15055 27 -5 0 S0_1
15056 27 -5 0 S0_1
15057 27 -5 0 S0_1
15059 27 -5 0 S0_1
15060 27 -5 0 S0_1
15063 27 -5 0 S0_1
15066 27 -5 0 S0_1
15069 27 -5 0 S0_1
15042 28 -5 0 S0_1
15045 28 -5 0 S0_1
15048 28 -5 0 S0_1
15049 28 -5 0 S0_1
15051 28 -5 0 S0_1
15053 28 -5 0 S0_1
15054 28 -5 0 S0_1
15055 28 -5 0 S0_1
15056 28 -5 0 S0_1
15057 28 -5 0 S0_1
15059 28 -5 0 S0_1
15060 28 -5 0 S0_1
15063 28 -5 0 S0_1
15066 28 -5 0 S0_1
15069 28 -5 0 S0_1
15042 29 -5 0 S0_1
15045 29 -5 0 S0_1
15048 29 -5 0 S0_1
15049 29 -5 0 S0_1
15051 29 -5 0 S0_1
15053 29 -5 0 S0_1
15054 29 -5 0 S0_1
15055 29 -5 0 S0_1
15056 29 -5 0 S0_1
15057 29 -5 0 S0_1
15059 29 -5 0 S0_1
15060 29 -5 0 S0_1
15063 29 -5 0 S0_1
15066 29 -5 0 S0_1
15069 29 -5 0 S0_1
15042 30 -5 0 S0_1
15045 30 -5 0 S0_1
15048 30 -5 136.31064962056 S0_1
15049 30 -5 0 S0_1
15051 30 -5 0 S0_1
15053 30 -5 0 S0_1
15054 30 -5 0 S0_1
15055 30 -5 0 S0_1
15056 30 -5 0 S0_1
15057 30 -5 0 S0_1
15059 30 -5 0 S0_1
15060 30 -5 0 S0_1
15063 30 -5 0 S0_1
15066 30 -5 0 S0_1
15069 30 -5 0 S0_1
15042 31 -5 0 S0_1
15045 31 -5 0 S0_1
15048 31 -5 0 S0_1
15049 31 -5 0 S0_1
15051 31 -5 0 S0_1
15053 31 -5 0 S0_1
15054 31 -5 0 S0_1
15055 31 -5 0 S0_1
15056 31 -5 0 S0_1
15057 31 -5 0 S0_1
15059 31 -5 0 S0_1
15060 31 -5 0 S0_1
15063 31 -5 0 S0_1
15066 31 -5 0 S0_1
15069 31 -5 0 S0_1
