speciesID lakeID variable value scenario
16046 1 -0.5 121.742022167022 S0_1
16047 1 -0.5 331.729738211063 S0_1
16049 1 -0.5 107.451285329406 S0_1
16050 1 -0.5 414.517291986432 S0_1
16052 1 -0.5 707.470295066157 S0_1
16053 1 -0.5 0 S0_1
16054 1 -0.5 194.237941282938 S0_1
16055 1 -0.5 1225.00192066732 S0_1
16056 1 -0.5 0 S0_1
16057 1 -0.5 497.487549605702 S0_1
16058 1 -0.5 0 S0_1
16059 1 -0.5 7.17470895262606 S0_1
16060 1 -0.5 52.4622358927942 S0_1
16062 1 -0.5 151.578840654323 S0_1
16063 1 -0.5 48.5090876525698 S0_1
16046 2 -0.5 0 S0_1
16047 2 -0.5 52.2124185700208 S0_1
16049 2 -0.5 2.85681286945812 S0_1
16050 2 -0.5 0 S0_1
16052 2 -0.5 14.7165701462265 S0_1
16053 2 -0.5 0 S0_1
16054 2 -0.5 0 S0_1
16055 2 -0.5 70.5153136146065 S0_1
16056 2 -0.5 0 S0_1
16057 2 -0.5 144.200724334508 S0_1
16058 2 -0.5 0 S0_1
16059 2 -0.5 0 S0_1
16060 2 -0.5 0 S0_1
16062 2 -0.5 3.42171461770562 S0_1
16063 2 -0.5 0 S0_1
16046 3 -0.5 4.72099196977073 S0_1
16047 3 -0.5 105.890380944417 S0_1
16049 3 -0.5 18.4317573813395 S0_1
16050 3 -0.5 5.35208469505559 S0_1
16052 3 -0.5 155.815315997211 S0_1
16053 3 -0.5 0 S0_1
16054 3 -0.5 25.4922709551035 S0_1
16055 3 -0.5 216.400629541982 S0_1
16056 3 -0.5 0 S0_1
16057 3 -0.5 198.210132761446 S0_1
16058 3 -0.5 0 S0_1
16059 3 -0.5 0 S0_1
16060 3 -0.5 0 S0_1
16062 3 -0.5 24.1610801346708 S0_1
16063 3 -0.5 0 S0_1
16046 4 -0.5 24.6713243318397 S0_1
16047 4 -0.5 153.65829105737 S0_1
16049 4 -0.5 40.1353179391237 S0_1
16050 4 -0.5 112.68218858777 S0_1
16052 4 -0.5 304.124352955561 S0_1
16053 4 -0.5 0 S0_1
16054 4 -0.5 66.3648431375916 S0_1
16055 4 -0.5 427.166704302154 S0_1
16056 4 -0.5 0 S0_1
16057 4 -0.5 260.943486842413 S0_1
16058 4 -0.5 0 S0_1
16059 4 -0.5 0 S0_1
16060 4 -0.5 0 S0_1
16062 4 -0.5 53.3662179916426 S0_1
16063 4 -0.5 0 S0_1
16046 5 -0.5 0 S0_1
16047 5 -0.5 0 S0_1
16049 5 -0.5 0 S0_1
16050 5 -0.5 0 S0_1
16052 5 -0.5 0 S0_1
16053 5 -0.5 0 S0_1
16054 5 -0.5 0 S0_1
16055 5 -0.5 0 S0_1
16056 5 -0.5 0 S0_1
16057 5 -0.5 50.18157118946 S0_1
16058 5 -0.5 0 S0_1
16059 5 -0.5 0 S0_1
16060 5 -0.5 0 S0_1
16062 5 -0.5 0 S0_1
16063 5 -0.5 0 S0_1
16046 6 -0.5 35.5267444567301 S0_1
16047 6 -0.5 158.412410008887 S0_1
16049 6 -0.5 50.8993459295673 S0_1
16050 6 -0.5 96.0137930111779 S0_1
16052 6 -0.5 274.245284912709 S0_1
16053 6 -0.5 0 S0_1
16054 6 -0.5 71.1582003756072 S0_1
16055 6 -0.5 368.864342482962 S0_1
16056 6 -0.5 0 S0_1
16057 6 -0.5 260.334394425382 S0_1
16058 6 -0.5 0 S0_1
16059 6 -0.5 0 S0_1
16060 6 -0.5 0 S0_1
16062 6 -0.5 64.0049382429147 S0_1
16063 6 -0.5 0 S0_1
16046 7 -0.5 0 S0_1
16047 7 -0.5 56.4653782275912 S0_1
16049 7 -0.5 3.40845945915231 S0_1
16050 7 -0.5 0 S0_1
16052 7 -0.5 17.3704789967053 S0_1
16053 7 -0.5 0 S0_1
16054 7 -0.5 0 S0_1
16055 7 -0.5 73.8521039062153 S0_1
16056 7 -0.5 0 S0_1
16057 7 -0.5 147.02504732829 S0_1
16058 7 -0.5 0 S0_1
16059 7 -0.5 0 S0_1
16060 7 -0.5 0 S0_1
16062 7 -0.5 4.03347354134561 S0_1
16063 7 -0.5 0 S0_1
16046 8 -0.5 58.9267836703866 S0_1
16047 8 -0.5 197.208173268855 S0_1
16049 8 -0.5 64.5758866058141 S0_1
16050 8 -0.5 206.323279552194 S0_1
16052 8 -0.5 423.976681117314 S0_1
16053 8 -0.5 0 S0_1
16054 8 -0.5 101.814143647031 S0_1
16055 8 -0.5 632.085310263729 S0_1
16056 8 -0.5 0 S0_1
16057 8 -0.5 322.496070163274 S0_1
16058 8 -0.5 0 S0_1
16059 8 -0.5 0 S0_1
16060 8 -0.5 1.22077180654743 S0_1
16062 8 -0.5 86.6222005754362 S0_1
16063 8 -0.5 0 S0_1
16046 9 -0.5 21.7279817904628 S0_1
16047 9 -0.5 144.585844456108 S0_1
16049 9 -0.5 39.5533083854881 S0_1
16050 9 -0.5 84.2345506694249 S0_1
16052 9 -0.5 261.333993032898 S0_1
16053 9 -0.5 0 S0_1
16054 9 -0.5 58.9421111822584 S0_1
16055 9 -0.5 358.123976210941 S0_1
16056 9 -0.5 0 S0_1
16057 9 -0.5 246.907449299638 S0_1
16058 9 -0.5 0 S0_1
16059 9 -0.5 0 S0_1
16060 9 -0.5 0 S0_1
16062 9 -0.5 51.5300684872701 S0_1
16063 9 -0.5 0 S0_1
16046 10 -0.5 67.3769456299464 S0_1
16047 10 -0.5 210.591599334162 S0_1
16049 10 -0.5 68.4065871143551 S0_1
16050 10 -0.5 210.617138926238 S0_1
16052 10 -0.5 438.37512255074 S0_1
16053 10 -0.5 0 S0_1
16054 10 -0.5 112.110850882162 S0_1
16055 10 -0.5 638.38102079436 S0_1
16056 10 -0.5 0 S0_1
16057 10 -0.5 331.076002955252 S0_1
16058 10 -0.5 0 S0_1
16059 10 -0.5 0 S0_1
16060 10 -0.5 1.10722523213641 S0_1
16062 10 -0.5 89.3637027890659 S0_1
16063 10 -0.5 1.28612916867838 S0_1
16046 11 -0.5 66.7424415868317 S0_1
16047 11 -0.5 257.903835612444 S0_1
16049 11 -0.5 64.314115643148 S0_1
16050 11 -0.5 331.650610777139 S0_1
16052 11 -0.5 608.399317386276 S0_1
16053 11 -0.5 0 S0_1
16054 11 -0.5 131.184739240878 S0_1
16055 11 -0.5 1042.51714368705 S0_1
16056 11 -0.5 0 S0_1
16057 11 -0.5 415.539287236576 S0_1
16058 11 -0.5 0 S0_1
16059 11 -0.5 0 S0_1
16060 11 -0.5 10.6987838112762 S0_1
16062 11 -0.5 99.0049198711858 S0_1
16063 11 -0.5 5.69105185162885 S0_1
16046 12 -0.5 86.064413350579 S0_1
16047 12 -0.5 301.648909092198 S0_1
16049 12 -0.5 81.4494357610359 S0_1
16050 12 -0.5 369.939289703419 S0_1
16052 12 -0.5 630.979192191997 S0_1
16053 12 -0.5 0 S0_1
16054 12 -0.5 157.415320407612 S0_1
16055 12 -0.5 1167.4300494493 S0_1
16056 12 -0.5 0 S0_1
16057 12 -0.5 493.422991627706 S0_1
16058 12 -0.5 0 S0_1
16059 12 -0.5 1.20542552388076 S0_1
16060 12 -0.5 25.7704535780297 S0_1
16062 12 -0.5 134.084789742471 S0_1
16063 12 -0.5 7.41947543685436 S0_1
16046 13 -0.5 0 S0_1
16047 13 -0.5 42.2016127158562 S0_1
16049 13 -0.5 2.26274354534777 S0_1
16050 13 -0.5 0 S0_1
16052 13 -0.5 109.418421372143 S0_1
16053 13 -0.5 0 S0_1
16054 13 -0.5 0 S0_1
16055 13 -0.5 179.060695426712 S0_1
16056 13 -0.5 0 S0_1
16057 13 -0.5 156.851395209057 S0_1
16058 13 -0.5 0 S0_1
16059 13 -0.5 0 S0_1
16060 13 -0.5 0 S0_1
16062 13 -0.5 5.3419084202834 S0_1
16063 13 -0.5 0 S0_1
16046 14 -0.5 3.00442469149707 S0_1
16047 14 -0.5 95.0726482579371 S0_1
16049 14 -0.5 15.7260734046899 S0_1
16050 14 -0.5 0 S0_1
16052 14 -0.5 106.079572162038 S0_1
16053 14 -0.5 0 S0_1
16054 14 -0.5 12.3122331755121 S0_1
16055 14 -0.5 152.858434902105 S0_1
16056 14 -0.5 0 S0_1
16057 14 -0.5 183.463363336539 S0_1
16058 14 -0.5 0 S0_1
16059 14 -0.5 0 S0_1
16060 14 -0.5 0 S0_1
16062 14 -0.5 19.6755839092659 S0_1
16063 14 -0.5 0 S0_1
16046 15 -0.5 99.8016533276518 S0_1
16047 15 -0.5 241.355498774003 S0_1
16049 15 -0.5 91.3845876635973 S0_1
16050 15 -0.5 240.251567426053 S0_1
16052 15 -0.5 473.294181523641 S0_1
16053 15 -0.5 0 S0_1
16054 15 -0.5 142.758836177417 S0_1
16055 15 -0.5 674.580258494632 S0_1
16056 15 -0.5 0 S0_1
16057 15 -0.5 361.160323635422 S0_1
16058 15 -0.5 0 S0_1
16059 15 -0.5 3.98200468691274 S0_1
16060 15 -0.5 4.99468712577337 S0_1
16062 15 -0.5 113.436042917307 S0_1
16063 15 -0.5 16.9456131050997 S0_1
16046 16 -0.5 103.106743505301 S0_1
16047 16 -0.5 263.990027154369 S0_1
16049 16 -0.5 95.0481555439009 S0_1
16050 16 -0.5 309.993816070922 S0_1
16052 16 -0.5 563.54149749334 S0_1
16053 16 -0.5 0 S0_1
16054 16 -0.5 153.841294344236 S0_1
16055 16 -0.5 891.355558451473 S0_1
16056 16 -0.5 0 S0_1
16057 16 -0.5 406.426781917805 S0_1
16058 16 -0.5 0 S0_1
16059 16 -0.5 3.9156612546668 S0_1
16060 16 -0.5 25.6977721248166 S0_1
16062 16 -0.5 126.334570349877 S0_1
16063 16 -0.5 15.1695931175225 S0_1
16046 17 -0.5 6.89321326807072 S0_1
16047 17 -0.5 110.833420717583 S0_1
16049 17 -0.5 25.9759160908807 S0_1
16050 17 -0.5 25.586457964309 S0_1
16052 17 -0.5 186.223838545456 S0_1
16053 17 -0.5 0 S0_1
16054 17 -0.5 29.4535763530525 S0_1
16055 17 -0.5 256.862788215862 S0_1
16056 17 -0.5 0 S0_1
16057 17 -0.5 212.032162347842 S0_1
16058 17 -0.5 0 S0_1
16059 17 -0.5 0 S0_1
16060 17 -0.5 0 S0_1
16062 17 -0.5 36.6178647577257 S0_1
16063 17 -0.5 0 S0_1
16046 18 -0.5 93.1136106083465 S0_1
16047 18 -0.5 282.797033951505 S0_1
16049 18 -0.5 87.245766335962 S0_1
16050 18 -0.5 354.205126153246 S0_1
16052 18 -0.5 619.018335746223 S0_1
16053 18 -0.5 0 S0_1
16054 18 -0.5 155.257386482148 S0_1
16055 18 -0.5 1074.42727956818 S0_1
16056 18 -0.5 0 S0_1
16057 18 -0.5 448.893232885348 S0_1
16058 18 -0.5 0 S0_1
16059 18 -0.5 2.03706150362675 S0_1
16060 18 -0.5 30.2166701126088 S0_1
16062 18 -0.5 128.688223026583 S0_1
16063 18 -0.5 11.8140495321317 S0_1
16046 19 -0.5 56.3237137759012 S0_1
16047 19 -0.5 193.34248249918 S0_1
16049 19 -0.5 61.7593160104122 S0_1
16050 19 -0.5 180.388287916067 S0_1
16052 19 -0.5 395.141738716509 S0_1
16053 19 -0.5 0 S0_1
16054 19 -0.5 98.6215646979711 S0_1
16055 19 -0.5 566.333758836374 S0_1
16056 19 -0.5 0 S0_1
16057 19 -0.5 309.611703150993 S0_1
16058 19 -0.5 0 S0_1
16059 19 -0.5 0 S0_1
16060 19 -0.5 0 S0_1
16062 19 -0.5 80.3721890352005 S0_1
16063 19 -0.5 0 S0_1
16046 20 -0.5 101.640276398207 S0_1
16047 20 -0.5 251.447385070546 S0_1
16049 20 -0.5 93.7552375832083 S0_1
16050 20 -0.5 278.305193321272 S0_1
16052 20 -0.5 522.385736528577 S0_1
16053 20 -0.5 0 S0_1
16054 20 -0.5 147.490365617591 S0_1
16055 20 -0.5 789.43413640034 S0_1
16056 20 -0.5 0 S0_1
16057 20 -0.5 383.628100219734 S0_1
16058 20 -0.5 0 S0_1
16059 20 -0.5 3.96141398748835 S0_1
16060 20 -0.5 15.3684357313734 S0_1
16062 20 -0.5 120.607590073162 S0_1
16063 20 -0.5 13.4006956754379 S0_1
16046 21 -0.5 57.3885968774456 S0_1
16047 21 -0.5 198.055808775714 S0_1
16049 21 -0.5 61.3128439201751 S0_1
16050 21 -0.5 186.02223263295 S0_1
16052 21 -0.5 406.384429794437 S0_1
16053 21 -0.5 0 S0_1
16054 21 -0.5 102.330365268441 S0_1
16055 21 -0.5 582.255458041759 S0_1
16056 21 -0.5 0 S0_1
16057 21 -0.5 314.051456356968 S0_1
16058 21 -0.5 0 S0_1
16059 21 -0.5 0 S0_1
16060 21 -0.5 0 S0_1
16062 21 -0.5 79.9275105276249 S0_1
16063 21 -0.5 0 S0_1
16046 22 -0.5 127.554208031387 S0_1
16047 22 -0.5 322.426280578121 S0_1
16049 22 -0.5 111.626969484118 S0_1
16050 22 -0.5 395.65535372046 S0_1
16052 22 -0.5 684.210928391523 S0_1
16053 22 -0.5 0 S0_1
16054 22 -0.5 195.124022099122 S0_1
16055 22 -0.5 1136.68246120068 S0_1
16056 22 -0.5 0 S0_1
16057 22 -0.5 477.779814038554 S0_1
16058 22 -0.5 0 S0_1
16059 22 -0.5 9.90021394236578 S0_1
16060 22 -0.5 53.6209709928936 S0_1
16062 22 -0.5 151.003504364422 S0_1
16063 22 -0.5 51.251523470567 S0_1
16046 23 -0.5 50.682809833015 S0_1
16047 23 -0.5 182.585568091752 S0_1
16049 23 -0.5 57.4920979117771 S0_1
16050 23 -0.5 139.663545085261 S0_1
16052 23 -0.5 338.306935389075 S0_1
16053 23 -0.5 0 S0_1
16054 23 -0.5 92.5355245254672 S0_1
16055 23 -0.5 461.846187815546 S0_1
16056 23 -0.5 0 S0_1
16057 23 -0.5 288.327382211737 S0_1
16058 23 -0.5 0 S0_1
16059 23 -0.5 0 S0_1
16060 23 -0.5 0 S0_1
16062 23 -0.5 72.3693781989838 S0_1
16063 23 -0.5 0 S0_1
16046 24 -0.5 72.0979591357799 S0_1
16047 24 -0.5 219.416129949966 S0_1
16049 24 -0.5 70.5787645947006 S0_1
16050 24 -0.5 220.988970893277 S0_1
16052 24 -0.5 454.85617288208 S0_1
16053 24 -0.5 0 S0_1
16054 24 -0.5 119.888094334585 S0_1
16055 24 -0.5 660.249571816233 S0_1
16056 24 -0.5 0 S0_1
16057 24 -0.5 339.611270588376 S0_1
16058 24 -0.5 0 S0_1
16059 24 -0.5 1.02796271231988 S0_1
16060 24 -0.5 1.35195969376758 S0_1
16062 24 -0.5 92.0113597127497 S0_1
16063 24 -0.5 4.52647686391345 S0_1
16046 25 -0.5 4.41447641954725 S0_1
16047 25 -0.5 103.293003590819 S0_1
16049 25 -0.5 18.857853597128 S0_1
16050 25 -0.5 0 S0_1
16052 25 -0.5 114.979450944538 S0_1
16053 25 -0.5 0 S0_1
16054 25 -0.5 20.7048826517977 S0_1
16055 25 -0.5 161.160522710915 S0_1
16056 25 -0.5 0 S0_1
16057 25 -0.5 189.363072177804 S0_1
16058 25 -0.5 0 S0_1
16059 25 -0.5 0 S0_1
16060 25 -0.5 0 S0_1
16062 25 -0.5 22.7507203012803 S0_1
16063 25 -0.5 0 S0_1
16046 26 -0.5 111.982942086008 S0_1
16047 26 -0.5 283.400540118737 S0_1
16049 26 -0.5 100.589205662557 S0_1
16050 26 -0.5 334.154044762561 S0_1
16052 26 -0.5 602.802693630756 S0_1
16053 26 -0.5 0 S0_1
16054 26 -0.5 167.827456397438 S0_1
16055 26 -0.5 955.066691373658 S0_1
16056 26 -0.5 0 S0_1
16057 26 -0.5 426.187577933834 S0_1
16058 26 -0.5 0 S0_1
16059 26 -0.5 5.78208709228536 S0_1
16060 26 -0.5 33.0284694106013 S0_1
16062 26 -0.5 133.042833158275 S0_1
16063 26 -0.5 31.4945638647169 S0_1
16046 27 -0.5 0 S0_1
16047 27 -0.5 40.5301137266694 S0_1
16049 27 -0.5 1.50271620582149 S0_1
16050 27 -0.5 0 S0_1
16052 27 -0.5 9.3326639091878 S0_1
16053 27 -0.5 0 S0_1
16054 27 -0.5 0 S0_1
16055 27 -0.5 60.1210418213647 S0_1
16056 27 -0.5 0 S0_1
16057 27 -0.5 133.410247452757 S0_1
16058 27 -0.5 0 S0_1
16059 27 -0.5 0 S0_1
16060 27 -0.5 0 S0_1
16062 27 -0.5 1.77158425243687 S0_1
16063 27 -0.5 0 S0_1
16046 28 -0.5 137.560170696744 S0_1
16047 28 -0.5 328.416194332199 S0_1
16049 28 -0.5 119.684886772594 S0_1
16050 28 -0.5 398.55123003937 S0_1
16052 28 -0.5 686.67211402092 S0_1
16053 28 -0.5 0 S0_1
16054 28 -0.5 202.96278772187 S0_1
16055 28 -0.5 1133.96283692355 S0_1
16056 28 -0.5 0 S0_1
16057 28 -0.5 483.696844433207 S0_1
16058 28 -0.5 0 S0_1
16059 28 -0.5 14.4212842892329 S0_1
16060 28 -0.5 62.0368753488282 S0_1
16062 28 -0.5 158.78735023517 S0_1
16063 28 -0.5 55.1048792869835 S0_1
16046 29 -0.5 3.71428583425195 S0_1
16047 29 -0.5 100.804304082461 S0_1
16049 29 -0.5 16.1464611768859 S0_1
16050 29 -0.5 45.7238561742247 S0_1
16052 29 -0.5 207.973768001484 S0_1
16053 29 -0.5 0 S0_1
16054 29 -0.5 23.7435993139512 S0_1
16055 29 -0.5 301.720687649266 S0_1
16056 29 -0.5 0 S0_1
16057 29 -0.5 207.167382059182 S0_1
16058 29 -0.5 0 S0_1
16059 29 -0.5 0 S0_1
16060 29 -0.5 0 S0_1
16062 29 -0.5 25.786566920173 S0_1
16063 29 -0.5 0 S0_1
16046 30 -0.5 2.19459876392647 S0_1
16047 30 -0.5 88.8311452193929 S0_1
16049 30 -0.5 12.5157854954921 S0_1
16050 30 -0.5 0 S0_1
16052 30 -0.5 99.5433042949023 S0_1
16053 30 -0.5 0 S0_1
16054 30 -0.5 8.42659491764378 S0_1
16055 30 -0.5 147.44943358994 S0_1
16056 30 -0.5 0 S0_1
16057 30 -0.5 178.054377302535 S0_1
16058 30 -0.5 0 S0_1
16059 30 -0.5 0 S0_1
16060 30 -0.5 0 S0_1
16062 30 -0.5 15.9568812269114 S0_1
16063 30 -0.5 0 S0_1
16046 31 -0.5 12.0227572455858 S0_1
16047 31 -0.5 118.869303367059 S0_1
16049 31 -0.5 12.8196372929796 S0_1
16050 31 -0.5 12.1334700921876 S0_1
16052 31 -0.5 171.6261619981 S0_1
16053 31 -0.5 0 S0_1
16054 31 -0.5 36.5940925656011 S0_1
16055 31 -0.5 224.267275533362 S0_1
16056 31 -0.5 0 S0_1
16057 31 -0.5 198.913409443526 S0_1
16058 31 -0.5 0 S0_1
16059 31 -0.5 0 S0_1
16060 31 -0.5 0 S0_1
16062 31 -0.5 20.8177068206387 S0_1
16063 31 -0.5 0 S0_1
16046 1 -1.5 0 S0_1
16047 1 -1.5 84.0828086913962 S0_1
16049 1 -1.5 3.06733467187389 S0_1
16050 1 -1.5 415.543399084715 S0_1
16052 1 -1.5 392.253823617944 S0_1
16053 1 -1.5 172.889169648601 S0_1
16054 1 -1.5 228.200898695825 S0_1
16055 1 -1.5 1111.49291361504 S0_1
16056 1 -1.5 108.921529184045 S0_1
16057 1 -1.5 185.278015990461 S0_1
16058 1 -1.5 46.0285844206086 S0_1
16059 1 -1.5 0 S0_1
16060 1 -1.5 0 S0_1
16062 1 -1.5 9.49714177165863 S0_1
16063 1 -1.5 125.38662473403 S0_1
16046 2 -1.5 0 S0_1
16047 2 -1.5 31.8071446270208 S0_1
16049 2 -1.5 0 S0_1
16050 2 -1.5 0 S0_1
16052 2 -1.5 3.87030579451601 S0_1
16053 2 -1.5 1.22496809141638 S0_1
16054 2 -1.5 124.035113731426 S0_1
16055 2 -1.5 57.1232837978767 S0_1
16056 2 -1.5 67.0736827042797 S0_1
16057 2 -1.5 114.113982289271 S0_1
16058 2 -1.5 0 S0_1
16059 2 -1.5 0 S0_1
16060 2 -1.5 0 S0_1
16062 2 -1.5 0 S0_1
16063 2 -1.5 123.278537397857 S0_1
16046 3 -1.5 0 S0_1
16047 3 -1.5 16.4584901149569 S0_1
16049 3 -1.5 0 S0_1
16050 3 -1.5 4.45282270387464 S0_1
16052 3 -1.5 39.4907379330677 S0_1
16053 3 -1.5 13.8167353052097 S0_1
16054 3 -1.5 91.4882178947595 S0_1
16055 3 -1.5 111.489713454384 S0_1
16056 3 -1.5 34.4475639138035 S0_1
16057 3 -1.5 82.9320400621235 S0_1
16058 3 -1.5 0 S0_1
16059 3 -1.5 0 S0_1
16060 3 -1.5 0 S0_1
16062 3 -1.5 0 S0_1
16063 3 -1.5 86.0973178617284 S0_1
16046 4 -1.5 0 S0_1
16047 4 -1.5 18.8532981396403 S0_1
16049 4 -1.5 0 S0_1
16050 4 -1.5 54.9602767269699 S0_1
16052 4 -1.5 95.7151388012172 S0_1
16053 4 -1.5 54.7976012704084 S0_1
16054 4 -1.5 90.461538768537 S0_1
16055 4 -1.5 252.100795588041 S0_1
16056 4 -1.5 31.0480932601312 S0_1
16057 4 -1.5 80.4072184727231 S0_1
16058 4 -1.5 0 S0_1
16059 4 -1.5 0 S0_1
16060 4 -1.5 0 S0_1
16062 4 -1.5 0 S0_1
16063 4 -1.5 75.6575073244973 S0_1
16046 5 -1.5 0 S0_1
16047 5 -1.5 0 S0_1
16049 5 -1.5 0 S0_1
16050 5 -1.5 0 S0_1
16052 5 -1.5 0 S0_1
16053 5 -1.5 0 S0_1
16054 5 -1.5 4.53491769860922 S0_1
16055 5 -1.5 0 S0_1
16056 5 -1.5 0 S0_1
16057 5 -1.5 12.7979478066105 S0_1
16058 5 -1.5 0 S0_1
16059 5 -1.5 0 S0_1
16060 5 -1.5 0 S0_1
16062 5 -1.5 0 S0_1
16063 5 -1.5 6.90619199623795 S0_1
16046 6 -1.5 3.42934938154085 S0_1
16047 6 -1.5 103.983221326778 S0_1
16049 6 -1.5 15.6448959974112 S0_1
16050 6 -1.5 128.478860394086 S0_1
16052 6 -1.5 189.25317254859 S0_1
16053 6 -1.5 142.64384071452 S0_1
16054 6 -1.5 208.762809926989 S0_1
16055 6 -1.5 306.512690899831 S0_1
16056 6 -1.5 158.086615472932 S0_1
16057 6 -1.5 183.623606652264 S0_1
16058 6 -1.5 0 S0_1
16059 6 -1.5 0 S0_1
16060 6 -1.5 0 S0_1
16062 6 -1.5 20.0814654653298 S0_1
16063 6 -1.5 187.436504630715 S0_1
16046 7 -1.5 0 S0_1
16047 7 -1.5 37.8105456265565 S0_1
16049 7 -1.5 1.09489848515265 S0_1
16050 7 -1.5 0 S0_1
16052 7 -1.5 5.19704672262929 S0_1
16053 7 -1.5 1.69539956840891 S0_1
16054 7 -1.5 130.009043197432 S0_1
16055 7 -1.5 62.6100514694096 S0_1
16056 7 -1.5 76.9943378129722 S0_1
16057 7 -1.5 118.742287473911 S0_1
16058 7 -1.5 0 S0_1
16059 7 -1.5 0 S0_1
16060 7 -1.5 0 S0_1
16062 7 -1.5 0 S0_1
16063 7 -1.5 130.133053541 S0_1
16046 8 -1.5 0 S0_1
16047 8 -1.5 79.2616036584725 S0_1
16049 8 -1.5 4.70128814337163 S0_1
16050 8 -1.5 195.195174456627 S0_1
16052 8 -1.5 246.478414399803 S0_1
16053 8 -1.5 150.224517527667 S0_1
16054 8 -1.5 186.508434225939 S0_1
16055 8 -1.5 517.937950396405 S0_1
16056 8 -1.5 110.871186914208 S0_1
16057 8 -1.5 165.223169347281 S0_1
16058 8 -1.5 15.1133121606475 S0_1
16059 8 -1.5 0 S0_1
16060 8 -1.5 0 S0_1
16062 8 -1.5 9.12750616188799 S0_1
16063 8 -1.5 137.550987272737 S0_1
16046 9 -1.5 0 S0_1
16047 9 -1.5 49.7777033326861 S0_1
16049 9 -1.5 1.15864648792065 S0_1
16050 9 -1.5 72.3435257023508 S0_1
16052 9 -1.5 123.576099943332 S0_1
16053 9 -1.5 82.108005141223 S0_1
16054 9 -1.5 135.052987389268 S0_1
16055 9 -1.5 246.907273437368 S0_1
16056 9 -1.5 80.6982015416963 S0_1
16057 9 -1.5 119.344415544715 S0_1
16058 9 -1.5 0 S0_1
16059 9 -1.5 0 S0_1
16060 9 -1.5 0 S0_1
16062 9 -1.5 1.52888903238412 S0_1
16063 9 -1.5 118.571253968582 S0_1
16046 10 -1.5 0 S0_1
16047 10 -1.5 78.8062822872664 S0_1
16049 10 -1.5 4.07798264602652 S0_1
16050 10 -1.5 185.748580160321 S0_1
16052 10 -1.5 244.969930539886 S0_1
16053 10 -1.5 147.854220032547 S0_1
16054 10 -1.5 183.767099064976 S0_1
16055 10 -1.5 513.539630387605 S0_1
16056 10 -1.5 114.698170737663 S0_1
16057 10 -1.5 158.508804180033 S0_1
16058 10 -1.5 9.27128211528617 S0_1
16059 10 -1.5 0 S0_1
16060 10 -1.5 0 S0_1
16062 10 -1.5 7.28004485016762 S0_1
16063 10 -1.5 141.992583657291 S0_1
16046 11 -1.5 0 S0_1
16047 11 -1.5 0 S0_1
16049 11 -1.5 0 S0_1
16050 11 -1.5 56.6403183913391 S0_1
16052 11 -1.5 59.7095304178758 S0_1
16053 11 -1.5 14.5552227184627 S0_1
16054 11 -1.5 25.731856400609 S0_1
16055 11 -1.5 779.281525949486 S0_1
16056 11 -1.5 0 S0_1
16057 11 -1.5 26.4315047469776 S0_1
16058 11 -1.5 0 S0_1
16059 11 -1.5 0 S0_1
16060 11 -1.5 0 S0_1
16062 11 -1.5 0 S0_1
16063 11 -1.5 3.03137343272201 S0_1
16046 12 -1.5 0 S0_1
16047 12 -1.5 4.6839579855503 S0_1
16049 12 -1.5 0 S0_1
16050 12 -1.5 87.349362707572 S0_1
16052 12 -1.5 80.1030314728746 S0_1
16053 12 -1.5 26.5240371300211 S0_1
16054 12 -1.5 55.5453986271881 S0_1
16055 12 -1.5 968.087204500803 S0_1
16056 12 -1.5 1.95892815603248 S0_1
16057 12 -1.5 50.0264118493138 S0_1
16058 12 -1.5 0 S0_1
16059 12 -1.5 0 S0_1
16060 12 -1.5 0 S0_1
16062 12 -1.5 0 S0_1
16063 12 -1.5 10.1245201147021 S0_1
16046 13 -1.5 0 S0_1
16047 13 -1.5 1.61066815678973 S0_1
16049 13 -1.5 0 S0_1
16050 13 -1.5 2.10934953948951 S0_1
16052 13 -1.5 17.1538970882107 S0_1
16053 13 -1.5 3.72152708944929 S0_1
16054 13 -1.5 65.0040146077291 S0_1
16055 13 -1.5 97.8198429250203 S0_1
16056 13 -1.5 3.30079593119159 S0_1
16057 13 -1.5 69.5393491734125 S0_1
16058 13 -1.5 0 S0_1
16059 13 -1.5 0 S0_1
16060 13 -1.5 0 S0_1
16062 13 -1.5 0 S0_1
16063 13 -1.5 30.941878087746 S0_1
16046 14 -1.5 0 S0_1
16047 14 -1.5 69.1150649395589 S0_1
16049 14 -1.5 4.32124016024416 S0_1
16050 14 -1.5 10.7256494000752 S0_1
16052 14 -1.5 66.6602038753715 S0_1
16053 14 -1.5 39.5437090199957 S0_1
16054 14 -1.5 160.590979392955 S0_1
16055 14 -1.5 129.621928274529 S0_1
16056 14 -1.5 119.157709543143 S0_1
16057 14 -1.5 143.177083187474 S0_1
16058 14 -1.5 0 S0_1
16059 14 -1.5 0 S0_1
16060 14 -1.5 0 S0_1
16062 14 -1.5 4.28278888544751 S0_1
16063 14 -1.5 157.042144334053 S0_1
16046 15 -1.5 47.0587825187425 S0_1
16047 15 -1.5 183.067664561812 S0_1
16049 15 -1.5 56.3291434450941 S0_1
16050 15 -1.5 303.10420738556 S0_1
16052 15 -1.5 370.337257401173 S0_1
16053 15 -1.5 283.569227111163 S0_1
16054 15 -1.5 323.461211510088 S0_1
16055 15 -1.5 622.392152985344 S0_1
16056 15 -1.5 257.405476915281 S0_1
16057 15 -1.5 280.727733446686 S0_1
16058 15 -1.5 84.8483128140088 S0_1
16059 15 -1.5 1.02919733658299 S0_1
16060 15 -1.5 0 S0_1
16062 15 -1.5 69.8966680904525 S0_1
16063 15 -1.5 279.538439677969 S0_1
16046 16 -1.5 14.0696240811963 S0_1
16047 16 -1.5 146.608232849286 S0_1
16049 16 -1.5 29.1196672350581 S0_1
16050 16 -1.5 356.508861846007 S0_1
16052 16 -1.5 392.450958643286 S0_1
16053 16 -1.5 258.459583691683 S0_1
16054 16 -1.5 294.631134169904 S0_1
16055 16 -1.5 812.968556287821 S0_1
16056 16 -1.5 188.614141269721 S0_1
16057 16 -1.5 257.8038454769 S0_1
16058 16 -1.5 81.2751935315279 S0_1
16059 16 -1.5 0 S0_1
16060 16 -1.5 0 S0_1
16062 16 -1.5 44.3783730599374 S0_1
16063 16 -1.5 216.119581239633 S0_1
16046 17 -1.5 0 S0_1
16047 17 -1.5 75.0018615416053 S0_1
16049 17 -1.5 6.10607424926504 S0_1
16050 17 -1.5 76.1931810786427 S0_1
16052 17 -1.5 130.280448747866 S0_1
16053 17 -1.5 95.91881766205 S0_1
16054 17 -1.5 173.413133302016 S0_1
16055 17 -1.5 214.574347128567 S0_1
16056 17 -1.5 119.320173842898 S0_1
16057 17 -1.5 157.288497862001 S0_1
16058 17 -1.5 0 S0_1
16059 17 -1.5 0 S0_1
16060 17 -1.5 0 S0_1
16062 17 -1.5 8.28260321100421 S0_1
16063 17 -1.5 151.984449579642 S0_1
16046 18 -1.5 0 S0_1
16047 18 -1.5 47.0028699633973 S0_1
16049 18 -1.5 0 S0_1
16050 18 -1.5 274.992463912833 S0_1
16052 18 -1.5 258.174698121143 S0_1
16053 18 -1.5 103.390099408257 S0_1
16054 18 -1.5 129.192225517869 S0_1
16055 18 -1.5 931.16771457555 S0_1
16056 18 -1.5 50.2433572351277 S0_1
16057 18 -1.5 110.645868608053 S0_1
16058 18 -1.5 16.5227282816788 S0_1
16059 18 -1.5 0 S0_1
16060 18 -1.5 0 S0_1
16062 18 -1.5 1.63267847216944 S0_1
16063 18 -1.5 78.1560278339061 S0_1
16046 19 -1.5 0 S0_1
16047 19 -1.5 73.5139039730808 S0_1
16049 19 -1.5 3.38419941180913 S0_1
16050 19 -1.5 157.203694845116 S0_1
16052 19 -1.5 216.830921384139 S0_1
16053 19 -1.5 134.668773766479 S0_1
16054 19 -1.5 173.139331613077 S0_1
16055 19 -1.5 443.535363269179 S0_1
16056 19 -1.5 108.444641565101 S0_1
16057 19 -1.5 150.734541600107 S0_1
16058 19 -1.5 3.59524556711357 S0_1
16059 19 -1.5 0 S0_1
16060 19 -1.5 0 S0_1
16062 19 -1.5 5.74409733714206 S0_1
16063 19 -1.5 137.444960399742 S0_1
16046 20 -1.5 32.2393606348515 S0_1
16047 20 -1.5 170.965510684168 S0_1
16049 20 -1.5 45.7295241981219 S0_1
16050 20 -1.5 339.405867517989 S0_1
16052 20 -1.5 391.910398591064 S0_1
16053 20 -1.5 281.473174418189 S0_1
16054 20 -1.5 316.17551964509 S0_1
16055 20 -1.5 727.893539269714 S0_1
16056 20 -1.5 229.773114015964 S0_1
16057 20 -1.5 277.039925016899 S0_1
16058 20 -1.5 91.7573515281832 S0_1
16059 20 -1.5 0 S0_1
16060 20 -1.5 0 S0_1
16062 20 -1.5 61.1393114801471 S0_1
16063 20 -1.5 253.498946060207 S0_1
16046 21 -1.5 0 S0_1
16047 21 -1.5 59.1704598408866 S0_1
16049 21 -1.5 1.40932902893423 S0_1
16050 21 -1.5 137.546689677858 S0_1
16052 21 -1.5 196.872698141759 S0_1
16053 21 -1.5 117.131345809714 S0_1
16054 21 -1.5 147.876595297853 S0_1
16055 21 -1.5 438.219164992259 S0_1
16056 21 -1.5 89.7271911185979 S0_1
16057 21 -1.5 127.232652455899 S0_1
16058 21 -1.5 1.31647184659557 S0_1
16059 21 -1.5 0 S0_1
16060 21 -1.5 0 S0_1
16062 21 -1.5 2.39370974452838 S0_1
16063 21 -1.5 119.819805101874 S0_1
16046 22 -1.5 9.22849869944485 S0_1
16047 22 -1.5 141.460623962076 S0_1
16049 22 -1.5 20.1785793915744 S0_1
16050 22 -1.5 444.986062137498 S0_1
16052 22 -1.5 452.431919913478 S0_1
16053 22 -1.5 273.344098595448 S0_1
16054 22 -1.5 314.190286791203 S0_1
16055 22 -1.5 1049.52033998891 S0_1
16056 22 -1.5 178.346625685913 S0_1
16057 22 -1.5 262.82558532163 S0_1
16058 22 -1.5 79.9169059517415 S0_1
16059 22 -1.5 0 S0_1
16060 22 -1.5 0 S0_1
16062 22 -1.5 35.1988261095271 S0_1
16063 22 -1.5 210.895679557462 S0_1
16046 23 -1.5 0 S0_1
16047 23 -1.5 77.6511215904275 S0_1
16049 23 -1.5 4.21289827626809 S0_1
16050 23 -1.5 122.953499197691 S0_1
16052 23 -1.5 186.279421175259 S0_1
16053 23 -1.5 126.002703636858 S0_1
16054 23 -1.5 176.030107829123 S0_1
16055 23 -1.5 348.546575764512 S0_1
16056 23 -1.5 122.461459602263 S0_1
16057 23 -1.5 150.682661244568 S0_1
16058 23 -1.5 0 S0_1
16059 23 -1.5 0 S0_1
16060 23 -1.5 0 S0_1
16062 23 -1.5 6.01920684562709 S0_1
16063 23 -1.5 152.638908489362 S0_1
16046 24 -1.5 0 S0_1
16047 24 -1.5 75.1182293458424 S0_1
16049 24 -1.5 3.12351864719387 S0_1
16050 24 -1.5 184.130879384325 S0_1
16052 24 -1.5 244.719855136583 S0_1
16053 24 -1.5 144.362401410805 S0_1
16054 24 -1.5 178.065673570829 S0_1
16055 24 -1.5 526.214325032097 S0_1
16056 24 -1.5 112.05343749828 S0_1
16057 24 -1.5 151.101866337903 S0_1
16058 24 -1.5 7.73645643886 S0_1
16059 24 -1.5 0 S0_1
16060 24 -1.5 0 S0_1
16062 24 -1.5 5.6352965191462 S0_1
16063 24 -1.5 138.64413542877 S0_1
16046 25 -1.5 0 S0_1
16047 25 -1.5 60.0010382153318 S0_1
16049 25 -1.5 2.42363341727264 S0_1
16050 25 -1.5 7.32427461513384 S0_1
16052 25 -1.5 57.3706454283582 S0_1
16053 25 -1.5 31.8267607630668 S0_1
16054 25 -1.5 148.052697652293 S0_1
16055 25 -1.5 121.064132156887 S0_1
16056 25 -1.5 108.364632694655 S0_1
16057 25 -1.5 130.19011469663 S0_1
16058 25 -1.5 0 S0_1
16059 25 -1.5 0 S0_1
16060 25 -1.5 0 S0_1
16062 25 -1.5 2.25046787604872 S0_1
16063 25 -1.5 148.238291356014 S0_1
16046 26 -1.5 12.9316018066076 S0_1
16047 26 -1.5 146.343921359396 S0_1
16049 26 -1.5 26.3861742586809 S0_1
16050 26 -1.5 376.874129401349 S0_1
16052 26 -1.5 412.112008126088 S0_1
16053 26 -1.5 266.927132532053 S0_1
16054 26 -1.5 300.133076035251 S0_1
16055 26 -1.5 870.597605947414 S0_1
16056 26 -1.5 189.386359744991 S0_1
16057 26 -1.5 257.409378819788 S0_1
16058 26 -1.5 78.8162310395294 S0_1
16059 26 -1.5 0 S0_1
16060 26 -1.5 0 S0_1
16062 26 -1.5 40.7548679575212 S0_1
16063 26 -1.5 220.75756404319 S0_1
16046 27 -1.5 0 S0_1
16047 27 -1.5 4.49733632501216 S0_1
16049 27 -1.5 0 S0_1
16050 27 -1.5 0 S0_1
16052 27 -1.5 0 S0_1
16053 27 -1.5 0 S0_1
16054 27 -1.5 73.7324256355718 S0_1
16055 27 -1.5 18.3281209461267 S0_1
16056 27 -1.5 12.448553843534 S0_1
16057 27 -1.5 72.9212269825568 S0_1
16058 27 -1.5 0 S0_1
16059 27 -1.5 0 S0_1
16060 27 -1.5 0 S0_1
16062 27 -1.5 0 S0_1
16063 27 -1.5 70.8189515892975 S0_1
16046 28 -1.5 37.4796604139423 S0_1
16047 28 -1.5 197.199832357116 S0_1
16049 28 -1.5 45.153122339932 S0_1
16050 28 -1.5 487.703317381478 S0_1
16052 28 -1.5 502.580666867889 S0_1
16053 28 -1.5 338.66399691606 S0_1
16054 28 -1.5 380.061823932186 S0_1
16055 28 -1.5 1076.80423603539 S0_1
16056 28 -1.5 251.677387542928 S0_1
16057 28 -1.5 323.441491012982 S0_1
16058 28 -1.5 120.193077761489 S0_1
16059 28 -1.5 0 S0_1
16060 28 -1.5 1.74078194201735 S0_1
16062 28 -1.5 64.0819826103059 S0_1
16063 28 -1.5 279.340937832558 S0_1
16046 29 -1.5 0 S0_1
16047 29 -1.5 2.75399211462063 S0_1
16049 29 -1.5 0 S0_1
16050 29 -1.5 9.95462816070794 S0_1
16052 29 -1.5 42.1912921161275 S0_1
16053 29 -1.5 11.199356473219 S0_1
16054 29 -1.5 58.0413298920242 S0_1
16055 29 -1.5 137.481044864076 S0_1
16056 29 -1.5 4.4364846831112 S0_1
16057 29 -1.5 58.4373886547616 S0_1
16058 29 -1.5 0 S0_1
16059 29 -1.5 0 S0_1
16060 29 -1.5 0 S0_1
16062 29 -1.5 0 S0_1
16063 29 -1.5 37.1347214833498 S0_1
16046 30 -1.5 0 S0_1
16047 30 -1.5 53.0870105637015 S0_1
16049 30 -1.5 1.99928479309299 S0_1
16050 30 -1.5 5.1394045506841 S0_1
16052 30 -1.5 49.2470791210699 S0_1
16053 30 -1.5 23.9751273924604 S0_1
16054 30 -1.5 143.14643320186 S0_1
16055 30 -1.5 116.211889795861 S0_1
16056 30 -1.5 95.6982261649258 S0_1
16057 30 -1.5 128.637994996284 S0_1
16058 30 -1.5 0 S0_1
16059 30 -1.5 0 S0_1
16060 30 -1.5 0 S0_1
16062 30 -1.5 1.95078011863601 S0_1
16063 30 -1.5 139.198387515659 S0_1
16046 31 -1.5 0 S0_1
16047 31 -1.5 31.621691696375 S0_1
16049 31 -1.5 0 S0_1
16050 31 -1.5 16.1984542529627 S0_1
16052 31 -1.5 64.4770746502129 S0_1
16053 31 -1.5 49.8568799311475 S0_1
16054 31 -1.5 126.890463245099 S0_1
16055 31 -1.5 131.39805652216 S0_1
16056 31 -1.5 108.601543119783 S0_1
16057 31 -1.5 94.2299980900075 S0_1
16058 31 -1.5 0 S0_1
16059 31 -1.5 0 S0_1
16060 31 -1.5 0 S0_1
16062 31 -1.5 0 S0_1
16063 31 -1.5 134.142280192871 S0_1
16046 1 -3 0 S0_1
16047 1 -3 0 S0_1
16049 1 -3 0 S0_1
16050 1 -3 0 S0_1
16052 1 -3 0 S0_1
16053 1 -3 0 S0_1
16054 1 -3 0 S0_1
16055 1 -3 28.7021691868019 S0_1
16056 1 -3 0 S0_1
16057 1 -3 0 S0_1
16058 1 -3 0 S0_1
16059 1 -3 0 S0_1
16060 1 -3 0 S0_1
16062 1 -3 0 S0_1
16063 1 -3 0 S0_1
16046 2 -3 0 S0_1
16047 2 -3 4.27258849672818 S0_1
16049 2 -3 0 S0_1
16050 2 -3 0 S0_1
16052 2 -3 0 S0_1
16053 2 -3 0 S0_1
16054 2 -3 76.507686277692 S0_1
16055 2 -3 17.5766524813825 S0_1
16056 2 -3 12.4433531002207 S0_1
16057 2 -3 73.076672626817 S0_1
16058 2 -3 0 S0_1
16059 2 -3 0 S0_1
16060 2 -3 0 S0_1
16062 2 -3 0 S0_1
16063 2 -3 118.378355234898 S0_1
16046 3 -3 0 S0_1
16047 3 -3 0 S0_1
16049 3 -3 0 S0_1
16050 3 -3 0 S0_1
16052 3 -3 0 S0_1
16053 3 -3 0 S0_1
16054 3 -3 0 S0_1
16055 3 -3 0 S0_1
16056 3 -3 0 S0_1
16057 3 -3 0 S0_1
16058 3 -3 0 S0_1
16059 3 -3 0 S0_1
16060 3 -3 0 S0_1
16062 3 -3 0 S0_1
16063 3 -3 0 S0_1
16046 4 -3 0 S0_1
16047 4 -3 0 S0_1
16049 4 -3 0 S0_1
16050 4 -3 0 S0_1
16052 4 -3 0 S0_1
16053 4 -3 0 S0_1
16054 4 -3 0 S0_1
16055 4 -3 0 S0_1
16056 4 -3 0 S0_1
16057 4 -3 0 S0_1
16058 4 -3 0 S0_1
16059 4 -3 0 S0_1
16060 4 -3 0 S0_1
16062 4 -3 0 S0_1
16063 4 -3 0 S0_1
16046 5 -3 0 S0_1
16047 5 -3 0 S0_1
16049 5 -3 0 S0_1
16050 5 -3 0 S0_1
16052 5 -3 0 S0_1
16053 5 -3 0 S0_1
16054 5 -3 0 S0_1
16055 5 -3 0 S0_1
16056 5 -3 0 S0_1
16057 5 -3 0 S0_1
16058 5 -3 0 S0_1
16059 5 -3 0 S0_1
16060 5 -3 0 S0_1
16062 5 -3 0 S0_1
16063 5 -3 0 S0_1
16046 6 -3 0 S0_1
16047 6 -3 17.9748677446874 S0_1
16049 6 -3 0 S0_1
16050 6 -3 38.2783487222442 S0_1
16052 6 -3 80.0529745474558 S0_1
16053 6 -3 47.5967475706435 S0_1
16054 6 -3 94.3283627619669 S0_1
16055 6 -3 163.315196795382 S0_1
16056 6 -3 32.391368878061 S0_1
16057 6 -3 82.4001454116291 S0_1
16058 6 -3 0 S0_1
16059 6 -3 0 S0_1
16060 6 -3 0 S0_1
16062 6 -3 0 S0_1
16063 6 -3 123.946360234803 S0_1
16046 7 -3 0 S0_1
16047 7 -3 7.04312190019927 S0_1
16049 7 -3 0 S0_1
16050 7 -3 0 S0_1
16052 7 -3 0 S0_1
16053 7 -3 0 S0_1
16054 7 -3 85.8107704137292 S0_1
16055 7 -3 24.1496275908702 S0_1
16056 7 -3 19.7986220331618 S0_1
16057 7 -3 79.9851635987771 S0_1
16058 7 -3 0 S0_1
16059 7 -3 0 S0_1
16060 7 -3 0 S0_1
16062 7 -3 0 S0_1
16063 7 -3 129.195267766941 S0_1
16046 8 -3 0 S0_1
16047 8 -3 0 S0_1
16049 8 -3 0 S0_1
16050 8 -3 6.67695049587129 S0_1
16052 8 -3 15.1129047479258 S0_1
16053 8 -3 1.83796976922635 S0_1
16054 8 -3 6.46320925570915 S0_1
16055 8 -3 98.4935867986106 S0_1
16056 8 -3 0 S0_1
16057 8 -3 10.6885767480967 S0_1
16058 8 -3 0 S0_1
16059 8 -3 0 S0_1
16060 8 -3 0 S0_1
16062 8 -3 0 S0_1
16063 8 -3 7.93415534282147 S0_1
16046 9 -3 0 S0_1
16047 9 -3 0 S0_1
16049 9 -3 0 S0_1
16050 9 -3 0 S0_1
16052 9 -3 1.06134110056482 S0_1
16053 9 -3 0 S0_1
16054 9 -3 2.52730751643693 S0_1
16055 9 -3 40.3772706317095 S0_1
16056 9 -3 0 S0_1
16057 9 -3 5.13272986099844 S0_1
16058 9 -3 0 S0_1
16059 9 -3 0 S0_1
16060 9 -3 0 S0_1
16062 9 -3 0 S0_1
16063 9 -3 7.06251573016884 S0_1
16046 10 -3 0 S0_1
16047 10 -3 0 S0_1
16049 10 -3 0 S0_1
16050 10 -3 2.00967049889661 S0_1
16052 10 -3 6.50348261466255 S0_1
16053 10 -3 0 S0_1
16054 10 -3 2.46625222760306 S0_1
16055 10 -3 76.089154916391 S0_1
16056 10 -3 0 S0_1
16057 10 -3 4.32764698889711 S0_1
16058 10 -3 0 S0_1
16059 10 -3 0 S0_1
16060 10 -3 0 S0_1
16062 10 -3 0 S0_1
16063 10 -3 4.1926350370703 S0_1
16046 11 -3 0 S0_1
16047 11 -3 0 S0_1
16049 11 -3 0 S0_1
16050 11 -3 0 S0_1
16052 11 -3 0 S0_1
16053 11 -3 0 S0_1
16054 11 -3 0 S0_1
16055 11 -3 0 S0_1
16056 11 -3 0 S0_1
16057 11 -3 0 S0_1
16058 11 -3 0 S0_1
16059 11 -3 0 S0_1
16060 11 -3 0 S0_1
16062 11 -3 0 S0_1
16063 11 -3 0 S0_1
16046 12 -3 0 S0_1
16047 12 -3 0 S0_1
16049 12 -3 0 S0_1
16050 12 -3 0 S0_1
16052 12 -3 0 S0_1
16053 12 -3 0 S0_1
16054 12 -3 0 S0_1
16055 12 -3 0 S0_1
16056 12 -3 0 S0_1
16057 12 -3 0 S0_1
16058 12 -3 0 S0_1
16059 12 -3 0 S0_1
16060 12 -3 0 S0_1
16062 12 -3 0 S0_1
16063 12 -3 0 S0_1
16046 13 -3 0 S0_1
16047 13 -3 0 S0_1
16049 13 -3 0 S0_1
16050 13 -3 0 S0_1
16052 13 -3 0 S0_1
16053 13 -3 0 S0_1
16054 13 -3 0 S0_1
16055 13 -3 1.71498603977967 S0_1
16056 13 -3 0 S0_1
16057 13 -3 0 S0_1
16058 13 -3 0 S0_1
16059 13 -3 0 S0_1
16060 13 -3 0 S0_1
16062 13 -3 0 S0_1
16063 13 -3 0 S0_1
16046 14 -3 0 S0_1
16047 14 -3 17.3165498156087 S0_1
16049 14 -3 0 S0_1
16050 14 -3 0 S0_1
16052 14 -3 13.8361654471399 S0_1
16053 14 -3 4.76587201359371 S0_1
16054 14 -3 100.450564821214 S0_1
16055 14 -3 79.352845823294 S0_1
16056 14 -3 39.2953612499536 S0_1
16057 14 -3 89.6883068069974 S0_1
16058 14 -3 0 S0_1
16059 14 -3 0 S0_1
16060 14 -3 0 S0_1
16062 14 -3 0 S0_1
16063 14 -3 142.144052483176 S0_1
16046 15 -3 1.84673523204756 S0_1
16047 15 -3 90.3232089021405 S0_1
16049 15 -3 7.67936145769858 S0_1
16050 15 -3 178.964259724402 S0_1
16052 15 -3 224.351923260434 S0_1
16053 15 -3 161.157903557553 S0_1
16054 15 -3 184.150203696335 S0_1
16055 15 -3 448.346369160254 S0_1
16056 15 -3 134.128345747938 S0_1
16057 15 -3 152.821301649798 S0_1
16058 15 -3 73.1531023653651 S0_1
16059 15 -3 0 S0_1
16060 15 -3 0 S0_1
16062 15 -3 12.5032248839863 S0_1
16063 15 -3 215.602054872226 S0_1
16046 16 -3 0 S0_1
16047 16 -3 5.18864150451997 S0_1
16049 16 -3 0 S0_1
16050 16 -3 82.4100549442927 S0_1
16052 16 -3 93.6561096089273 S0_1
16053 16 -3 49.9988223361394 S0_1
16054 16 -3 62.125697561987 S0_1
16055 16 -3 416.562179624251 S0_1
16056 16 -3 4.93043508745935 S0_1
16057 16 -3 54.7702179041519 S0_1
16058 16 -3 11.6990320233373 S0_1
16059 16 -3 0 S0_1
16060 16 -3 0 S0_1
16062 16 -3 0 S0_1
16063 16 -3 67.1660377968785 S0_1
16046 17 -3 0 S0_1
16047 17 -3 12.0173624538747 S0_1
16049 17 -3 0 S0_1
16050 17 -3 14.3200026506965 S0_1
16052 17 -3 53.8402826942537 S0_1
16053 17 -3 25.2103429711127 S0_1
16054 17 -3 93.3165283260428 S0_1
16055 17 -3 127.640167427911 S0_1
16056 17 -3 22.6430599734639 S0_1
16057 17 -3 85.4442486739215 S0_1
16058 17 -3 0 S0_1
16059 17 -3 0 S0_1
16060 17 -3 0 S0_1
16062 17 -3 0 S0_1
16063 17 -3 119.593639866277 S0_1
16046 18 -3 0 S0_1
16047 18 -3 0 S0_1
16049 18 -3 0 S0_1
16050 18 -3 0 S0_1
16052 18 -3 0 S0_1
16053 18 -3 0 S0_1
16054 18 -3 0 S0_1
16055 18 -3 2.48147372073192 S0_1
16056 18 -3 0 S0_1
16057 18 -3 0 S0_1
16058 18 -3 0 S0_1
16059 18 -3 0 S0_1
16060 18 -3 0 S0_1
16062 18 -3 0 S0_1
16063 18 -3 0 S0_1
16046 19 -3 0 S0_1
16047 19 -3 0 S0_1
16049 19 -3 0 S0_1
16050 19 -3 1.54301985122135 S0_1
16052 19 -3 6.20124625273235 S0_1
16053 19 -3 0 S0_1
16054 19 -3 3.25478897751043 S0_1
16055 19 -3 73.9449133459441 S0_1
16056 19 -3 0 S0_1
16057 19 -3 5.78407240605063 S0_1
16058 19 -3 0 S0_1
16059 19 -3 0 S0_1
16060 19 -3 0 S0_1
16062 19 -3 0 S0_1
16063 19 -3 5.96507323866273 S0_1
16046 20 -3 0 S0_1
16047 20 -3 49.9608987661815 S0_1
16049 20 -3 0 S0_1
16050 20 -3 148.672103217679 S0_1
16052 20 -3 175.96481570941 S0_1
16053 20 -3 116.815354579916 S0_1
16054 20 -3 130.033425294954 S0_1
16055 20 -3 481.860976513365 S0_1
16056 20 -3 69.0105718703254 S0_1
16057 20 -3 108.687004990705 S0_1
16058 20 -3 53.3044765497264 S0_1
16059 20 -3 0 S0_1
16060 20 -3 0 S0_1
16062 20 -3 1.79906596489069 S0_1
16063 20 -3 145.278247374546 S0_1
16046 21 -3 0 S0_1
16047 21 -3 0 S0_1
16049 21 -3 0 S0_1
16050 21 -3 0 S0_1
16052 21 -3 0 S0_1
16053 21 -3 0 S0_1
16054 21 -3 0 S0_1
16055 21 -3 38.5668601303505 S0_1
16056 21 -3 0 S0_1
16057 21 -3 0 S0_1
16058 21 -3 0 S0_1
16059 21 -3 0 S0_1
16060 21 -3 0 S0_1
16062 21 -3 0 S0_1
16063 21 -3 0 S0_1
16046 22 -3 0 S0_1
16047 22 -3 0 S0_1
16049 22 -3 0 S0_1
16050 22 -3 30.4511745761318 S0_1
16052 22 -3 30.8574516272994 S0_1
16053 22 -3 4.98196621226611 S0_1
16054 22 -3 10.2550581605073 S0_1
16055 22 -3 174.304934985146 S0_1
16056 22 -3 0 S0_1
16057 22 -3 11.6632613479154 S0_1
16058 22 -3 0 S0_1
16059 22 -3 0 S0_1
16060 22 -3 0 S0_1
16062 22 -3 0 S0_1
16063 22 -3 9.19509573193021 S0_1
16046 23 -3 0 S0_1
16047 23 -3 0 S0_1
16049 23 -3 0 S0_1
16050 23 -3 1.27964673902527 S0_1
16052 23 -3 8.35812062711972 S0_1
16053 23 -3 1.31820956439369 S0_1
16054 23 -3 10.3453803204843 S0_1
16055 23 -3 73.3097722911879 S0_1
16056 23 -3 0 S0_1
16057 23 -3 13.9104923790527 S0_1
16058 23 -3 0 S0_1
16059 23 -3 0 S0_1
16060 23 -3 0 S0_1
16062 23 -3 0 S0_1
16063 23 -3 23.3647331260166 S0_1
16046 24 -3 0 S0_1
16047 24 -3 0 S0_1
16049 24 -3 0 S0_1
16050 24 -3 0 S0_1
16052 24 -3 2.52131908259202 S0_1
16053 24 -3 0 S0_1
16054 24 -3 0 S0_1
16055 24 -3 59.9232433615148 S0_1
16056 24 -3 0 S0_1
16057 24 -3 1.42887489627114 S0_1
16058 24 -3 0 S0_1
16059 24 -3 0 S0_1
16060 24 -3 0 S0_1
16062 24 -3 0 S0_1
16063 24 -3 1.50077667796614 S0_1
16046 25 -3 0 S0_1
16047 25 -3 3.04742016016664 S0_1
16049 25 -3 0 S0_1
16050 25 -3 0 S0_1
16052 25 -3 2.57286907306175 S0_1
16053 25 -3 0 S0_1
16054 25 -3 61.530896651826 S0_1
16055 25 -3 46.2548154520635 S0_1
16056 25 -3 9.20764187489275 S0_1
16057 25 -3 57.5564796753598 S0_1
16058 25 -3 0 S0_1
16059 25 -3 0 S0_1
16060 25 -3 0 S0_1
16062 25 -3 0 S0_1
16063 25 -3 101.6859397656 S0_1
16046 26 -3 0 S0_1
16047 26 -3 1.69264757097295 S0_1
16049 26 -3 0 S0_1
16050 26 -3 63.4083492274007 S0_1
16052 26 -3 72.7096810304114 S0_1
16053 26 -3 32.1781515888445 S0_1
16054 26 -3 42.8655170909218 S0_1
16055 26 -3 373.669141501042 S0_1
16056 26 -3 1.80493164315355 S0_1
16057 26 -3 38.7361834335479 S0_1
16058 26 -3 3.85637325253845 S0_1
16059 26 -3 0 S0_1
16060 26 -3 0 S0_1
16062 26 -3 0 S0_1
16063 26 -3 47.8460719563383 S0_1
16046 27 -3 0 S0_1
16047 27 -3 0 S0_1
16049 27 -3 0 S0_1
16050 27 -3 0 S0_1
16052 27 -3 0 S0_1
16053 27 -3 0 S0_1
16054 27 -3 1.9524981928358 S0_1
16055 27 -3 0 S0_1
16056 27 -3 0 S0_1
16057 27 -3 5.36554383860989 S0_1
16058 27 -3 0 S0_1
16059 27 -3 0 S0_1
16060 27 -3 0 S0_1
16062 27 -3 0 S0_1
16063 27 -3 11.0720070911281 S0_1
16046 28 -3 0 S0_1
16047 28 -3 16.7022084653134 S0_1
16049 28 -3 0 S0_1
16050 28 -3 114.72739360187 S0_1
16052 28 -3 120.645279867516 S0_1
16053 28 -3 73.7746707901348 S0_1
16054 28 -3 82.4927037301329 S0_1
16055 28 -3 697.980368612241 S0_1
16056 28 -3 18.8110724713727 S0_1
16057 28 -3 67.3397310947676 S0_1
16058 28 -3 31.1085197944553 S0_1
16059 28 -3 0 S0_1
16060 28 -3 0 S0_1
16062 28 -3 0 S0_1
16063 28 -3 88.4591285524081 S0_1
16046 29 -3 0 S0_1
16047 29 -3 0 S0_1
16049 29 -3 0 S0_1
16050 29 -3 0 S0_1
16052 29 -3 0 S0_1
16053 29 -3 0 S0_1
16054 29 -3 0 S0_1
16055 29 -3 0 S0_1
16056 29 -3 0 S0_1
16057 29 -3 0 S0_1
16058 29 -3 0 S0_1
16059 29 -3 0 S0_1
16060 29 -3 0 S0_1
16062 29 -3 0 S0_1
16063 29 -3 0 S0_1
16046 30 -3 0 S0_1
16047 30 -3 4.04156434188589 S0_1
16049 30 -3 0 S0_1
16050 30 -3 0 S0_1
16052 30 -3 3.32063164423979 S0_1
16053 30 -3 0 S0_1
16054 30 -3 69.7303812573471 S0_1
16055 30 -3 52.7507012311857 S0_1
16056 30 -3 10.5754997106581 S0_1
16057 30 -3 65.8656199190032 S0_1
16058 30 -3 0 S0_1
16059 30 -3 0 S0_1
16060 30 -3 0 S0_1
16062 30 -3 0 S0_1
16063 30 -3 107.52696528033 S0_1
16046 31 -3 0 S0_1
16047 31 -3 0 S0_1
16049 31 -3 0 S0_1
16050 31 -3 0 S0_1
16052 31 -3 0 S0_1
16053 31 -3 0 S0_1
16054 31 -3 2.25854553916514 S0_1
16055 31 -3 5.51233084681419 S0_1
16056 31 -3 0 S0_1
16057 31 -3 1.96959852689129 S0_1
16058 31 -3 0 S0_1
16059 31 -3 0 S0_1
16060 31 -3 0 S0_1
16062 31 -3 0 S0_1
16063 31 -3 21.3721382512454 S0_1
16046 1 -5 0 S0_1
16047 1 -5 0 S0_1
16049 1 -5 0 S0_1
16050 1 -5 0 S0_1
16052 1 -5 0 S0_1
16053 1 -5 0 S0_1
16054 1 -5 0 S0_1
16055 1 -5 0 S0_1
16056 1 -5 0 S0_1
16057 1 -5 0 S0_1
16058 1 -5 0 S0_1
16059 1 -5 0 S0_1
16060 1 -5 0 S0_1
16062 1 -5 0 S0_1
16063 1 -5 0 S0_1
16046 2 -5 0 S0_1
16047 2 -5 0 S0_1
16049 2 -5 0 S0_1
16050 2 -5 0 S0_1
16052 2 -5 0 S0_1
16053 2 -5 0 S0_1
16054 2 -5 15.1956635189988 S0_1
16055 2 -5 0 S0_1
16056 2 -5 0 S0_1
16057 2 -5 24.4725442066011 S0_1
16058 2 -5 0 S0_1
16059 2 -5 0 S0_1
16060 2 -5 0 S0_1
16062 2 -5 0 S0_1
16063 2 -5 55.3842928901404 S0_1
16046 3 -5 0 S0_1
16047 3 -5 0 S0_1
16049 3 -5 0 S0_1
16050 3 -5 0 S0_1
16052 3 -5 0 S0_1
16053 3 -5 0 S0_1
16054 3 -5 0 S0_1
16055 3 -5 0 S0_1
16056 3 -5 0 S0_1
16057 3 -5 0 S0_1
16058 3 -5 0 S0_1
16059 3 -5 0 S0_1
16060 3 -5 0 S0_1
16062 3 -5 0 S0_1
16063 3 -5 0 S0_1
16046 4 -5 0 S0_1
16047 4 -5 0 S0_1
16049 4 -5 0 S0_1
16050 4 -5 0 S0_1
16052 4 -5 0 S0_1
16053 4 -5 0 S0_1
16054 4 -5 0 S0_1
16055 4 -5 0 S0_1
16056 4 -5 0 S0_1
16057 4 -5 0 S0_1
16058 4 -5 0 S0_1
16059 4 -5 0 S0_1
16060 4 -5 0 S0_1
16062 4 -5 0 S0_1
16063 4 -5 0 S0_1
16046 5 -5 0 S0_1
16047 5 -5 0 S0_1
16049 5 -5 0 S0_1
16050 5 -5 0 S0_1
16052 5 -5 0 S0_1
16053 5 -5 0 S0_1
16054 5 -5 0 S0_1
16055 5 -5 0 S0_1
16056 5 -5 0 S0_1
16057 5 -5 0 S0_1
16058 5 -5 0 S0_1
16059 5 -5 0 S0_1
16060 5 -5 0 S0_1
16062 5 -5 0 S0_1
16063 5 -5 0 S0_1
16046 6 -5 0 S0_1
16047 6 -5 0 S0_1
16049 6 -5 0 S0_1
16050 6 -5 0 S0_1
16052 6 -5 0 S0_1
16053 6 -5 0 S0_1
16054 6 -5 1.63880659500228 S0_1
16055 6 -5 33.2283555916132 S0_1
16056 6 -5 0 S0_1
16057 6 -5 3.51944793384153 S0_1
16058 6 -5 0 S0_1
16059 6 -5 0 S0_1
16060 6 -5 0 S0_1
16062 6 -5 0 S0_1
16063 6 -5 8.11676423275082 S0_1
16046 7 -5 0 S0_1
16047 7 -5 0 S0_1
16049 7 -5 0 S0_1
16050 7 -5 0 S0_1
16052 7 -5 0 S0_1
16053 7 -5 0 S0_1
16054 7 -5 25.9805012346099 S0_1
16055 7 -5 1.66792662749711 S0_1
16056 7 -5 0 S0_1
16057 7 -5 33.8906377097512 S0_1
16058 7 -5 0 S0_1
16059 7 -5 0 S0_1
16060 7 -5 0 S0_1
16062 7 -5 0 S0_1
16063 7 -5 71.9046883590949 S0_1
16046 8 -5 0 S0_1
16047 8 -5 0 S0_1
16049 8 -5 0 S0_1
16050 8 -5 0 S0_1
16052 8 -5 0 S0_1
16053 8 -5 0 S0_1
16054 8 -5 0 S0_1
16055 8 -5 0 S0_1
16056 8 -5 0 S0_1
16057 8 -5 0 S0_1
16058 8 -5 0 S0_1
16059 8 -5 0 S0_1
16060 8 -5 0 S0_1
16062 8 -5 0 S0_1
16063 8 -5 0 S0_1
16046 9 -5 0 S0_1
16047 9 -5 0 S0_1
16049 9 -5 0 S0_1
16050 9 -5 0 S0_1
16052 9 -5 0 S0_1
16053 9 -5 0 S0_1
16054 9 -5 0 S0_1
16055 9 -5 0 S0_1
16056 9 -5 0 S0_1
16057 9 -5 0 S0_1
16058 9 -5 0 S0_1
16059 9 -5 0 S0_1
16060 9 -5 0 S0_1
16062 9 -5 0 S0_1
16063 9 -5 0 S0_1
16046 10 -5 0 S0_1
16047 10 -5 0 S0_1
16049 10 -5 0 S0_1
16050 10 -5 0 S0_1
16052 10 -5 0 S0_1
16053 10 -5 0 S0_1
16054 10 -5 0 S0_1
16055 10 -5 0 S0_1
16056 10 -5 0 S0_1
16057 10 -5 0 S0_1
16058 10 -5 0 S0_1
16059 10 -5 0 S0_1
16060 10 -5 0 S0_1
16062 10 -5 0 S0_1
16063 10 -5 0 S0_1
16046 11 -5 0 S0_1
16047 11 -5 0 S0_1
16049 11 -5 0 S0_1
16050 11 -5 0 S0_1
16052 11 -5 0 S0_1
16053 11 -5 0 S0_1
16054 11 -5 0 S0_1
16055 11 -5 0 S0_1
16056 11 -5 0 S0_1
16057 11 -5 0 S0_1
16058 11 -5 0 S0_1
16059 11 -5 0 S0_1
16060 11 -5 0 S0_1
16062 11 -5 0 S0_1
16063 11 -5 0 S0_1
16046 12 -5 0 S0_1
16047 12 -5 0 S0_1
16049 12 -5 0 S0_1
16050 12 -5 0 S0_1
16052 12 -5 0 S0_1
16053 12 -5 0 S0_1
16054 12 -5 0 S0_1
16055 12 -5 0 S0_1
16056 12 -5 0 S0_1
16057 12 -5 0 S0_1
16058 12 -5 0 S0_1
16059 12 -5 0 S0_1
16060 12 -5 0 S0_1
16062 12 -5 0 S0_1
16063 12 -5 0 S0_1
16046 13 -5 0 S0_1
16047 13 -5 0 S0_1
16049 13 -5 0 S0_1
16050 13 -5 0 S0_1
16052 13 -5 0 S0_1
16053 13 -5 0 S0_1
16054 13 -5 0 S0_1
16055 13 -5 0 S0_1
16056 13 -5 0 S0_1
16057 13 -5 0 S0_1
16058 13 -5 0 S0_1
16059 13 -5 0 S0_1
16060 13 -5 0 S0_1
16062 13 -5 0 S0_1
16063 13 -5 0 S0_1
16046 14 -5 0 S0_1
16047 14 -5 0 S0_1
16049 14 -5 0 S0_1
16050 14 -5 0 S0_1
16052 14 -5 0 S0_1
16053 14 -5 0 S0_1
16054 14 -5 25.3268970888984 S0_1
16055 14 -5 15.5071168911601 S0_1
16056 14 -5 0 S0_1
16057 14 -5 31.4798752145305 S0_1
16058 14 -5 0 S0_1
16059 14 -5 0 S0_1
16060 14 -5 0 S0_1
16062 14 -5 0 S0_1
16063 14 -5 66.7228138149898 S0_1
16046 15 -5 0 S0_1
16047 15 -5 3.6234955385186 S0_1
16049 15 -5 0 S0_1
16050 15 -5 51.3146086472181 S0_1
16052 15 -5 75.4473733167155 S0_1
16053 15 -5 39.9807669052922 S0_1
16054 15 -5 57.0441933771203 S0_1
16055 15 -5 167.524447027331 S0_1
16056 15 -5 5.75588843640628 S0_1
16057 15 -5 50.4727077627058 S0_1
16058 15 -5 2.72606301244988 S0_1
16059 15 -5 0 S0_1
16060 15 -5 0 S0_1
16062 15 -5 0 S0_1
16063 15 -5 83.7715251651573 S0_1
16046 16 -5 0 S0_1
16047 16 -5 0 S0_1
16049 16 -5 0 S0_1
16050 16 -5 0 S0_1
16052 16 -5 0 S0_1
16053 16 -5 0 S0_1
16054 16 -5 0 S0_1
16055 16 -5 4.40704903266921 S0_1
16056 16 -5 0 S0_1
16057 16 -5 0 S0_1
16058 16 -5 0 S0_1
16059 16 -5 0 S0_1
16060 16 -5 0 S0_1
16062 16 -5 0 S0_1
16063 16 -5 0 S0_1
16046 17 -5 0 S0_1
16047 17 -5 0 S0_1
16049 17 -5 0 S0_1
16050 17 -5 0 S0_1
16052 17 -5 0 S0_1
16053 17 -5 0 S0_1
16054 17 -5 7.69425493985937 S0_1
16055 17 -5 37.3875107375356 S0_1
16056 17 -5 0 S0_1
16057 17 -5 14.8862958951871 S0_1
16058 17 -5 0 S0_1
16059 17 -5 0 S0_1
16060 17 -5 0 S0_1
16062 17 -5 0 S0_1
16063 17 -5 24.1956826693608 S0_1
16046 18 -5 0 S0_1
16047 18 -5 0 S0_1
16049 18 -5 0 S0_1
16050 18 -5 0 S0_1
16052 18 -5 0 S0_1
16053 18 -5 0 S0_1
16054 18 -5 0 S0_1
16055 18 -5 0 S0_1
16056 18 -5 0 S0_1
16057 18 -5 0 S0_1
16058 18 -5 0 S0_1
16059 18 -5 0 S0_1
16060 18 -5 0 S0_1
16062 18 -5 0 S0_1
16063 18 -5 0 S0_1
16046 19 -5 0 S0_1
16047 19 -5 0 S0_1
16049 19 -5 0 S0_1
16050 19 -5 0 S0_1
16052 19 -5 0 S0_1
16053 19 -5 0 S0_1
16054 19 -5 0 S0_1
16055 19 -5 0 S0_1
16056 19 -5 0 S0_1
16057 19 -5 0 S0_1
16058 19 -5 0 S0_1
16059 19 -5 0 S0_1
16060 19 -5 0 S0_1
16062 19 -5 0 S0_1
16063 19 -5 0 S0_1
16046 20 -5 0 S0_1
16047 20 -5 0 S0_1
16049 20 -5 0 S0_1
16050 20 -5 5.31018361676724 S0_1
16052 20 -5 9.97232195832314 S0_1
16053 20 -5 1.09078675025682 S0_1
16054 20 -5 2.87393877374408 S0_1
16055 20 -5 88.036599057534 S0_1
16056 20 -5 0 S0_1
16057 20 -5 4.96686804077458 S0_1
16058 20 -5 0 S0_1
16059 20 -5 0 S0_1
16060 20 -5 0 S0_1
16062 20 -5 0 S0_1
16063 20 -5 5.96088895068605 S0_1
16046 21 -5 0 S0_1
16047 21 -5 0 S0_1
16049 21 -5 0 S0_1
16050 21 -5 0 S0_1
16052 21 -5 0 S0_1
16053 21 -5 0 S0_1
16054 21 -5 0 S0_1
16055 21 -5 0 S0_1
16056 21 -5 0 S0_1
16057 21 -5 0 S0_1
16058 21 -5 0 S0_1
16059 21 -5 0 S0_1
16060 21 -5 0 S0_1
16062 21 -5 0 S0_1
16063 21 -5 0 S0_1
16046 22 -5 0 S0_1
16047 22 -5 0 S0_1
16049 22 -5 0 S0_1
16050 22 -5 0 S0_1
16052 22 -5 0 S0_1
16053 22 -5 0 S0_1
16054 22 -5 0 S0_1
16055 22 -5 0 S0_1
16056 22 -5 0 S0_1
16057 22 -5 0 S0_1
16058 22 -5 0 S0_1
16059 22 -5 0 S0_1
16060 22 -5 0 S0_1
16062 22 -5 0 S0_1
16063 22 -5 0 S0_1
16046 23 -5 0 S0_1
16047 23 -5 0 S0_1
16049 23 -5 0 S0_1
16050 23 -5 0 S0_1
16052 23 -5 0 S0_1
16053 23 -5 0 S0_1
16054 23 -5 0 S0_1
16055 23 -5 0 S0_1
16056 23 -5 0 S0_1
16057 23 -5 0 S0_1
16058 23 -5 0 S0_1
16059 23 -5 0 S0_1
16060 23 -5 0 S0_1
16062 23 -5 0 S0_1
16063 23 -5 0 S0_1
16046 24 -5 0 S0_1
16047 24 -5 0 S0_1
16049 24 -5 0 S0_1
16050 24 -5 0 S0_1
16052 24 -5 0 S0_1
16053 24 -5 0 S0_1
16054 24 -5 0 S0_1
16055 24 -5 0 S0_1
16056 24 -5 0 S0_1
16057 24 -5 0 S0_1
16058 24 -5 0 S0_1
16059 24 -5 0 S0_1
16060 24 -5 0 S0_1
16062 24 -5 0 S0_1
16063 24 -5 0 S0_1
16046 25 -5 0 S0_1
16047 25 -5 0 S0_1
16049 25 -5 0 S0_1
16050 25 -5 0 S0_1
16052 25 -5 0 S0_1
16053 25 -5 0 S0_1
16054 25 -5 0 S0_1
16055 25 -5 0 S0_1
16056 25 -5 0 S0_1
16057 25 -5 1.02709807232882 S0_1
16058 25 -5 0 S0_1
16059 25 -5 0 S0_1
16060 25 -5 0 S0_1
16062 25 -5 0 S0_1
16063 25 -5 4.92916523257144 S0_1
16046 26 -5 0 S0_1
16047 26 -5 0 S0_1
16049 26 -5 0 S0_1
16050 26 -5 0 S0_1
16052 26 -5 0 S0_1
16053 26 -5 0 S0_1
16054 26 -5 0 S0_1
16055 26 -5 0 S0_1
16056 26 -5 0 S0_1
16057 26 -5 0 S0_1
16058 26 -5 0 S0_1
16059 26 -5 0 S0_1
16060 26 -5 0 S0_1
16062 26 -5 0 S0_1
16063 26 -5 0 S0_1
16046 27 -5 0 S0_1
16047 27 -5 0 S0_1
16049 27 -5 0 S0_1
16050 27 -5 0 S0_1
16052 27 -5 0 S0_1
16053 27 -5 0 S0_1
16054 27 -5 0 S0_1
16055 27 -5 0 S0_1
16056 27 -5 0 S0_1
16057 27 -5 0 S0_1
16058 27 -5 0 S0_1
16059 27 -5 0 S0_1
16060 27 -5 0 S0_1
16062 27 -5 0 S0_1
16063 27 -5 0 S0_1
16046 28 -5 0 S0_1
16047 28 -5 0 S0_1
16049 28 -5 0 S0_1
16050 28 -5 0 S0_1
16052 28 -5 0 S0_1
16053 28 -5 0 S0_1
16054 28 -5 0 S0_1
16055 28 -5 10.0476802005969 S0_1
16056 28 -5 0 S0_1
16057 28 -5 0 S0_1
16058 28 -5 0 S0_1
16059 28 -5 0 S0_1
16060 28 -5 0 S0_1
16062 28 -5 0 S0_1
16063 28 -5 0 S0_1
16046 29 -5 0 S0_1
16047 29 -5 0 S0_1
16049 29 -5 0 S0_1
16050 29 -5 0 S0_1
16052 29 -5 0 S0_1
16053 29 -5 0 S0_1
16054 29 -5 0 S0_1
16055 29 -5 0 S0_1
16056 29 -5 0 S0_1
16057 29 -5 0 S0_1
16058 29 -5 0 S0_1
16059 29 -5 0 S0_1
16060 29 -5 0 S0_1
16062 29 -5 0 S0_1
16063 29 -5 0 S0_1
16046 30 -5 0 S0_1
16047 30 -5 0 S0_1
16049 30 -5 0 S0_1
16050 30 -5 0 S0_1
16052 30 -5 0 S0_1
16053 30 -5 0 S0_1
16054 30 -5 1.98633109079799 S0_1
16055 30 -5 1.27550103072743 S0_1
16056 30 -5 0 S0_1
16057 30 -5 4.92897465760934 S0_1
16058 30 -5 0 S0_1
16059 30 -5 0 S0_1
16060 30 -5 0 S0_1
16062 30 -5 0 S0_1
16063 30 -5 15.3777773609118 S0_1
16046 31 -5 0 S0_1
16047 31 -5 0 S0_1
16049 31 -5 0 S0_1
16050 31 -5 0 S0_1
16052 31 -5 0 S0_1
16053 31 -5 0 S0_1
16054 31 -5 0 S0_1
16055 31 -5 0 S0_1
16056 31 -5 0 S0_1
16057 31 -5 0 S0_1
16058 31 -5 0 S0_1
16059 31 -5 0 S0_1
16060 31 -5 0 S0_1
16062 31 -5 0 S0_1
16063 31 -5 0 S0_1
