speciesID lakeID variable value scenario
14037 1 -0.5 1.99138888268372 S0_1
14038 1 -0.5 142.144751726928 S0_1
14039 1 -0.5 0 S0_1
14042 1 -0.5 0 S0_1
14043 1 -0.5 0 S0_1
14046 1 -0.5 262.198837687207 S0_1
14047 1 -0.5 0 S0_1
14049 1 -0.5 0 S0_1
14053 1 -0.5 132.228658926772 S0_1
14054 1 -0.5 0 S0_1
14055 1 -0.5 123.029119361626 S0_1
14057 1 -0.5 15.7253031904698 S0_1
14060 1 -0.5 133.691573594843 S0_1
14061 1 -0.5 0 S0_1
14062 1 -0.5 149.261521958547 S0_1
14037 2 -0.5 0 S0_1
14038 2 -0.5 9.65477274007308 S0_1
14039 2 -0.5 0 S0_1
14042 2 -0.5 0 S0_1
14043 2 -0.5 0 S0_1
14046 2 -0.5 0 S0_1
14047 2 -0.5 0 S0_1
14049 2 -0.5 0 S0_1
14053 2 -0.5 0 S0_1
14054 2 -0.5 0 S0_1
14055 2 -0.5 0 S0_1
14057 2 -0.5 0 S0_1
14060 2 -0.5 0 S0_1
14061 2 -0.5 0 S0_1
14062 2 -0.5 0 S0_1
14037 3 -0.5 0 S0_1
14038 3 -0.5 104.23508255109 S0_1
14039 3 -0.5 0 S0_1
14042 3 -0.5 0 S0_1
14043 3 -0.5 0 S0_1
14046 3 -0.5 193.31054056801 S0_1
14047 3 -0.5 0 S0_1
14049 3 -0.5 0 S0_1
14053 3 -0.5 93.0954202369149 S0_1
14054 3 -0.5 0 S0_1
14055 3 -0.5 69.1147499082787 S0_1
14057 3 -0.5 0 S0_1
14060 3 -0.5 64.2554353509792 S0_1
14061 3 -0.5 0 S0_1
14062 3 -0.5 109.657467168283 S0_1
14037 4 -0.5 1.06007574525276 S0_1
14038 4 -0.5 129.007130229043 S0_1
14039 4 -0.5 0 S0_1
14042 4 -0.5 0 S0_1
14043 4 -0.5 0 S0_1
14046 4 -0.5 241.320291241816 S0_1
14047 4 -0.5 0 S0_1
14049 4 -0.5 0 S0_1
14053 4 -0.5 117.530012793039 S0_1
14054 4 -0.5 0 S0_1
14055 4 -0.5 109.836534413281 S0_1
14057 4 -0.5 6.61034448411953 S0_1
14060 4 -0.5 115.205181421007 S0_1
14061 4 -0.5 0 S0_1
14062 4 -0.5 135.546615232513 S0_1
14037 5 -0.5 0 S0_1
14038 5 -0.5 0 S0_1
14039 5 -0.5 0 S0_1
14042 5 -0.5 0 S0_1
14043 5 -0.5 0 S0_1
14046 5 -0.5 0 S0_1
14047 5 -0.5 0 S0_1
14049 5 -0.5 0 S0_1
14053 5 -0.5 0 S0_1
14054 5 -0.5 0 S0_1
14055 5 -0.5 0 S0_1
14057 5 -0.5 0 S0_1
14060 5 -0.5 0 S0_1
14061 5 -0.5 0 S0_1
14062 5 -0.5 0 S0_1
14037 6 -0.5 4.3800898386852 S0_1
14038 6 -0.5 138.385827117682 S0_1
14039 6 -0.5 0 S0_1
14042 6 -0.5 0 S0_1
14043 6 -0.5 0 S0_1
14046 6 -0.5 249.54360569212 S0_1
14047 6 -0.5 0 S0_1
14049 6 -0.5 0 S0_1
14053 6 -0.5 131.297379179038 S0_1
14054 6 -0.5 0 S0_1
14055 6 -0.5 119.445338317556 S0_1
14057 6 -0.5 16.3151479763107 S0_1
14060 6 -0.5 124.7241683276 S0_1
14061 6 -0.5 0 S0_1
14062 6 -0.5 153.764304224258 S0_1
14037 7 -0.5 0 S0_1
14038 7 -0.5 11.4227232768785 S0_1
14039 7 -0.5 0 S0_1
14042 7 -0.5 0 S0_1
14043 7 -0.5 0 S0_1
14046 7 -0.5 0 S0_1
14047 7 -0.5 0 S0_1
14049 7 -0.5 0 S0_1
14053 7 -0.5 0 S0_1
14054 7 -0.5 0 S0_1
14055 7 -0.5 0 S0_1
14057 7 -0.5 0 S0_1
14060 7 -0.5 0 S0_1
14061 7 -0.5 0 S0_1
14062 7 -0.5 0 S0_1
14037 8 -0.5 0 S0_1
14038 8 -0.5 128.953700724323 S0_1
14039 8 -0.5 0 S0_1
14042 8 -0.5 0 S0_1
14043 8 -0.5 0 S0_1
14046 8 -0.5 226.635019080445 S0_1
14047 8 -0.5 0 S0_1
14049 8 -0.5 0 S0_1
14053 8 -0.5 113.514040799021 S0_1
14054 8 -0.5 0 S0_1
14055 8 -0.5 111.632209966889 S0_1
14057 8 -0.5 11.8095980816914 S0_1
14060 8 -0.5 123.454116419741 S0_1
14061 8 -0.5 0 S0_1
14062 8 -0.5 129.560421459818 S0_1
14037 9 -0.5 1.66371739483681 S0_1
14038 9 -0.5 129.335988138008 S0_1
14039 9 -0.5 0 S0_1
14042 9 -0.5 0 S0_1
14043 9 -0.5 0 S0_1
14046 9 -0.5 239.026492520883 S0_1
14047 9 -0.5 0 S0_1
14049 9 -0.5 0 S0_1
14053 9 -0.5 119.781343423622 S0_1
14054 9 -0.5 0 S0_1
14055 9 -0.5 109.559027545604 S0_1
14057 9 -0.5 7.71394786722787 S0_1
14060 9 -0.5 113.21869611043 S0_1
14061 9 -0.5 0 S0_1
14062 9 -0.5 139.967391847304 S0_1
14037 10 -0.5 2.59426223967304 S0_1
14038 10 -0.5 142.881370248944 S0_1
14039 10 -0.5 0 S0_1
14042 10 -0.5 0 S0_1
14043 10 -0.5 0 S0_1
14046 10 -0.5 256.783480063666 S0_1
14047 10 -0.5 0 S0_1
14049 10 -0.5 0 S0_1
14053 10 -0.5 132.72548760395 S0_1
14054 10 -0.5 0 S0_1
14055 10 -0.5 125.075771727094 S0_1
14057 10 -0.5 19.3746793252053 S0_1
14060 10 -0.5 135.701452112175 S0_1
14061 10 -0.5 0 S0_1
14062 10 -0.5 151.943454691102 S0_1
14037 11 -0.5 0 S0_1
14038 11 -0.5 112.662327141209 S0_1
14039 11 -0.5 0 S0_1
14042 11 -0.5 0 S0_1
14043 11 -0.5 0 S0_1
14046 11 -0.5 220.462304807292 S0_1
14047 11 -0.5 0 S0_1
14049 11 -0.5 0 S0_1
14053 11 -0.5 87.8094751144332 S0_1
14054 11 -0.5 0 S0_1
14055 11 -0.5 89.2550234432755 S0_1
14057 11 -0.5 1.80475694699913 S0_1
14060 11 -0.5 100.9808161351 S0_1
14061 11 -0.5 0 S0_1
14062 11 -0.5 96.4916688164772 S0_1
14037 12 -0.5 0 S0_1
14038 12 -0.5 95.8411536596449 S0_1
14039 12 -0.5 0 S0_1
14042 12 -0.5 0 S0_1
14043 12 -0.5 0 S0_1
14046 12 -0.5 182.616497672658 S0_1
14047 12 -0.5 0 S0_1
14049 12 -0.5 0 S0_1
14053 12 -0.5 61.4654121694649 S0_1
14054 12 -0.5 0 S0_1
14055 12 -0.5 71.4744120253898 S0_1
14057 12 -0.5 0 S0_1
14060 12 -0.5 86.3208830398513 S0_1
14061 12 -0.5 0 S0_1
14062 12 -0.5 67.3838003221147 S0_1
14037 13 -0.5 0 S0_1
14038 13 -0.5 64.6461645135685 S0_1
14039 13 -0.5 0 S0_1
14042 13 -0.5 0 S0_1
14043 13 -0.5 0 S0_1
14046 13 -0.5 115.089111707281 S0_1
14047 13 -0.5 0 S0_1
14049 13 -0.5 0 S0_1
14053 13 -0.5 41.123876853415 S0_1
14054 13 -0.5 0 S0_1
14055 13 -0.5 43.2911222757044 S0_1
14057 13 -0.5 0 S0_1
14060 13 -0.5 40.3507416091654 S0_1
14061 13 -0.5 0 S0_1
14062 13 -0.5 32.6956138852341 S0_1
14037 14 -0.5 0 S0_1
14038 14 -0.5 79.1981744995343 S0_1
14039 14 -0.5 0 S0_1
14042 14 -0.5 0 S0_1
14043 14 -0.5 0 S0_1
14046 14 -0.5 104.317243206401 S0_1
14047 14 -0.5 0 S0_1
14049 14 -0.5 0 S0_1
14053 14 -0.5 62.2612126879349 S0_1
14054 14 -0.5 0 S0_1
14055 14 -0.5 23.8278398754303 S0_1
14057 14 -0.5 0 S0_1
14060 14 -0.5 12.6907926616351 S0_1
14061 14 -0.5 0 S0_1
14062 14 -0.5 55.4343948008739 S0_1
14037 15 -0.5 20.153098230896 S0_1
14038 15 -0.5 162.856389195648 S0_1
14039 15 -0.5 0 S0_1
14042 15 -0.5 0 S0_1
14043 15 -0.5 0 S0_1
14046 15 -0.5 284.785699199668 S0_1
14047 15 -0.5 1.47735968825313 S0_1
14049 15 -0.5 0 S0_1
14053 15 -0.5 158.439855493782 S0_1
14054 15 -0.5 0 S0_1
14055 15 -0.5 145.939426929647 S0_1
14057 15 -0.5 41.6329148250517 S0_1
14060 15 -0.5 160.304757158402 S0_1
14061 15 -0.5 0 S0_1
14062 15 -0.5 181.94943253643 S0_1
14037 16 -0.5 2.12806282610149 S0_1
14038 16 -0.5 141.473221862718 S0_1
14039 16 -0.5 0 S0_1
14042 16 -0.5 0 S0_1
14043 16 -0.5 0 S0_1
14046 16 -0.5 246.953874250853 S0_1
14047 16 -0.5 0 S0_1
14049 16 -0.5 0 S0_1
14053 16 -0.5 129.000300684124 S0_1
14054 16 -0.5 0 S0_1
14055 16 -0.5 123.946859474723 S0_1
14057 16 -0.5 23.2261914608006 S0_1
14060 16 -0.5 137.635636512877 S0_1
14061 16 -0.5 0 S0_1
14062 16 -0.5 147.446350110369 S0_1
14037 17 -0.5 0 S0_1
14038 17 -0.5 108.910658220848 S0_1
14039 17 -0.5 0 S0_1
14042 17 -0.5 0 S0_1
14043 17 -0.5 0 S0_1
14046 17 -0.5 194.330988035869 S0_1
14047 17 -0.5 0 S0_1
14049 17 -0.5 0 S0_1
14053 17 -0.5 96.7530981613242 S0_1
14054 17 -0.5 0 S0_1
14055 17 -0.5 87.5710075725113 S0_1
14057 17 -0.5 2.53020886344738 S0_1
14060 17 -0.5 87.7174478627996 S0_1
14061 17 -0.5 0 S0_1
14062 17 -0.5 113.259426313952 S0_1
14037 18 -0.5 0 S0_1
14038 18 -0.5 118.061735454006 S0_1
14039 18 -0.5 0 S0_1
14042 18 -0.5 0 S0_1
14043 18 -0.5 0 S0_1
14046 18 -0.5 215.586869757653 S0_1
14047 18 -0.5 0 S0_1
14049 18 -0.5 0 S0_1
14053 18 -0.5 96.7703661418608 S0_1
14054 18 -0.5 0 S0_1
14055 18 -0.5 98.1314749056806 S0_1
14057 18 -0.5 4.5164268884302 S0_1
14060 18 -0.5 110.149081980719 S0_1
14061 18 -0.5 0 S0_1
14062 18 -0.5 108.364893244214 S0_1
14037 19 -0.5 2.12492122499759 S0_1
14038 19 -0.5 139.712837092983 S0_1
14039 19 -0.5 0 S0_1
14042 19 -0.5 0 S0_1
14043 19 -0.5 0 S0_1
14046 19 -0.5 250.895325839154 S0_1
14047 19 -0.5 0 S0_1
14049 19 -0.5 0 S0_1
14053 19 -0.5 128.846729269979 S0_1
14054 19 -0.5 0 S0_1
14055 19 -0.5 122.04789816571 S0_1
14057 19 -0.5 16.885495427285 S0_1
14060 19 -0.5 132.005039587982 S0_1
14061 19 -0.5 0 S0_1
14062 19 -0.5 148.035187185222 S0_1
14037 20 -0.5 5.17172885573255 S0_1
14038 20 -0.5 149.866626623277 S0_1
14039 20 -0.5 0 S0_1
14042 20 -0.5 0 S0_1
14043 20 -0.5 0 S0_1
14046 20 -0.5 259.656068634742 S0_1
14047 20 -0.5 0 S0_1
14049 20 -0.5 0 S0_1
14053 20 -0.5 140.111626476599 S0_1
14054 20 -0.5 0 S0_1
14055 20 -0.5 132.790584541672 S0_1
14057 20 -0.5 32.0342553609338 S0_1
14060 20 -0.5 147.346743185528 S0_1
14061 20 -0.5 0 S0_1
14062 20 -0.5 160.680674673236 S0_1
14037 21 -0.5 2.6201395704093 S0_1
14038 21 -0.5 142.147548858809 S0_1
14039 21 -0.5 0 S0_1
14042 21 -0.5 0 S0_1
14043 21 -0.5 0 S0_1
14046 21 -0.5 259.261233712473 S0_1
14047 21 -0.5 0 S0_1
14049 21 -0.5 0 S0_1
14053 21 -0.5 133.011694225927 S0_1
14054 21 -0.5 0 S0_1
14055 21 -0.5 124.101645584382 S0_1
14057 21 -0.5 16.7187361077619 S0_1
14060 21 -0.5 133.157023028518 S0_1
14061 21 -0.5 0 S0_1
14062 21 -0.5 152.204575229129 S0_1
14037 22 -0.5 5.99647378789708 S0_1
14038 22 -0.5 152.573955969797 S0_1
14039 22 -0.5 0 S0_1
14042 22 -0.5 0 S0_1
14043 22 -0.5 0 S0_1
14046 22 -0.5 275.712651030183 S0_1
14047 22 -0.5 0 S0_1
14049 22 -0.5 0 S0_1
14053 22 -0.5 146.13733669328 S0_1
14054 22 -0.5 0 S0_1
14055 22 -0.5 134.279994047022 S0_1
14057 22 -0.5 27.719438038591 S0_1
14060 22 -0.5 146.371373910226 S0_1
14061 22 -0.5 0 S0_1
14062 22 -0.5 165.772641451313 S0_1
14037 23 -0.5 7.29770738859052 S0_1
14038 23 -0.5 147.897134704876 S0_1
14039 23 -0.5 0 S0_1
14042 23 -0.5 0 S0_1
14043 23 -0.5 0 S0_1
14046 23 -0.5 272.231936772242 S0_1
14047 23 -0.5 0 S0_1
14049 23 -0.5 0 S0_1
14053 23 -0.5 143.667163037218 S0_1
14054 23 -0.5 0 S0_1
14055 23 -0.5 129.590821401532 S0_1
14057 23 -0.5 20.7574850111187 S0_1
14060 23 -0.5 136.067494025353 S0_1
14061 23 -0.5 0 S0_1
14062 23 -0.5 165.8964842508 S0_1
14037 24 -0.5 4.24484617594334 S0_1
14038 24 -0.5 147.668340397319 S0_1
14039 24 -0.5 0 S0_1
14042 24 -0.5 0 S0_1
14043 24 -0.5 0 S0_1
14046 24 -0.5 268.52584375235 S0_1
14047 24 -0.5 0 S0_1
14049 24 -0.5 0 S0_1
14053 24 -0.5 140.343631311603 S0_1
14054 24 -0.5 0 S0_1
14055 24 -0.5 129.710242096501 S0_1
14057 24 -0.5 21.7528773434411 S0_1
14060 24 -0.5 139.712905927577 S0_1
14061 24 -0.5 0 S0_1
14062 24 -0.5 160.068925571229 S0_1
14037 25 -0.5 0 S0_1
14038 25 -0.5 84.4805775389384 S0_1
14039 25 -0.5 0 S0_1
14042 25 -0.5 0 S0_1
14043 25 -0.5 0 S0_1
14046 25 -0.5 115.63286712241 S0_1
14047 25 -0.5 0 S0_1
14049 25 -0.5 0 S0_1
14053 25 -0.5 69.0167070449671 S0_1
14054 25 -0.5 0 S0_1
14055 25 -0.5 28.0353418281824 S0_1
14057 25 -0.5 0 S0_1
14060 25 -0.5 17.2316630321882 S0_1
14061 25 -0.5 0 S0_1
14062 25 -0.5 68.2977704186797 S0_1
14037 26 -0.5 4.67966025134355 S0_1
14038 26 -0.5 150.331142857323 S0_1
14039 26 -0.5 0 S0_1
14042 26 -0.5 0 S0_1
14043 26 -0.5 0 S0_1
14046 26 -0.5 266.72307845893 S0_1
14047 26 -0.5 0 S0_1
14049 26 -0.5 0 S0_1
14053 26 -0.5 141.512816137057 S0_1
14054 26 -0.5 0 S0_1
14055 26 -0.5 132.400113835737 S0_1
14057 26 -0.5 28.5817713469471 S0_1
14060 26 -0.5 145.498745538014 S0_1
14061 26 -0.5 0 S0_1
14062 26 -0.5 161.353573603338 S0_1
14037 27 -0.5 0 S0_1
14038 27 -0.5 5.42031240367226 S0_1
14039 27 -0.5 0 S0_1
14042 27 -0.5 0 S0_1
14043 27 -0.5 0 S0_1
14046 27 -0.5 0 S0_1
14047 27 -0.5 0 S0_1
14049 27 -0.5 0 S0_1
14053 27 -0.5 0 S0_1
14054 27 -0.5 0 S0_1
14055 27 -0.5 0 S0_1
14057 27 -0.5 0 S0_1
14060 27 -0.5 0 S0_1
14061 27 -0.5 0 S0_1
14062 27 -0.5 0 S0_1
14037 28 -0.5 10.0891697147042 S0_1
14038 28 -0.5 157.865080812189 S0_1
14039 28 -0.5 0 S0_1
14042 28 -0.5 0 S0_1
14043 28 -0.5 0 S0_1
14046 28 -0.5 280.27342385878 S0_1
14047 28 -0.5 0 S0_1
14049 28 -0.5 0 S0_1
14053 28 -0.5 152.014553426204 S0_1
14054 28 -0.5 0 S0_1
14055 28 -0.5 139.977967955711 S0_1
14057 28 -0.5 35.5298173027309 S0_1
14060 28 -0.5 153.769395423064 S0_1
14061 28 -0.5 0 S0_1
14062 28 -0.5 173.136372083099 S0_1
14037 29 -0.5 0 S0_1
14038 29 -0.5 99.9529614779022 S0_1
14039 29 -0.5 0 S0_1
14042 29 -0.5 0 S0_1
14043 29 -0.5 0 S0_1
14046 29 -0.5 187.001770521828 S0_1
14047 29 -0.5 0 S0_1
14049 29 -0.5 0 S0_1
14053 29 -0.5 80.3928011167024 S0_1
14054 29 -0.5 0 S0_1
14055 29 -0.5 79.3349084632553 S0_1
14057 29 -0.5 1.001819325542 S0_1
14060 29 -0.5 82.8949668927716 S0_1
14061 29 -0.5 0 S0_1
14062 29 -0.5 91.7178097255404 S0_1
14037 30 -0.5 0 S0_1
14038 30 -0.5 75.3201657287095 S0_1
14039 30 -0.5 0 S0_1
14042 30 -0.5 0 S0_1
14043 30 -0.5 0 S0_1
14046 30 -0.5 98.0065587677528 S0_1
14047 30 -0.5 0 S0_1
14049 30 -0.5 0 S0_1
14053 30 -0.5 56.9990251075978 S0_1
14054 30 -0.5 0 S0_1
14055 30 -0.5 19.3244607225283 S0_1
14057 30 -0.5 0 S0_1
14060 30 -0.5 9.96290379898496 S0_1
14061 30 -0.5 0 S0_1
14062 30 -0.5 46.6842282463234 S0_1
14037 31 -0.5 9.36782744182379 S0_1
14038 31 -0.5 101.540316470568 S0_1
14039 31 -0.5 0 S0_1
14042 31 -0.5 0 S0_1
14043 31 -0.5 0 S0_1
14046 31 -0.5 228.749856987762 S0_1
14047 31 -0.5 0 S0_1
14049 31 -0.5 0 S0_1
14053 31 -0.5 126.022145072483 S0_1
14054 31 -0.5 0 S0_1
14055 31 -0.5 75.1731670712552 S0_1
14057 31 -0.5 1.0573538835516 S0_1
14060 31 -0.5 67.514716021131 S0_1
14061 31 -0.5 0 S0_1
14062 31 -0.5 139.376003339277 S0_1
14037 1 -1.5 0 S0_1
14038 1 -1.5 34.6411041664907 S0_1
14039 1 -1.5 0 S0_1
14042 1 -1.5 0 S0_1
14043 1 -1.5 356.540176091817 S0_1
14046 1 -1.5 25.7124647729012 S0_1
14047 1 -1.5 0 S0_1
14049 1 -1.5 0 S0_1
14053 1 -1.5 5.66991166661894 S0_1
14054 1 -1.5 0 S0_1
14055 1 -1.5 1.49225033238495 S0_1
14057 1 -1.5 0 S0_1
14060 1 -1.5 12.7868837901516 S0_1
14061 1 -1.5 11.0359575080553 S0_1
14062 1 -1.5 2.68738709365133 S0_1
14037 2 -1.5 0 S0_1
14038 2 -1.5 17.3048633101557 S0_1
14039 2 -1.5 0 S0_1
14042 2 -1.5 0 S0_1
14043 2 -1.5 173.551332152798 S0_1
14046 2 -1.5 0 S0_1
14047 2 -1.5 0 S0_1
14049 2 -1.5 0 S0_1
14053 2 -1.5 1.1611051889665 S0_1
14054 2 -1.5 0 S0_1
14055 2 -1.5 0 S0_1
14057 2 -1.5 0 S0_1
14060 2 -1.5 0 S0_1
14061 2 -1.5 2.81056544387051 S0_1
14062 2 -1.5 0 S0_1
14037 3 -1.5 0 S0_1
14038 3 -1.5 56.2053087884484 S0_1
14039 3 -1.5 0 S0_1
14042 3 -1.5 0 S0_1
14043 3 -1.5 362.828059472356 S0_1
14046 3 -1.5 60.6408824587417 S0_1
14047 3 -1.5 0 S0_1
14049 3 -1.5 0 S0_1
14053 3 -1.5 32.2274168210838 S0_1
14054 3 -1.5 0 S0_1
14055 3 -1.5 3.3338600782197 S0_1
14057 3 -1.5 0 S0_1
14060 3 -1.5 6.74213566799057 S0_1
14061 3 -1.5 21.3533703231456 S0_1
14062 3 -1.5 13.7337521033018 S0_1
14037 4 -1.5 0 S0_1
14038 4 -1.5 46.7454925900782 S0_1
14039 4 -1.5 0 S0_1
14042 4 -1.5 0 S0_1
14043 4 -1.5 364.644458826834 S0_1
14046 4 -1.5 46.0995294022923 S0_1
14047 4 -1.5 0 S0_1
14049 4 -1.5 0 S0_1
14053 4 -1.5 15.3915032610596 S0_1
14054 4 -1.5 0 S0_1
14055 4 -1.5 3.80206001649082 S0_1
14057 4 -1.5 0 S0_1
14060 4 -1.5 16.8313546506292 S0_1
14061 4 -1.5 16.6435101027239 S0_1
14062 4 -1.5 6.48123996427373 S0_1
14037 5 -1.5 0 S0_1
14038 5 -1.5 0 S0_1
14039 5 -1.5 0 S0_1
14042 5 -1.5 0 S0_1
14043 5 -1.5 0 S0_1
14046 5 -1.5 0 S0_1
14047 5 -1.5 0 S0_1
14049 5 -1.5 0 S0_1
14053 5 -1.5 0 S0_1
14054 5 -1.5 0 S0_1
14055 5 -1.5 0 S0_1
14057 5 -1.5 0 S0_1
14060 5 -1.5 0 S0_1
14061 5 -1.5 0 S0_1
14062 5 -1.5 0 S0_1
14037 6 -1.5 2.12614874481272 S0_1
14038 6 -1.5 122.095134769004 S0_1
14039 6 -1.5 48.7214792806026 S0_1
14042 6 -1.5 0 S0_1
14043 6 -1.5 509.430078635446 S0_1
14046 6 -1.5 160.03595193249 S0_1
14047 6 -1.5 0 S0_1
14049 6 -1.5 9.22591266978253 S0_1
14053 6 -1.5 114.404618054712 S0_1
14054 6 -1.5 0 S0_1
14055 6 -1.5 67.1242808027229 S0_1
14057 6 -1.5 0 S0_1
14060 6 -1.5 85.7539145407618 S0_1
14061 6 -1.5 102.935730197048 S0_1
14062 6 -1.5 103.933861038505 S0_1
14037 7 -1.5 0 S0_1
14038 7 -1.5 20.8705686798144 S0_1
14039 7 -1.5 0 S0_1
14042 7 -1.5 0 S0_1
14043 7 -1.5 180.091316594794 S0_1
14046 7 -1.5 0 S0_1
14047 7 -1.5 0 S0_1
14049 7 -1.5 0 S0_1
14053 7 -1.5 1.5985193986679 S0_1
14054 7 -1.5 0 S0_1
14055 7 -1.5 0 S0_1
14057 7 -1.5 0 S0_1
14060 7 -1.5 0 S0_1
14061 7 -1.5 3.91575947565556 S0_1
14062 7 -1.5 0 S0_1
14037 8 -1.5 0 S0_1
14038 8 -1.5 74.1707856662942 S0_1
14039 8 -1.5 3.46271436271939 S0_1
14042 8 -1.5 0 S0_1
14043 8 -1.5 397.321244720525 S0_1
14046 8 -1.5 80.9206129256553 S0_1
14047 8 -1.5 0 S0_1
14049 8 -1.5 0 S0_1
14053 8 -1.5 46.3711507544909 S0_1
14054 8 -1.5 0 S0_1
14055 8 -1.5 20.7467084496441 S0_1
14057 8 -1.5 0 S0_1
14060 8 -1.5 46.9638256666933 S0_1
14061 8 -1.5 49.8364974720226 S0_1
14062 8 -1.5 23.8929856968112 S0_1
14037 9 -1.5 0 S0_1
14038 9 -1.5 80.7355703622108 S0_1
14039 9 -1.5 5.51264855231147 S0_1
14042 9 -1.5 0 S0_1
14043 9 -1.5 422.912360601637 S0_1
14046 9 -1.5 100.29039084272 S0_1
14047 9 -1.5 0 S0_1
14049 9 -1.5 0 S0_1
14053 9 -1.5 59.9240717495045 S0_1
14054 9 -1.5 0 S0_1
14055 9 -1.5 25.8232141098966 S0_1
14057 9 -1.5 0 S0_1
14060 9 -1.5 44.7529703948177 S0_1
14061 9 -1.5 52.7107059060835 S0_1
14062 9 -1.5 41.3207748765683 S0_1
14037 10 -1.5 0 S0_1
14038 10 -1.5 77.697820956964 S0_1
14039 10 -1.5 5.1196507371398 S0_1
14042 10 -1.5 0 S0_1
14043 10 -1.5 427.355904271562 S0_1
14046 10 -1.5 91.4002464232683 S0_1
14047 10 -1.5 0 S0_1
14049 10 -1.5 0 S0_1
14053 10 -1.5 51.606787435185 S0_1
14054 10 -1.5 0 S0_1
14055 10 -1.5 23.2019130196658 S0_1
14057 10 -1.5 0 S0_1
14060 10 -1.5 50.2995399528172 S0_1
14061 10 -1.5 54.1844576396621 S0_1
14062 10 -1.5 32.8290370889737 S0_1
14037 11 -1.5 0 S0_1
14038 11 -1.5 0 S0_1
14039 11 -1.5 0 S0_1
14042 11 -1.5 0 S0_1
14043 11 -1.5 185.193679685194 S0_1
14046 11 -1.5 0 S0_1
14047 11 -1.5 0 S0_1
14049 11 -1.5 0 S0_1
14053 11 -1.5 0 S0_1
14054 11 -1.5 0 S0_1
14055 11 -1.5 0 S0_1
14057 11 -1.5 0 S0_1
14060 11 -1.5 0 S0_1
14061 11 -1.5 0 S0_1
14062 11 -1.5 0 S0_1
14037 12 -1.5 0 S0_1
14038 12 -1.5 0 S0_1
14039 12 -1.5 0 S0_1
14042 12 -1.5 0 S0_1
14043 12 -1.5 166.677381106283 S0_1
14046 12 -1.5 0 S0_1
14047 12 -1.5 0 S0_1
14049 12 -1.5 0 S0_1
14053 12 -1.5 0 S0_1
14054 12 -1.5 0 S0_1
14055 12 -1.5 0 S0_1
14057 12 -1.5 0 S0_1
14060 12 -1.5 0 S0_1
14061 12 -1.5 0 S0_1
14062 12 -1.5 0 S0_1
14037 13 -1.5 0 S0_1
14038 13 -1.5 33.1974923908524 S0_1
14039 13 -1.5 0 S0_1
14042 13 -1.5 0 S0_1
14043 13 -1.5 260.242108615715 S0_1
14046 13 -1.5 17.5125077782103 S0_1
14047 13 -1.5 0 S0_1
14049 13 -1.5 0 S0_1
14053 13 -1.5 7.88956364228708 S0_1
14054 13 -1.5 0 S0_1
14055 13 -1.5 1.54475317837874 S0_1
14057 13 -1.5 0 S0_1
14060 13 -1.5 3.56603685585854 S0_1
14061 13 -1.5 3.91201410489491 S0_1
14062 13 -1.5 1.5634649362497 S0_1
14037 14 -1.5 0 S0_1
14038 14 -1.5 82.7908009712865 S0_1
14039 14 -1.5 0 S0_1
14042 14 -1.5 0 S0_1
14043 14 -1.5 368.596573368599 S0_1
14046 14 -1.5 66.8579269289633 S0_1
14047 14 -1.5 0 S0_1
14049 14 -1.5 0 S0_1
14053 14 -1.5 70.2688694679493 S0_1
14054 14 -1.5 0 S0_1
14055 14 -1.5 5.95365030305653 S0_1
14057 14 -1.5 0 S0_1
14060 14 -1.5 5.60715614192539 S0_1
14061 14 -1.5 57.2571563967541 S0_1
14062 14 -1.5 31.2166972045013 S0_1
14037 15 -1.5 11.9574174037811 S0_1
14038 15 -1.5 150.472854650527 S0_1
14039 15 -1.5 84.7784567526616 S0_1
14042 15 -1.5 0 S0_1
14043 15 -1.5 591.796497964169 S0_1
14046 15 -1.5 197.536153777975 S0_1
14047 15 -1.5 1.92163796788352 S0_1
14049 15 -1.5 35.3666909381003 S0_1
14053 15 -1.5 147.391649432982 S0_1
14054 15 -1.5 0 S0_1
14055 15 -1.5 93.0320714341763 S0_1
14057 15 -1.5 9.41240480547975 S0_1
14060 15 -1.5 122.601535585375 S0_1
14061 15 -1.5 144.479719767321 S0_1
14062 15 -1.5 135.676697074222 S0_1
14037 16 -1.5 0 S0_1
14038 16 -1.5 95.0818970958018 S0_1
14039 16 -1.5 16.9975839517862 S0_1
14042 16 -1.5 0 S0_1
14043 16 -1.5 449.377473401015 S0_1
14046 16 -1.5 112.803337195682 S0_1
14047 16 -1.5 0 S0_1
14049 16 -1.5 0 S0_1
14053 16 -1.5 73.4279371722799 S0_1
14054 16 -1.5 0 S0_1
14055 16 -1.5 41.0863743501352 S0_1
14057 16 -1.5 0 S0_1
14060 16 -1.5 68.4926262896643 S0_1
14061 16 -1.5 76.125631812528 S0_1
14062 16 -1.5 55.0450502930562 S0_1
14037 17 -1.5 0 S0_1
14038 17 -1.5 104.984540780741 S0_1
14039 17 -1.5 24.1831208967168 S0_1
14042 17 -1.5 0 S0_1
14043 17 -1.5 436.388242244794 S0_1
14046 17 -1.5 130.727160643286 S0_1
14047 17 -1.5 0 S0_1
14049 17 -1.5 2.45307114911956 S0_1
14053 17 -1.5 95.4256510355482 S0_1
14054 17 -1.5 0 S0_1
14055 17 -1.5 51.835470700022 S0_1
14057 17 -1.5 0 S0_1
14060 17 -1.5 62.0817956707848 S0_1
14061 17 -1.5 80.7960937272861 S0_1
14062 17 -1.5 79.6504132995073 S0_1
14037 18 -1.5 0 S0_1
14038 18 -1.5 12.1867763883645 S0_1
14039 18 -1.5 0 S0_1
14042 18 -1.5 0 S0_1
14043 18 -1.5 281.210679648904 S0_1
14046 18 -1.5 3.25517282130733 S0_1
14047 18 -1.5 0 S0_1
14049 18 -1.5 0 S0_1
14053 18 -1.5 0 S0_1
14054 18 -1.5 0 S0_1
14055 18 -1.5 0 S0_1
14057 18 -1.5 0 S0_1
14060 18 -1.5 2.28620807221596 S0_1
14061 18 -1.5 1.15024017792502 S0_1
14062 18 -1.5 0 S0_1
14037 19 -1.5 0 S0_1
14038 19 -1.5 79.966703831367 S0_1
14039 19 -1.5 5.98308476085773 S0_1
14042 19 -1.5 0 S0_1
14043 19 -1.5 426.999483208965 S0_1
14046 19 -1.5 94.552334365237 S0_1
14047 19 -1.5 0 S0_1
14049 19 -1.5 0 S0_1
14053 19 -1.5 54.9720350710126 S0_1
14054 19 -1.5 0 S0_1
14055 19 -1.5 25.656090119085 S0_1
14057 19 -1.5 0 S0_1
14060 19 -1.5 51.6123521080196 S0_1
14061 19 -1.5 55.8073669572666 S0_1
14062 19 -1.5 35.7252310092963 S0_1
14037 20 -1.5 1.44404895026718 S0_1
14038 20 -1.5 123.95783636568 S0_1
14039 20 -1.5 51.7745568071328 S0_1
14042 20 -1.5 0 S0_1
14043 20 -1.5 514.66539149916 S0_1
14046 20 -1.5 155.128623030877 S0_1
14047 20 -1.5 0 S0_1
14049 20 -1.5 8.03073748382165 S0_1
14053 20 -1.5 111.322904006386 S0_1
14054 20 -1.5 0 S0_1
14055 20 -1.5 69.1635608334598 S0_1
14057 20 -1.5 1.80866138503173 S0_1
14060 20 -1.5 96.9560873851504 S0_1
14061 20 -1.5 111.242489101172 S0_1
14062 20 -1.5 98.8429050878073 S0_1
14037 21 -1.5 0 S0_1
14038 21 -1.5 67.6125343406314 S0_1
14039 21 -1.5 2.29309300720592 S0_1
14042 21 -1.5 0 S0_1
14043 21 -1.5 412.410309784387 S0_1
14046 21 -1.5 77.9364136879675 S0_1
14047 21 -1.5 0 S0_1
14049 21 -1.5 0 S0_1
14053 21 -1.5 39.1646036652758 S0_1
14054 21 -1.5 0 S0_1
14055 21 -1.5 14.4609321418772 S0_1
14057 21 -1.5 0 S0_1
14060 21 -1.5 39.8557828770416 S0_1
14061 21 -1.5 42.1942464527822 S0_1
14062 21 -1.5 21.8792657600763 S0_1
14037 22 -1.5 0 S0_1
14038 22 -1.5 74.8898920009212 S0_1
14039 22 -1.5 4.57799017563685 S0_1
14042 22 -1.5 0 S0_1
14043 22 -1.5 437.336982777373 S0_1
14046 22 -1.5 89.5418039786696 S0_1
14047 22 -1.5 0 S0_1
14049 22 -1.5 0 S0_1
14053 22 -1.5 48.1849745986029 S0_1
14054 22 -1.5 0 S0_1
14055 22 -1.5 20.2577687566504 S0_1
14057 22 -1.5 0 S0_1
14060 22 -1.5 49.834454624041 S0_1
14061 22 -1.5 54.4368420380995 S0_1
14062 22 -1.5 31.668024013059 S0_1
14037 23 -1.5 0 S0_1
14038 23 -1.5 95.0626033844012 S0_1
14039 23 -1.5 18.5925847251886 S0_1
14042 23 -1.5 0 S0_1
14043 23 -1.5 474.247742594762 S0_1
14046 23 -1.5 124.135268854551 S0_1
14047 23 -1.5 0 S0_1
14049 23 -1.5 0 S0_1
14053 23 -1.5 78.5442821769896 S0_1
14054 23 -1.5 0 S0_1
14055 23 -1.5 40.6743903777738 S0_1
14057 23 -1.5 0 S0_1
14060 23 -1.5 63.0974800537037 S0_1
14061 23 -1.5 72.0446704013911 S0_1
14062 23 -1.5 65.7737660820809 S0_1
14037 24 -1.5 0 S0_1
14038 24 -1.5 73.931226545134 S0_1
14039 24 -1.5 4.08460527637995 S0_1
14042 24 -1.5 0 S0_1
14043 24 -1.5 430.490372430889 S0_1
14046 24 -1.5 88.381580883145 S0_1
14047 24 -1.5 0 S0_1
14049 24 -1.5 0 S0_1
14053 24 -1.5 47.4611983290742 S0_1
14054 24 -1.5 0 S0_1
14055 24 -1.5 19.6435502318105 S0_1
14057 24 -1.5 0 S0_1
14060 24 -1.5 47.0270247496056 S0_1
14061 24 -1.5 50.5953007911761 S0_1
14062 24 -1.5 30.2740674696246 S0_1
14037 25 -1.5 0 S0_1
14038 25 -1.5 76.0551019413847 S0_1
14039 25 -1.5 0 S0_1
14042 25 -1.5 0 S0_1
14043 25 -1.5 368.979397350288 S0_1
14046 25 -1.5 59.5776817220449 S0_1
14047 25 -1.5 0 S0_1
14049 25 -1.5 0 S0_1
14053 25 -1.5 61.5133849631846 S0_1
14054 25 -1.5 0 S0_1
14055 25 -1.5 3.4746000018332 S0_1
14057 25 -1.5 0 S0_1
14060 25 -1.5 4.0303997713039 S0_1
14061 25 -1.5 49.2492133367513 S0_1
14062 25 -1.5 25.2163843246509 S0_1
14037 26 -1.5 0 S0_1
14038 26 -1.5 92.6915307169122 S0_1
14039 26 -1.5 15.4626872766695 S0_1
14042 26 -1.5 0 S0_1
14043 26 -1.5 461.33937201507 S0_1
14046 26 -1.5 113.053755372819 S0_1
14047 26 -1.5 0 S0_1
14049 26 -1.5 0 S0_1
14053 26 -1.5 70.9640038923061 S0_1
14054 26 -1.5 0 S0_1
14055 26 -1.5 37.8143828337192 S0_1
14057 26 -1.5 0 S0_1
14060 26 -1.5 66.2469917523066 S0_1
14061 26 -1.5 73.8292766723164 S0_1
14062 26 -1.5 54.5683029836166 S0_1
14037 27 -1.5 0 S0_1
14038 27 -1.5 2.37576412552071 S0_1
14039 27 -1.5 0 S0_1
14042 27 -1.5 0 S0_1
14043 27 -1.5 135.743428929806 S0_1
14046 27 -1.5 0 S0_1
14047 27 -1.5 0 S0_1
14049 27 -1.5 0 S0_1
14053 27 -1.5 0 S0_1
14054 27 -1.5 0 S0_1
14055 27 -1.5 0 S0_1
14057 27 -1.5 0 S0_1
14060 27 -1.5 0 S0_1
14061 27 -1.5 0 S0_1
14062 27 -1.5 0 S0_1
14037 28 -1.5 0 S0_1
14038 28 -1.5 105.269785740111 S0_1
14039 28 -1.5 30.6195475177573 S0_1
14042 28 -1.5 0 S0_1
14043 28 -1.5 496.396761629773 S0_1
14046 28 -1.5 133.317248613994 S0_1
14047 28 -1.5 0 S0_1
14049 28 -1.5 1.82133520128415 S0_1
14053 28 -1.5 88.2314257227269 S0_1
14054 28 -1.5 0 S0_1
14055 28 -1.5 50.3066820686115 S0_1
14057 28 -1.5 0 S0_1
14060 28 -1.5 78.8417572169123 S0_1
14061 28 -1.5 89.6848304281591 S0_1
14062 28 -1.5 75.5821127688758 S0_1
14037 29 -1.5 0 S0_1
14038 29 -1.5 29.09528002979 S0_1
14039 29 -1.5 0 S0_1
14042 29 -1.5 0 S0_1
14043 29 -1.5 298.252206779024 S0_1
14046 29 -1.5 17.0729929285436 S0_1
14047 29 -1.5 0 S0_1
14049 29 -1.5 0 S0_1
14053 29 -1.5 4.15479093147263 S0_1
14054 29 -1.5 0 S0_1
14055 29 -1.5 1.03159016154583 S0_1
14057 29 -1.5 0 S0_1
14060 29 -1.5 4.46525890322326 S0_1
14061 29 -1.5 3.57911369258739 S0_1
14062 29 -1.5 1.50250096345558 S0_1
14037 30 -1.5 0 S0_1
14038 30 -1.5 72.8616344297093 S0_1
14039 30 -1.5 0 S0_1
14042 30 -1.5 0 S0_1
14043 30 -1.5 346.036808929998 S0_1
14046 30 -1.5 51.4817459641411 S0_1
14047 30 -1.5 0 S0_1
14049 30 -1.5 0 S0_1
14053 30 -1.5 57.1033889250101 S0_1
14054 30 -1.5 0 S0_1
14055 30 -1.5 2.85557051774084 S0_1
14057 30 -1.5 0 S0_1
14060 30 -1.5 3.02153784113122 S0_1
14061 30 -1.5 44.3293962658389 S0_1
14062 30 -1.5 17.3187558189579 S0_1
14037 31 -1.5 0 S0_1
14038 31 -1.5 62.7861979102322 S0_1
14039 31 -1.5 1.55343803190169 S0_1
14042 31 -1.5 0 S0_1
14043 31 -1.5 451.732296801471 S0_1
14046 31 -1.5 101.946281442671 S0_1
14047 31 -1.5 0 S0_1
14049 31 -1.5 0 S0_1
14053 31 -1.5 72.0840577473677 S0_1
14054 31 -1.5 0 S0_1
14055 31 -1.5 8.05732673636645 S0_1
14057 31 -1.5 0 S0_1
14060 31 -1.5 11.0912467557842 S0_1
14061 31 -1.5 44.292121328836 S0_1
14062 31 -1.5 49.705103633132 S0_1
14037 1 -3 0 S0_1
14038 1 -3 0 S0_1
14039 1 -3 0 S0_1
14042 1 -3 0 S0_1
14043 1 -3 22.9826663729009 S0_1
14046 1 -3 0 S0_1
14047 1 -3 0 S0_1
14049 1 -3 0 S0_1
14053 1 -3 0 S0_1
14054 1 -3 0 S0_1
14055 1 -3 0 S0_1
14057 1 -3 0 S0_1
14060 1 -3 0 S0_1
14061 1 -3 0 S0_1
14062 1 -3 0 S0_1
14037 2 -3 0 S0_1
14038 2 -3 2.44664575422981 S0_1
14039 2 -3 0 S0_1
14042 2 -3 0 S0_1
14043 2 -3 156.797583152245 S0_1
14046 2 -3 0 S0_1
14047 2 -3 0 S0_1
14049 2 -3 0 S0_1
14053 2 -3 0 S0_1
14054 2 -3 0 S0_1
14055 2 -3 0 S0_1
14057 2 -3 0 S0_1
14060 2 -3 0 S0_1
14061 2 -3 0 S0_1
14062 2 -3 0 S0_1
14037 3 -3 0 S0_1
14038 3 -3 0 S0_1
14039 3 -3 0 S0_1
14042 3 -3 0 S0_1
14043 3 -3 150.998708435763 S0_1
14046 3 -3 0 S0_1
14047 3 -3 0 S0_1
14049 3 -3 0 S0_1
14053 3 -3 0 S0_1
14054 3 -3 0 S0_1
14055 3 -3 0 S0_1
14057 3 -3 0 S0_1
14060 3 -3 0 S0_1
14061 3 -3 0 S0_1
14062 3 -3 0 S0_1
14037 4 -3 0 S0_1
14038 4 -3 0 S0_1
14039 4 -3 0 S0_1
14042 4 -3 0 S0_1
14043 4 -3 76.3293861017875 S0_1
14046 4 -3 0 S0_1
14047 4 -3 0 S0_1
14049 4 -3 0 S0_1
14053 4 -3 0 S0_1
14054 4 -3 0 S0_1
14055 4 -3 0 S0_1
14057 4 -3 0 S0_1
14060 4 -3 0 S0_1
14061 4 -3 0 S0_1
14062 4 -3 0 S0_1
14037 5 -3 0 S0_1
14038 5 -3 0 S0_1
14039 5 -3 0 S0_1
14042 5 -3 0 S0_1
14043 5 -3 0 S0_1
14046 5 -3 0 S0_1
14047 5 -3 0 S0_1
14049 5 -3 0 S0_1
14053 5 -3 0 S0_1
14054 5 -3 0 S0_1
14055 5 -3 0 S0_1
14057 5 -3 0 S0_1
14060 5 -3 0 S0_1
14061 5 -3 0 S0_1
14062 5 -3 0 S0_1
14037 6 -3 0 S0_1
14038 6 -3 53.1790708866729 S0_1
14039 6 -3 7.11003220657772 S0_1
14042 6 -3 0 S0_1
14043 6 -3 372.079298808218 S0_1
14046 6 -3 57.7676514181705 S0_1
14047 6 -3 0 S0_1
14049 6 -3 0 S0_1
14053 6 -3 26.0429701332991 S0_1
14054 6 -3 0 S0_1
14055 6 -3 6.57410639935094 S0_1
14057 6 -3 0 S0_1
14060 6 -3 20.5001777963052 S0_1
14061 6 -3 38.3085630358729 S0_1
14062 6 -3 11.5398413073894 S0_1
14037 7 -3 0 S0_1
14038 7 -3 3.80681787054922 S0_1
14039 7 -3 0 S0_1
14042 7 -3 0 S0_1
14043 7 -3 166.555654072169 S0_1
14046 7 -3 0 S0_1
14047 7 -3 0 S0_1
14049 7 -3 0 S0_1
14053 7 -3 0 S0_1
14054 7 -3 0 S0_1
14055 7 -3 0 S0_1
14057 7 -3 0 S0_1
14060 7 -3 0 S0_1
14061 7 -3 1.3104781614422 S0_1
14062 7 -3 0 S0_1
14037 8 -3 0 S0_1
14038 8 -3 0 S0_1
14039 8 -3 0 S0_1
14042 8 -3 0 S0_1
14043 8 -3 164.517389761856 S0_1
14046 8 -3 0 S0_1
14047 8 -3 0 S0_1
14049 8 -3 0 S0_1
14053 8 -3 0 S0_1
14054 8 -3 0 S0_1
14055 8 -3 0 S0_1
14057 8 -3 0 S0_1
14060 8 -3 0 S0_1
14061 8 -3 0 S0_1
14062 8 -3 0 S0_1
14037 9 -3 0 S0_1
14038 9 -3 0 S0_1
14039 9 -3 0 S0_1
14042 9 -3 0 S0_1
14043 9 -3 197.364778462645 S0_1
14046 9 -3 0 S0_1
14047 9 -3 0 S0_1
14049 9 -3 0 S0_1
14053 9 -3 0 S0_1
14054 9 -3 0 S0_1
14055 9 -3 0 S0_1
14057 9 -3 0 S0_1
14060 9 -3 0 S0_1
14061 9 -3 0 S0_1
14062 9 -3 0 S0_1
14037 10 -3 0 S0_1
14038 10 -3 0 S0_1
14039 10 -3 0 S0_1
14042 10 -3 0 S0_1
14043 10 -3 160.403173908539 S0_1
14046 10 -3 0 S0_1
14047 10 -3 0 S0_1
14049 10 -3 0 S0_1
14053 10 -3 0 S0_1
14054 10 -3 0 S0_1
14055 10 -3 0 S0_1
14057 10 -3 0 S0_1
14060 10 -3 0 S0_1
14061 10 -3 0 S0_1
14062 10 -3 0 S0_1
14037 11 -3 0 S0_1
14038 11 -3 0 S0_1
14039 11 -3 0 S0_1
14042 11 -3 0 S0_1
14043 11 -3 0 S0_1
14046 11 -3 0 S0_1
14047 11 -3 0 S0_1
14049 11 -3 0 S0_1
14053 11 -3 0 S0_1
14054 11 -3 0 S0_1
14055 11 -3 0 S0_1
14057 11 -3 0 S0_1
14060 11 -3 0 S0_1
14061 11 -3 0 S0_1
14062 11 -3 0 S0_1
14037 12 -3 0 S0_1
14038 12 -3 0 S0_1
14039 12 -3 0 S0_1
14042 12 -3 0 S0_1
14043 12 -3 0 S0_1
14046 12 -3 0 S0_1
14047 12 -3 0 S0_1
14049 12 -3 0 S0_1
14053 12 -3 0 S0_1
14054 12 -3 0 S0_1
14055 12 -3 0 S0_1
14057 12 -3 0 S0_1
14060 12 -3 0 S0_1
14061 12 -3 0 S0_1
14062 12 -3 0 S0_1
14037 13 -3 0 S0_1
14038 13 -3 0 S0_1
14039 13 -3 0 S0_1
14042 13 -3 0 S0_1
14043 13 -3 119.785179782754 S0_1
14046 13 -3 0 S0_1
14047 13 -3 0 S0_1
14049 13 -3 0 S0_1
14053 13 -3 0 S0_1
14054 13 -3 0 S0_1
14055 13 -3 0 S0_1
14057 13 -3 0 S0_1
14060 13 -3 0 S0_1
14061 13 -3 0 S0_1
14062 13 -3 0 S0_1
14037 14 -3 0 S0_1
14038 14 -3 46.978957618542 S0_1
14039 14 -3 0 S0_1
14042 14 -3 0 S0_1
14043 14 -3 322.394736778023 S0_1
14046 14 -3 14.2246909134739 S0_1
14047 14 -3 0 S0_1
14049 14 -3 0 S0_1
14053 14 -3 21.264265231633 S0_1
14054 14 -3 0 S0_1
14055 14 -3 0 S0_1
14057 14 -3 0 S0_1
14060 14 -3 0 S0_1
14061 14 -3 27.5667283327875 S0_1
14062 14 -3 3.2071246352643 S0_1
14037 15 -3 0 S0_1
14038 15 -3 82.1095565893781 S0_1
14039 15 -3 43.4649753686476 S0_1
14042 15 -3 0 S0_1
14043 15 -3 461.817327264023 S0_1
14046 15 -3 97.9002058629866 S0_1
14047 15 -3 0 S0_1
14049 15 -3 1.92554504065155 S0_1
14053 15 -3 62.3360055783343 S0_1
14054 15 -3 0 S0_1
14055 15 -3 33.8918640841728 S0_1
14057 15 -3 0 S0_1
14060 15 -3 60.0006569648838 S0_1
14061 15 -3 81.0422446045539 S0_1
14062 15 -3 50.9455872424026 S0_1
14037 16 -3 0 S0_1
14038 16 -3 3.1370647729427 S0_1
14039 16 -3 0 S0_1
14042 16 -3 0 S0_1
14043 16 -3 226.228326143197 S0_1
14046 16 -3 0 S0_1
14047 16 -3 0 S0_1
14049 16 -3 0 S0_1
14053 16 -3 0 S0_1
14054 16 -3 0 S0_1
14055 16 -3 0 S0_1
14057 16 -3 0 S0_1
14060 16 -3 0 S0_1
14061 16 -3 0 S0_1
14062 16 -3 0 S0_1
14037 17 -3 0 S0_1
14038 17 -3 54.7402945777433 S0_1
14039 17 -3 5.49096462085336 S0_1
14042 17 -3 0 S0_1
14043 17 -3 354.054587148342 S0_1
14046 17 -3 56.8634480607261 S0_1
14047 17 -3 0 S0_1
14049 17 -3 0 S0_1
14053 17 -3 30.025276490269 S0_1
14054 17 -3 0 S0_1
14055 17 -3 6.50837211289012 S0_1
14057 17 -3 0 S0_1
14060 17 -3 14.3217701673931 S0_1
14061 17 -3 36.814760673863 S0_1
14062 17 -3 10.3663813590674 S0_1
14037 18 -3 0 S0_1
14038 18 -3 0 S0_1
14039 18 -3 0 S0_1
14042 18 -3 0 S0_1
14043 18 -3 1.04522631346772 S0_1
14046 18 -3 0 S0_1
14047 18 -3 0 S0_1
14049 18 -3 0 S0_1
14053 18 -3 0 S0_1
14054 18 -3 0 S0_1
14055 18 -3 0 S0_1
14057 18 -3 0 S0_1
14060 18 -3 0 S0_1
14061 18 -3 0 S0_1
14062 18 -3 0 S0_1
14037 19 -3 0 S0_1
14038 19 -3 0 S0_1
14039 19 -3 0 S0_1
14042 19 -3 0 S0_1
14043 19 -3 173.280360401096 S0_1
14046 19 -3 0 S0_1
14047 19 -3 0 S0_1
14049 19 -3 0 S0_1
14053 19 -3 0 S0_1
14054 19 -3 0 S0_1
14055 19 -3 0 S0_1
14057 19 -3 0 S0_1
14060 19 -3 0 S0_1
14061 19 -3 0 S0_1
14062 19 -3 0 S0_1
14037 20 -3 0 S0_1
14038 20 -3 42.4029632834173 S0_1
14039 20 -3 3.29597172991848 S0_1
14042 20 -3 0 S0_1
14043 20 -3 343.083462607997 S0_1
14046 20 -3 34.5115418203056 S0_1
14047 20 -3 0 S0_1
14049 20 -3 0 S0_1
14053 20 -3 10.6553530277058 S0_1
14054 20 -3 0 S0_1
14055 20 -3 3.06424606322802 S0_1
14057 20 -3 0 S0_1
14060 20 -3 18.6415594970013 S0_1
14061 20 -3 30.7920695333697 S0_1
14062 20 -3 4.11844199138566 S0_1
14037 21 -3 0 S0_1
14038 21 -3 0 S0_1
14039 21 -3 0 S0_1
14042 21 -3 0 S0_1
14043 21 -3 127.736442892855 S0_1
14046 21 -3 0 S0_1
14047 21 -3 0 S0_1
14049 21 -3 0 S0_1
14053 21 -3 0 S0_1
14054 21 -3 0 S0_1
14055 21 -3 0 S0_1
14057 21 -3 0 S0_1
14060 21 -3 0 S0_1
14061 21 -3 0 S0_1
14062 21 -3 0 S0_1
14037 22 -3 0 S0_1
14038 22 -3 0 S0_1
14039 22 -3 0 S0_1
14042 22 -3 0 S0_1
14043 22 -3 138.818803939719 S0_1
14046 22 -3 0 S0_1
14047 22 -3 0 S0_1
14049 22 -3 0 S0_1
14053 22 -3 0 S0_1
14054 22 -3 0 S0_1
14055 22 -3 0 S0_1
14057 22 -3 0 S0_1
14060 22 -3 0 S0_1
14061 22 -3 0 S0_1
14062 22 -3 0 S0_1
14037 23 -3 0 S0_1
14038 23 -3 1.84514811658216 S0_1
14039 23 -3 0 S0_1
14042 23 -3 0 S0_1
14043 23 -3 225.516675030725 S0_1
14046 23 -3 0 S0_1
14047 23 -3 0 S0_1
14049 23 -3 0 S0_1
14053 23 -3 0 S0_1
14054 23 -3 0 S0_1
14055 23 -3 0 S0_1
14057 23 -3 0 S0_1
14060 23 -3 0 S0_1
14061 23 -3 0 S0_1
14062 23 -3 0 S0_1
14037 24 -3 0 S0_1
14038 24 -3 0 S0_1
14039 24 -3 0 S0_1
14042 24 -3 0 S0_1
14043 24 -3 142.35365685324 S0_1
14046 24 -3 0 S0_1
14047 24 -3 0 S0_1
14049 24 -3 0 S0_1
14053 24 -3 0 S0_1
14054 24 -3 0 S0_1
14055 24 -3 0 S0_1
14057 24 -3 0 S0_1
14060 24 -3 0 S0_1
14061 24 -3 0 S0_1
14062 24 -3 0 S0_1
14037 25 -3 0 S0_1
14038 25 -3 22.5050140363128 S0_1
14039 25 -3 0 S0_1
14042 25 -3 0 S0_1
14043 25 -3 277.057434410961 S0_1
14046 25 -3 2.38369203935102 S0_1
14047 25 -3 0 S0_1
14049 25 -3 0 S0_1
14053 25 -3 2.96261363852707 S0_1
14054 25 -3 0 S0_1
14055 25 -3 0 S0_1
14057 25 -3 0 S0_1
14060 25 -3 0 S0_1
14061 25 -3 5.71344166876715 S0_1
14062 25 -3 0 S0_1
14037 26 -3 0 S0_1
14038 26 -3 0 S0_1
14039 26 -3 0 S0_1
14042 26 -3 0 S0_1
14043 26 -3 204.724701390747 S0_1
14046 26 -3 0 S0_1
14047 26 -3 0 S0_1
14049 26 -3 0 S0_1
14053 26 -3 0 S0_1
14054 26 -3 0 S0_1
14055 26 -3 0 S0_1
14057 26 -3 0 S0_1
14060 26 -3 0 S0_1
14061 26 -3 0 S0_1
14062 26 -3 0 S0_1
14037 27 -3 0 S0_1
14038 27 -3 0 S0_1
14039 27 -3 0 S0_1
14042 27 -3 0 S0_1
14043 27 -3 71.7361596190121 S0_1
14046 27 -3 0 S0_1
14047 27 -3 0 S0_1
14049 27 -3 0 S0_1
14053 27 -3 0 S0_1
14054 27 -3 0 S0_1
14055 27 -3 0 S0_1
14057 27 -3 0 S0_1
14060 27 -3 0 S0_1
14061 27 -3 0 S0_1
14062 27 -3 0 S0_1
14037 28 -3 0 S0_1
14038 28 -3 4.29707246684117 S0_1
14039 28 -3 0 S0_1
14042 28 -3 0 S0_1
14043 28 -3 245.061759919208 S0_1
14046 28 -3 1.15282391915547 S0_1
14047 28 -3 0 S0_1
14049 28 -3 0 S0_1
14053 28 -3 0 S0_1
14054 28 -3 0 S0_1
14055 28 -3 0 S0_1
14057 28 -3 0 S0_1
14060 28 -3 0 S0_1
14061 28 -3 1.03689347994115 S0_1
14062 28 -3 0 S0_1
14037 29 -3 0 S0_1
14038 29 -3 0 S0_1
14039 29 -3 0 S0_1
14042 29 -3 0 S0_1
14043 29 -3 52.7033627140118 S0_1
14046 29 -3 0 S0_1
14047 29 -3 0 S0_1
14049 29 -3 0 S0_1
14053 29 -3 0 S0_1
14054 29 -3 0 S0_1
14055 29 -3 0 S0_1
14057 29 -3 0 S0_1
14060 29 -3 0 S0_1
14061 29 -3 0 S0_1
14062 29 -3 0 S0_1
14037 30 -3 0 S0_1
14038 30 -3 27.2882941348848 S0_1
14039 30 -3 0 S0_1
14042 30 -3 0 S0_1
14043 30 -3 277.927382051362 S0_1
14046 30 -3 3.03300415143422 S0_1
14047 30 -3 0 S0_1
14049 30 -3 0 S0_1
14053 30 -3 4.58216339065953 S0_1
14054 30 -3 0 S0_1
14055 30 -3 0 S0_1
14057 30 -3 0 S0_1
14060 30 -3 0 S0_1
14061 30 -3 8.06895887918297 S0_1
14062 30 -3 0 S0_1
14037 31 -3 0 S0_1
14038 31 -3 0 S0_1
14039 31 -3 0 S0_1
14042 31 -3 0 S0_1
14043 31 -3 231.550510277986 S0_1
14046 31 -3 0 S0_1
14047 31 -3 0 S0_1
14049 31 -3 0 S0_1
14053 31 -3 0 S0_1
14054 31 -3 0 S0_1
14055 31 -3 0 S0_1
14057 31 -3 0 S0_1
14060 31 -3 0 S0_1
14061 31 -3 0 S0_1
14062 31 -3 0 S0_1
14037 1 -5 0 S0_1
14038 1 -5 0 S0_1
14039 1 -5 0 S0_1
14042 1 -5 0 S0_1
14043 1 -5 0 S0_1
14046 1 -5 0 S0_1
14047 1 -5 0 S0_1
14049 1 -5 0 S0_1
14053 1 -5 0 S0_1
14054 1 -5 0 S0_1
14055 1 -5 0 S0_1
14057 1 -5 0 S0_1
14060 1 -5 0 S0_1
14061 1 -5 0 S0_1
14062 1 -5 0 S0_1
14037 2 -5 0 S0_1
14038 2 -5 0 S0_1
14039 2 -5 0 S0_1
14042 2 -5 0 S0_1
14043 2 -5 97.8611622465608 S0_1
14046 2 -5 0 S0_1
14047 2 -5 0 S0_1
14049 2 -5 0 S0_1
14053 2 -5 0 S0_1
14054 2 -5 0 S0_1
14055 2 -5 0 S0_1
14057 2 -5 0 S0_1
14060 2 -5 0 S0_1
14061 2 -5 0 S0_1
14062 2 -5 0 S0_1
14037 3 -5 0 S0_1
14038 3 -5 0 S0_1
14039 3 -5 0 S0_1
14042 3 -5 0 S0_1
14043 3 -5 0 S0_1
14046 3 -5 0 S0_1
14047 3 -5 0 S0_1
14049 3 -5 0 S0_1
14053 3 -5 0 S0_1
14054 3 -5 0 S0_1
14055 3 -5 0 S0_1
14057 3 -5 0 S0_1
14060 3 -5 0 S0_1
14061 3 -5 0 S0_1
14062 3 -5 0 S0_1
14037 4 -5 0 S0_1
14038 4 -5 0 S0_1
14039 4 -5 0 S0_1
14042 4 -5 0 S0_1
14043 4 -5 0 S0_1
14046 4 -5 0 S0_1
14047 4 -5 0 S0_1
14049 4 -5 0 S0_1
14053 4 -5 0 S0_1
14054 4 -5 0 S0_1
14055 4 -5 0 S0_1
14057 4 -5 0 S0_1
14060 4 -5 0 S0_1
14061 4 -5 0 S0_1
14062 4 -5 0 S0_1
14037 5 -5 0 S0_1
14038 5 -5 0 S0_1
14039 5 -5 0 S0_1
14042 5 -5 0 S0_1
14043 5 -5 0 S0_1
14046 5 -5 0 S0_1
14047 5 -5 0 S0_1
14049 5 -5 0 S0_1
14053 5 -5 0 S0_1
14054 5 -5 0 S0_1
14055 5 -5 0 S0_1
14057 5 -5 0 S0_1
14060 5 -5 0 S0_1
14061 5 -5 0 S0_1
14062 5 -5 0 S0_1
14037 6 -5 0 S0_1
14038 6 -5 0 S0_1
14039 6 -5 0 S0_1
14042 6 -5 0 S0_1
14043 6 -5 170.792741880371 S0_1
14046 6 -5 0 S0_1
14047 6 -5 0 S0_1
14049 6 -5 0 S0_1
14053 6 -5 0 S0_1
14054 6 -5 0 S0_1
14055 6 -5 0 S0_1
14057 6 -5 0 S0_1
14060 6 -5 0 S0_1
14061 6 -5 0 S0_1
14062 6 -5 0 S0_1
14037 7 -5 0 S0_1
14038 7 -5 0 S0_1
14039 7 -5 0 S0_1
14042 7 -5 0 S0_1
14043 7 -5 109.999422362374 S0_1
14046 7 -5 0 S0_1
14047 7 -5 0 S0_1
14049 7 -5 0 S0_1
14053 7 -5 0 S0_1
14054 7 -5 0 S0_1
14055 7 -5 0 S0_1
14057 7 -5 0 S0_1
14060 7 -5 0 S0_1
14061 7 -5 0 S0_1
14062 7 -5 0 S0_1
14037 8 -5 0 S0_1
14038 8 -5 0 S0_1
14039 8 -5 0 S0_1
14042 8 -5 0 S0_1
14043 8 -5 0 S0_1
14046 8 -5 0 S0_1
14047 8 -5 0 S0_1
14049 8 -5 0 S0_1
14053 8 -5 0 S0_1
14054 8 -5 0 S0_1
14055 8 -5 0 S0_1
14057 8 -5 0 S0_1
14060 8 -5 0 S0_1
14061 8 -5 0 S0_1
14062 8 -5 0 S0_1
14037 9 -5 0 S0_1
14038 9 -5 0 S0_1
14039 9 -5 0 S0_1
14042 9 -5 0 S0_1
14043 9 -5 1.99733328221818 S0_1
14046 9 -5 0 S0_1
14047 9 -5 0 S0_1
14049 9 -5 0 S0_1
14053 9 -5 0 S0_1
14054 9 -5 0 S0_1
14055 9 -5 0 S0_1
14057 9 -5 0 S0_1
14060 9 -5 0 S0_1
14061 9 -5 0 S0_1
14062 9 -5 0 S0_1
14037 10 -5 0 S0_1
14038 10 -5 0 S0_1
14039 10 -5 0 S0_1
14042 10 -5 0 S0_1
14043 10 -5 0 S0_1
14046 10 -5 0 S0_1
14047 10 -5 0 S0_1
14049 10 -5 0 S0_1
14053 10 -5 0 S0_1
14054 10 -5 0 S0_1
14055 10 -5 0 S0_1
14057 10 -5 0 S0_1
14060 10 -5 0 S0_1
14061 10 -5 0 S0_1
14062 10 -5 0 S0_1
14037 11 -5 0 S0_1
14038 11 -5 0 S0_1
14039 11 -5 0 S0_1
14042 11 -5 0 S0_1
14043 11 -5 0 S0_1
14046 11 -5 0 S0_1
14047 11 -5 0 S0_1
14049 11 -5 0 S0_1
14053 11 -5 0 S0_1
14054 11 -5 0 S0_1
14055 11 -5 0 S0_1
14057 11 -5 0 S0_1
14060 11 -5 0 S0_1
14061 11 -5 0 S0_1
14062 11 -5 0 S0_1
14037 12 -5 0 S0_1
14038 12 -5 0 S0_1
14039 12 -5 0 S0_1
14042 12 -5 0 S0_1
14043 12 -5 0 S0_1
14046 12 -5 0 S0_1
14047 12 -5 0 S0_1
14049 12 -5 0 S0_1
14053 12 -5 0 S0_1
14054 12 -5 0 S0_1
14055 12 -5 0 S0_1
14057 12 -5 0 S0_1
14060 12 -5 0 S0_1
14061 12 -5 0 S0_1
14062 12 -5 0 S0_1
14037 13 -5 0 S0_1
14038 13 -5 0 S0_1
14039 13 -5 0 S0_1
14042 13 -5 0 S0_1
14043 13 -5 0 S0_1
14046 13 -5 0 S0_1
14047 13 -5 0 S0_1
14049 13 -5 0 S0_1
14053 13 -5 0 S0_1
14054 13 -5 0 S0_1
14055 13 -5 0 S0_1
14057 13 -5 0 S0_1
14060 13 -5 0 S0_1
14061 13 -5 0 S0_1
14062 13 -5 0 S0_1
14037 14 -5 0 S0_1
14038 14 -5 4.99682275983005 S0_1
14039 14 -5 0 S0_1
14042 14 -5 0 S0_1
14043 14 -5 208.303152318769 S0_1
14046 14 -5 0 S0_1
14047 14 -5 0 S0_1
14049 14 -5 0 S0_1
14053 14 -5 0 S0_1
14054 14 -5 0 S0_1
14055 14 -5 0 S0_1
14057 14 -5 0 S0_1
14060 14 -5 0 S0_1
14061 14 -5 0 S0_1
14062 14 -5 0 S0_1
14037 15 -5 0 S0_1
14038 15 -5 11.3004791060523 S0_1
14039 15 -5 0 S0_1
14042 15 -5 0 S0_1
14043 15 -5 248.287135443539 S0_1
14046 15 -5 3.77420548726475 S0_1
14047 15 -5 0 S0_1
14049 15 -5 0 S0_1
14053 15 -5 0 S0_1
14054 15 -5 0 S0_1
14055 15 -5 0 S0_1
14057 15 -5 0 S0_1
14060 15 -5 1.93024571052428 S0_1
14061 15 -5 3.12361427285324 S0_1
14062 15 -5 0 S0_1
14037 16 -5 0 S0_1
14038 16 -5 0 S0_1
14039 16 -5 0 S0_1
14042 16 -5 0 S0_1
14043 16 -5 11.6798637255228 S0_1
14046 16 -5 0 S0_1
14047 16 -5 0 S0_1
14049 16 -5 0 S0_1
14053 16 -5 0 S0_1
14054 16 -5 0 S0_1
14055 16 -5 0 S0_1
14057 16 -5 0 S0_1
14060 16 -5 0 S0_1
14061 16 -5 0 S0_1
14062 16 -5 0 S0_1
14037 17 -5 0 S0_1
14038 17 -5 3.05917445708936 S0_1
14039 17 -5 0 S0_1
14042 17 -5 0 S0_1
14043 17 -5 199.443853524121 S0_1
14046 17 -5 0 S0_1
14047 17 -5 0 S0_1
14049 17 -5 0 S0_1
14053 17 -5 0 S0_1
14054 17 -5 0 S0_1
14055 17 -5 0 S0_1
14057 17 -5 0 S0_1
14060 17 -5 0 S0_1
14061 17 -5 0 S0_1
14062 17 -5 0 S0_1
14037 18 -5 0 S0_1
14038 18 -5 0 S0_1
14039 18 -5 0 S0_1
14042 18 -5 0 S0_1
14043 18 -5 0 S0_1
14046 18 -5 0 S0_1
14047 18 -5 0 S0_1
14049 18 -5 0 S0_1
14053 18 -5 0 S0_1
14054 18 -5 0 S0_1
14055 18 -5 0 S0_1
14057 18 -5 0 S0_1
14060 18 -5 0 S0_1
14061 18 -5 0 S0_1
14062 18 -5 0 S0_1
14037 19 -5 0 S0_1
14038 19 -5 0 S0_1
14039 19 -5 0 S0_1
14042 19 -5 0 S0_1
14043 19 -5 0 S0_1
14046 19 -5 0 S0_1
14047 19 -5 0 S0_1
14049 19 -5 0 S0_1
14053 19 -5 0 S0_1
14054 19 -5 0 S0_1
14055 19 -5 0 S0_1
14057 19 -5 0 S0_1
14060 19 -5 0 S0_1
14061 19 -5 0 S0_1
14062 19 -5 0 S0_1
14037 20 -5 0 S0_1
14038 20 -5 0 S0_1
14039 20 -5 0 S0_1
14042 20 -5 0 S0_1
14043 20 -5 125.471832760431 S0_1
14046 20 -5 0 S0_1
14047 20 -5 0 S0_1
14049 20 -5 0 S0_1
14053 20 -5 0 S0_1
14054 20 -5 0 S0_1
14055 20 -5 0 S0_1
14057 20 -5 0 S0_1
14060 20 -5 0 S0_1
14061 20 -5 0 S0_1
14062 20 -5 0 S0_1
14037 21 -5 0 S0_1
14038 21 -5 0 S0_1
14039 21 -5 0 S0_1
14042 21 -5 0 S0_1
14043 21 -5 0 S0_1
14046 21 -5 0 S0_1
14047 21 -5 0 S0_1
14049 21 -5 0 S0_1
14053 21 -5 0 S0_1
14054 21 -5 0 S0_1
14055 21 -5 0 S0_1
14057 21 -5 0 S0_1
14060 21 -5 0 S0_1
14061 21 -5 0 S0_1
14062 21 -5 0 S0_1
14037 22 -5 0 S0_1
14038 22 -5 0 S0_1
14039 22 -5 0 S0_1
14042 22 -5 0 S0_1
14043 22 -5 0 S0_1
14046 22 -5 0 S0_1
14047 22 -5 0 S0_1
14049 22 -5 0 S0_1
14053 22 -5 0 S0_1
14054 22 -5 0 S0_1
14055 22 -5 0 S0_1
14057 22 -5 0 S0_1
14060 22 -5 0 S0_1
14061 22 -5 0 S0_1
14062 22 -5 0 S0_1
14037 23 -5 0 S0_1
14038 23 -5 0 S0_1
14039 23 -5 0 S0_1
14042 23 -5 0 S0_1
14043 23 -5 5.18738030583924 S0_1
14046 23 -5 0 S0_1
14047 23 -5 0 S0_1
14049 23 -5 0 S0_1
14053 23 -5 0 S0_1
14054 23 -5 0 S0_1
14055 23 -5 0 S0_1
14057 23 -5 0 S0_1
14060 23 -5 0 S0_1
14061 23 -5 0 S0_1
14062 23 -5 0 S0_1
14037 24 -5 0 S0_1
14038 24 -5 0 S0_1
14039 24 -5 0 S0_1
14042 24 -5 0 S0_1
14043 24 -5 0 S0_1
14046 24 -5 0 S0_1
14047 24 -5 0 S0_1
14049 24 -5 0 S0_1
14053 24 -5 0 S0_1
14054 24 -5 0 S0_1
14055 24 -5 0 S0_1
14057 24 -5 0 S0_1
14060 24 -5 0 S0_1
14061 24 -5 0 S0_1
14062 24 -5 0 S0_1
14037 25 -5 0 S0_1
14038 25 -5 0 S0_1
14039 25 -5 0 S0_1
14042 25 -5 0 S0_1
14043 25 -5 130.16467041125 S0_1
14046 25 -5 0 S0_1
14047 25 -5 0 S0_1
14049 25 -5 0 S0_1
14053 25 -5 0 S0_1
14054 25 -5 0 S0_1
14055 25 -5 0 S0_1
14057 25 -5 0 S0_1
14060 25 -5 0 S0_1
14061 25 -5 0 S0_1
14062 25 -5 0 S0_1
14037 26 -5 0 S0_1
14038 26 -5 0 S0_1
14039 26 -5 0 S0_1
14042 26 -5 0 S0_1
14043 26 -5 1.03768155458168 S0_1
14046 26 -5 0 S0_1
14047 26 -5 0 S0_1
14049 26 -5 0 S0_1
14053 26 -5 0 S0_1
14054 26 -5 0 S0_1
14055 26 -5 0 S0_1
14057 26 -5 0 S0_1
14060 26 -5 0 S0_1
14061 26 -5 0 S0_1
14062 26 -5 0 S0_1
14037 27 -5 0 S0_1
14038 27 -5 0 S0_1
14039 27 -5 0 S0_1
14042 27 -5 0 S0_1
14043 27 -5 0 S0_1
14046 27 -5 0 S0_1
14047 27 -5 0 S0_1
14049 27 -5 0 S0_1
14053 27 -5 0 S0_1
14054 27 -5 0 S0_1
14055 27 -5 0 S0_1
14057 27 -5 0 S0_1
14060 27 -5 0 S0_1
14061 27 -5 0 S0_1
14062 27 -5 0 S0_1
14037 28 -5 0 S0_1
14038 28 -5 0 S0_1
14039 28 -5 0 S0_1
14042 28 -5 0 S0_1
14043 28 -5 13.3109101402009 S0_1
14046 28 -5 0 S0_1
14047 28 -5 0 S0_1
14049 28 -5 0 S0_1
14053 28 -5 0 S0_1
14054 28 -5 0 S0_1
14055 28 -5 0 S0_1
14057 28 -5 0 S0_1
14060 28 -5 0 S0_1
14061 28 -5 0 S0_1
14062 28 -5 0 S0_1
14037 29 -5 0 S0_1
14038 29 -5 0 S0_1
14039 29 -5 0 S0_1
14042 29 -5 0 S0_1
14043 29 -5 0 S0_1
14046 29 -5 0 S0_1
14047 29 -5 0 S0_1
14049 29 -5 0 S0_1
14053 29 -5 0 S0_1
14054 29 -5 0 S0_1
14055 29 -5 0 S0_1
14057 29 -5 0 S0_1
14060 29 -5 0 S0_1
14061 29 -5 0 S0_1
14062 29 -5 0 S0_1
14037 30 -5 0 S0_1
14038 30 -5 0 S0_1
14039 30 -5 0 S0_1
14042 30 -5 0 S0_1
14043 30 -5 150.399721516543 S0_1
14046 30 -5 0 S0_1
14047 30 -5 0 S0_1
14049 30 -5 0 S0_1
14053 30 -5 0 S0_1
14054 30 -5 0 S0_1
14055 30 -5 0 S0_1
14057 30 -5 0 S0_1
14060 30 -5 0 S0_1
14061 30 -5 0 S0_1
14062 30 -5 0 S0_1
14037 31 -5 0 S0_1
14038 31 -5 0 S0_1
14039 31 -5 0 S0_1
14042 31 -5 0 S0_1
14043 31 -5 10.8685469707034 S0_1
14046 31 -5 0 S0_1
14047 31 -5 0 S0_1
14049 31 -5 0 S0_1
14053 31 -5 0 S0_1
14054 31 -5 0 S0_1
14055 31 -5 0 S0_1
14057 31 -5 0 S0_1
14060 31 -5 0 S0_1
14061 31 -5 0 S0_1
14062 31 -5 0 S0_1
