speciesID lakeID variable value scenario
15042 1 -0.5 73.4407005912571 S1_1
15045 1 -0.5 0 S1_1
15048 1 -0.5 16.1385390108323 S1_1
15049 1 -0.5 15.2919828573019 S1_1
15051 1 -0.5 490.163257825835 S1_1
15053 1 -0.5 600.191438620238 S1_1
15054 1 -0.5 0 S1_1
15055 1 -0.5 0 S1_1
15056 1 -0.5 0 S1_1
15057 1 -0.5 0 S1_1
15059 1 -0.5 282.368882772419 S1_1
15060 1 -0.5 0 S1_1
15063 1 -0.5 29.3009421840006 S1_1
15066 1 -0.5 0 S1_1
15069 1 -0.5 314.62715251591 S1_1
15042 2 -0.5 0 S1_1
15045 2 -0.5 0 S1_1
15048 2 -0.5 0 S1_1
15049 2 -0.5 0 S1_1
15051 2 -0.5 0 S1_1
15053 2 -0.5 0 S1_1
15054 2 -0.5 0 S1_1
15055 2 -0.5 0 S1_1
15056 2 -0.5 0 S1_1
15057 2 -0.5 0 S1_1
15059 2 -0.5 0 S1_1
15060 2 -0.5 0 S1_1
15063 2 -0.5 0 S1_1
15066 2 -0.5 0 S1_1
15069 2 -0.5 0 S1_1
15042 3 -0.5 0 S1_1
15045 3 -0.5 0 S1_1
15048 3 -0.5 4.25178087955771 S1_1
15049 3 -0.5 0 S1_1
15051 3 -0.5 11.4835235292504 S1_1
15053 3 -0.5 1.24126344172246 S1_1
15054 3 -0.5 0 S1_1
15055 3 -0.5 0 S1_1
15056 3 -0.5 0 S1_1
15057 3 -0.5 0 S1_1
15059 3 -0.5 8.44988108406878 S1_1
15060 3 -0.5 0 S1_1
15063 3 -0.5 0 S1_1
15066 3 -0.5 0 S1_1
15069 3 -0.5 0 S1_1
15042 4 -0.5 44.7441264641265 S1_1
15045 4 -0.5 0 S1_1
15048 4 -0.5 6.46706401557429 S1_1
15049 4 -0.5 0 S1_1
15051 4 -0.5 174.139430700085 S1_1
15053 4 -0.5 218.917273236026 S1_1
15054 4 -0.5 0 S1_1
15055 4 -0.5 0 S1_1
15056 4 -0.5 0 S1_1
15057 4 -0.5 0 S1_1
15059 4 -0.5 186.044226550104 S1_1
15060 4 -0.5 0 S1_1
15063 4 -0.5 5.6158522049048 S1_1
15066 4 -0.5 0 S1_1
15069 4 -0.5 150.651125086447 S1_1
15042 5 -0.5 0 S1_1
15045 5 -0.5 0 S1_1
15048 5 -0.5 0 S1_1
15049 5 -0.5 0 S1_1
15051 5 -0.5 0 S1_1
15053 5 -0.5 0 S1_1
15054 5 -0.5 0 S1_1
15055 5 -0.5 0 S1_1
15056 5 -0.5 0 S1_1
15057 5 -0.5 0 S1_1
15059 5 -0.5 0 S1_1
15060 5 -0.5 0 S1_1
15063 5 -0.5 0 S1_1
15066 5 -0.5 0 S1_1
15069 5 -0.5 0 S1_1
15042 6 -0.5 57.9078558249696 S1_1
15045 6 -0.5 0 S1_1
15048 6 -0.5 20.531665737723 S1_1
15049 6 -0.5 0 S1_1
15051 6 -0.5 153.551685408523 S1_1
15053 6 -0.5 171.85958350535 S1_1
15054 6 -0.5 0 S1_1
15055 6 -0.5 0 S1_1
15056 6 -0.5 0 S1_1
15057 6 -0.5 0 S1_1
15059 6 -0.5 167.670982008724 S1_1
15060 6 -0.5 0 S1_1
15063 6 -0.5 8.78623937089066 S1_1
15066 6 -0.5 0 S1_1
15069 6 -0.5 117.469202538052 S1_1
15042 7 -0.5 0 S1_1
15045 7 -0.5 0 S1_1
15048 7 -0.5 0 S1_1
15049 7 -0.5 0 S1_1
15051 7 -0.5 0 S1_1
15053 7 -0.5 0 S1_1
15054 7 -0.5 0 S1_1
15055 7 -0.5 0 S1_1
15056 7 -0.5 0 S1_1
15057 7 -0.5 0 S1_1
15059 7 -0.5 0 S1_1
15060 7 -0.5 0 S1_1
15063 7 -0.5 0 S1_1
15066 7 -0.5 0 S1_1
15069 7 -0.5 0 S1_1
15042 8 -0.5 72.2394173185781 S1_1
15045 8 -0.5 0 S1_1
15048 8 -0.5 3.11643474151218 S1_1
15049 8 -0.5 1.63727870423979 S1_1
15051 8 -0.5 314.65803854566 S1_1
15053 8 -0.5 418.353538791002 S1_1
15054 8 -0.5 0 S1_1
15055 8 -0.5 0 S1_1
15056 8 -0.5 0 S1_1
15057 8 -0.5 0 S1_1
15059 8 -0.5 247.990471641348 S1_1
15060 8 -0.5 0 S1_1
15063 8 -0.5 19.5573818635186 S1_1
15066 8 -0.5 0 S1_1
15069 8 -0.5 262.314957605086 S1_1
15042 9 -0.5 39.3521174245063 S1_1
15045 9 -0.5 0 S1_1
15048 9 -0.5 9.90024439306472 S1_1
15049 9 -0.5 0 S1_1
15051 9 -0.5 135.758794621823 S1_1
15053 9 -0.5 154.960949273487 S1_1
15054 9 -0.5 0 S1_1
15055 9 -0.5 0 S1_1
15056 9 -0.5 0 S1_1
15057 9 -0.5 0 S1_1
15059 9 -0.5 153.46265844686 S1_1
15060 9 -0.5 0 S1_1
15063 9 -0.5 3.96483621448628 S1_1
15066 9 -0.5 0 S1_1
15069 9 -0.5 102.101380156773 S1_1
15042 10 -0.5 79.620421249187 S1_1
15045 10 -0.5 0 S1_1
15048 10 -0.5 16.4615619511769 S1_1
15049 10 -0.5 1.29552705198887 S1_1
15051 10 -0.5 311.6284154666 S1_1
15053 10 -0.5 411.222034032796 S1_1
15054 10 -0.5 0 S1_1
15055 10 -0.5 0 S1_1
15056 10 -0.5 0 S1_1
15057 10 -0.5 0 S1_1
15059 10 -0.5 259.199549474203 S1_1
15060 10 -0.5 0 S1_1
15063 10 -0.5 27.2685565089689 S1_1
15066 10 -0.5 0 S1_1
15069 10 -0.5 265.58869740848 S1_1
15042 11 -0.5 30.9320740807425 S1_1
15045 11 -0.5 0 S1_1
15048 11 -0.5 0 S1_1
15049 11 -0.5 1.30257966148225 S1_1
15051 11 -0.5 410.538309098681 S1_1
15053 11 -0.5 532.066722293656 S1_1
15054 11 -0.5 0 S1_1
15055 11 -0.5 0 S1_1
15056 11 -0.5 0 S1_1
15057 11 -0.5 0 S1_1
15059 11 -0.5 236.842528576793 S1_1
15060 11 -0.5 0 S1_1
15063 11 -0.5 4.88752927548473 S1_1
15066 11 -0.5 0 S1_1
15069 11 -0.5 264.218337673267 S1_1
15042 12 -0.5 21.8977918429304 S1_1
15045 12 -0.5 0 S1_1
15048 12 -0.5 0 S1_1
15049 12 -0.5 0 S1_1
15051 12 -0.5 407.614280073193 S1_1
15053 12 -0.5 504.292522649994 S1_1
15054 12 -0.5 0 S1_1
15055 12 -0.5 0 S1_1
15056 12 -0.5 0 S1_1
15057 12 -0.5 0 S1_1
15059 12 -0.5 214.641834128892 S1_1
15060 12 -0.5 0 S1_1
15063 12 -0.5 2.59001921840999 S1_1
15066 12 -0.5 0 S1_1
15069 12 -0.5 243.16672739447 S1_1
15042 13 -0.5 1.14090471719047 S1_1
15045 13 -0.5 0 S1_1
15048 13 -0.5 0 S1_1
15049 13 -0.5 0 S1_1
15051 13 -0.5 17.9439712559002 S1_1
15053 13 -0.5 14.6889298074374 S1_1
15054 13 -0.5 0 S1_1
15055 13 -0.5 0 S1_1
15056 13 -0.5 0 S1_1
15057 13 -0.5 0 S1_1
15059 13 -0.5 38.899754693943 S1_1
15060 13 -0.5 0 S1_1
15063 13 -0.5 0 S1_1
15066 13 -0.5 0 S1_1
15069 13 -0.5 1.01553289231962 S1_1
15042 14 -0.5 0 S1_1
15045 14 -0.5 0 S1_1
15048 14 -0.5 0 S1_1
15049 14 -0.5 0 S1_1
15051 14 -0.5 0 S1_1
15053 14 -0.5 0 S1_1
15054 14 -0.5 0 S1_1
15055 14 -0.5 0 S1_1
15056 14 -0.5 0 S1_1
15057 14 -0.5 0 S1_1
15059 14 -0.5 0 S1_1
15060 14 -0.5 0 S1_1
15063 14 -0.5 0 S1_1
15066 14 -0.5 0 S1_1
15069 14 -0.5 0 S1_1
15042 15 -0.5 112.760287787756 S1_1
15045 15 -0.5 0 S1_1
15048 15 -0.5 41.1773987700606 S1_1
15049 15 -0.5 8.2639949447584 S1_1
15051 15 -0.5 348.784793320843 S1_1
15053 15 -0.5 446.476601555131 S1_1
15054 15 -0.5 0 S1_1
15055 15 -0.5 0 S1_1
15056 15 -0.5 0 S1_1
15057 15 -0.5 0 S1_1
15059 15 -0.5 288.329625472473 S1_1
15060 15 -0.5 0 S1_1
15063 15 -0.5 58.5386240416875 S1_1
15066 15 -0.5 0 S1_1
15069 15 -0.5 297.248153655376 S1_1
15042 16 -0.5 89.5724684316113 S1_1
15045 16 -0.5 0 S1_1
15048 16 -0.5 12.7004175344243 S1_1
15049 16 -0.5 18.2206643054238 S1_1
15051 16 -0.5 424.884445852466 S1_1
15053 16 -0.5 540.133092889037 S1_1
15054 16 -0.5 0 S1_1
15055 16 -0.5 0 S1_1
15056 16 -0.5 0 S1_1
15057 16 -0.5 0 S1_1
15059 16 -0.5 279.031580273792 S1_1
15060 16 -0.5 0 S1_1
15063 16 -0.5 38.124732557193 S1_1
15066 16 -0.5 0 S1_1
15069 16 -0.5 309.17853560269 S1_1
15042 17 -0.5 12.5915430013205 S1_1
15045 17 -0.5 0 S1_1
15048 17 -0.5 1.29498907171144 S1_1
15049 17 -0.5 0 S1_1
15051 17 -0.5 75.0384278154701 S1_1
15053 17 -0.5 68.954164838242 S1_1
15054 17 -0.5 0 S1_1
15055 17 -0.5 0 S1_1
15056 17 -0.5 0 S1_1
15057 17 -0.5 0 S1_1
15059 17 -0.5 90.3385494425487 S1_1
15060 17 -0.5 0 S1_1
15063 17 -0.5 0 S1_1
15066 17 -0.5 0 S1_1
15069 17 -0.5 15.0409968153816 S1_1
15042 18 -0.5 50.2962408369385 S1_1
15045 18 -0.5 0 S1_1
15048 18 -0.5 0 S1_1
15049 18 -0.5 3.44065951122245 S1_1
15051 18 -0.5 432.715568819402 S1_1
15053 18 -0.5 538.309089879604 S1_1
15054 18 -0.5 0 S1_1
15055 18 -0.5 0 S1_1
15056 18 -0.5 0 S1_1
15057 18 -0.5 0 S1_1
15059 18 -0.5 247.199662505589 S1_1
15060 18 -0.5 0 S1_1
15063 18 -0.5 11.1047153841118 S1_1
15066 18 -0.5 0 S1_1
15069 18 -0.5 277.897699799472 S1_1
15042 19 -0.5 75.1740741908865 S1_1
15045 19 -0.5 0 S1_1
15048 19 -0.5 13.4411271258927 S1_1
15049 19 -0.5 0 S1_1
15051 19 -0.5 273.410027018137 S1_1
15053 19 -0.5 358.244438363408 S1_1
15054 19 -0.5 0 S1_1
15055 19 -0.5 0 S1_1
15056 19 -0.5 0 S1_1
15057 19 -0.5 0 S1_1
15059 19 -0.5 243.983510431844 S1_1
15060 19 -0.5 0 S1_1
15063 19 -0.5 21.8957878185427 S1_1
15066 19 -0.5 0 S1_1
15069 19 -0.5 240.329250508503 S1_1
15042 20 -0.5 101.824394613243 S1_1
15045 20 -0.5 0 S1_1
15048 20 -0.5 23.2788153578543 S1_1
15049 20 -0.5 20.5952766149904 S1_1
15051 20 -0.5 397.920517009393 S1_1
15053 20 -0.5 512.246899247885 S1_1
15054 20 -0.5 0 S1_1
15055 20 -0.5 0 S1_1
15056 20 -0.5 0 S1_1
15057 20 -0.5 0 S1_1
15059 20 -0.5 286.096404599078 S1_1
15060 20 -0.5 0 S1_1
15063 20 -0.5 48.5893967955457 S1_1
15066 20 -0.5 0 S1_1
15069 20 -0.5 311.257509128697 S1_1
15042 21 -0.5 73.1798468658192 S1_1
15045 21 -0.5 0 S1_1
15048 21 -0.5 17.1220211294591 S1_1
15049 21 -0.5 0 S1_1
15051 21 -0.5 276.015225865331 S1_1
15053 21 -0.5 362.508830865371 S1_1
15054 21 -0.5 0 S1_1
15055 21 -0.5 0 S1_1
15056 21 -0.5 0 S1_1
15057 21 -0.5 0 S1_1
15059 21 -0.5 246.349539526191 S1_1
15060 21 -0.5 0 S1_1
15063 21 -0.5 21.6579945141999 S1_1
15066 21 -0.5 0 S1_1
15069 21 -0.5 241.604461443773 S1_1
15042 22 -0.5 91.1418438907913 S1_1
15045 22 -0.5 0 S1_1
15048 22 -0.5 28.8268779457268 S1_1
15049 22 -0.5 28.0965058550308 S1_1
15051 22 -0.5 490.259356466065 S1_1
15053 22 -0.5 605.329196310202 S1_1
15054 22 -0.5 0 S1_1
15055 22 -0.5 0 S1_1
15056 22 -0.5 0 S1_1
15057 22 -0.5 0 S1_1
15059 22 -0.5 297.127772290659 S1_1
15060 22 -0.5 0 S1_1
15063 22 -0.5 44.7500363201998 S1_1
15066 22 -0.5 0 S1_1
15069 22 -0.5 329.898437640538 S1_1
15042 23 -0.5 71.1697623897904 S1_1
15045 23 -0.5 0 S1_1
15048 23 -0.5 29.4854971694501 S1_1
15049 23 -0.5 0 S1_1
15051 23 -0.5 204.628339575437 S1_1
15053 23 -0.5 248.122031160841 S1_1
15054 23 -0.5 0 S1_1
15055 23 -0.5 0 S1_1
15056 23 -0.5 0 S1_1
15057 23 -0.5 0 S1_1
15059 23 -0.5 211.639583429205 S1_1
15060 23 -0.5 0 S1_1
15063 23 -0.5 18.116661981936 S1_1
15066 23 -0.5 0 S1_1
15069 23 -0.5 176.379970471794 S1_1
15042 24 -0.5 81.6292614392273 S1_1
15045 24 -0.5 0 S1_1
15048 24 -0.5 23.6772512103214 S1_1
15049 24 -0.5 1.64204642042528 S1_1
15051 24 -0.5 319.640539151758 S1_1
15053 24 -0.5 420.851047625891 S1_1
15054 24 -0.5 0 S1_1
15055 24 -0.5 0 S1_1
15056 24 -0.5 0 S1_1
15057 24 -0.5 0 S1_1
15059 24 -0.5 265.401197019919 S1_1
15060 24 -0.5 0 S1_1
15063 24 -0.5 30.3190297781214 S1_1
15066 24 -0.5 0 S1_1
15069 24 -0.5 271.158259364271 S1_1
15042 25 -0.5 0 S1_1
15045 25 -0.5 0 S1_1
15048 25 -0.5 3.51680676121513 S1_1
15049 25 -0.5 0 S1_1
15051 25 -0.5 0 S1_1
15053 25 -0.5 0 S1_1
15054 25 -0.5 0 S1_1
15055 25 -0.5 0 S1_1
15056 25 -0.5 0 S1_1
15057 25 -0.5 0 S1_1
15059 25 -0.5 0 S1_1
15060 25 -0.5 0 S1_1
15063 25 -0.5 0 S1_1
15066 25 -0.5 0 S1_1
15069 25 -0.5 0 S1_1
15042 26 -0.5 93.9896863699273 S1_1
15045 26 -0.5 0 S1_1
15048 26 -0.5 24.0202117738531 S1_1
15049 26 -0.5 25.0710291289421 S1_1
15051 26 -0.5 446.633702832965 S1_1
15053 26 -0.5 565.950477116185 S1_1
15054 26 -0.5 0 S1_1
15055 26 -0.5 0 S1_1
15056 26 -0.5 0 S1_1
15057 26 -0.5 0 S1_1
15059 26 -0.5 291.505046945985 S1_1
15060 26 -0.5 0 S1_1
15063 26 -0.5 44.8674666992429 S1_1
15066 26 -0.5 0 S1_1
15069 26 -0.5 321.799129346179 S1_1
15042 27 -0.5 0 S1_1
15045 27 -0.5 0 S1_1
15048 27 -0.5 0 S1_1
15049 27 -0.5 0 S1_1
15051 27 -0.5 0 S1_1
15053 27 -0.5 0 S1_1
15054 27 -0.5 0 S1_1
15055 27 -0.5 0 S1_1
15056 27 -0.5 0 S1_1
15057 27 -0.5 0 S1_1
15059 27 -0.5 0 S1_1
15060 27 -0.5 0 S1_1
15063 27 -0.5 0 S1_1
15066 27 -0.5 0 S1_1
15069 27 -0.5 0 S1_1
15042 28 -0.5 102.820536093752 S1_1
15045 28 -0.5 0 S1_1
15048 28 -0.5 34.1477558919823 S1_1
15049 28 -0.5 37.6666705204008 S1_1
15051 28 -0.5 498.635246131675 S1_1
15053 28 -0.5 612.433341621736 S1_1
15054 28 -0.5 0 S1_1
15055 28 -0.5 0 S1_1
15056 28 -0.5 0 S1_1
15057 28 -0.5 0 S1_1
15059 28 -0.5 305.050844863996 S1_1
15060 28 -0.5 0 S1_1
15063 28 -0.5 55.2718217296273 S1_1
15066 28 -0.5 0 S1_1
15069 28 -0.5 339.024563938071 S1_1
15042 29 -0.5 12.1730783995985 S1_1
15045 29 -0.5 0 S1_1
15048 29 -0.5 0 S1_1
15049 29 -0.5 0 S1_1
15051 29 -0.5 97.0725607587352 S1_1
15053 29 -0.5 116.877940937837 S1_1
15054 29 -0.5 0 S1_1
15055 29 -0.5 0 S1_1
15056 29 -0.5 0 S1_1
15057 29 -0.5 0 S1_1
15059 29 -0.5 118.77066317607 S1_1
15060 29 -0.5 0 S1_1
15063 29 -0.5 0 S1_1
15066 29 -0.5 0 S1_1
15069 29 -0.5 69.6696250217421 S1_1
15042 30 -0.5 0 S1_1
15045 30 -0.5 0 S1_1
15048 30 -0.5 0 S1_1
15049 30 -0.5 0 S1_1
15051 30 -0.5 0 S1_1
15053 30 -0.5 0 S1_1
15054 30 -0.5 0 S1_1
15055 30 -0.5 0 S1_1
15056 30 -0.5 0 S1_1
15057 30 -0.5 0 S1_1
15059 30 -0.5 0 S1_1
15060 30 -0.5 0 S1_1
15063 30 -0.5 0 S1_1
15066 30 -0.5 0 S1_1
15069 30 -0.5 0 S1_1
15042 31 -0.5 0 S1_1
15045 31 -0.5 0 S1_1
15048 31 -0.5 22.3902329063134 S1_1
15049 31 -0.5 0 S1_1
15051 31 -0.5 19.4555710100761 S1_1
15053 31 -0.5 2.50147840279472 S1_1
15054 31 -0.5 0 S1_1
15055 31 -0.5 0 S1_1
15056 31 -0.5 0 S1_1
15057 31 -0.5 0 S1_1
15059 31 -0.5 12.4043591940232 S1_1
15060 31 -0.5 0 S1_1
15063 31 -0.5 0 S1_1
15066 31 -0.5 0 S1_1
15069 31 -0.5 0 S1_1
15042 1 -1.5 0 S1_1
15045 1 -1.5 0 S1_1
15048 1 -1.5 257.449880993409 S1_1
15049 1 -1.5 0 S1_1
15051 1 -1.5 161.809118530929 S1_1
15053 1 -1.5 226.141639547628 S1_1
15054 1 -1.5 0 S1_1
15055 1 -1.5 0 S1_1
15056 1 -1.5 0 S1_1
15057 1 -1.5 7.83090330361752 S1_1
15059 1 -1.5 119.159358337616 S1_1
15060 1 -1.5 61.4930680359799 S1_1
15063 1 -1.5 0 S1_1
15066 1 -1.5 58.8633958160284 S1_1
15069 1 -1.5 112.406437366856 S1_1
15042 2 -1.5 0 S1_1
15045 2 -1.5 0 S1_1
15048 2 -1.5 376.341589193463 S1_1
15049 2 -1.5 0 S1_1
15051 2 -1.5 0 S1_1
15053 2 -1.5 0 S1_1
15054 2 -1.5 0 S1_1
15055 2 -1.5 0 S1_1
15056 2 -1.5 0 S1_1
15057 2 -1.5 0 S1_1
15059 2 -1.5 0 S1_1
15060 2 -1.5 0 S1_1
15063 2 -1.5 0 S1_1
15066 2 -1.5 0 S1_1
15069 2 -1.5 0 S1_1
15042 3 -1.5 0 S1_1
15045 3 -1.5 0 S1_1
15048 3 -1.5 412.835085529223 S1_1
15049 3 -1.5 0 S1_1
15051 3 -1.5 0 S1_1
15053 3 -1.5 0 S1_1
15054 3 -1.5 0 S1_1
15055 3 -1.5 0 S1_1
15056 3 -1.5 0 S1_1
15057 3 -1.5 0 S1_1
15059 3 -1.5 1.28052132235557 S1_1
15060 3 -1.5 0 S1_1
15063 3 -1.5 0 S1_1
15066 3 -1.5 0 S1_1
15069 3 -1.5 0 S1_1
15042 4 -1.5 0 S1_1
15045 4 -1.5 0 S1_1
15048 4 -1.5 328.75282569568 S1_1
15049 4 -1.5 0 S1_1
15051 4 -1.5 36.8774354143597 S1_1
15053 4 -1.5 56.1664512309935 S1_1
15054 4 -1.5 0 S1_1
15055 4 -1.5 0 S1_1
15056 4 -1.5 0 S1_1
15057 4 -1.5 10.5223731810675 S1_1
15059 4 -1.5 88.7805331869412 S1_1
15060 4 -1.5 1.50129008402168 S1_1
15063 4 -1.5 0 S1_1
15066 4 -1.5 32.9742764140319 S1_1
15069 4 -1.5 42.8188221582365 S1_1
15042 5 -1.5 0 S1_1
15045 5 -1.5 0 S1_1
15048 5 -1.5 0 S1_1
15049 5 -1.5 0 S1_1
15051 5 -1.5 0 S1_1
15053 5 -1.5 0 S1_1
15054 5 -1.5 0 S1_1
15055 5 -1.5 0 S1_1
15056 5 -1.5 0 S1_1
15057 5 -1.5 0 S1_1
15059 5 -1.5 0 S1_1
15060 5 -1.5 0 S1_1
15063 5 -1.5 0 S1_1
15066 5 -1.5 0 S1_1
15069 5 -1.5 0 S1_1
15042 6 -1.5 8.24435119729365 S1_1
15045 6 -1.5 35.2581324746453 S1_1
15048 6 -1.5 563.122309269723 S1_1
15049 6 -1.5 0 S1_1
15051 6 -1.5 103.049939253337 S1_1
15053 6 -1.5 111.997198682141 S1_1
15054 6 -1.5 2.98082641787786 S1_1
15055 6 -1.5 0 S1_1
15056 6 -1.5 4.21706298554739 S1_1
15057 6 -1.5 86.3947431429984 S1_1
15059 6 -1.5 163.7182013832 S1_1
15060 6 -1.5 31.1874348116356 S1_1
15063 6 -1.5 0 S1_1
15066 6 -1.5 149.531859028305 S1_1
15069 6 -1.5 90.3034694934562 S1_1
15042 7 -1.5 0 S1_1
15045 7 -1.5 0 S1_1
15048 7 -1.5 385.418481138005 S1_1
15049 7 -1.5 0 S1_1
15051 7 -1.5 0 S1_1
15053 7 -1.5 0 S1_1
15054 7 -1.5 0 S1_1
15055 7 -1.5 0 S1_1
15056 7 -1.5 0 S1_1
15057 7 -1.5 0 S1_1
15059 7 -1.5 0 S1_1
15060 7 -1.5 0 S1_1
15063 7 -1.5 0 S1_1
15066 7 -1.5 0 S1_1
15069 7 -1.5 0 S1_1
15042 8 -1.5 1.39010123569607 S1_1
15045 8 -1.5 11.6119678267981 S1_1
15048 8 -1.5 409.542734875856 S1_1
15049 8 -1.5 0 S1_1
15051 8 -1.5 161.829109763157 S1_1
15053 8 -1.5 231.205899832307 S1_1
15054 8 -1.5 0 S1_1
15055 8 -1.5 0 S1_1
15056 8 -1.5 0 S1_1
15057 8 -1.5 48.2045090405118 S1_1
15059 8 -1.5 181.577894890455 S1_1
15060 8 -1.5 91.8951035672893 S1_1
15063 8 -1.5 0 S1_1
15066 8 -1.5 136.151852945928 S1_1
15069 8 -1.5 155.978317127275 S1_1
15042 9 -1.5 0 S1_1
15045 9 -1.5 2.59731127495587 S1_1
15048 9 -1.5 452.378056027759 S1_1
15049 9 -1.5 0 S1_1
15051 9 -1.5 47.3257241005099 S1_1
15053 9 -1.5 54.2293811743094 S1_1
15054 9 -1.5 0 S1_1
15055 9 -1.5 0 S1_1
15056 9 -1.5 0 S1_1
15057 9 -1.5 34.9562084109869 S1_1
15059 9 -1.5 106.300326099696 S1_1
15060 9 -1.5 2.05704839194788 S1_1
15063 9 -1.5 0 S1_1
15066 9 -1.5 60.6023883541191 S1_1
15069 9 -1.5 39.173281064952 S1_1
15042 10 -1.5 1.27711712641865 S1_1
15045 10 -1.5 11.0115555398586 S1_1
15048 10 -1.5 430.108773583485 S1_1
15049 10 -1.5 0 S1_1
15051 10 -1.5 147.529366541653 S1_1
15053 10 -1.5 207.400669328845 S1_1
15054 10 -1.5 0 S1_1
15055 10 -1.5 0 S1_1
15056 10 -1.5 0 S1_1
15057 10 -1.5 48.8653842313862 S1_1
15059 10 -1.5 178.261404826558 S1_1
15060 10 -1.5 82.5291802289919 S1_1
15063 10 -1.5 0 S1_1
15066 10 -1.5 135.625833918343 S1_1
15069 10 -1.5 146.920425606085 S1_1
15042 11 -1.5 0 S1_1
15045 11 -1.5 0 S1_1
15048 11 -1.5 56.5932867343528 S1_1
15049 11 -1.5 0 S1_1
15051 11 -1.5 24.6573754417869 S1_1
15053 11 -1.5 46.0026870974775 S1_1
15054 11 -1.5 0 S1_1
15055 11 -1.5 0 S1_1
15056 11 -1.5 0 S1_1
15057 11 -1.5 0 S1_1
15059 11 -1.5 12.7570041794296 S1_1
15060 11 -1.5 0 S1_1
15063 11 -1.5 0 S1_1
15066 11 -1.5 0 S1_1
15069 11 -1.5 8.48270806574235 S1_1
15042 12 -1.5 0 S1_1
15045 12 -1.5 0 S1_1
15048 12 -1.5 59.1783141716721 S1_1
15049 12 -1.5 0 S1_1
15051 12 -1.5 36.016780795795 S1_1
15053 12 -1.5 53.1009121055979 S1_1
15054 12 -1.5 0 S1_1
15055 12 -1.5 0 S1_1
15056 12 -1.5 0 S1_1
15057 12 -1.5 0 S1_1
15059 12 -1.5 14.1454193054098 S1_1
15060 12 -1.5 0 S1_1
15063 12 -1.5 0 S1_1
15066 12 -1.5 0 S1_1
15069 12 -1.5 9.949607276869 S1_1
15042 13 -1.5 0 S1_1
15045 13 -1.5 0 S1_1
15048 13 -1.5 315.843001530349 S1_1
15049 13 -1.5 0 S1_1
15051 13 -1.5 0 S1_1
15053 13 -1.5 0 S1_1
15054 13 -1.5 0 S1_1
15055 13 -1.5 0 S1_1
15056 13 -1.5 0 S1_1
15057 13 -1.5 1.07926583074666 S1_1
15059 13 -1.5 16.8183663742109 S1_1
15060 13 -1.5 0 S1_1
15063 13 -1.5 0 S1_1
15066 13 -1.5 0 S1_1
15069 13 -1.5 0 S1_1
15042 14 -1.5 0 S1_1
15045 14 -1.5 0 S1_1
15048 14 -1.5 513.265280593199 S1_1
15049 14 -1.5 0 S1_1
15051 14 -1.5 0 S1_1
15053 14 -1.5 0 S1_1
15054 14 -1.5 0 S1_1
15055 14 -1.5 0 S1_1
15056 14 -1.5 0 S1_1
15057 14 -1.5 0 S1_1
15059 14 -1.5 0 S1_1
15060 14 -1.5 0 S1_1
15063 14 -1.5 0 S1_1
15066 14 -1.5 0 S1_1
15069 14 -1.5 0 S1_1
15042 15 -1.5 58.2941311329935 S1_1
15045 15 -1.5 110.460903066828 S1_1
15048 15 -1.5 626.909238152061 S1_1
15049 15 -1.5 5.31240055582599 S1_1
15051 15 -1.5 281.753791623036 S1_1
15053 15 -1.5 359.472716499456 S1_1
15054 15 -1.5 9.84907915622229 S1_1
15055 15 -1.5 6.20057913499517 S1_1
15056 15 -1.5 37.398851037668 S1_1
15057 15 -1.5 135.590700348489 S1_1
15059 15 -1.5 300.620951637008 S1_1
15060 15 -1.5 201.243038916275 S1_1
15063 15 -1.5 14.7481828906443 S1_1
15066 15 -1.5 297.382646793821 S1_1
15069 15 -1.5 265.090336289762 S1_1
15042 16 -1.5 6.32116170083722 S1_1
15045 16 -1.5 40.3173879478579 S1_1
15048 16 -1.5 474.466523413207 S1_1
15049 16 -1.5 1.33676146126424 S1_1
15051 16 -1.5 272.756071545364 S1_1
15053 16 -1.5 367.115566273645 S1_1
15054 16 -1.5 0 S1_1
15055 16 -1.5 0 S1_1
15056 16 -1.5 2.237330585146 S1_1
15057 16 -1.5 72.9752186506693 S1_1
15059 16 -1.5 233.64361884942 S1_1
15060 16 -1.5 153.46827767949 S1_1
15063 16 -1.5 0 S1_1
15066 16 -1.5 184.828065972763 S1_1
15069 16 -1.5 215.015948964299 S1_1
15042 17 -1.5 1.38440290150298 S1_1
15045 17 -1.5 8.0753386990227 S1_1
15048 17 -1.5 515.89168752634 S1_1
15049 17 -1.5 0 S1_1
15051 17 -1.5 42.3317259267552 S1_1
15053 17 -1.5 28.4305821964585 S1_1
15054 17 -1.5 2.1535593034646 S1_1
15055 17 -1.5 0 S1_1
15056 17 -1.5 0 S1_1
15057 17 -1.5 49.3354534275453 S1_1
15059 17 -1.5 101.135084147425 S1_1
15060 17 -1.5 0 S1_1
15063 17 -1.5 0 S1_1
15066 17 -1.5 44.4972411287895 S1_1
15069 17 -1.5 9.74368353500989 S1_1
15042 18 -1.5 0 S1_1
15045 18 -1.5 0 S1_1
15048 18 -1.5 170.016108506279 S1_1
15049 18 -1.5 0 S1_1
15051 18 -1.5 115.890906942325 S1_1
15053 18 -1.5 147.526663320334 S1_1
15054 18 -1.5 0 S1_1
15055 18 -1.5 0 S1_1
15056 18 -1.5 0 S1_1
15057 18 -1.5 1.35646995494006 S1_1
15059 18 -1.5 84.5239403913281 S1_1
15060 18 -1.5 22.220766312161 S1_1
15063 18 -1.5 0 S1_1
15066 18 -1.5 13.2599177414279 S1_1
15069 18 -1.5 78.6692440369266 S1_1
15042 19 -1.5 1.36368164310798 S1_1
15045 19 -1.5 10.6347436309551 S1_1
15048 19 -1.5 436.946520691416 S1_1
15049 19 -1.5 0 S1_1
15051 19 -1.5 130.956902558716 S1_1
15053 19 -1.5 177.272675112358 S1_1
15054 19 -1.5 0 S1_1
15055 19 -1.5 0 S1_1
15056 19 -1.5 0 S1_1
15057 19 -1.5 50.812204395848 S1_1
15059 19 -1.5 171.951053616069 S1_1
15060 19 -1.5 69.5650368520406 S1_1
15063 19 -1.5 0 S1_1
15066 19 -1.5 134.02324176412 S1_1
15069 19 -1.5 135.630647220471 S1_1
15042 20 -1.5 29.706925876781 S1_1
15045 20 -1.5 81.2410616174191 S1_1
15048 20 -1.5 553.796029531315 S1_1
15049 20 -1.5 6.06314682278467 S1_1
15051 20 -1.5 297.46965247434 S1_1
15053 20 -1.5 390.983384114934 S1_1
15054 20 -1.5 1.99656258674324 S1_1
15055 20 -1.5 1.13641697050052 S1_1
15056 20 -1.5 15.5325361437056 S1_1
15057 20 -1.5 107.47190445518 S1_1
15059 20 -1.5 277.555287827345 S1_1
15060 20 -1.5 191.669584406355 S1_1
15063 20 -1.5 4.26680381701734 S1_1
15066 20 -1.5 249.173764663284 S1_1
15069 20 -1.5 255.470722300743 S1_1
15042 21 -1.5 0 S1_1
15045 21 -1.5 4.322651315049 S1_1
15048 21 -1.5 400.239326909298 S1_1
15049 21 -1.5 0 S1_1
15051 21 -1.5 111.927395875306 S1_1
15053 21 -1.5 152.555270298101 S1_1
15054 21 -1.5 0 S1_1
15055 21 -1.5 0 S1_1
15056 21 -1.5 0 S1_1
15057 21 -1.5 35.5277904582262 S1_1
15059 21 -1.5 148.749222866751 S1_1
15060 21 -1.5 49.7327411081063 S1_1
15063 21 -1.5 0 S1_1
15066 21 -1.5 108.626359342727 S1_1
15069 21 -1.5 116.937106278218 S1_1
15042 22 -1.5 1.25413018936239 S1_1
15045 22 -1.5 15.0499427839818 S1_1
15048 22 -1.5 425.417722920838 S1_1
15049 22 -1.5 0 S1_1
15051 22 -1.5 254.245790179113 S1_1
15053 22 -1.5 352.121304808332 S1_1
15054 22 -1.5 0 S1_1
15055 22 -1.5 0 S1_1
15056 22 -1.5 0 S1_1
15057 22 -1.5 45.7105450623406 S1_1
15059 22 -1.5 196.183423788497 S1_1
15060 22 -1.5 122.853972495963 S1_1
15063 22 -1.5 0 S1_1
15066 22 -1.5 140.51700435897 S1_1
15069 22 -1.5 177.450292423345 S1_1
15042 23 -1.5 1.89953635547509 S1_1
15045 23 -1.5 12.8079845145472 S1_1
15048 23 -1.5 499.488367655725 S1_1
15049 23 -1.5 0 S1_1
15051 23 -1.5 98.1071688467453 S1_1
15053 23 -1.5 120.169487577851 S1_1
15054 23 -1.5 0 S1_1
15055 23 -1.5 0 S1_1
15056 23 -1.5 0 S1_1
15057 23 -1.5 59.317041591104 S1_1
15059 23 -1.5 154.626185741703 S1_1
15060 23 -1.5 34.5238308782043 S1_1
15063 23 -1.5 0 S1_1
15066 23 -1.5 130.352831236716 S1_1
15069 23 -1.5 99.8106372584754 S1_1
15042 24 -1.5 0 S1_1
15045 24 -1.5 8.32932976763159 S1_1
15048 24 -1.5 422.921326402284 S1_1
15049 24 -1.5 0 S1_1
15051 24 -1.5 140.606113463634 S1_1
15053 24 -1.5 196.765710785574 S1_1
15054 24 -1.5 0 S1_1
15055 24 -1.5 0 S1_1
15056 24 -1.5 0 S1_1
15057 24 -1.5 43.3788903787527 S1_1
15059 24 -1.5 169.755081008149 S1_1
15060 24 -1.5 76.0821018622131 S1_1
15063 24 -1.5 0 S1_1
15066 24 -1.5 127.933226496363 S1_1
15069 24 -1.5 139.812321009557 S1_1
15042 25 -1.5 0 S1_1
15045 25 -1.5 0 S1_1
15048 25 -1.5 504.307010955346 S1_1
15049 25 -1.5 0 S1_1
15051 25 -1.5 0 S1_1
15053 25 -1.5 0 S1_1
15054 25 -1.5 0 S1_1
15055 25 -1.5 0 S1_1
15056 25 -1.5 0 S1_1
15057 25 -1.5 0 S1_1
15059 25 -1.5 0 S1_1
15060 25 -1.5 0 S1_1
15063 25 -1.5 0 S1_1
15066 25 -1.5 0 S1_1
15069 25 -1.5 0 S1_1
15042 26 -1.5 4.59039851720084 S1_1
15045 26 -1.5 34.6983574675916 S1_1
15048 26 -1.5 476.120151040036 S1_1
15049 26 -1.5 1.06035347997937 S1_1
15051 26 -1.5 268.531065724845 S1_1
15053 26 -1.5 368.036777071683 S1_1
15054 26 -1.5 0 S1_1
15055 26 -1.5 0 S1_1
15056 26 -1.5 1.62774872805996 S1_1
15057 26 -1.5 67.5253105552103 S1_1
15059 26 -1.5 229.070226212753 S1_1
15060 26 -1.5 146.598968461434 S1_1
15063 26 -1.5 0 S1_1
15066 26 -1.5 176.657262539735 S1_1
15069 26 -1.5 208.346313997206 S1_1
15042 27 -1.5 0 S1_1
15045 27 -1.5 0 S1_1
15048 27 -1.5 296.69714563513 S1_1
15049 27 -1.5 0 S1_1
15051 27 -1.5 0 S1_1
15053 27 -1.5 0 S1_1
15054 27 -1.5 0 S1_1
15055 27 -1.5 0 S1_1
15056 27 -1.5 0 S1_1
15057 27 -1.5 0 S1_1
15059 27 -1.5 0 S1_1
15060 27 -1.5 0 S1_1
15063 27 -1.5 0 S1_1
15066 27 -1.5 0 S1_1
15069 27 -1.5 0 S1_1
15042 28 -1.5 10.3667555187071 S1_1
15045 28 -1.5 54.0167877241367 S1_1
15048 28 -1.5 518.23174399554 S1_1
15049 28 -1.5 3.20487698953143 S1_1
15051 28 -1.5 331.468909693342 S1_1
15053 28 -1.5 429.339767573105 S1_1
15054 28 -1.5 0 S1_1
15055 28 -1.5 0 S1_1
15056 28 -1.5 4.53636675288721 S1_1
15057 28 -1.5 81.187065450318 S1_1
15059 28 -1.5 255.350289632002 S1_1
15060 28 -1.5 175.690941852322 S1_1
15063 28 -1.5 1.30137595155014 S1_1
15066 28 -1.5 205.157035224753 S1_1
15069 28 -1.5 236.500542964969 S1_1
15042 29 -1.5 0 S1_1
15045 29 -1.5 0 S1_1
15048 29 -1.5 269.096375416803 S1_1
15049 29 -1.5 0 S1_1
15051 29 -1.5 2.93516800053994 S1_1
15053 29 -1.5 4.53466767219634 S1_1
15054 29 -1.5 0 S1_1
15055 29 -1.5 0 S1_1
15056 29 -1.5 0 S1_1
15057 29 -1.5 1.98786455662297 S1_1
15059 29 -1.5 44.2598362911671 S1_1
15060 29 -1.5 0 S1_1
15063 29 -1.5 0 S1_1
15066 29 -1.5 2.38109381324292 S1_1
15069 29 -1.5 2.62152941154752 S1_1
15042 30 -1.5 0 S1_1
15045 30 -1.5 0 S1_1
15048 30 -1.5 486.462845765836 S1_1
15049 30 -1.5 0 S1_1
15051 30 -1.5 0 S1_1
15053 30 -1.5 0 S1_1
15054 30 -1.5 0 S1_1
15055 30 -1.5 0 S1_1
15056 30 -1.5 0 S1_1
15057 30 -1.5 0 S1_1
15059 30 -1.5 0 S1_1
15060 30 -1.5 0 S1_1
15063 30 -1.5 0 S1_1
15066 30 -1.5 0 S1_1
15069 30 -1.5 0 S1_1
15042 31 -1.5 0 S1_1
15045 31 -1.5 0 S1_1
15048 31 -1.5 521.955520392023 S1_1
15049 31 -1.5 0 S1_1
15051 31 -1.5 0 S1_1
15053 31 -1.5 0 S1_1
15054 31 -1.5 0 S1_1
15055 31 -1.5 0 S1_1
15056 31 -1.5 0 S1_1
15057 31 -1.5 0 S1_1
15059 31 -1.5 3.57483108004279 S1_1
15060 31 -1.5 0 S1_1
15063 31 -1.5 0 S1_1
15066 31 -1.5 0 S1_1
15069 31 -1.5 0 S1_1
15042 1 -3 0 S1_1
15045 1 -3 0 S1_1
15048 1 -3 0 S1_1
15049 1 -3 0 S1_1
15051 1 -3 0 S1_1
15053 1 -3 0 S1_1
15054 1 -3 0 S1_1
15055 1 -3 0 S1_1
15056 1 -3 0 S1_1
15057 1 -3 0 S1_1
15059 1 -3 0 S1_1
15060 1 -3 0 S1_1
15063 1 -3 0 S1_1
15066 1 -3 0 S1_1
15069 1 -3 0 S1_1
15042 2 -3 0 S1_1
15045 2 -3 0 S1_1
15048 2 -3 291.501931657579 S1_1
15049 2 -3 0 S1_1
15051 2 -3 0 S1_1
15053 2 -3 0 S1_1
15054 2 -3 0 S1_1
15055 2 -3 0 S1_1
15056 2 -3 0 S1_1
15057 2 -3 0 S1_1
15059 2 -3 0 S1_1
15060 2 -3 0 S1_1
15063 2 -3 0 S1_1
15066 2 -3 0 S1_1
15069 2 -3 0 S1_1
15042 3 -3 0 S1_1
15045 3 -3 0 S1_1
15048 3 -3 84.6035732935029 S1_1
15049 3 -3 0 S1_1
15051 3 -3 0 S1_1
15053 3 -3 0 S1_1
15054 3 -3 0 S1_1
15055 3 -3 0 S1_1
15056 3 -3 0 S1_1
15057 3 -3 0 S1_1
15059 3 -3 0 S1_1
15060 3 -3 0 S1_1
15063 3 -3 0 S1_1
15066 3 -3 0 S1_1
15069 3 -3 0 S1_1
15042 4 -3 0 S1_1
15045 4 -3 0 S1_1
15048 4 -3 3.94101036425533 S1_1
15049 4 -3 0 S1_1
15051 4 -3 0 S1_1
15053 4 -3 0 S1_1
15054 4 -3 0 S1_1
15055 4 -3 0 S1_1
15056 4 -3 0 S1_1
15057 4 -3 0 S1_1
15059 4 -3 0 S1_1
15060 4 -3 0 S1_1
15063 4 -3 0 S1_1
15066 4 -3 0 S1_1
15069 4 -3 0 S1_1
15042 5 -3 0 S1_1
15045 5 -3 0 S1_1
15048 5 -3 0 S1_1
15049 5 -3 0 S1_1
15051 5 -3 0 S1_1
15053 5 -3 0 S1_1
15054 5 -3 0 S1_1
15055 5 -3 0 S1_1
15056 5 -3 0 S1_1
15057 5 -3 0 S1_1
15059 5 -3 0 S1_1
15060 5 -3 0 S1_1
15063 5 -3 0 S1_1
15066 5 -3 0 S1_1
15069 5 -3 0 S1_1
15042 6 -3 0 S1_1
15045 6 -3 0 S1_1
15048 6 -3 316.551834786955 S1_1
15049 6 -3 0 S1_1
15051 6 -3 17.4565520938108 S1_1
15053 6 -3 21.1300067887567 S1_1
15054 6 -3 0 S1_1
15055 6 -3 0 S1_1
15056 6 -3 0 S1_1
15057 6 -3 13.3629184187775 S1_1
15059 6 -3 72.931061782367 S1_1
15060 6 -3 0 S1_1
15063 6 -3 0 S1_1
15066 6 -3 16.3407754955243 S1_1
15069 6 -3 13.5427504507883 S1_1
15042 7 -3 0 S1_1
15045 7 -3 0 S1_1
15048 7 -3 307.11175646817 S1_1
15049 7 -3 0 S1_1
15051 7 -3 0 S1_1
15053 7 -3 0 S1_1
15054 7 -3 0 S1_1
15055 7 -3 0 S1_1
15056 7 -3 0 S1_1
15057 7 -3 0 S1_1
15059 7 -3 0 S1_1
15060 7 -3 0 S1_1
15063 7 -3 0 S1_1
15066 7 -3 0 S1_1
15069 7 -3 0 S1_1
15042 8 -3 0 S1_1
15045 8 -3 0 S1_1
15048 8 -3 77.4269070806791 S1_1
15049 8 -3 0 S1_1
15051 8 -3 4.45873707328345 S1_1
15053 8 -3 20.5916642899584 S1_1
15054 8 -3 0 S1_1
15055 8 -3 0 S1_1
15056 8 -3 0 S1_1
15057 8 -3 0 S1_1
15059 8 -3 12.7896091232843 S1_1
15060 8 -3 0 S1_1
15063 8 -3 0 S1_1
15066 8 -3 0 S1_1
15069 8 -3 6.0825858789905 S1_1
15042 9 -3 0 S1_1
15045 9 -3 0 S1_1
15048 9 -3 109.249801416479 S1_1
15049 9 -3 0 S1_1
15051 9 -3 0 S1_1
15053 9 -3 0 S1_1
15054 9 -3 0 S1_1
15055 9 -3 0 S1_1
15056 9 -3 0 S1_1
15057 9 -3 0 S1_1
15059 9 -3 1.19341575103569 S1_1
15060 9 -3 0 S1_1
15063 9 -3 0 S1_1
15066 9 -3 0 S1_1
15069 9 -3 0 S1_1
15042 10 -3 0 S1_1
15045 10 -3 0 S1_1
15048 10 -3 63.353069930263 S1_1
15049 10 -3 0 S1_1
15051 10 -3 1.05005146539849 S1_1
15053 10 -3 6.42217806485804 S1_1
15054 10 -3 0 S1_1
15055 10 -3 0 S1_1
15056 10 -3 0 S1_1
15057 10 -3 0 S1_1
15059 10 -3 5.8124192134757 S1_1
15060 10 -3 0 S1_1
15063 10 -3 0 S1_1
15066 10 -3 0 S1_1
15069 10 -3 1.94200546486213 S1_1
15042 11 -3 0 S1_1
15045 11 -3 0 S1_1
15048 11 -3 0 S1_1
15049 11 -3 0 S1_1
15051 11 -3 0 S1_1
15053 11 -3 0 S1_1
15054 11 -3 0 S1_1
15055 11 -3 0 S1_1
15056 11 -3 0 S1_1
15057 11 -3 0 S1_1
15059 11 -3 0 S1_1
15060 11 -3 0 S1_1
15063 11 -3 0 S1_1
15066 11 -3 0 S1_1
15069 11 -3 0 S1_1
15042 12 -3 0 S1_1
15045 12 -3 0 S1_1
15048 12 -3 0 S1_1
15049 12 -3 0 S1_1
15051 12 -3 0 S1_1
15053 12 -3 0 S1_1
15054 12 -3 0 S1_1
15055 12 -3 0 S1_1
15056 12 -3 0 S1_1
15057 12 -3 0 S1_1
15059 12 -3 0 S1_1
15060 12 -3 0 S1_1
15063 12 -3 0 S1_1
15066 12 -3 0 S1_1
15069 12 -3 0 S1_1
15042 13 -3 0 S1_1
15045 13 -3 0 S1_1
15048 13 -3 83.73559706106 S1_1
15049 13 -3 0 S1_1
15051 13 -3 0 S1_1
15053 13 -3 0 S1_1
15054 13 -3 0 S1_1
15055 13 -3 0 S1_1
15056 13 -3 0 S1_1
15057 13 -3 0 S1_1
15059 13 -3 0 S1_1
15060 13 -3 0 S1_1
15063 13 -3 0 S1_1
15066 13 -3 0 S1_1
15069 13 -3 0 S1_1
15042 14 -3 0 S1_1
15045 14 -3 0 S1_1
15048 14 -3 385.8069504267 S1_1
15049 14 -3 0 S1_1
15051 14 -3 0 S1_1
15053 14 -3 0 S1_1
15054 14 -3 0 S1_1
15055 14 -3 0 S1_1
15056 14 -3 0 S1_1
15057 14 -3 0 S1_1
15059 14 -3 0 S1_1
15060 14 -3 0 S1_1
15063 14 -3 0 S1_1
15066 14 -3 0 S1_1
15069 14 -3 0 S1_1
15042 15 -3 2.68624972455606 S1_1
15045 15 -3 20.7990966385387 S1_1
15048 15 -3 402.006823699288 S1_1
15049 15 -3 0 S1_1
15051 15 -3 160.246897451565 S1_1
15053 15 -3 205.332668307313 S1_1
15054 15 -3 0 S1_1
15055 15 -3 8.56217958971214 S1_1
15056 15 -3 19.0687855455439 S1_1
15057 15 -3 65.2664516542808 S1_1
15059 15 -3 178.565190613344 S1_1
15060 15 -3 105.387405600682 S1_1
15063 15 -3 0 S1_1
15066 15 -3 155.164604561834 S1_1
15069 15 -3 157.351480494969 S1_1
15042 16 -3 0 S1_1
15045 16 -3 0 S1_1
15048 16 -3 130.352249330405 S1_1
15049 16 -3 0 S1_1
15051 16 -3 65.1211380781754 S1_1
15053 16 -3 92.688726745564 S1_1
15054 16 -3 0 S1_1
15055 16 -3 0 S1_1
15056 16 -3 0 S1_1
15057 16 -3 0 S1_1
15059 16 -3 54.0449503896836 S1_1
15060 16 -3 4.32082808069192 S1_1
15063 16 -3 0 S1_1
15066 16 -3 2.30680888611224 S1_1
15069 16 -3 48.0487824625135 S1_1
15042 17 -3 0 S1_1
15045 17 -3 0 S1_1
15048 17 -3 345.205666835814 S1_1
15049 17 -3 0 S1_1
15051 17 -3 2.28824687807233 S1_1
15053 17 -3 1.10169227374445 S1_1
15054 17 -3 0 S1_1
15055 17 -3 0 S1_1
15056 17 -3 0 S1_1
15057 17 -3 5.67883075984713 S1_1
15059 17 -3 36.569809919986 S1_1
15060 17 -3 0 S1_1
15063 17 -3 0 S1_1
15066 17 -3 1.41873136046636 S1_1
15069 17 -3 0 S1_1
15042 18 -3 0 S1_1
15045 18 -3 0 S1_1
15048 18 -3 0 S1_1
15049 18 -3 0 S1_1
15051 18 -3 0 S1_1
15053 18 -3 0 S1_1
15054 18 -3 0 S1_1
15055 18 -3 0 S1_1
15056 18 -3 0 S1_1
15057 18 -3 0 S1_1
15059 18 -3 0 S1_1
15060 18 -3 0 S1_1
15063 18 -3 0 S1_1
15066 18 -3 0 S1_1
15069 18 -3 0 S1_1
15042 19 -3 0 S1_1
15045 19 -3 0 S1_1
15048 19 -3 77.924095053663 S1_1
15049 19 -3 0 S1_1
15051 19 -3 0 S1_1
15053 19 -3 4.67402415531135 S1_1
15054 19 -3 0 S1_1
15055 19 -3 0 S1_1
15056 19 -3 0 S1_1
15057 19 -3 0 S1_1
15059 19 -3 7.85869384334125 S1_1
15060 19 -3 0 S1_1
15063 19 -3 0 S1_1
15066 19 -3 0 S1_1
15069 19 -3 1.91966643003599 S1_1
15042 20 -3 0 S1_1
15045 20 -3 1.3400615065457 S1_1
15048 20 -3 256.654482541777 S1_1
15049 20 -3 0 S1_1
15051 20 -3 128.721602734056 S1_1
15053 20 -3 168.603305521111 S1_1
15054 20 -3 0 S1_1
15055 20 -3 0 S1_1
15056 20 -3 1.29269864028667 S1_1
15057 20 -3 17.3431043250265 S1_1
15059 20 -3 124.037479312383 S1_1
15060 20 -3 62.0525686751131 S1_1
15063 20 -3 0 S1_1
15066 20 -3 71.8572318364377 S1_1
15069 20 -3 115.021613107628 S1_1
15042 21 -3 0 S1_1
15045 21 -3 0 S1_1
15048 21 -3 32.070383970514 S1_1
15049 21 -3 0 S1_1
15051 21 -3 0 S1_1
15053 21 -3 0 S1_1
15054 21 -3 0 S1_1
15055 21 -3 0 S1_1
15056 21 -3 0 S1_1
15057 21 -3 0 S1_1
15059 21 -3 0 S1_1
15060 21 -3 0 S1_1
15063 21 -3 0 S1_1
15066 21 -3 0 S1_1
15069 21 -3 0 S1_1
15042 22 -3 0 S1_1
15045 22 -3 0 S1_1
15048 22 -3 37.4137810920879 S1_1
15049 22 -3 0 S1_1
15051 22 -3 9.1776141376271 S1_1
15053 22 -3 22.1825766373535 S1_1
15054 22 -3 0 S1_1
15055 22 -3 0 S1_1
15056 22 -3 0 S1_1
15057 22 -3 0 S1_1
15059 22 -3 3.21629543799065 S1_1
15060 22 -3 0 S1_1
15063 22 -3 0 S1_1
15066 22 -3 0 S1_1
15069 22 -3 2.24563026970714 S1_1
15042 23 -3 0 S1_1
15045 23 -3 0 S1_1
15048 23 -3 121.799863080469 S1_1
15049 23 -3 0 S1_1
15051 23 -3 0 S1_1
15053 23 -3 1.08039673090119 S1_1
15054 23 -3 0 S1_1
15055 23 -3 0 S1_1
15056 23 -3 0 S1_1
15057 23 -3 0 S1_1
15059 23 -3 10.9877651061 S1_1
15060 23 -3 0 S1_1
15063 23 -3 0 S1_1
15066 23 -3 0 S1_1
15069 23 -3 0 S1_1
15042 24 -3 0 S1_1
15045 24 -3 0 S1_1
15048 24 -3 42.9703079584245 S1_1
15049 24 -3 0 S1_1
15051 24 -3 0 S1_1
15053 24 -3 2.11959244695038 S1_1
15054 24 -3 0 S1_1
15055 24 -3 0 S1_1
15056 24 -3 0 S1_1
15057 24 -3 0 S1_1
15059 24 -3 1.95242625500468 S1_1
15060 24 -3 0 S1_1
15063 24 -3 0 S1_1
15066 24 -3 0 S1_1
15069 24 -3 0 S1_1
15042 25 -3 0 S1_1
15045 25 -3 0 S1_1
15048 25 -3 300.464049397837 S1_1
15049 25 -3 0 S1_1
15051 25 -3 0 S1_1
15053 25 -3 0 S1_1
15054 25 -3 0 S1_1
15055 25 -3 0 S1_1
15056 25 -3 0 S1_1
15057 25 -3 0 S1_1
15059 25 -3 0 S1_1
15060 25 -3 0 S1_1
15063 25 -3 0 S1_1
15066 25 -3 0 S1_1
15069 25 -3 0 S1_1
15042 26 -3 0 S1_1
15045 26 -3 0 S1_1
15048 26 -3 101.289693193264 S1_1
15049 26 -3 0 S1_1
15051 26 -3 44.6043199789375 S1_1
15053 26 -3 69.4960906150343 S1_1
15054 26 -3 0 S1_1
15055 26 -3 0 S1_1
15056 26 -3 0 S1_1
15057 26 -3 0 S1_1
15059 26 -3 34.5941715262458 S1_1
15060 26 -3 1.17846466687694 S1_1
15063 26 -3 0 S1_1
15066 26 -3 0 S1_1
15069 26 -3 28.7579823227125 S1_1
15042 27 -3 0 S1_1
15045 27 -3 0 S1_1
15048 27 -3 129.222582591214 S1_1
15049 27 -3 0 S1_1
15051 27 -3 0 S1_1
15053 27 -3 0 S1_1
15054 27 -3 0 S1_1
15055 27 -3 0 S1_1
15056 27 -3 0 S1_1
15057 27 -3 0 S1_1
15059 27 -3 0 S1_1
15060 27 -3 0 S1_1
15063 27 -3 0 S1_1
15066 27 -3 0 S1_1
15069 27 -3 0 S1_1
15042 28 -3 0 S1_1
15045 28 -3 0 S1_1
15048 28 -3 134.41930788357 S1_1
15049 28 -3 0 S1_1
15051 28 -3 81.3148772353013 S1_1
15053 28 -3 104.329838903165 S1_1
15054 28 -3 0 S1_1
15055 28 -3 0 S1_1
15056 28 -3 0 S1_1
15057 28 -3 0 S1_1
15059 28 -3 58.6009331045698 S1_1
15060 28 -3 8.04424824886269 S1_1
15063 28 -3 0 S1_1
15066 28 -3 3.61257047069431 S1_1
15069 28 -3 54.2098559854675 S1_1
15042 29 -3 0 S1_1
15045 29 -3 0 S1_1
15048 29 -3 2.19670587298029 S1_1
15049 29 -3 0 S1_1
15051 29 -3 0 S1_1
15053 29 -3 0 S1_1
15054 29 -3 0 S1_1
15055 29 -3 0 S1_1
15056 29 -3 0 S1_1
15057 29 -3 0 S1_1
15059 29 -3 0 S1_1
15060 29 -3 0 S1_1
15063 29 -3 0 S1_1
15066 29 -3 0 S1_1
15069 29 -3 0 S1_1
15042 30 -3 0 S1_1
15045 30 -3 0 S1_1
15048 30 -3 322.35364291483 S1_1
15049 30 -3 0 S1_1
15051 30 -3 0 S1_1
15053 30 -3 0 S1_1
15054 30 -3 0 S1_1
15055 30 -3 0 S1_1
15056 30 -3 0 S1_1
15057 30 -3 0 S1_1
15059 30 -3 0 S1_1
15060 30 -3 0 S1_1
15063 30 -3 0 S1_1
15066 30 -3 0 S1_1
15069 30 -3 0 S1_1
15042 31 -3 0 S1_1
15045 31 -3 0 S1_1
15048 31 -3 151.702559766301 S1_1
15049 31 -3 0 S1_1
15051 31 -3 0 S1_1
15053 31 -3 0 S1_1
15054 31 -3 0 S1_1
15055 31 -3 0 S1_1
15056 31 -3 0 S1_1
15057 31 -3 0 S1_1
15059 31 -3 0 S1_1
15060 31 -3 0 S1_1
15063 31 -3 0 S1_1
15066 31 -3 0 S1_1
15069 31 -3 0 S1_1
15042 1 -5 0 S1_1
15045 1 -5 0 S1_1
15048 1 -5 0 S1_1
15049 1 -5 0 S1_1
15051 1 -5 0 S1_1
15053 1 -5 0 S1_1
15054 1 -5 0 S1_1
15055 1 -5 0 S1_1
15056 1 -5 0 S1_1
15057 1 -5 0 S1_1
15059 1 -5 0 S1_1
15060 1 -5 0 S1_1
15063 1 -5 0 S1_1
15066 1 -5 0 S1_1
15069 1 -5 0 S1_1
15042 2 -5 0 S1_1
15045 2 -5 0 S1_1
15048 2 -5 180.965183233619 S1_1
15049 2 -5 0 S1_1
15051 2 -5 0 S1_1
15053 2 -5 0 S1_1
15054 2 -5 0 S1_1
15055 2 -5 0 S1_1
15056 2 -5 0 S1_1
15057 2 -5 0 S1_1
15059 2 -5 0 S1_1
15060 2 -5 0 S1_1
15063 2 -5 0 S1_1
15066 2 -5 0 S1_1
15069 2 -5 0 S1_1
15042 3 -5 0 S1_1
15045 3 -5 0 S1_1
15048 3 -5 0 S1_1
15049 3 -5 0 S1_1
15051 3 -5 0 S1_1
15053 3 -5 0 S1_1
15054 3 -5 0 S1_1
15055 3 -5 0 S1_1
15056 3 -5 0 S1_1
15057 3 -5 0 S1_1
15059 3 -5 0 S1_1
15060 3 -5 0 S1_1
15063 3 -5 0 S1_1
15066 3 -5 0 S1_1
15069 3 -5 0 S1_1
15042 4 -5 0 S1_1
15045 4 -5 0 S1_1
15048 4 -5 0 S1_1
15049 4 -5 0 S1_1
15051 4 -5 0 S1_1
15053 4 -5 0 S1_1
15054 4 -5 0 S1_1
15055 4 -5 0 S1_1
15056 4 -5 0 S1_1
15057 4 -5 0 S1_1
15059 4 -5 0 S1_1
15060 4 -5 0 S1_1
15063 4 -5 0 S1_1
15066 4 -5 0 S1_1
15069 4 -5 0 S1_1
15042 5 -5 0 S1_1
15045 5 -5 0 S1_1
15048 5 -5 0 S1_1
15049 5 -5 0 S1_1
15051 5 -5 0 S1_1
15053 5 -5 0 S1_1
15054 5 -5 0 S1_1
15055 5 -5 0 S1_1
15056 5 -5 0 S1_1
15057 5 -5 0 S1_1
15059 5 -5 0 S1_1
15060 5 -5 0 S1_1
15063 5 -5 0 S1_1
15066 5 -5 0 S1_1
15069 5 -5 0 S1_1
15042 6 -5 0 S1_1
15045 6 -5 0 S1_1
15048 6 -5 101.523006134932 S1_1
15049 6 -5 0 S1_1
15051 6 -5 0 S1_1
15053 6 -5 0 S1_1
15054 6 -5 0 S1_1
15055 6 -5 0 S1_1
15056 6 -5 0 S1_1
15057 6 -5 0 S1_1
15059 6 -5 0 S1_1
15060 6 -5 0 S1_1
15063 6 -5 0 S1_1
15066 6 -5 0 S1_1
15069 6 -5 0 S1_1
15042 7 -5 0 S1_1
15045 7 -5 0 S1_1
15048 7 -5 200.528302573745 S1_1
15049 7 -5 0 S1_1
15051 7 -5 0 S1_1
15053 7 -5 0 S1_1
15054 7 -5 0 S1_1
15055 7 -5 0 S1_1
15056 7 -5 0 S1_1
15057 7 -5 0 S1_1
15059 7 -5 0 S1_1
15060 7 -5 0 S1_1
15063 7 -5 0 S1_1
15066 7 -5 0 S1_1
15069 7 -5 0 S1_1
15042 8 -5 0 S1_1
15045 8 -5 0 S1_1
15048 8 -5 0 S1_1
15049 8 -5 0 S1_1
15051 8 -5 0 S1_1
15053 8 -5 0 S1_1
15054 8 -5 0 S1_1
15055 8 -5 0 S1_1
15056 8 -5 0 S1_1
15057 8 -5 0 S1_1
15059 8 -5 0 S1_1
15060 8 -5 0 S1_1
15063 8 -5 0 S1_1
15066 8 -5 0 S1_1
15069 8 -5 0 S1_1
15042 9 -5 0 S1_1
15045 9 -5 0 S1_1
15048 9 -5 0 S1_1
15049 9 -5 0 S1_1
15051 9 -5 0 S1_1
15053 9 -5 0 S1_1
15054 9 -5 0 S1_1
15055 9 -5 0 S1_1
15056 9 -5 0 S1_1
15057 9 -5 0 S1_1
15059 9 -5 0 S1_1
15060 9 -5 0 S1_1
15063 9 -5 0 S1_1
15066 9 -5 0 S1_1
15069 9 -5 0 S1_1
15042 10 -5 0 S1_1
15045 10 -5 0 S1_1
15048 10 -5 0 S1_1
15049 10 -5 0 S1_1
15051 10 -5 0 S1_1
15053 10 -5 0 S1_1
15054 10 -5 0 S1_1
15055 10 -5 0 S1_1
15056 10 -5 0 S1_1
15057 10 -5 0 S1_1
15059 10 -5 0 S1_1
15060 10 -5 0 S1_1
15063 10 -5 0 S1_1
15066 10 -5 0 S1_1
15069 10 -5 0 S1_1
15042 11 -5 0 S1_1
15045 11 -5 0 S1_1
15048 11 -5 0 S1_1
15049 11 -5 0 S1_1
15051 11 -5 0 S1_1
15053 11 -5 0 S1_1
15054 11 -5 0 S1_1
15055 11 -5 0 S1_1
15056 11 -5 0 S1_1
15057 11 -5 0 S1_1
15059 11 -5 0 S1_1
15060 11 -5 0 S1_1
15063 11 -5 0 S1_1
15066 11 -5 0 S1_1
15069 11 -5 0 S1_1
15042 12 -5 0 S1_1
15045 12 -5 0 S1_1
15048 12 -5 0 S1_1
15049 12 -5 0 S1_1
15051 12 -5 0 S1_1
15053 12 -5 0 S1_1
15054 12 -5 0 S1_1
15055 12 -5 0 S1_1
15056 12 -5 0 S1_1
15057 12 -5 0 S1_1
15059 12 -5 0 S1_1
15060 12 -5 0 S1_1
15063 12 -5 0 S1_1
15066 12 -5 0 S1_1
15069 12 -5 0 S1_1
15042 13 -5 0 S1_1
15045 13 -5 0 S1_1
15048 13 -5 0 S1_1
15049 13 -5 0 S1_1
15051 13 -5 0 S1_1
15053 13 -5 0 S1_1
15054 13 -5 0 S1_1
15055 13 -5 0 S1_1
15056 13 -5 0 S1_1
15057 13 -5 0 S1_1
15059 13 -5 0 S1_1
15060 13 -5 0 S1_1
15063 13 -5 0 S1_1
15066 13 -5 0 S1_1
15069 13 -5 0 S1_1
15042 14 -5 0 S1_1
15045 14 -5 0 S1_1
15048 14 -5 220.210694016211 S1_1
15049 14 -5 0 S1_1
15051 14 -5 0 S1_1
15053 14 -5 0 S1_1
15054 14 -5 0 S1_1
15055 14 -5 0 S1_1
15056 14 -5 0 S1_1
15057 14 -5 0 S1_1
15059 14 -5 0 S1_1
15060 14 -5 0 S1_1
15063 14 -5 0 S1_1
15066 14 -5 0 S1_1
15069 14 -5 0 S1_1
15042 15 -5 0 S1_1
15045 15 -5 0 S1_1
15048 15 -5 162.675006177159 S1_1
15049 15 -5 0 S1_1
15051 15 -5 44.6051700243893 S1_1
15053 15 -5 73.9565844510296 S1_1
15054 15 -5 0 S1_1
15055 15 -5 0 S1_1
15056 15 -5 0 S1_1
15057 15 -5 1.19070120193293 S1_1
15059 15 -5 64.7438395882466 S1_1
15060 15 -5 2.98213884292735 S1_1
15063 15 -5 0 S1_1
15066 15 -5 7.56003560270443 S1_1
15069 15 -5 49.295426738274 S1_1
15042 16 -5 0 S1_1
15045 16 -5 0 S1_1
15048 16 -5 0 S1_1
15049 16 -5 0 S1_1
15051 16 -5 0 S1_1
15053 16 -5 0 S1_1
15054 16 -5 0 S1_1
15055 16 -5 0 S1_1
15056 16 -5 0 S1_1
15057 16 -5 0 S1_1
15059 16 -5 0 S1_1
15060 16 -5 0 S1_1
15063 16 -5 0 S1_1
15066 16 -5 0 S1_1
15069 16 -5 0 S1_1
15042 17 -5 0 S1_1
15045 17 -5 0 S1_1
15048 17 -5 157.725366079682 S1_1
15049 17 -5 0 S1_1
15051 17 -5 0 S1_1
15053 17 -5 0 S1_1
15054 17 -5 0 S1_1
15055 17 -5 0 S1_1
15056 17 -5 0 S1_1
15057 17 -5 0 S1_1
15059 17 -5 0 S1_1
15060 17 -5 0 S1_1
15063 17 -5 0 S1_1
15066 17 -5 0 S1_1
15069 17 -5 0 S1_1
15042 18 -5 0 S1_1
15045 18 -5 0 S1_1
15048 18 -5 0 S1_1
15049 18 -5 0 S1_1
15051 18 -5 0 S1_1
15053 18 -5 0 S1_1
15054 18 -5 0 S1_1
15055 18 -5 0 S1_1
15056 18 -5 0 S1_1
15057 18 -5 0 S1_1
15059 18 -5 0 S1_1
15060 18 -5 0 S1_1
15063 18 -5 0 S1_1
15066 18 -5 0 S1_1
15069 18 -5 0 S1_1
15042 19 -5 0 S1_1
15045 19 -5 0 S1_1
15048 19 -5 0 S1_1
15049 19 -5 0 S1_1
15051 19 -5 0 S1_1
15053 19 -5 0 S1_1
15054 19 -5 0 S1_1
15055 19 -5 0 S1_1
15056 19 -5 0 S1_1
15057 19 -5 0 S1_1
15059 19 -5 0 S1_1
15060 19 -5 0 S1_1
15063 19 -5 0 S1_1
15066 19 -5 0 S1_1
15069 19 -5 0 S1_1
15042 20 -5 0 S1_1
15045 20 -5 0 S1_1
15048 20 -5 47.4820508197606 S1_1
15049 20 -5 0 S1_1
15051 20 -5 3.01527696855751 S1_1
15053 20 -5 13.730421358192 S1_1
15054 20 -5 0 S1_1
15055 20 -5 0 S1_1
15056 20 -5 0 S1_1
15057 20 -5 0 S1_1
15059 20 -5 4.24804804481897 S1_1
15060 20 -5 0 S1_1
15063 20 -5 0 S1_1
15066 20 -5 0 S1_1
15069 20 -5 2.43512454781584 S1_1
15042 21 -5 0 S1_1
15045 21 -5 0 S1_1
15048 21 -5 0 S1_1
15049 21 -5 0 S1_1
15051 21 -5 0 S1_1
15053 21 -5 0 S1_1
15054 21 -5 0 S1_1
15055 21 -5 0 S1_1
15056 21 -5 0 S1_1
15057 21 -5 0 S1_1
15059 21 -5 0 S1_1
15060 21 -5 0 S1_1
15063 21 -5 0 S1_1
15066 21 -5 0 S1_1
15069 21 -5 0 S1_1
15042 22 -5 0 S1_1
15045 22 -5 0 S1_1
15048 22 -5 0 S1_1
15049 22 -5 0 S1_1
15051 22 -5 0 S1_1
15053 22 -5 0 S1_1
15054 22 -5 0 S1_1
15055 22 -5 0 S1_1
15056 22 -5 0 S1_1
15057 22 -5 0 S1_1
15059 22 -5 0 S1_1
15060 22 -5 0 S1_1
15063 22 -5 0 S1_1
15066 22 -5 0 S1_1
15069 22 -5 0 S1_1
15042 23 -5 0 S1_1
15045 23 -5 0 S1_1
15048 23 -5 0 S1_1
15049 23 -5 0 S1_1
15051 23 -5 0 S1_1
15053 23 -5 0 S1_1
15054 23 -5 0 S1_1
15055 23 -5 0 S1_1
15056 23 -5 0 S1_1
15057 23 -5 0 S1_1
15059 23 -5 0 S1_1
15060 23 -5 0 S1_1
15063 23 -5 0 S1_1
15066 23 -5 0 S1_1
15069 23 -5 0 S1_1
15042 24 -5 0 S1_1
15045 24 -5 0 S1_1
15048 24 -5 0 S1_1
15049 24 -5 0 S1_1
15051 24 -5 0 S1_1
15053 24 -5 0 S1_1
15054 24 -5 0 S1_1
15055 24 -5 0 S1_1
15056 24 -5 0 S1_1
15057 24 -5 0 S1_1
15059 24 -5 0 S1_1
15060 24 -5 0 S1_1
15063 24 -5 0 S1_1
15066 24 -5 0 S1_1
15069 24 -5 0 S1_1
15042 25 -5 0 S1_1
15045 25 -5 0 S1_1
15048 25 -5 111.184899260681 S1_1
15049 25 -5 0 S1_1
15051 25 -5 0 S1_1
15053 25 -5 0 S1_1
15054 25 -5 0 S1_1
15055 25 -5 0 S1_1
15056 25 -5 0 S1_1
15057 25 -5 0 S1_1
15059 25 -5 0 S1_1
15060 25 -5 0 S1_1
15063 25 -5 0 S1_1
15066 25 -5 0 S1_1
15069 25 -5 0 S1_1
15042 26 -5 0 S1_1
15045 26 -5 0 S1_1
15048 26 -5 0 S1_1
15049 26 -5 0 S1_1
15051 26 -5 0 S1_1
15053 26 -5 0 S1_1
15054 26 -5 0 S1_1
15055 26 -5 0 S1_1
15056 26 -5 0 S1_1
15057 26 -5 0 S1_1
15059 26 -5 0 S1_1
15060 26 -5 0 S1_1
15063 26 -5 0 S1_1
15066 26 -5 0 S1_1
15069 26 -5 0 S1_1
15042 27 -5 0 S1_1
15045 27 -5 0 S1_1
15048 27 -5 1.2782936692653 S1_1
15049 27 -5 0 S1_1
15051 27 -5 0 S1_1
15053 27 -5 0 S1_1
15054 27 -5 0 S1_1
15055 27 -5 0 S1_1
15056 27 -5 0 S1_1
15057 27 -5 0 S1_1
15059 27 -5 0 S1_1
15060 27 -5 0 S1_1
15063 27 -5 0 S1_1
15066 27 -5 0 S1_1
15069 27 -5 0 S1_1
15042 28 -5 0 S1_1
15045 28 -5 0 S1_1
15048 28 -5 0 S1_1
15049 28 -5 0 S1_1
15051 28 -5 0 S1_1
15053 28 -5 0 S1_1
15054 28 -5 0 S1_1
15055 28 -5 0 S1_1
15056 28 -5 0 S1_1
15057 28 -5 0 S1_1
15059 28 -5 0 S1_1
15060 28 -5 0 S1_1
15063 28 -5 0 S1_1
15066 28 -5 0 S1_1
15069 28 -5 0 S1_1
15042 29 -5 0 S1_1
15045 29 -5 0 S1_1
15048 29 -5 0 S1_1
15049 29 -5 0 S1_1
15051 29 -5 0 S1_1
15053 29 -5 0 S1_1
15054 29 -5 0 S1_1
15055 29 -5 0 S1_1
15056 29 -5 0 S1_1
15057 29 -5 0 S1_1
15059 29 -5 0 S1_1
15060 29 -5 0 S1_1
15063 29 -5 0 S1_1
15066 29 -5 0 S1_1
15069 29 -5 0 S1_1
15042 30 -5 0 S1_1
15045 30 -5 0 S1_1
15048 30 -5 146.677595717944 S1_1
15049 30 -5 0 S1_1
15051 30 -5 0 S1_1
15053 30 -5 0 S1_1
15054 30 -5 0 S1_1
15055 30 -5 0 S1_1
15056 30 -5 0 S1_1
15057 30 -5 0 S1_1
15059 30 -5 0 S1_1
15060 30 -5 0 S1_1
15063 30 -5 0 S1_1
15066 30 -5 0 S1_1
15069 30 -5 0 S1_1
15042 31 -5 0 S1_1
15045 31 -5 0 S1_1
15048 31 -5 0 S1_1
15049 31 -5 0 S1_1
15051 31 -5 0 S1_1
15053 31 -5 0 S1_1
15054 31 -5 0 S1_1
15055 31 -5 0 S1_1
15056 31 -5 0 S1_1
15057 31 -5 0 S1_1
15059 31 -5 0 S1_1
15060 31 -5 0 S1_1
15063 31 -5 0 S1_1
15066 31 -5 0 S1_1
15069 31 -5 0 S1_1
