speciesID lakeID variable value scenario
14011 1 -0.5 20.7129688861164 S1_1
14012 1 -0.5 26.1150261445345 S1_1
14013 1 -0.5 117.566963946713 S1_1
14015 1 -0.5 0 S1_1
14017 1 -0.5 214.699299389586 S1_1
14018 1 -0.5 0 S1_1
14022 1 -0.5 242.542275565581 S1_1
14023 1 -0.5 0 S1_1
14025 1 -0.5 0 S1_1
14027 1 -0.5 50.6085887025547 S1_1
14029 1 -0.5 104.208128629372 S1_1
14030 1 -0.5 0 S1_1
14031 1 -0.5 0 S1_1
14032 1 -0.5 284.173690262556 S1_1
14033 1 -0.5 0 S1_1
14011 2 -0.5 0 S1_1
14012 2 -0.5 0 S1_1
14013 2 -0.5 0 S1_1
14015 2 -0.5 0 S1_1
14017 2 -0.5 0 S1_1
14018 2 -0.5 0 S1_1
14022 2 -0.5 16.7386598383245 S1_1
14023 2 -0.5 0 S1_1
14025 2 -0.5 0 S1_1
14027 2 -0.5 0 S1_1
14029 2 -0.5 0 S1_1
14030 2 -0.5 0 S1_1
14031 2 -0.5 0 S1_1
14032 2 -0.5 0 S1_1
14033 2 -0.5 0 S1_1
14011 3 -0.5 1.70559773633173 S1_1
14012 3 -0.5 1.29187034101249 S1_1
14013 3 -0.5 78.0624868051881 S1_1
14015 3 -0.5 0 S1_1
14017 3 -0.5 72.6462207798758 S1_1
14018 3 -0.5 0 S1_1
14022 3 -0.5 204.425356283671 S1_1
14023 3 -0.5 0 S1_1
14025 3 -0.5 0 S1_1
14027 3 -0.5 2.66628612096955 S1_1
14029 3 -0.5 66.634146804778 S1_1
14030 3 -0.5 0 S1_1
14031 3 -0.5 0 S1_1
14032 3 -0.5 202.323205118357 S1_1
14033 3 -0.5 0 S1_1
14011 4 -0.5 11.3865141549794 S1_1
14012 4 -0.5 17.0024419074084 S1_1
14013 4 -0.5 105.818677348145 S1_1
14015 4 -0.5 0 S1_1
14017 4 -0.5 171.973979878376 S1_1
14018 4 -0.5 0 S1_1
14022 4 -0.5 230.007487981853 S1_1
14023 4 -0.5 0 S1_1
14025 4 -0.5 0 S1_1
14027 4 -0.5 37.7632679574672 S1_1
14029 4 -0.5 90.7901923113336 S1_1
14030 4 -0.5 0 S1_1
14031 4 -0.5 0 S1_1
14032 4 -0.5 266.299544132856 S1_1
14033 4 -0.5 0 S1_1
14011 5 -0.5 0 S1_1
14012 5 -0.5 0 S1_1
14013 5 -0.5 0 S1_1
14015 5 -0.5 0 S1_1
14017 5 -0.5 0 S1_1
14018 5 -0.5 0 S1_1
14022 5 -0.5 0 S1_1
14023 5 -0.5 0 S1_1
14025 5 -0.5 0 S1_1
14027 5 -0.5 0 S1_1
14029 5 -0.5 0 S1_1
14030 5 -0.5 0 S1_1
14031 5 -0.5 0 S1_1
14032 5 -0.5 0 S1_1
14033 5 -0.5 0 S1_1
14011 6 -0.5 24.8371293193355 S1_1
14012 6 -0.5 29.8344894169267 S1_1
14013 6 -0.5 121.170639622859 S1_1
14015 6 -0.5 0 S1_1
14017 6 -0.5 203.199852157662 S1_1
14018 6 -0.5 0 S1_1
14022 6 -0.5 239.082060978277 S1_1
14023 6 -0.5 0 S1_1
14025 6 -0.5 0 S1_1
14027 6 -0.5 49.894984549185 S1_1
14029 6 -0.5 122.167591087674 S1_1
14030 6 -0.5 0 S1_1
14031 6 -0.5 0 S1_1
14032 6 -0.5 288.795893435157 S1_1
14033 6 -0.5 0 S1_1
14011 7 -0.5 0 S1_1
14012 7 -0.5 0 S1_1
14013 7 -0.5 0 S1_1
14015 7 -0.5 0 S1_1
14017 7 -0.5 0 S1_1
14018 7 -0.5 0 S1_1
14022 7 -0.5 19.6498786414672 S1_1
14023 7 -0.5 0 S1_1
14025 7 -0.5 0 S1_1
14027 7 -0.5 0 S1_1
14029 7 -0.5 0 S1_1
14030 7 -0.5 0 S1_1
14031 7 -0.5 0 S1_1
14032 7 -0.5 0 S1_1
14033 7 -0.5 0 S1_1
14011 8 -0.5 21.1457100848152 S1_1
14012 8 -0.5 26.0270480447987 S1_1
14013 8 -0.5 110.011708223268 S1_1
14015 8 -0.5 0 S1_1
14017 8 -0.5 179.052107668569 S1_1
14018 8 -0.5 0 S1_1
14022 8 -0.5 221.911916243421 S1_1
14023 8 -0.5 0 S1_1
14025 8 -0.5 0 S1_1
14027 8 -0.5 47.215967221467 S1_1
14029 8 -0.5 92.9320602166914 S1_1
14030 8 -0.5 0 S1_1
14031 8 -0.5 0 S1_1
14032 8 -0.5 271.310964700316 S1_1
14033 8 -0.5 0 S1_1
14011 9 -0.5 13.556402911126 S1_1
14012 9 -0.5 18.5499536099789 S1_1
14013 9 -0.5 108.913106668633 S1_1
14015 9 -0.5 0 S1_1
14017 9 -0.5 172.886629035961 S1_1
14018 9 -0.5 0 S1_1
14022 9 -0.5 230.279484198649 S1_1
14023 9 -0.5 0 S1_1
14025 9 -0.5 0 S1_1
14027 9 -0.5 38.5143863834283 S1_1
14029 9 -0.5 102.009629241053 S1_1
14030 9 -0.5 0 S1_1
14031 9 -0.5 0 S1_1
14032 9 -0.5 268.643877354023 S1_1
14033 9 -0.5 0 S1_1
14011 10 -0.5 26.9346668567109 S1_1
14012 10 -0.5 32.6914468159907 S1_1
14013 10 -0.5 122.792631499468 S1_1
14015 10 -0.5 0 S1_1
14017 10 -0.5 216.23736580525 S1_1
14018 10 -0.5 0 S1_1
14022 10 -0.5 241.857392451463 S1_1
14023 10 -0.5 0 S1_1
14025 10 -0.5 0 S1_1
14027 10 -0.5 55.2597780781887 S1_1
14029 10 -0.5 114.251486207412 S1_1
14030 10 -0.5 0 S1_1
14031 10 -0.5 0 S1_1
14032 10 -0.5 292.655463933783 S1_1
14033 10 -0.5 0 S1_1
14011 11 -0.5 3.44405661282168 S1_1
14012 11 -0.5 5.46149327284012 S1_1
14013 11 -0.5 77.2228732730763 S1_1
14015 11 -0.5 0 S1_1
14017 11 -0.5 120.546898771543 S1_1
14018 11 -0.5 0 S1_1
14022 11 -0.5 212.60648465116 S1_1
14023 11 -0.5 0 S1_1
14025 11 -0.5 0 S1_1
14027 11 -0.5 19.9664649548031 S1_1
14029 11 -0.5 31.7945034537635 S1_1
14030 11 -0.5 0 S1_1
14031 11 -0.5 0 S1_1
14032 11 -0.5 232.54645122782 S1_1
14033 11 -0.5 0 S1_1
14011 12 -0.5 2.21387928847323 S1_1
14012 12 -0.5 3.14423281285353 S1_1
14013 12 -0.5 61.5430440741707 S1_1
14015 12 -0.5 0 S1_1
14017 12 -0.5 68.5034857890069 S1_1
14018 12 -0.5 0 S1_1
14022 12 -0.5 189.291316529202 S1_1
14023 12 -0.5 0 S1_1
14025 12 -0.5 0 S1_1
14027 12 -0.5 11.1016018102088 S1_1
14029 12 -0.5 14.4456431426123 S1_1
14030 12 -0.5 0 S1_1
14031 12 -0.5 0 S1_1
14032 12 -0.5 210.154173504505 S1_1
14033 12 -0.5 0 S1_1
14011 13 -0.5 0 S1_1
14012 13 -0.5 0 S1_1
14013 13 -0.5 36.1906075225432 S1_1
14015 13 -0.5 0 S1_1
14017 13 -0.5 11.038186410598 S1_1
14018 13 -0.5 0 S1_1
14022 13 -0.5 143.342159317125 S1_1
14023 13 -0.5 0 S1_1
14025 13 -0.5 0 S1_1
14027 13 -0.5 0 S1_1
14029 13 -0.5 10.470132636934 S1_1
14030 13 -0.5 0 S1_1
14031 13 -0.5 0 S1_1
14032 13 -0.5 157.143347698961 S1_1
14033 13 -0.5 0 S1_1
14011 14 -0.5 0 S1_1
14012 14 -0.5 0 S1_1
14013 14 -0.5 49.0653215346211 S1_1
14015 14 -0.5 0 S1_1
14017 14 -0.5 8.09451115908008 S1_1
14018 14 -0.5 0 S1_1
14022 14 -0.5 155.144344577036 S1_1
14023 14 -0.5 0 S1_1
14025 14 -0.5 0 S1_1
14027 14 -0.5 0 S1_1
14029 14 -0.5 30.644264417632 S1_1
14030 14 -0.5 0 S1_1
14031 14 -0.5 0 S1_1
14032 14 -0.5 123.701419778688 S1_1
14033 14 -0.5 0 S1_1
14011 15 -0.5 51.3244184371132 S1_1
14012 15 -0.5 53.3580593945156 S1_1
14013 15 -0.5 147.104204502159 S1_1
14015 15 -0.5 0 S1_1
14017 15 -0.5 274.85856245166 S1_1
14018 15 -0.5 0 S1_1
14022 15 -0.5 263.146576769804 S1_1
14023 15 -0.5 0 S1_1
14025 15 -0.5 0 S1_1
14027 15 -0.5 76.5389053810302 S1_1
14029 15 -0.5 152.364551190367 S1_1
14030 15 -0.5 2.63842905210636 S1_1
14031 15 -0.5 0 S1_1
14032 15 -0.5 335.933816316304 S1_1
14033 15 -0.5 0 S1_1
14011 16 -0.5 33.1337309788531 S1_1
14012 16 -0.5 36.5856307182539 S1_1
14013 16 -0.5 123.621268175921 S1_1
14015 16 -0.5 0 S1_1
14017 16 -0.5 215.435606656348 S1_1
14018 16 -0.5 0 S1_1
14022 16 -0.5 236.296774278803 S1_1
14023 16 -0.5 0 S1_1
14025 16 -0.5 0 S1_1
14027 16 -0.5 58.3256858944731 S1_1
14029 16 -0.5 113.767769558826 S1_1
14030 16 -0.5 0 S1_1
14031 16 -0.5 0 S1_1
14032 16 -0.5 292.950977265643 S1_1
14033 16 -0.5 0 S1_1
14011 17 -0.5 6.99179086469669 S1_1
14012 17 -0.5 7.88364747253344 S1_1
14013 17 -0.5 91.161194355924 S1_1
14015 17 -0.5 0 S1_1
14017 17 -0.5 105.580643976072 S1_1
14018 17 -0.5 0 S1_1
14022 17 -0.5 201.262992497544 S1_1
14023 17 -0.5 0 S1_1
14025 17 -0.5 0 S1_1
14027 17 -0.5 19.8002164309954 S1_1
14029 17 -0.5 84.211503893689 S1_1
14030 17 -0.5 0 S1_1
14031 17 -0.5 0 S1_1
14032 17 -0.5 232.47655056186 S1_1
14033 17 -0.5 0 S1_1
14011 18 -0.5 9.354028704176 S1_1
14012 18 -0.5 12.6444914648307 S1_1
14013 18 -0.5 92.4841153960605 S1_1
14015 18 -0.5 0 S1_1
14017 18 -0.5 139.670973943926 S1_1
14018 18 -0.5 0 S1_1
14022 18 -0.5 212.481741166026 S1_1
14023 18 -0.5 0 S1_1
14025 18 -0.5 0 S1_1
14027 18 -0.5 32.1336686473276 S1_1
14029 18 -0.5 54.7401974350091 S1_1
14030 18 -0.5 0 S1_1
14031 18 -0.5 0 S1_1
14032 18 -0.5 246.508038781952 S1_1
14033 18 -0.5 0 S1_1
14011 19 -0.5 24.8714672665641 S1_1
14012 19 -0.5 30.8537293543001 S1_1
14013 19 -0.5 120.048735646849 S1_1
14015 19 -0.5 0 S1_1
14017 19 -0.5 207.313568475185 S1_1
14018 19 -0.5 0 S1_1
14022 19 -0.5 238.279885613983 S1_1
14023 19 -0.5 0 S1_1
14025 19 -0.5 0 S1_1
14027 19 -0.5 52.8579964660583 S1_1
14029 19 -0.5 110.696307191616 S1_1
14030 19 -0.5 0 S1_1
14031 19 -0.5 0 S1_1
14032 19 -0.5 288.295026877611 S1_1
14033 19 -0.5 0 S1_1
14011 20 -0.5 42.5139008507605 S1_1
14012 20 -0.5 44.9853351771532 S1_1
14013 20 -0.5 133.738104070758 S1_1
14015 20 -0.5 0 S1_1
14017 20 -0.5 240.115202239704 S1_1
14018 20 -0.5 0 S1_1
14022 20 -0.5 245.880898170454 S1_1
14023 20 -0.5 0 S1_1
14025 20 -0.5 0 S1_1
14027 20 -0.5 66.6391532672846 S1_1
14029 20 -0.5 130.370035844221 S1_1
14030 20 -0.5 0 S1_1
14031 20 -0.5 0 S1_1
14032 20 -0.5 310.821410169888 S1_1
14033 20 -0.5 0 S1_1
14011 21 -0.5 23.1890836789587 S1_1
14012 21 -0.5 29.675978221118 S1_1
14013 21 -0.5 120.806407387308 S1_1
14015 21 -0.5 0 S1_1
14017 21 -0.5 213.481780085278 S1_1
14018 21 -0.5 0 S1_1
14022 21 -0.5 242.598257534803 S1_1
14023 21 -0.5 0 S1_1
14025 21 -0.5 0 S1_1
14027 21 -0.5 52.5607231776014 S1_1
14029 21 -0.5 112.648060484035 S1_1
14030 21 -0.5 0 S1_1
14031 21 -0.5 0 S1_1
14032 21 -0.5 289.926891572442 S1_1
14033 21 -0.5 0 S1_1
14011 22 -0.5 33.256815885129 S1_1
14012 22 -0.5 37.7302357370193 S1_1
14013 22 -0.5 131.203469453368 S1_1
14015 22 -0.5 0 S1_1
14017 22 -0.5 245.016707251234 S1_1
14018 22 -0.5 0 S1_1
14022 22 -0.5 253.033289263518 S1_1
14023 22 -0.5 0 S1_1
14025 22 -0.5 0 S1_1
14027 22 -0.5 62.4888485654243 S1_1
14029 22 -0.5 128.46185384947 S1_1
14030 22 -0.5 1.29497799794687 S1_1
14031 22 -0.5 0 S1_1
14032 22 -0.5 305.849115162203 S1_1
14033 22 -0.5 0 S1_1
14011 23 -0.5 26.6001957776241 S1_1
14012 23 -0.5 33.2607838395388 S1_1
14013 23 -0.5 127.659694847697 S1_1
14015 23 -0.5 0 S1_1
14017 23 -0.5 230.465183621125 S1_1
14018 23 -0.5 0 S1_1
14022 23 -0.5 251.743798963014 S1_1
14023 23 -0.5 0 S1_1
14025 23 -0.5 0 S1_1
14027 23 -0.5 55.8474622175956 S1_1
14029 23 -0.5 129.802714565824 S1_1
14030 23 -0.5 1.20531071469517 S1_1
14031 23 -0.5 0 S1_1
14032 23 -0.5 301.61128394588 S1_1
14033 23 -0.5 0 S1_1
14011 24 -0.5 27.8198672070911 S1_1
14012 24 -0.5 33.9570749991948 S1_1
14013 24 -0.5 126.464480568015 S1_1
14015 24 -0.5 0 S1_1
14017 24 -0.5 230.065646209359 S1_1
14018 24 -0.5 0 S1_1
14022 24 -0.5 248.571791484667 S1_1
14023 24 -0.5 0 S1_1
14025 24 -0.5 0 S1_1
14027 24 -0.5 57.5909294955348 S1_1
14029 24 -0.5 121.934402609109 S1_1
14030 24 -0.5 0 S1_1
14031 24 -0.5 0 S1_1
14032 24 -0.5 299.052544097084 S1_1
14033 24 -0.5 0 S1_1
14011 25 -0.5 0 S1_1
14012 25 -0.5 0 S1_1
14013 25 -0.5 54.3760157890473 S1_1
14015 25 -0.5 0 S1_1
14017 25 -0.5 14.0312333633842 S1_1
14018 25 -0.5 0 S1_1
14022 25 -0.5 164.436248623643 S1_1
14023 25 -0.5 0 S1_1
14025 25 -0.5 0 S1_1
14027 25 -0.5 0 S1_1
14029 25 -0.5 39.5607777688532 S1_1
14030 25 -0.5 0 S1_1
14031 25 -0.5 0 S1_1
14032 25 -0.5 131.996400230474 S1_1
14033 25 -0.5 0 S1_1
14011 26 -0.5 36.270620223666 S1_1
14012 26 -0.5 39.9786621742456 S1_1
14013 26 -0.5 131.150492796942 S1_1
14015 26 -0.5 0 S1_1
14017 26 -0.5 238.170983266328 S1_1
14018 26 -0.5 0 S1_1
14022 26 -0.5 248.749908288014 S1_1
14023 26 -0.5 0 S1_1
14025 26 -0.5 0 S1_1
14027 26 -0.5 63.1550331155123 S1_1
14029 26 -0.5 126.251491010654 S1_1
14030 26 -0.5 0 S1_1
14031 26 -0.5 0 S1_1
14032 26 -0.5 305.712408118857 S1_1
14033 26 -0.5 0 S1_1
14011 27 -0.5 0 S1_1
14012 27 -0.5 0 S1_1
14013 27 -0.5 0 S1_1
14015 27 -0.5 0 S1_1
14017 27 -0.5 0 S1_1
14018 27 -0.5 0 S1_1
14022 27 -0.5 10.7473502897815 S1_1
14023 27 -0.5 0 S1_1
14025 27 -0.5 0 S1_1
14027 27 -0.5 0 S1_1
14029 27 -0.5 0 S1_1
14030 27 -0.5 0 S1_1
14031 27 -0.5 0 S1_1
14032 27 -0.5 0 S1_1
14033 27 -0.5 0 S1_1
14011 28 -0.5 42.4739674823191 S1_1
14012 28 -0.5 45.3289397112701 S1_1
14013 28 -0.5 138.916744459077 S1_1
14015 28 -0.5 0 S1_1
14017 28 -0.5 259.661883662081 S1_1
14018 28 -0.5 0 S1_1
14022 28 -0.5 257.792060263731 S1_1
14023 28 -0.5 0 S1_1
14025 28 -0.5 0 S1_1
14027 28 -0.5 69.5569486642288 S1_1
14029 28 -0.5 139.439174087317 S1_1
14030 28 -0.5 1.79187446043341 S1_1
14031 28 -0.5 0 S1_1
14032 28 -0.5 319.027160040488 S1_1
14033 28 -0.5 0 S1_1
14011 29 -0.5 2.88205268318082 S1_1
14012 29 -0.5 4.20103068567684 S1_1
14013 29 -0.5 75.5619419732502 S1_1
14015 29 -0.5 0 S1_1
14017 29 -0.5 76.7671127246052 S1_1
14018 29 -0.5 0 S1_1
14022 29 -0.5 193.428736981568 S1_1
14023 29 -0.5 0 S1_1
14025 29 -0.5 0 S1_1
14027 29 -0.5 12.2773862247639 S1_1
14029 29 -0.5 42.9135775162207 S1_1
14030 29 -0.5 0 S1_1
14031 29 -0.5 0 S1_1
14032 29 -0.5 218.492577587263 S1_1
14033 29 -0.5 0 S1_1
14011 30 -0.5 0 S1_1
14012 30 -0.5 0 S1_1
14013 30 -0.5 42.8502376593757 S1_1
14015 30 -0.5 0 S1_1
14017 30 -0.5 5.99376248351796 S1_1
14018 30 -0.5 0 S1_1
14022 30 -0.5 150.612286841587 S1_1
14023 30 -0.5 0 S1_1
14025 30 -0.5 0 S1_1
14027 30 -0.5 0 S1_1
14029 30 -0.5 22.6044836490471 S1_1
14030 30 -0.5 0 S1_1
14031 30 -0.5 0 S1_1
14032 30 -0.5 117.526778717779 S1_1
14033 30 -0.5 0 S1_1
14011 31 -0.5 1.73083052983574 S1_1
14012 31 -0.5 0 S1_1
14013 31 -0.5 93.5266269845457 S1_1
14015 31 -0.5 0 S1_1
14017 31 -0.5 191.267647577684 S1_1
14018 31 -0.5 0 S1_1
14022 31 -0.5 217.608451456297 S1_1
14023 31 -0.5 0 S1_1
14025 31 -0.5 0 S1_1
14027 31 -0.5 2.22170563215378 S1_1
14029 31 -0.5 123.31039420924 S1_1
14030 31 -0.5 1.59811753419644 S1_1
14031 31 -0.5 0 S1_1
14032 31 -0.5 235.482423083525 S1_1
14033 31 -0.5 0 S1_1
14011 1 -1.5 0 S1_1
14012 1 -1.5 0 S1_1
14013 1 -1.5 10.7594547241504 S1_1
14015 1 -1.5 0 S1_1
14017 1 -1.5 1.76124840984389 S1_1
14018 1 -1.5 0 S1_1
14022 1 -1.5 168.072503120629 S1_1
14023 1 -1.5 44.5772572035693 S1_1
14025 1 -1.5 0 S1_1
14027 1 -1.5 28.475477016961 S1_1
14029 1 -1.5 0 S1_1
14030 1 -1.5 0 S1_1
14031 1 -1.5 143.22208346363 S1_1
14032 1 -1.5 176.684674965862 S1_1
14033 1 -1.5 0 S1_1
14011 2 -1.5 0 S1_1
14012 2 -1.5 0 S1_1
14013 2 -1.5 1.38549913363259 S1_1
14015 2 -1.5 0 S1_1
14017 2 -1.5 0 S1_1
14018 2 -1.5 0 S1_1
14022 2 -1.5 79.0580669885942 S1_1
14023 2 -1.5 0 S1_1
14025 2 -1.5 0 S1_1
14027 2 -1.5 0 S1_1
14029 2 -1.5 0 S1_1
14030 2 -1.5 0 S1_1
14031 2 -1.5 91.5583409067681 S1_1
14032 2 -1.5 9.08107736274151 S1_1
14033 2 -1.5 0 S1_1
14011 3 -1.5 0 S1_1
14012 3 -1.5 0 S1_1
14013 3 -1.5 31.3334355773636 S1_1
14015 3 -1.5 0 S1_1
14017 3 -1.5 1.72882599784065 S1_1
14018 3 -1.5 0 S1_1
14022 3 -1.5 202.473699094752 S1_1
14023 3 -1.5 80.1464930269952 S1_1
14025 3 -1.5 0 S1_1
14027 3 -1.5 25.1652861478397 S1_1
14029 3 -1.5 1.45993559270951 S1_1
14030 3 -1.5 0 S1_1
14031 3 -1.5 148.224250401825 S1_1
14032 3 -1.5 185.451003772315 S1_1
14033 3 -1.5 0 S1_1
14011 4 -1.5 0 S1_1
14012 4 -1.5 0 S1_1
14013 4 -1.5 22.5340891452313 S1_1
14015 4 -1.5 0 S1_1
14017 4 -1.5 2.3326360473766 S1_1
14018 4 -1.5 0 S1_1
14022 4 -1.5 188.239546997773 S1_1
14023 4 -1.5 65.2878254985223 S1_1
14025 4 -1.5 0 S1_1
14027 4 -1.5 37.9700699594493 S1_1
14029 4 -1.5 0 S1_1
14030 4 -1.5 0 S1_1
14031 4 -1.5 152.499228089961 S1_1
14032 4 -1.5 196.779401306489 S1_1
14033 4 -1.5 0 S1_1
14011 5 -1.5 0 S1_1
14012 5 -1.5 0 S1_1
14013 5 -1.5 0 S1_1
14015 5 -1.5 0 S1_1
14017 5 -1.5 0 S1_1
14018 5 -1.5 0 S1_1
14022 5 -1.5 0 S1_1
14023 5 -1.5 0 S1_1
14025 5 -1.5 0 S1_1
14027 5 -1.5 0 S1_1
14029 5 -1.5 0 S1_1
14030 5 -1.5 0 S1_1
14031 5 -1.5 0 S1_1
14032 5 -1.5 0 S1_1
14033 5 -1.5 0 S1_1
14011 6 -1.5 1.97482901838665 S1_1
14012 6 -1.5 15.6091451045228 S1_1
14013 6 -1.5 118.219540782083 S1_1
14015 6 -1.5 0 S1_1
14017 6 -1.5 99.7343028446558 S1_1
14018 6 -1.5 0 S1_1
14022 6 -1.5 291.973943532128 S1_1
14023 6 -1.5 158.602810515733 S1_1
14025 6 -1.5 8.50306166178449 S1_1
14027 6 -1.5 117.003580534834 S1_1
14029 6 -1.5 70.3063699681305 S1_1
14030 6 -1.5 0 S1_1
14031 6 -1.5 270.527516214152 S1_1
14032 6 -1.5 338.618040713858 S1_1
14033 6 -1.5 11.4979536570645 S1_1
14011 7 -1.5 0 S1_1
14012 7 -1.5 0 S1_1
14013 7 -1.5 1.77882158548487 S1_1
14015 7 -1.5 0 S1_1
14017 7 -1.5 0 S1_1
14018 7 -1.5 0 S1_1
14022 7 -1.5 82.9654062015567 S1_1
14023 7 -1.5 1.03353934619583 S1_1
14025 7 -1.5 0 S1_1
14027 7 -1.5 0 S1_1
14029 7 -1.5 0 S1_1
14030 7 -1.5 0 S1_1
14031 7 -1.5 96.2687450656071 S1_1
14032 7 -1.5 11.4791624868463 S1_1
14033 7 -1.5 0 S1_1
14011 8 -1.5 0 S1_1
14012 8 -1.5 1.44638829843578 S1_1
14013 8 -1.5 59.1969177774665 S1_1
14015 8 -1.5 0 S1_1
14017 8 -1.5 12.3715737112244 S1_1
14018 8 -1.5 0 S1_1
14022 8 -1.5 218.516136458387 S1_1
14023 8 -1.5 98.391289513274 S1_1
14025 8 -1.5 0 S1_1
14027 8 -1.5 74.4127692625996 S1_1
14029 8 -1.5 3.13031882935849 S1_1
14030 8 -1.5 0 S1_1
14031 8 -1.5 203.611845924717 S1_1
14032 8 -1.5 246.695156559972 S1_1
14033 8 -1.5 1.62830290592755 S1_1
14011 9 -1.5 0 S1_1
14012 9 -1.5 1.21765415218984 S1_1
14013 9 -1.5 65.9984539696689 S1_1
14015 9 -1.5 0 S1_1
14017 9 -1.5 15.7887037193813 S1_1
14018 9 -1.5 0 S1_1
14022 9 -1.5 234.597922361282 S1_1
14023 9 -1.5 109.904430085064 S1_1
14025 9 -1.5 0 S1_1
14027 9 -1.5 70.8707687010308 S1_1
14029 9 -1.5 6.8608186223478 S1_1
14030 9 -1.5 0 S1_1
14031 9 -1.5 199.300002550368 S1_1
14032 9 -1.5 254.272029906052 S1_1
14033 9 -1.5 1.43174445508491 S1_1
14011 10 -1.5 0 S1_1
14012 10 -1.5 1.39259054325678 S1_1
14013 10 -1.5 61.2271311803315 S1_1
14015 10 -1.5 0 S1_1
14017 10 -1.5 19.5560003389282 S1_1
14018 10 -1.5 0 S1_1
14022 10 -1.5 226.6562143257 S1_1
14023 10 -1.5 100.772374740892 S1_1
14025 10 -1.5 0 S1_1
14027 10 -1.5 74.1821581964451 S1_1
14029 10 -1.5 4.12567015802153 S1_1
14030 10 -1.5 0 S1_1
14031 10 -1.5 204.984040007851 S1_1
14032 10 -1.5 251.989364926516 S1_1
14033 10 -1.5 1.81535182101711 S1_1
14011 11 -1.5 0 S1_1
14012 11 -1.5 0 S1_1
14013 11 -1.5 0 S1_1
14015 11 -1.5 0 S1_1
14017 11 -1.5 0 S1_1
14018 11 -1.5 0 S1_1
14022 11 -1.5 42.7567393088901 S1_1
14023 11 -1.5 0 S1_1
14025 11 -1.5 0 S1_1
14027 11 -1.5 0 S1_1
14029 11 -1.5 0 S1_1
14030 11 -1.5 0 S1_1
14031 11 -1.5 30.6687084201445 S1_1
14032 11 -1.5 49.519880554218 S1_1
14033 11 -1.5 0 S1_1
14011 12 -1.5 0 S1_1
14012 12 -1.5 0 S1_1
14013 12 -1.5 0 S1_1
14015 12 -1.5 0 S1_1
14017 12 -1.5 0 S1_1
14018 12 -1.5 0 S1_1
14022 12 -1.5 43.0303433632194 S1_1
14023 12 -1.5 0 S1_1
14025 12 -1.5 0 S1_1
14027 12 -1.5 0 S1_1
14029 12 -1.5 0 S1_1
14030 12 -1.5 0 S1_1
14031 12 -1.5 32.6467470239831 S1_1
14032 12 -1.5 49.2563769229704 S1_1
14033 12 -1.5 0 S1_1
14011 13 -1.5 0 S1_1
14012 13 -1.5 0 S1_1
14013 13 -1.5 12.3153866826381 S1_1
14015 13 -1.5 0 S1_1
14017 13 -1.5 0 S1_1
14018 13 -1.5 0 S1_1
14022 13 -1.5 159.039106412605 S1_1
14023 13 -1.5 64.0447057053785 S1_1
14025 13 -1.5 0 S1_1
14027 13 -1.5 23.4035771595717 S1_1
14029 13 -1.5 0 S1_1
14030 13 -1.5 0 S1_1
14031 13 -1.5 126.705393819405 S1_1
14032 13 -1.5 163.630233595918 S1_1
14033 13 -1.5 0 S1_1
14011 14 -1.5 0 S1_1
14012 14 -1.5 0 S1_1
14013 14 -1.5 67.9661134223337 S1_1
14015 14 -1.5 0 S1_1
14017 14 -1.5 2.90795029580621 S1_1
14018 14 -1.5 0 S1_1
14022 14 -1.5 219.64731256311 S1_1
14023 14 -1.5 100.028017704468 S1_1
14025 14 -1.5 0 S1_1
14027 14 -1.5 33.2736479280442 S1_1
14029 14 -1.5 17.2132375231315 S1_1
14030 14 -1.5 0 S1_1
14031 14 -1.5 185.102153215426 S1_1
14032 14 -1.5 188.848314992179 S1_1
14033 14 -1.5 0 S1_1
14011 15 -1.5 13.8248983217695 S1_1
14012 15 -1.5 42.1599510819418 S1_1
14013 15 -1.5 150.598751368379 S1_1
14015 15 -1.5 1.27983036626483 S1_1
14017 15 -1.5 191.480910643447 S1_1
14018 15 -1.5 3.05223353693903 S1_1
14022 15 -1.5 326.704354848763 S1_1
14023 15 -1.5 184.104561848962 S1_1
14025 15 -1.5 28.5188141104566 S1_1
14027 15 -1.5 155.38842892513 S1_1
14029 15 -1.5 110.800192855693 S1_1
14030 15 -1.5 3.64304230939271 S1_1
14031 15 -1.5 333.482761572667 S1_1
14032 15 -1.5 401.21877784673 S1_1
14033 15 -1.5 34.4288795374482 S1_1
14011 16 -1.5 0 S1_1
14012 16 -1.5 5.30450739512096 S1_1
14013 16 -1.5 84.4978661635646 S1_1
14015 16 -1.5 0 S1_1
14017 16 -1.5 43.5809332958724 S1_1
14018 16 -1.5 0 S1_1
14022 16 -1.5 246.936443174379 S1_1
14023 16 -1.5 121.376695535024 S1_1
14025 16 -1.5 0 S1_1
14027 16 -1.5 96.3811056696238 S1_1
14029 16 -1.5 13.9877195506963 S1_1
14030 16 -1.5 0 S1_1
14031 16 -1.5 239.533885156144 S1_1
14032 16 -1.5 285.369727701425 S1_1
14033 16 -1.5 5.02467280843158 S1_1
14011 17 -1.5 0 S1_1
14012 17 -1.5 6.02910112491712 S1_1
14013 17 -1.5 101.102006492417 S1_1
14015 17 -1.5 0 S1_1
14017 17 -1.5 38.2203051684974 S1_1
14018 17 -1.5 0 S1_1
14022 17 -1.5 265.066075277741 S1_1
14023 17 -1.5 143.850813238657 S1_1
14025 17 -1.5 2.55587665081033 S1_1
14027 17 -1.5 97.095136214994 S1_1
14029 17 -1.5 48.2549615630152 S1_1
14030 17 -1.5 0 S1_1
14031 17 -1.5 239.517440828759 S1_1
14032 17 -1.5 299.325763615403 S1_1
14033 17 -1.5 3.45056850511651 S1_1
14011 18 -1.5 0 S1_1
14012 18 -1.5 0 S1_1
14013 18 -1.5 1.89361556189703 S1_1
14015 18 -1.5 0 S1_1
14017 18 -1.5 0 S1_1
14018 18 -1.5 0 S1_1
14022 18 -1.5 130.398896568879 S1_1
14023 18 -1.5 17.2595406213397 S1_1
14025 18 -1.5 0 S1_1
14027 18 -1.5 9.08093057108579 S1_1
14029 18 -1.5 0 S1_1
14030 18 -1.5 0 S1_1
14031 18 -1.5 110.137889423569 S1_1
14032 18 -1.5 135.906402932542 S1_1
14033 18 -1.5 0 S1_1
14011 19 -1.5 0 S1_1
14012 19 -1.5 1.64466820352428 S1_1
14013 19 -1.5 64.6690724971529 S1_1
14015 19 -1.5 0 S1_1
14017 19 -1.5 20.2252234448472 S1_1
14018 19 -1.5 0 S1_1
14022 19 -1.5 229.902697746925 S1_1
14023 19 -1.5 104.637084642837 S1_1
14025 19 -1.5 0 S1_1
14027 19 -1.5 76.5844533784935 S1_1
14029 19 -1.5 5.00870093437001 S1_1
14030 19 -1.5 0 S1_1
14031 19 -1.5 207.662828586053 S1_1
14032 19 -1.5 256.448747214205 S1_1
14033 19 -1.5 2.01396180001457 S1_1
14011 20 -1.5 3.67891803705158 S1_1
14012 20 -1.5 22.2488068524414 S1_1
14013 20 -1.5 119.925490671042 S1_1
14015 20 -1.5 0 S1_1
14017 20 -1.5 118.543063269643 S1_1
14018 20 -1.5 0 S1_1
14022 20 -1.5 287.185202174409 S1_1
14023 20 -1.5 154.762781460478 S1_1
14025 20 -1.5 8.66956589972495 S1_1
14027 20 -1.5 128.404292143665 S1_1
14029 20 -1.5 62.6800168537285 S1_1
14030 20 -1.5 0 S1_1
14031 20 -1.5 289.735204689885 S1_1
14032 20 -1.5 344.778325800161 S1_1
14033 20 -1.5 17.7179903892449 S1_1
14011 21 -1.5 0 S1_1
14012 21 -1.5 0 S1_1
14013 21 -1.5 47.9023944863393 S1_1
14015 21 -1.5 0 S1_1
14017 21 -1.5 11.3556489621356 S1_1
14018 21 -1.5 0 S1_1
14022 21 -1.5 214.362546407602 S1_1
14023 21 -1.5 88.5367237835671 S1_1
14025 21 -1.5 0 S1_1
14027 21 -1.5 62.1842575976498 S1_1
14029 21 -1.5 2.02443836055362 S1_1
14030 21 -1.5 0 S1_1
14031 21 -1.5 187.261212457797 S1_1
14032 21 -1.5 233.718599002755 S1_1
14033 21 -1.5 0 S1_1
14011 22 -1.5 0 S1_1
14012 22 -1.5 1.02184886722681 S1_1
14013 22 -1.5 55.9995097184518 S1_1
14015 22 -1.5 0 S1_1
14017 22 -1.5 24.2851956654787 S1_1
14018 22 -1.5 0 S1_1
14022 22 -1.5 222.051413333013 S1_1
14023 22 -1.5 94.451332622756 S1_1
14025 22 -1.5 0 S1_1
14027 22 -1.5 70.2541209878916 S1_1
14029 22 -1.5 3.5358460852525 S1_1
14030 22 -1.5 0 S1_1
14031 22 -1.5 202.193936789368 S1_1
14032 22 -1.5 245.177835481787 S1_1
14033 22 -1.5 1.51355860605626 S1_1
14011 23 -1.5 0 S1_1
14012 23 -1.5 3.08667752700798 S1_1
14013 23 -1.5 81.6608498879734 S1_1
14015 23 -1.5 0 S1_1
14017 23 -1.5 50.0377176359435 S1_1
14018 23 -1.5 0 S1_1
14022 23 -1.5 253.515776479924 S1_1
14023 23 -1.5 123.553522057992 S1_1
14025 23 -1.5 0 S1_1
14027 23 -1.5 86.5552912176709 S1_1
14029 23 -1.5 18.3575477184508 S1_1
14030 23 -1.5 0 S1_1
14031 23 -1.5 223.103639689223 S1_1
14032 23 -1.5 282.234918374223 S1_1
14033 23 -1.5 3.44911070098047 S1_1
14011 24 -1.5 0 S1_1
14012 24 -1.5 0 S1_1
14013 24 -1.5 55.3161204185652 S1_1
14015 24 -1.5 0 S1_1
14017 24 -1.5 19.1526710174698 S1_1
14018 24 -1.5 0 S1_1
14022 24 -1.5 222.19020836078 S1_1
14023 24 -1.5 95.180753400675 S1_1
14025 24 -1.5 0 S1_1
14027 24 -1.5 68.6095300049318 S1_1
14029 24 -1.5 3.31609863610263 S1_1
14030 24 -1.5 0 S1_1
14031 24 -1.5 197.311229222938 S1_1
14032 24 -1.5 244.412146055201 S1_1
14033 24 -1.5 1.38287995279777 S1_1
14011 25 -1.5 0 S1_1
14012 25 -1.5 0 S1_1
14013 25 -1.5 56.7376181670787 S1_1
14015 25 -1.5 0 S1_1
14017 25 -1.5 2.44412434764259 S1_1
14018 25 -1.5 0 S1_1
14022 25 -1.5 212.152144244073 S1_1
14023 25 -1.5 90.8552162123335 S1_1
14025 25 -1.5 0 S1_1
14027 25 -1.5 23.4215489017073 S1_1
14029 25 -1.5 9.79697814394217 S1_1
14030 25 -1.5 0 S1_1
14031 25 -1.5 171.52652212333 S1_1
14032 25 -1.5 176.389363250276 S1_1
14033 25 -1.5 0 S1_1
14011 26 -1.5 0 S1_1
14012 26 -1.5 3.82600544221672 S1_1
14013 26 -1.5 79.4598331192565 S1_1
14015 26 -1.5 0 S1_1
14017 26 -1.5 46.6304356258403 S1_1
14018 26 -1.5 0 S1_1
14022 26 -1.5 245.265610447464 S1_1
14023 26 -1.5 117.045266611927 S1_1
14025 26 -1.5 0 S1_1
14027 26 -1.5 90.8364952539459 S1_1
14029 26 -1.5 12.0278468171152 S1_1
14030 26 -1.5 0 S1_1
14031 26 -1.5 232.314353030005 S1_1
14032 26 -1.5 279.037338033856 S1_1
14033 26 -1.5 4.21020405078821 S1_1
14011 27 -1.5 0 S1_1
14012 27 -1.5 0 S1_1
14013 27 -1.5 0 S1_1
14015 27 -1.5 0 S1_1
14017 27 -1.5 0 S1_1
14018 27 -1.5 0 S1_1
14022 27 -1.5 47.3878280209228 S1_1
14023 27 -1.5 0 S1_1
14025 27 -1.5 0 S1_1
14027 27 -1.5 0 S1_1
14029 27 -1.5 0 S1_1
14030 27 -1.5 0 S1_1
14031 27 -1.5 53.8198934556098 S1_1
14032 27 -1.5 1.39231702043376 S1_1
14033 27 -1.5 0 S1_1
14011 28 -1.5 0 S1_1
14012 28 -1.5 7.66427168443444 S1_1
14013 28 -1.5 93.9254992332368 S1_1
14015 28 -1.5 0 S1_1
14017 28 -1.5 83.9692646291887 S1_1
14018 28 -1.5 0 S1_1
14022 28 -1.5 262.318859644895 S1_1
14023 28 -1.5 131.040803635036 S1_1
14025 28 -1.5 0 S1_1
14027 28 -1.5 103.214362335036 S1_1
14029 28 -1.5 28.0439669992259 S1_1
14030 28 -1.5 0 S1_1
14031 28 -1.5 252.389713802594 S1_1
14032 28 -1.5 302.267248480818 S1_1
14033 28 -1.5 7.71646145504504 S1_1
14011 29 -1.5 0 S1_1
14012 29 -1.5 0 S1_1
14013 29 -1.5 8.3585997595065 S1_1
14015 29 -1.5 0 S1_1
14017 29 -1.5 0 S1_1
14018 29 -1.5 0 S1_1
14022 29 -1.5 160.740052981496 S1_1
14023 29 -1.5 47.921570659342 S1_1
14025 29 -1.5 0 S1_1
14027 29 -1.5 19.5679549610451 S1_1
14029 29 -1.5 0 S1_1
14030 29 -1.5 0 S1_1
14031 29 -1.5 124.967522402936 S1_1
14032 29 -1.5 163.748262076489 S1_1
14033 29 -1.5 0 S1_1
14011 30 -1.5 0 S1_1
14012 30 -1.5 0 S1_1
14013 30 -1.5 53.7122904000133 S1_1
14015 30 -1.5 0 S1_1
14017 30 -1.5 1.51993151763298 S1_1
14018 30 -1.5 0 S1_1
14022 30 -1.5 205.524334574828 S1_1
14023 30 -1.5 88.8735894042225 S1_1
14025 30 -1.5 0 S1_1
14027 30 -1.5 22.1715181178758 S1_1
14029 30 -1.5 7.4828787070547 S1_1
14030 30 -1.5 0 S1_1
14031 30 -1.5 168.781215915663 S1_1
14032 30 -1.5 171.252164248298 S1_1
14033 30 -1.5 0 S1_1
14011 31 -1.5 0 S1_1
14012 31 -1.5 0 S1_1
14013 31 -1.5 58.1191565080973 S1_1
14015 31 -1.5 0 S1_1
14017 31 -1.5 36.0357449604431 S1_1
14018 31 -1.5 0 S1_1
14022 31 -1.5 231.31468658127 S1_1
14023 31 -1.5 107.414382656566 S1_1
14025 31 -1.5 0 S1_1
14027 31 -1.5 35.9785240210401 S1_1
14029 31 -1.5 23.5466153530381 S1_1
14030 31 -1.5 0 S1_1
14031 31 -1.5 176.304224371056 S1_1
14032 31 -1.5 234.240379496349 S1_1
14033 31 -1.5 0 S1_1
14011 1 -3 0 S1_1
14012 1 -3 0 S1_1
14013 1 -3 0 S1_1
14015 1 -3 0 S1_1
14017 1 -3 0 S1_1
14018 1 -3 0 S1_1
14022 1 -3 0 S1_1
14023 1 -3 0 S1_1
14025 1 -3 0 S1_1
14027 1 -3 0 S1_1
14029 1 -3 0 S1_1
14030 1 -3 0 S1_1
14031 1 -3 0 S1_1
14032 1 -3 0 S1_1
14033 1 -3 0 S1_1
14011 2 -3 0 S1_1
14012 2 -3 0 S1_1
14013 2 -3 0 S1_1
14015 2 -3 0 S1_1
14017 2 -3 0 S1_1
14018 2 -3 0 S1_1
14022 2 -3 56.0555086828196 S1_1
14023 2 -3 0 S1_1
14025 2 -3 0 S1_1
14027 2 -3 0 S1_1
14029 2 -3 0 S1_1
14030 2 -3 0 S1_1
14031 2 -3 56.6665979450315 S1_1
14032 2 -3 1.41047189298928 S1_1
14033 2 -3 0 S1_1
14011 3 -3 0 S1_1
14012 3 -3 0 S1_1
14013 3 -3 0 S1_1
14015 3 -3 0 S1_1
14017 3 -3 0 S1_1
14018 3 -3 0 S1_1
14022 3 -3 53.348759938811 S1_1
14023 3 -3 0 S1_1
14025 3 -3 0 S1_1
14027 3 -3 0 S1_1
14029 3 -3 0 S1_1
14030 3 -3 0 S1_1
14031 3 -3 12.3475497999802 S1_1
14032 3 -3 23.9212961379343 S1_1
14033 3 -3 0 S1_1
14011 4 -3 0 S1_1
14012 4 -3 0 S1_1
14013 4 -3 0 S1_1
14015 4 -3 0 S1_1
14017 4 -3 0 S1_1
14018 4 -3 0 S1_1
14022 4 -3 4.02790669236047 S1_1
14023 4 -3 0 S1_1
14025 4 -3 0 S1_1
14027 4 -3 0 S1_1
14029 4 -3 0 S1_1
14030 4 -3 0 S1_1
14031 4 -3 0 S1_1
14032 4 -3 2.12601541834059 S1_1
14033 4 -3 0 S1_1
14011 5 -3 0 S1_1
14012 5 -3 0 S1_1
14013 5 -3 0 S1_1
14015 5 -3 0 S1_1
14017 5 -3 0 S1_1
14018 5 -3 0 S1_1
14022 5 -3 0 S1_1
14023 5 -3 0 S1_1
14025 5 -3 0 S1_1
14027 5 -3 0 S1_1
14029 5 -3 0 S1_1
14030 5 -3 0 S1_1
14031 5 -3 0 S1_1
14032 5 -3 0 S1_1
14033 5 -3 0 S1_1
14011 6 -3 0 S1_1
14012 6 -3 0 S1_1
14013 6 -3 33.1708321687181 S1_1
14015 6 -3 0 S1_1
14017 6 -3 3.17332293400215 S1_1
14018 6 -3 0 S1_1
14022 6 -3 191.118108433281 S1_1
14023 6 -3 75.9105867927388 S1_1
14025 6 -3 0 S1_1
14027 6 -3 44.2813525551615 S1_1
14029 6 -3 0 S1_1
14030 6 -3 0 S1_1
14031 6 -3 157.559248140554 S1_1
14032 6 -3 202.281661158315 S1_1
14033 6 -3 0 S1_1
14011 7 -3 0 S1_1
14012 7 -3 0 S1_1
14013 7 -3 0 S1_1
14015 7 -3 0 S1_1
14017 7 -3 0 S1_1
14018 7 -3 0 S1_1
14022 7 -3 62.5998132186071 S1_1
14023 7 -3 0 S1_1
14025 7 -3 0 S1_1
14027 7 -3 0 S1_1
14029 7 -3 0 S1_1
14030 7 -3 0 S1_1
14031 7 -3 63.6917835261258 S1_1
14032 7 -3 2.09244243578961 S1_1
14033 7 -3 0 S1_1
14011 8 -3 0 S1_1
14012 8 -3 0 S1_1
14013 8 -3 0 S1_1
14015 8 -3 0 S1_1
14017 8 -3 0 S1_1
14018 8 -3 0 S1_1
14022 8 -3 58.5169531388994 S1_1
14023 8 -3 0 S1_1
14025 8 -3 0 S1_1
14027 8 -3 0 S1_1
14029 8 -3 0 S1_1
14030 8 -3 0 S1_1
14031 8 -3 40.1662205277029 S1_1
14032 8 -3 56.6342961961664 S1_1
14033 8 -3 0 S1_1
14011 9 -3 0 S1_1
14012 9 -3 0 S1_1
14013 9 -3 0 S1_1
14015 9 -3 0 S1_1
14017 9 -3 0 S1_1
14018 9 -3 0 S1_1
14022 9 -3 80.6642467732797 S1_1
14023 9 -3 1.59569421318254 S1_1
14025 9 -3 0 S1_1
14027 9 -3 0 S1_1
14029 9 -3 0 S1_1
14030 9 -3 0 S1_1
14031 9 -3 48.3482799319781 S1_1
14032 9 -3 73.1588409152792 S1_1
14033 9 -3 0 S1_1
14011 10 -3 0 S1_1
14012 10 -3 0 S1_1
14013 10 -3 0 S1_1
14015 10 -3 0 S1_1
14017 10 -3 0 S1_1
14018 10 -3 0 S1_1
14022 10 -3 49.8141772530501 S1_1
14023 10 -3 0 S1_1
14025 10 -3 0 S1_1
14027 10 -3 0 S1_1
14029 10 -3 0 S1_1
14030 10 -3 0 S1_1
14031 10 -3 30.1111552409088 S1_1
14032 10 -3 47.3953502108474 S1_1
14033 10 -3 0 S1_1
14011 11 -3 0 S1_1
14012 11 -3 0 S1_1
14013 11 -3 0 S1_1
14015 11 -3 0 S1_1
14017 11 -3 0 S1_1
14018 11 -3 0 S1_1
14022 11 -3 0 S1_1
14023 11 -3 0 S1_1
14025 11 -3 0 S1_1
14027 11 -3 0 S1_1
14029 11 -3 0 S1_1
14030 11 -3 0 S1_1
14031 11 -3 0 S1_1
14032 11 -3 0 S1_1
14033 11 -3 0 S1_1
14011 12 -3 0 S1_1
14012 12 -3 0 S1_1
14013 12 -3 0 S1_1
14015 12 -3 0 S1_1
14017 12 -3 0 S1_1
14018 12 -3 0 S1_1
14022 12 -3 0 S1_1
14023 12 -3 0 S1_1
14025 12 -3 0 S1_1
14027 12 -3 0 S1_1
14029 12 -3 0 S1_1
14030 12 -3 0 S1_1
14031 12 -3 0 S1_1
14032 12 -3 0 S1_1
14033 12 -3 0 S1_1
14011 13 -3 0 S1_1
14012 13 -3 0 S1_1
14013 13 -3 0 S1_1
14015 13 -3 0 S1_1
14017 13 -3 0 S1_1
14018 13 -3 0 S1_1
14022 13 -3 45.9589316268818 S1_1
14023 13 -3 0 S1_1
14025 13 -3 0 S1_1
14027 13 -3 0 S1_1
14029 13 -3 0 S1_1
14030 13 -3 0 S1_1
14031 13 -3 14.0881050807849 S1_1
14032 13 -3 28.0344754119495 S1_1
14033 13 -3 0 S1_1
14011 14 -3 0 S1_1
14012 14 -3 0 S1_1
14013 14 -3 18.1842979528957 S1_1
14015 14 -3 0 S1_1
14017 14 -3 0 S1_1
14018 14 -3 0 S1_1
14022 14 -3 173.248560880173 S1_1
14023 14 -3 57.9775373362162 S1_1
14025 14 -3 0 S1_1
14027 14 -3 4.62511297979805 S1_1
14029 14 -3 0 S1_1
14030 14 -3 0 S1_1
14031 14 -3 129.950315659086 S1_1
14032 14 -3 127.602200648975 S1_1
14033 14 -3 0 S1_1
14011 15 -3 0 S1_1
14012 15 -3 2.7749087412081 S1_1
14013 15 -3 72.7457043444886 S1_1
14015 15 -3 0 S1_1
14017 15 -3 38.8466950136274 S1_1
14018 15 -3 0 S1_1
14022 15 -3 231.667412287891 S1_1
14023 15 -3 105.74209412317 S1_1
14025 15 -3 10.322232410218 S1_1
14027 15 -3 82.2670891918279 S1_1
14029 15 -3 9.97362815253556 S1_1
14030 15 -3 0 S1_1
14031 15 -3 217.119248946785 S1_1
14032 15 -3 265.032985411341 S1_1
14033 15 -3 3.64047562275225 S1_1
14011 16 -3 0 S1_1
14012 16 -3 0 S1_1
14013 16 -3 0 S1_1
14015 16 -3 0 S1_1
14017 16 -3 0 S1_1
14018 16 -3 0 S1_1
14022 16 -3 96.7977932613413 S1_1
14023 16 -3 4.7372038780783 S1_1
14025 16 -3 0 S1_1
14027 16 -3 2.02603538236136 S1_1
14029 16 -3 0 S1_1
14030 16 -3 0 S1_1
14031 16 -3 79.0848348438238 S1_1
14032 16 -3 99.950582196977 S1_1
14033 16 -3 0 S1_1
14011 17 -3 0 S1_1
14012 17 -3 0 S1_1
14013 17 -3 36.1915395121162 S1_1
14015 17 -3 0 S1_1
14017 17 -3 2.01565349985706 S1_1
14018 17 -3 0 S1_1
14022 17 -3 194.187971730076 S1_1
14023 17 -3 82.8448714766066 S1_1
14025 17 -3 0 S1_1
14027 17 -3 43.0410154343405 S1_1
14029 17 -3 1.37369513287701 S1_1
14030 17 -3 0 S1_1
14031 17 -3 157.249145356525 S1_1
14032 17 -3 198.839854036911 S1_1
14033 17 -3 0 S1_1
14011 18 -3 0 S1_1
14012 18 -3 0 S1_1
14013 18 -3 0 S1_1
14015 18 -3 0 S1_1
14017 18 -3 0 S1_1
14018 18 -3 0 S1_1
14022 18 -3 0 S1_1
14023 18 -3 0 S1_1
14025 18 -3 0 S1_1
14027 18 -3 0 S1_1
14029 18 -3 0 S1_1
14030 18 -3 0 S1_1
14031 18 -3 0 S1_1
14032 18 -3 0 S1_1
14033 18 -3 0 S1_1
14011 19 -3 0 S1_1
14012 19 -3 0 S1_1
14013 19 -3 0 S1_1
14015 19 -3 0 S1_1
14017 19 -3 0 S1_1
14018 19 -3 0 S1_1
14022 19 -3 60.2934242881413 S1_1
14023 19 -3 0 S1_1
14025 19 -3 0 S1_1
14027 19 -3 0 S1_1
14029 19 -3 0 S1_1
14030 19 -3 0 S1_1
14031 19 -3 38.7056304031503 S1_1
14032 19 -3 57.9660350300416 S1_1
14033 19 -3 0 S1_1
14011 20 -3 0 S1_1
14012 20 -3 0 S1_1
14013 20 -3 20.0488885029011 S1_1
14015 20 -3 0 S1_1
14017 20 -3 2.10248194637262 S1_1
14018 20 -3 0 S1_1
14022 20 -3 168.534921912856 S1_1
14023 20 -3 57.6243330205515 S1_1
14025 20 -3 0 S1_1
14027 20 -3 40.2500260257195 S1_1
14029 20 -3 0 S1_1
14030 20 -3 0 S1_1
14031 20 -3 152.1203237867 S1_1
14032 20 -3 185.394366556566 S1_1
14033 20 -3 0 S1_1
14011 21 -3 0 S1_1
14012 21 -3 0 S1_1
14013 21 -3 0 S1_1
14015 21 -3 0 S1_1
14017 21 -3 0 S1_1
14018 21 -3 0 S1_1
14022 21 -3 26.3112769318735 S1_1
14023 21 -3 0 S1_1
14025 21 -3 0 S1_1
14027 21 -3 0 S1_1
14029 21 -3 0 S1_1
14030 21 -3 0 S1_1
14031 21 -3 9.72421258423308 S1_1
14032 21 -3 22.2542001957617 S1_1
14033 21 -3 0 S1_1
14011 22 -3 0 S1_1
14012 22 -3 0 S1_1
14013 22 -3 0 S1_1
14015 22 -3 0 S1_1
14017 22 -3 0 S1_1
14018 22 -3 0 S1_1
14022 22 -3 30.1419751847313 S1_1
14023 22 -3 0 S1_1
14025 22 -3 0 S1_1
14027 22 -3 0 S1_1
14029 22 -3 0 S1_1
14030 22 -3 0 S1_1
14031 22 -3 15.5495763577365 S1_1
14032 22 -3 28.0595120432533 S1_1
14033 22 -3 0 S1_1
14011 23 -3 0 S1_1
14012 23 -3 0 S1_1
14013 23 -3 0 S1_1
14015 23 -3 0 S1_1
14017 23 -3 0 S1_1
14018 23 -3 0 S1_1
14022 23 -3 91.3704086548089 S1_1
14023 23 -3 3.04624578427231 S1_1
14025 23 -3 0 S1_1
14027 23 -3 0 S1_1
14029 23 -3 0 S1_1
14030 23 -3 0 S1_1
14031 23 -3 61.963390556547 S1_1
14032 23 -3 89.3516672137417 S1_1
14033 23 -3 0 S1_1
14011 24 -3 0 S1_1
14012 24 -3 0 S1_1
14013 24 -3 0 S1_1
14015 24 -3 0 S1_1
14017 24 -3 0 S1_1
14018 24 -3 0 S1_1
14022 24 -3 34.5031538267619 S1_1
14023 24 -3 0 S1_1
14025 24 -3 0 S1_1
14027 24 -3 0 S1_1
14029 24 -3 0 S1_1
14030 24 -3 0 S1_1
14031 24 -3 16.3225944032172 S1_1
14032 24 -3 31.4760360625077 S1_1
14033 24 -3 0 S1_1
14011 25 -3 0 S1_1
14012 25 -3 0 S1_1
14013 25 -3 3.00586401113183 S1_1
14015 25 -3 0 S1_1
14017 25 -3 0 S1_1
14018 25 -3 0 S1_1
14022 25 -3 139.832014715687 S1_1
14023 25 -3 24.9420825868996 S1_1
14025 25 -3 0 S1_1
14027 25 -3 0 S1_1
14029 25 -3 0 S1_1
14030 25 -3 0 S1_1
14031 25 -3 93.8069226650685 S1_1
14032 25 -3 91.0966125604937 S1_1
14033 25 -3 0 S1_1
14011 26 -3 0 S1_1
14012 26 -3 0 S1_1
14013 26 -3 0 S1_1
14015 26 -3 0 S1_1
14017 26 -3 0 S1_1
14018 26 -3 0 S1_1
14022 26 -3 77.7375138133693 S1_1
14023 26 -3 1.29792802194573 S1_1
14025 26 -3 0 S1_1
14027 26 -3 0 S1_1
14029 26 -3 0 S1_1
14030 26 -3 0 S1_1
14031 26 -3 59.6062891794152 S1_1
14032 26 -3 78.9746581828622 S1_1
14033 26 -3 0 S1_1
14011 27 -3 0 S1_1
14012 27 -3 0 S1_1
14013 27 -3 0 S1_1
14015 27 -3 0 S1_1
14017 27 -3 0 S1_1
14018 27 -3 0 S1_1
14022 27 -3 2.49082989161564 S1_1
14023 27 -3 0 S1_1
14025 27 -3 0 S1_1
14027 27 -3 0 S1_1
14029 27 -3 0 S1_1
14030 27 -3 0 S1_1
14031 27 -3 1.84704106201365 S1_1
14032 27 -3 0 S1_1
14033 27 -3 0 S1_1
14011 28 -3 0 S1_1
14012 28 -3 0 S1_1
14013 28 -3 0 S1_1
14015 28 -3 0 S1_1
14017 28 -3 0 S1_1
14018 28 -3 0 S1_1
14022 28 -3 100.900757419274 S1_1
14023 28 -3 5.64221096622525 S1_1
14025 28 -3 0 S1_1
14027 28 -3 2.26830684485654 S1_1
14029 28 -3 0 S1_1
14030 28 -3 0 S1_1
14031 28 -3 82.189232427149 S1_1
14032 28 -3 105.229676264445 S1_1
14033 28 -3 0 S1_1
14011 29 -3 0 S1_1
14012 29 -3 0 S1_1
14013 29 -3 0 S1_1
14015 29 -3 0 S1_1
14017 29 -3 0 S1_1
14018 29 -3 0 S1_1
14022 29 -3 1.95072832207942 S1_1
14023 29 -3 0 S1_1
14025 29 -3 0 S1_1
14027 29 -3 0 S1_1
14029 29 -3 0 S1_1
14030 29 -3 0 S1_1
14031 29 -3 0 S1_1
14032 29 -3 0 S1_1
14033 29 -3 0 S1_1
14011 30 -3 0 S1_1
14012 30 -3 0 S1_1
14013 30 -3 4.76726588197742 S1_1
14015 30 -3 0 S1_1
14017 30 -3 0 S1_1
14018 30 -3 0 S1_1
14022 30 -3 146.368012856347 S1_1
14023 30 -3 32.7757908967445 S1_1
14025 30 -3 0 S1_1
14027 30 -3 1.0742283812539 S1_1
14029 30 -3 0 S1_1
14030 30 -3 0 S1_1
14031 30 -3 102.400300548166 S1_1
14032 30 -3 98.2037222617583 S1_1
14033 30 -3 0 S1_1
14011 31 -3 0 S1_1
14012 31 -3 0 S1_1
14013 31 -3 0 S1_1
14015 31 -3 0 S1_1
14017 31 -3 0 S1_1
14018 31 -3 0 S1_1
14022 31 -3 88.5777801154569 S1_1
14023 31 -3 2.1583390023893 S1_1
14025 31 -3 0 S1_1
14027 31 -3 0 S1_1
14029 31 -3 0 S1_1
14030 31 -3 0 S1_1
14031 31 -3 39.6425157478756 S1_1
14032 31 -3 66.8658396351879 S1_1
14033 31 -3 0 S1_1
14011 1 -5 0 S1_1
14012 1 -5 0 S1_1
14013 1 -5 0 S1_1
14015 1 -5 0 S1_1
14017 1 -5 0 S1_1
14018 1 -5 0 S1_1
14022 1 -5 0 S1_1
14023 1 -5 0 S1_1
14025 1 -5 0 S1_1
14027 1 -5 0 S1_1
14029 1 -5 0 S1_1
14030 1 -5 0 S1_1
14031 1 -5 0 S1_1
14032 1 -5 0 S1_1
14033 1 -5 0 S1_1
14011 2 -5 0 S1_1
14012 2 -5 0 S1_1
14013 2 -5 0 S1_1
14015 2 -5 0 S1_1
14017 2 -5 0 S1_1
14018 2 -5 0 S1_1
14022 2 -5 13.0648061820753 S1_1
14023 2 -5 0 S1_1
14025 2 -5 0 S1_1
14027 2 -5 0 S1_1
14029 2 -5 0 S1_1
14030 2 -5 0 S1_1
14031 2 -5 11.4928903465469 S1_1
14032 2 -5 0 S1_1
14033 2 -5 0 S1_1
14011 3 -5 0 S1_1
14012 3 -5 0 S1_1
14013 3 -5 0 S1_1
14015 3 -5 0 S1_1
14017 3 -5 0 S1_1
14018 3 -5 0 S1_1
14022 3 -5 0 S1_1
14023 3 -5 0 S1_1
14025 3 -5 0 S1_1
14027 3 -5 0 S1_1
14029 3 -5 0 S1_1
14030 3 -5 0 S1_1
14031 3 -5 0 S1_1
14032 3 -5 0 S1_1
14033 3 -5 0 S1_1
14011 4 -5 0 S1_1
14012 4 -5 0 S1_1
14013 4 -5 0 S1_1
14015 4 -5 0 S1_1
14017 4 -5 0 S1_1
14018 4 -5 0 S1_1
14022 4 -5 0 S1_1
14023 4 -5 0 S1_1
14025 4 -5 0 S1_1
14027 4 -5 0 S1_1
14029 4 -5 0 S1_1
14030 4 -5 0 S1_1
14031 4 -5 0 S1_1
14032 4 -5 0 S1_1
14033 4 -5 0 S1_1
14011 5 -5 0 S1_1
14012 5 -5 0 S1_1
14013 5 -5 0 S1_1
14015 5 -5 0 S1_1
14017 5 -5 0 S1_1
14018 5 -5 0 S1_1
14022 5 -5 0 S1_1
14023 5 -5 0 S1_1
14025 5 -5 0 S1_1
14027 5 -5 0 S1_1
14029 5 -5 0 S1_1
14030 5 -5 0 S1_1
14031 5 -5 0 S1_1
14032 5 -5 0 S1_1
14033 5 -5 0 S1_1
14011 6 -5 0 S1_1
14012 6 -5 0 S1_1
14013 6 -5 0 S1_1
14015 6 -5 0 S1_1
14017 6 -5 0 S1_1
14018 6 -5 0 S1_1
14022 6 -5 74.3302029150973 S1_1
14023 6 -5 1.15313764374937 S1_1
14025 6 -5 0 S1_1
14027 6 -5 0 S1_1
14029 6 -5 0 S1_1
14030 6 -5 0 S1_1
14031 6 -5 42.9807211049825 S1_1
14032 6 -5 66.2310897970917 S1_1
14033 6 -5 0 S1_1
14011 7 -5 0 S1_1
14012 7 -5 0 S1_1
14013 7 -5 0 S1_1
14015 7 -5 0 S1_1
14017 7 -5 0 S1_1
14018 7 -5 0 S1_1
14022 7 -5 21.0552752323078 S1_1
14023 7 -5 0 S1_1
14025 7 -5 0 S1_1
14027 7 -5 0 S1_1
14029 7 -5 0 S1_1
14030 7 -5 0 S1_1
14031 7 -5 19.4541567038831 S1_1
14032 7 -5 0 S1_1
14033 7 -5 0 S1_1
14011 8 -5 0 S1_1
14012 8 -5 0 S1_1
14013 8 -5 0 S1_1
14015 8 -5 0 S1_1
14017 8 -5 0 S1_1
14018 8 -5 0 S1_1
14022 8 -5 0 S1_1
14023 8 -5 0 S1_1
14025 8 -5 0 S1_1
14027 8 -5 0 S1_1
14029 8 -5 0 S1_1
14030 8 -5 0 S1_1
14031 8 -5 0 S1_1
14032 8 -5 0 S1_1
14033 8 -5 0 S1_1
14011 9 -5 0 S1_1
14012 9 -5 0 S1_1
14013 9 -5 0 S1_1
14015 9 -5 0 S1_1
14017 9 -5 0 S1_1
14018 9 -5 0 S1_1
14022 9 -5 0 S1_1
14023 9 -5 0 S1_1
14025 9 -5 0 S1_1
14027 9 -5 0 S1_1
14029 9 -5 0 S1_1
14030 9 -5 0 S1_1
14031 9 -5 0 S1_1
14032 9 -5 0 S1_1
14033 9 -5 0 S1_1
14011 10 -5 0 S1_1
14012 10 -5 0 S1_1
14013 10 -5 0 S1_1
14015 10 -5 0 S1_1
14017 10 -5 0 S1_1
14018 10 -5 0 S1_1
14022 10 -5 0 S1_1
14023 10 -5 0 S1_1
14025 10 -5 0 S1_1
14027 10 -5 0 S1_1
14029 10 -5 0 S1_1
14030 10 -5 0 S1_1
14031 10 -5 0 S1_1
14032 10 -5 0 S1_1
14033 10 -5 0 S1_1
14011 11 -5 0 S1_1
14012 11 -5 0 S1_1
14013 11 -5 0 S1_1
14015 11 -5 0 S1_1
14017 11 -5 0 S1_1
14018 11 -5 0 S1_1
14022 11 -5 0 S1_1
14023 11 -5 0 S1_1
14025 11 -5 0 S1_1
14027 11 -5 0 S1_1
14029 11 -5 0 S1_1
14030 11 -5 0 S1_1
14031 11 -5 0 S1_1
14032 11 -5 0 S1_1
14033 11 -5 0 S1_1
14011 12 -5 0 S1_1
14012 12 -5 0 S1_1
14013 12 -5 0 S1_1
14015 12 -5 0 S1_1
14017 12 -5 0 S1_1
14018 12 -5 0 S1_1
14022 12 -5 0 S1_1
14023 12 -5 0 S1_1
14025 12 -5 0 S1_1
14027 12 -5 0 S1_1
14029 12 -5 0 S1_1
14030 12 -5 0 S1_1
14031 12 -5 0 S1_1
14032 12 -5 0 S1_1
14033 12 -5 0 S1_1
14011 13 -5 0 S1_1
14012 13 -5 0 S1_1
14013 13 -5 0 S1_1
14015 13 -5 0 S1_1
14017 13 -5 0 S1_1
14018 13 -5 0 S1_1
14022 13 -5 0 S1_1
14023 13 -5 0 S1_1
14025 13 -5 0 S1_1
14027 13 -5 0 S1_1
14029 13 -5 0 S1_1
14030 13 -5 0 S1_1
14031 13 -5 0 S1_1
14032 13 -5 0 S1_1
14033 13 -5 0 S1_1
14011 14 -5 0 S1_1
14012 14 -5 0 S1_1
14013 14 -5 0 S1_1
14015 14 -5 0 S1_1
14017 14 -5 0 S1_1
14018 14 -5 0 S1_1
14022 14 -5 106.375685804856 S1_1
14023 14 -5 5.49100238089346 S1_1
14025 14 -5 0 S1_1
14027 14 -5 0 S1_1
14029 14 -5 0 S1_1
14030 14 -5 0 S1_1
14031 14 -5 62.789211013084 S1_1
14032 14 -5 56.2432388355596 S1_1
14033 14 -5 0 S1_1
14011 15 -5 0 S1_1
14012 15 -5 0 S1_1
14013 15 -5 1.50482973966311 S1_1
14015 15 -5 0 S1_1
14017 15 -5 0 S1_1
14018 15 -5 0 S1_1
14022 15 -5 116.199935046025 S1_1
14023 15 -5 16.1685201057495 S1_1
14025 15 -5 0 S1_1
14027 15 -5 6.64129928950814 S1_1
14029 15 -5 0 S1_1
14030 15 -5 0 S1_1
14031 15 -5 95.4627053674191 S1_1
14032 15 -5 124.274699498348 S1_1
14033 15 -5 0 S1_1
14011 16 -5 0 S1_1
14012 16 -5 0 S1_1
14013 16 -5 0 S1_1
14015 16 -5 0 S1_1
14017 16 -5 0 S1_1
14018 16 -5 0 S1_1
14022 16 -5 0 S1_1
14023 16 -5 0 S1_1
14025 16 -5 0 S1_1
14027 16 -5 0 S1_1
14029 16 -5 0 S1_1
14030 16 -5 0 S1_1
14031 16 -5 0 S1_1
14032 16 -5 0 S1_1
14033 16 -5 0 S1_1
14011 17 -5 0 S1_1
14012 17 -5 0 S1_1
14013 17 -5 0 S1_1
14015 17 -5 0 S1_1
14017 17 -5 0 S1_1
14018 17 -5 0 S1_1
14022 17 -5 102.0910377677 S1_1
14023 17 -5 8.4489363424565 S1_1
14025 17 -5 0 S1_1
14027 17 -5 0 S1_1
14029 17 -5 0 S1_1
14030 17 -5 0 S1_1
14031 17 -5 65.4110592979024 S1_1
14032 17 -5 90.7892241323065 S1_1
14033 17 -5 0 S1_1
14011 18 -5 0 S1_1
14012 18 -5 0 S1_1
14013 18 -5 0 S1_1
14015 18 -5 0 S1_1
14017 18 -5 0 S1_1
14018 18 -5 0 S1_1
14022 18 -5 0 S1_1
14023 18 -5 0 S1_1
14025 18 -5 0 S1_1
14027 18 -5 0 S1_1
14029 18 -5 0 S1_1
14030 18 -5 0 S1_1
14031 18 -5 0 S1_1
14032 18 -5 0 S1_1
14033 18 -5 0 S1_1
14011 19 -5 0 S1_1
14012 19 -5 0 S1_1
14013 19 -5 0 S1_1
14015 19 -5 0 S1_1
14017 19 -5 0 S1_1
14018 19 -5 0 S1_1
14022 19 -5 0 S1_1
14023 19 -5 0 S1_1
14025 19 -5 0 S1_1
14027 19 -5 0 S1_1
14029 19 -5 0 S1_1
14030 19 -5 0 S1_1
14031 19 -5 0 S1_1
14032 19 -5 0 S1_1
14033 19 -5 0 S1_1
14011 20 -5 0 S1_1
14012 20 -5 0 S1_1
14013 20 -5 0 S1_1
14015 20 -5 0 S1_1
14017 20 -5 0 S1_1
14018 20 -5 0 S1_1
14022 20 -5 39.2537928529912 S1_1
14023 20 -5 0 S1_1
14025 20 -5 0 S1_1
14027 20 -5 0 S1_1
14029 20 -5 0 S1_1
14030 20 -5 0 S1_1
14031 20 -5 21.8530614856606 S1_1
14032 20 -5 34.9919887642783 S1_1
14033 20 -5 0 S1_1
14011 21 -5 0 S1_1
14012 21 -5 0 S1_1
14013 21 -5 0 S1_1
14015 21 -5 0 S1_1
14017 21 -5 0 S1_1
14018 21 -5 0 S1_1
14022 21 -5 0 S1_1
14023 21 -5 0 S1_1
14025 21 -5 0 S1_1
14027 21 -5 0 S1_1
14029 21 -5 0 S1_1
14030 21 -5 0 S1_1
14031 21 -5 0 S1_1
14032 21 -5 0 S1_1
14033 21 -5 0 S1_1
14011 22 -5 0 S1_1
14012 22 -5 0 S1_1
14013 22 -5 0 S1_1
14015 22 -5 0 S1_1
14017 22 -5 0 S1_1
14018 22 -5 0 S1_1
14022 22 -5 0 S1_1
14023 22 -5 0 S1_1
14025 22 -5 0 S1_1
14027 22 -5 0 S1_1
14029 22 -5 0 S1_1
14030 22 -5 0 S1_1
14031 22 -5 0 S1_1
14032 22 -5 0 S1_1
14033 22 -5 0 S1_1
14011 23 -5 0 S1_1
14012 23 -5 0 S1_1
14013 23 -5 0 S1_1
14015 23 -5 0 S1_1
14017 23 -5 0 S1_1
14018 23 -5 0 S1_1
14022 23 -5 0 S1_1
14023 23 -5 0 S1_1
14025 23 -5 0 S1_1
14027 23 -5 0 S1_1
14029 23 -5 0 S1_1
14030 23 -5 0 S1_1
14031 23 -5 0 S1_1
14032 23 -5 0 S1_1
14033 23 -5 0 S1_1
14011 24 -5 0 S1_1
14012 24 -5 0 S1_1
14013 24 -5 0 S1_1
14015 24 -5 0 S1_1
14017 24 -5 0 S1_1
14018 24 -5 0 S1_1
14022 24 -5 0 S1_1
14023 24 -5 0 S1_1
14025 24 -5 0 S1_1
14027 24 -5 0 S1_1
14029 24 -5 0 S1_1
14030 24 -5 0 S1_1
14031 24 -5 0 S1_1
14032 24 -5 0 S1_1
14033 24 -5 0 S1_1
14011 25 -5 0 S1_1
14012 25 -5 0 S1_1
14013 25 -5 0 S1_1
14015 25 -5 0 S1_1
14017 25 -5 0 S1_1
14018 25 -5 0 S1_1
14022 25 -5 49.6656150095865 S1_1
14023 25 -5 0 S1_1
14025 25 -5 0 S1_1
14027 25 -5 0 S1_1
14029 25 -5 0 S1_1
14030 25 -5 0 S1_1
14031 25 -5 9.23828587163515 S1_1
14032 25 -5 5.34532064388552 S1_1
14033 25 -5 0 S1_1
14011 26 -5 0 S1_1
14012 26 -5 0 S1_1
14013 26 -5 0 S1_1
14015 26 -5 0 S1_1
14017 26 -5 0 S1_1
14018 26 -5 0 S1_1
14022 26 -5 0 S1_1
14023 26 -5 0 S1_1
14025 26 -5 0 S1_1
14027 26 -5 0 S1_1
14029 26 -5 0 S1_1
14030 26 -5 0 S1_1
14031 26 -5 0 S1_1
14032 26 -5 0 S1_1
14033 26 -5 0 S1_1
14011 27 -5 0 S1_1
14012 27 -5 0 S1_1
14013 27 -5 0 S1_1
14015 27 -5 0 S1_1
14017 27 -5 0 S1_1
14018 27 -5 0 S1_1
14022 27 -5 0 S1_1
14023 27 -5 0 S1_1
14025 27 -5 0 S1_1
14027 27 -5 0 S1_1
14029 27 -5 0 S1_1
14030 27 -5 0 S1_1
14031 27 -5 0 S1_1
14032 27 -5 0 S1_1
14033 27 -5 0 S1_1
14011 28 -5 0 S1_1
14012 28 -5 0 S1_1
14013 28 -5 0 S1_1
14015 28 -5 0 S1_1
14017 28 -5 0 S1_1
14018 28 -5 0 S1_1
14022 28 -5 0 S1_1
14023 28 -5 0 S1_1
14025 28 -5 0 S1_1
14027 28 -5 0 S1_1
14029 28 -5 0 S1_1
14030 28 -5 0 S1_1
14031 28 -5 0 S1_1
14032 28 -5 0 S1_1
14033 28 -5 0 S1_1
14011 29 -5 0 S1_1
14012 29 -5 0 S1_1
14013 29 -5 0 S1_1
14015 29 -5 0 S1_1
14017 29 -5 0 S1_1
14018 29 -5 0 S1_1
14022 29 -5 0 S1_1
14023 29 -5 0 S1_1
14025 29 -5 0 S1_1
14027 29 -5 0 S1_1
14029 29 -5 0 S1_1
14030 29 -5 0 S1_1
14031 29 -5 0 S1_1
14032 29 -5 0 S1_1
14033 29 -5 0 S1_1
14011 30 -5 0 S1_1
14012 30 -5 0 S1_1
14013 30 -5 0 S1_1
14015 30 -5 0 S1_1
14017 30 -5 0 S1_1
14018 30 -5 0 S1_1
14022 30 -5 68.3710200733516 S1_1
14023 30 -5 0 S1_1
14025 30 -5 0 S1_1
14027 30 -5 0 S1_1
14029 30 -5 0 S1_1
14030 30 -5 0 S1_1
14031 30 -5 25.0091271889646 S1_1
14032 30 -5 16.1317398270617 S1_1
14033 30 -5 0 S1_1
14011 31 -5 0 S1_1
14012 31 -5 0 S1_1
14013 31 -5 0 S1_1
14015 31 -5 0 S1_1
14017 31 -5 0 S1_1
14018 31 -5 0 S1_1
14022 31 -5 0 S1_1
14023 31 -5 0 S1_1
14025 31 -5 0 S1_1
14027 31 -5 0 S1_1
14029 31 -5 0 S1_1
14030 31 -5 0 S1_1
14031 31 -5 0 S1_1
14032 31 -5 0 S1_1
14033 31 -5 0 S1_1
