speciesID lakeID variable value scenario
16046 1 -0.5 126.55157278303 S1_1
16047 1 -0.5 340.493863726013 S1_1
16049 1 -0.5 110.452718249777 S1_1
16050 1 -0.5 427.595775491776 S1_1
16052 1 -0.5 723.558619903818 S1_1
16053 1 -0.5 0 S1_1
16054 1 -0.5 203.318886779755 S1_1
16055 1 -0.5 1252.25092049335 S1_1
16056 1 -0.5 0 S1_1
16057 1 -0.5 506.460986333916 S1_1
16058 1 -0.5 0 S1_1
16059 1 -0.5 8.65373653365132 S1_1
16060 1 -0.5 56.0802318533212 S1_1
16062 1 -0.5 155.436346211377 S1_1
16063 1 -0.5 55.9822296757598 S1_1
16046 2 -0.5 0 S1_1
16047 2 -0.5 67.106799862397 S1_1
16049 2 -0.5 5.09394720036641 S1_1
16050 2 -0.5 0 S1_1
16052 2 -0.5 25.8087415687639 S1_1
16053 2 -0.5 0 S1_1
16054 2 -0.5 1.08478267833691 S1_1
16055 2 -0.5 81.7187104707077 S1_1
16056 2 -0.5 0 S1_1
16057 2 -0.5 153.574536169109 S1_1
16058 2 -0.5 0 S1_1
16059 2 -0.5 0 S1_1
16060 2 -0.5 0 S1_1
16062 2 -0.5 5.79427033101176 S1_1
16063 2 -0.5 0 S1_1
16046 3 -0.5 7.05891982560527 S1_1
16047 3 -0.5 114.831340082046 S1_1
16049 3 -0.5 22.6491478227474 S1_1
16050 3 -0.5 9.56199994729155 S1_1
16052 3 -0.5 165.797032726596 S1_1
16053 3 -0.5 0 S1_1
16054 3 -0.5 34.3591574990057 S1_1
16055 3 -0.5 226.079416529746 S1_1
16056 3 -0.5 0 S1_1
16057 3 -0.5 205.891421088293 S1_1
16058 3 -0.5 0 S1_1
16059 3 -0.5 0 S1_1
16060 3 -0.5 0 S1_1
16062 3 -0.5 28.8315529682468 S1_1
16063 3 -0.5 0 S1_1
16046 4 -0.5 31.7635273619665 S1_1
16047 4 -0.5 163.81404046592 S1_1
16049 4 -0.5 44.4758693877618 S1_1
16050 4 -0.5 122.42316759844 S1_1
16052 4 -0.5 318.678381578792 S1_1
16053 4 -0.5 0 S1_1
16054 4 -0.5 75.4984370099257 S1_1
16055 4 -0.5 443.647213192694 S1_1
16056 4 -0.5 0 S1_1
16057 4 -0.5 270.429656037023 S1_1
16058 4 -0.5 0 S1_1
16059 4 -0.5 0 S1_1
16060 4 -0.5 0 S1_1
16062 4 -0.5 57.9772963246439 S1_1
16063 4 -0.5 0 S1_1
16046 5 -0.5 0 S1_1
16047 5 -0.5 0 S1_1
16049 5 -0.5 0 S1_1
16050 5 -0.5 0 S1_1
16052 5 -0.5 0 S1_1
16053 5 -0.5 0 S1_1
16054 5 -0.5 0 S1_1
16055 5 -0.5 0 S1_1
16056 5 -0.5 0 S1_1
16057 5 -0.5 54.2426360710811 S1_1
16058 5 -0.5 0 S1_1
16059 5 -0.5 0 S1_1
16060 5 -0.5 0 S1_1
16062 5 -0.5 0 S1_1
16063 5 -0.5 0 S1_1
16046 6 -0.5 45.4772586179478 S1_1
16047 6 -0.5 169.900055519596 S1_1
16049 6 -0.5 56.4559104204623 S1_1
16050 6 -0.5 107.116911879878 S1_1
16052 6 -0.5 289.705685510786 S1_1
16053 6 -0.5 0 S1_1
16054 6 -0.5 81.7555542322058 S1_1
16055 6 -0.5 386.067116068282 S1_1
16056 6 -0.5 0 S1_1
16057 6 -0.5 270.83867141132 S1_1
16058 6 -0.5 0 S1_1
16059 6 -0.5 0 S1_1
16060 6 -0.5 0 S1_1
16062 6 -0.5 69.6248283789368 S1_1
16063 6 -0.5 0 S1_1
16046 7 -0.5 0 S1_1
16047 7 -0.5 70.582857120461 S1_1
16049 7 -0.5 5.8677268088545 S1_1
16050 7 -0.5 0 S1_1
16052 7 -0.5 28.9023800261118 S1_1
16053 7 -0.5 0 S1_1
16054 7 -0.5 1.46229119228466 S1_1
16055 7 -0.5 84.3059313788991 S1_1
16056 7 -0.5 0 S1_1
16057 7 -0.5 156.036053465859 S1_1
16058 7 -0.5 0 S1_1
16059 7 -0.5 0 S1_1
16060 7 -0.5 0 S1_1
16062 7 -0.5 6.62630495053337 S1_1
16063 7 -0.5 0 S1_1
16046 8 -0.5 70.9143905180209 S1_1
16047 8 -0.5 214.466468881249 S1_1
16049 8 -0.5 71.6064646174 S1_1
16050 8 -0.5 224.503708061837 S1_1
16052 8 -0.5 453.586530127577 S1_1
16053 8 -0.5 0 S1_1
16054 8 -0.5 115.121617093522 S1_1
16055 8 -0.5 672.477573917993 S1_1
16056 8 -0.5 0 S1_1
16057 8 -0.5 339.251132134919 S1_1
16058 8 -0.5 0 S1_1
16059 8 -0.5 0 S1_1
16060 8 -0.5 2.1112581769044 S1_1
16062 8 -0.5 94.3159831807463 S1_1
16063 8 -0.5 1.00294329998947 S1_1
16046 9 -0.5 29.7668140563353 S1_1
16047 9 -0.5 155.745795759295 S1_1
16049 9 -0.5 44.8008993750726 S1_1
16050 9 -0.5 94.7822506303171 S1_1
16052 9 -0.5 276.31773898566 S1_1
16053 9 -0.5 0 S1_1
16054 9 -0.5 68.989030645919 S1_1
16055 9 -0.5 374.681527972798 S1_1
16056 9 -0.5 0 S1_1
16057 9 -0.5 257.097673643629 S1_1
16058 9 -0.5 0 S1_1
16059 9 -0.5 0 S1_1
16060 9 -0.5 0 S1_1
16062 9 -0.5 56.9929950537427 S1_1
16063 9 -0.5 0 S1_1
16046 10 -0.5 74.8258764378346 S1_1
16047 10 -0.5 221.420255573746 S1_1
16049 10 -0.5 72.6831518940871 S1_1
16050 10 -0.5 222.593441106175 S1_1
16052 10 -0.5 456.225663387708 S1_1
16053 10 -0.5 0 S1_1
16054 10 -0.5 121.827189670004 S1_1
16055 10 -0.5 661.084213554371 S1_1
16056 10 -0.5 0 S1_1
16057 10 -0.5 341.596351762013 S1_1
16058 10 -0.5 0 S1_1
16059 10 -0.5 1.18134320079184 S1_1
16060 10 -0.5 1.54579760471371 S1_1
16062 10 -0.5 94.2297581818076 S1_1
16063 10 -0.5 5.14808075979743 S1_1
16046 11 -0.5 72.867397322831 S1_1
16047 11 -0.5 270.728680612389 S1_1
16049 11 -0.5 68.0854045451435 S1_1
16050 11 -0.5 348.640314285231 S1_1
16052 11 -0.5 631.476894482749 S1_1
16053 11 -0.5 0 S1_1
16054 11 -0.5 140.675102134705 S1_1
16055 11 -0.5 1080.81273604953 S1_1
16056 11 -0.5 0 S1_1
16057 11 -0.5 428.523614604885 S1_1
16058 11 -0.5 0 S1_1
16059 11 -0.5 0 S1_1
16060 11 -0.5 13.9139743394783 S1_1
16062 11 -0.5 104.451616117441 S1_1
16063 11 -0.5 14.0453961930885 S1_1
16046 12 -0.5 97.8868015186799 S1_1
16047 12 -0.5 329.166856574694 S1_1
16049 12 -0.5 90.6360804957119 S1_1
16050 12 -0.5 402.014232694348 S1_1
16052 12 -0.5 679.088030153708 S1_1
16053 12 -0.5 0 S1_1
16054 12 -0.5 173.704588957625 S1_1
16055 12 -0.5 1266.73828294355 S1_1
16056 12 -0.5 0 S1_1
16057 12 -0.5 522.71175159371 S1_1
16058 12 -0.5 0 S1_1
16059 12 -0.5 2.06451210634833 S1_1
16060 12 -0.5 35.0570333461247 S1_1
16062 12 -0.5 145.652688743586 S1_1
16063 12 -0.5 22.7061798280539 S1_1
16046 13 -0.5 1.02302835248589 S1_1
16047 13 -0.5 70.1244827854686 S1_1
16049 13 -0.5 6.74807950038162 S1_1
16050 13 -0.5 3.43983600808804 S1_1
16052 13 -0.5 141.301304679211 S1_1
16053 13 -0.5 0 S1_1
16054 13 -0.5 3.99467681669594 S1_1
16055 13 -0.5 212.30917829167 S1_1
16056 13 -0.5 0 S1_1
16057 13 -0.5 177.071551999147 S1_1
16058 13 -0.5 0 S1_1
16059 13 -0.5 0 S1_1
16060 13 -0.5 0 S1_1
16062 13 -0.5 12.7519882461523 S1_1
16063 13 -0.5 0 S1_1
16046 14 -0.5 5.12698717178125 S1_1
16047 14 -0.5 105.967102962953 S1_1
16049 14 -0.5 21.2599541504666 S1_1
16050 14 -0.5 0 S1_1
16052 14 -0.5 117.550950501436 S1_1
16053 14 -0.5 0 S1_1
16054 14 -0.5 22.0674687037547 S1_1
16055 14 -0.5 163.030412043803 S1_1
16056 14 -0.5 0 S1_1
16057 14 -0.5 192.280838083591 S1_1
16058 14 -0.5 0 S1_1
16059 14 -0.5 0 S1_1
16060 14 -0.5 0 S1_1
16062 14 -0.5 25.6268977832844 S1_1
16063 14 -0.5 0 S1_1
16046 15 -0.5 105.806331414923 S1_1
16047 15 -0.5 250.364173873075 S1_1
16049 15 -0.5 95.0481535743009 S1_1
16050 15 -0.5 250.488820816659 S1_1
16052 15 -0.5 488.184351828038 S1_1
16053 15 -0.5 0 S1_1
16054 15 -0.5 151.868198619164 S1_1
16055 15 -0.5 693.191649341622 S1_1
16056 15 -0.5 0 S1_1
16057 15 -0.5 369.923314006474 S1_1
16058 15 -0.5 0 S1_1
16059 15 -0.5 5.29202594179913 S1_1
16060 15 -0.5 6.58793701617347 S1_1
16062 15 -0.5 117.532444157318 S1_1
16063 15 -0.5 26.9034588676831 S1_1
16046 16 -0.5 112.701012262616 S1_1
16047 16 -0.5 280.697808323853 S1_1
16049 16 -0.5 101.513468715596 S1_1
16050 16 -0.5 329.613219939237 S1_1
16052 16 -0.5 594.530794404472 S1_1
16053 16 -0.5 0 S1_1
16054 16 -0.5 166.750205460971 S1_1
16055 16 -0.5 939.909796308313 S1_1
16056 16 -0.5 0 S1_1
16057 16 -0.5 423.335006100203 S1_1
16058 16 -0.5 0 S1_1
16059 16 -0.5 5.99656736368323 S1_1
16060 16 -0.5 33.4535852626288 S1_1
16062 16 -0.5 133.652472864364 S1_1
16063 16 -0.5 28.97170672562 S1_1
16046 17 -0.5 14.1684296349931 S1_1
16047 17 -0.5 128.108641625782 S1_1
16049 17 -0.5 35.452212497535 S1_1
16050 17 -0.5 42.7823114359106 S1_1
16052 17 -0.5 207.656336158742 S1_1
16053 17 -0.5 0 S1_1
16054 17 -0.5 44.2019189431969 S1_1
16055 17 -0.5 280.091857649225 S1_1
16056 17 -0.5 0 S1_1
16057 17 -0.5 226.824478049706 S1_1
16058 17 -0.5 0 S1_1
16059 17 -0.5 0 S1_1
16060 17 -0.5 0 S1_1
16062 17 -0.5 46.2492438614616 S1_1
16063 17 -0.5 0 S1_1
16046 18 -0.5 103.570940984624 S1_1
16047 18 -0.5 303.823098294852 S1_1
16049 18 -0.5 94.7598572943291 S1_1
16050 18 -0.5 379.760503054288 S1_1
16052 18 -0.5 658.064818858641 S1_1
16053 18 -0.5 0 S1_1
16054 18 -0.5 169.267361175549 S1_1
16055 18 -0.5 1146.23664246261 S1_1
16056 18 -0.5 0 S1_1
16057 18 -0.5 470.735542910808 S1_1
16058 18 -0.5 0 S1_1
16059 18 -0.5 3.26797712418311 S1_1
16060 18 -0.5 38.7056168069364 S1_1
16062 18 -0.5 137.662264696708 S1_1
16063 18 -0.5 26.2792755190095 S1_1
16046 19 -0.5 64.9253904224171 S1_1
16047 19 -0.5 205.092790743754 S1_1
16049 19 -0.5 66.5522979210226 S1_1
16050 19 -0.5 192.690678062104 S1_1
16052 19 -0.5 413.893130657839 S1_1
16053 19 -0.5 0 S1_1
16054 19 -0.5 108.901396689339 S1_1
16055 19 -0.5 589.618926445446 S1_1
16056 19 -0.5 0 S1_1
16057 19 -0.5 320.895468136471 S1_1
16058 19 -0.5 0 S1_1
16059 19 -0.5 0 S1_1
16060 19 -0.5 0 S1_1
16062 19 -0.5 85.6935888233681 S1_1
16063 19 -0.5 1.29391140352537 S1_1
16046 20 -0.5 110.446131793564 S1_1
16047 20 -0.5 265.901499922126 S1_1
16049 20 -0.5 99.5216503976092 S1_1
16050 20 -0.5 294.708456453035 S1_1
16052 20 -0.5 548.323289286714 S1_1
16053 20 -0.5 0 S1_1
16054 20 -0.5 159.51073868173 S1_1
16055 20 -0.5 826.750890005094 S1_1
16056 20 -0.5 0 S1_1
16057 20 -0.5 398.03158816266 S1_1
16058 20 -0.5 0 S1_1
16059 20 -0.5 5.91210939821505 S1_1
16060 20 -0.5 21.1428862125609 S1_1
16062 20 -0.5 127.019752165802 S1_1
16063 20 -0.5 26.3680695110535 S1_1
16046 21 -0.5 63.9681272261596 S1_1
16047 21 -0.5 207.132048864706 S1_1
16049 21 -0.5 64.8879389820034 S1_1
16050 21 -0.5 196.039183008934 S1_1
16052 21 -0.5 420.70460615352 S1_1
16053 21 -0.5 0 S1_1
16054 21 -0.5 111.006274537886 S1_1
16055 21 -0.5 599.435729361793 S1_1
16056 21 -0.5 0 S1_1
16057 21 -0.5 322.763091146271 S1_1
16058 21 -0.5 0 S1_1
16059 21 -0.5 0 S1_1
16060 21 -0.5 0 S1_1
16062 21 -0.5 84.0542348434698 S1_1
16063 21 -0.5 2.35779739102633 S1_1
16046 22 -0.5 131.843581859806 S1_1
16047 22 -0.5 329.920779561662 S1_1
16049 22 -0.5 114.263639688799 S1_1
16050 22 -0.5 406.998394920452 S1_1
16052 22 -0.5 697.978392260896 S1_1
16053 22 -0.5 0 S1_1
16054 22 -0.5 203.412619334838 S1_1
16055 22 -0.5 1157.83887250127 S1_1
16056 22 -0.5 0 S1_1
16057 22 -0.5 485.323205399041 S1_1
16058 22 -0.5 0 S1_1
16059 22 -0.5 11.6429958394264 S1_1
16060 22 -0.5 56.9985298727192 S1_1
16062 22 -0.5 154.334949158203 S1_1
16063 22 -0.5 58.3096677396903 S1_1
16046 23 -0.5 56.1662973185311 S1_1
16047 23 -0.5 189.163535658859 S1_1
16049 23 -0.5 60.2837784873745 S1_1
16050 23 -0.5 146.798016293725 S1_1
16052 23 -0.5 347.596303709731 S1_1
16053 23 -0.5 0 S1_1
16054 23 -0.5 99.9175870263971 S1_1
16055 23 -0.5 471.739434592299 S1_1
16056 23 -0.5 0 S1_1
16057 23 -0.5 294.44199960896 S1_1
16058 23 -0.5 0 S1_1
16059 23 -0.5 0 S1_1
16060 23 -0.5 0 S1_1
16062 23 -0.5 75.4793654873952 S1_1
16063 23 -0.5 1.04342150205492 S1_1
16046 24 -0.5 77.3362355503312 S1_1
16047 24 -0.5 227.036089972319 S1_1
16049 24 -0.5 73.5095684086458 S1_1
16050 24 -0.5 230.139635066091 S1_1
16052 24 -0.5 467.215817368501 S1_1
16053 24 -0.5 0 S1_1
16054 24 -0.5 127.787510614678 S1_1
16055 24 -0.5 675.133921831399 S1_1
16056 24 -0.5 0 S1_1
16057 24 -0.5 346.939250466241 S1_1
16058 24 -0.5 0 S1_1
16059 24 -0.5 1.30929174240494 S1_1
16060 24 -0.5 1.70136156263641 S1_1
16062 24 -0.5 95.469214987985 S1_1
16063 24 -0.5 10.756025770335 S1_1
16046 25 -0.5 6.39359198157577 S1_1
16047 25 -0.5 110.851837347537 S1_1
16049 25 -0.5 22.7849840845882 S1_1
16050 25 -0.5 0 S1_1
16052 25 -0.5 122.766781312621 S1_1
16053 25 -0.5 0 S1_1
16054 25 -0.5 28.9821388658831 S1_1
16055 25 -0.5 167.917841947084 S1_1
16056 25 -0.5 0 S1_1
16057 25 -0.5 195.620836793716 S1_1
16058 25 -0.5 0 S1_1
16059 25 -0.5 0 S1_1
16060 25 -0.5 0 S1_1
16062 25 -0.5 27.0314375569335 S1_1
16063 25 -0.5 0 S1_1
16046 26 -0.5 118.519465198645 S1_1
16047 26 -0.5 294.78249710598 S1_1
16049 26 -0.5 104.857236611216 S1_1
16050 26 -0.5 348.661249313408 S1_1
16052 26 -0.5 623.711092296161 S1_1
16053 26 -0.5 0 S1_1
16054 26 -0.5 177.957654982274 S1_1
16055 26 -0.5 986.886471316785 S1_1
16056 26 -0.5 0 S1_1
16057 26 -0.5 437.72315740269 S1_1
16058 26 -0.5 0 S1_1
16059 26 -0.5 7.65541456171218 S1_1
16060 26 -0.5 38.4547576386293 S1_1
16062 26 -0.5 138.059257679655 S1_1
16063 26 -0.5 41.3266397463115 S1_1
16046 27 -0.5 0 S1_1
16047 27 -0.5 54.3600243531199 S1_1
16049 27 -0.5 2.63862079055687 S1_1
16050 27 -0.5 0 S1_1
16052 27 -0.5 16.8955275629754 S1_1
16053 27 -0.5 0 S1_1
16054 27 -0.5 0 S1_1
16055 27 -0.5 71.1617019044912 S1_1
16056 27 -0.5 0 S1_1
16057 27 -0.5 142.362655713838 S1_1
16058 27 -0.5 0 S1_1
16059 27 -0.5 0 S1_1
16060 27 -0.5 0 S1_1
16062 27 -0.5 2.97080279459371 S1_1
16063 27 -0.5 0 S1_1
16046 28 -0.5 142.632864211443 S1_1
16047 28 -0.5 337.423964068018 S1_1
16049 28 -0.5 122.918666259317 S1_1
16050 28 -0.5 411.428841044467 S1_1
16052 28 -0.5 703.500515506948 S1_1
16053 28 -0.5 0 S1_1
16054 28 -0.5 211.979136101642 S1_1
16055 28 -0.5 1160.97615814567 S1_1
16056 28 -0.5 0 S1_1
16057 28 -0.5 492.929515522568 S1_1
16058 28 -0.5 0 S1_1
16059 28 -0.5 16.9978444249206 S1_1
16060 28 -0.5 66.1082477959106 S1_1
16062 28 -0.5 162.769549095623 S1_1
16063 28 -0.5 62.8009934536992 S1_1
16046 29 -0.5 7.46377500709763 S1_1
16047 29 -0.5 117.822404601342 S1_1
16049 29 -0.5 23.5545135299309 S1_1
16050 29 -0.5 61.3713402984492 S1_1
16052 29 -0.5 230.779076527276 S1_1
16053 29 -0.5 0 S1_1
16054 29 -0.5 37.0449844031799 S1_1
16055 29 -0.5 327.568629699945 S1_1
16056 29 -0.5 0 S1_1
16057 29 -0.5 222.098914776299 S1_1
16058 29 -0.5 0 S1_1
16059 29 -0.5 0 S1_1
16060 29 -0.5 0 S1_1
16062 29 -0.5 33.9767119056787 S1_1
16063 29 -0.5 0 S1_1
16046 30 -0.5 3.84429423920776 S1_1
16047 30 -0.5 100.344600680526 S1_1
16049 30 -0.5 17.7797955907537 S1_1
16050 30 -0.5 0 S1_1
16052 30 -0.5 111.786307118657 S1_1
16053 30 -0.5 0 S1_1
16054 30 -0.5 17.289279866548 S1_1
16055 30 -0.5 158.168175440833 S1_1
16056 30 -0.5 0 S1_1
16057 30 -0.5 187.254006843713 S1_1
16058 30 -0.5 0 S1_1
16059 30 -0.5 0 S1_1
16060 30 -0.5 0 S1_1
16062 30 -0.5 21.7049846550847 S1_1
16063 30 -0.5 0 S1_1
16046 31 -0.5 16.0261892025131 S1_1
16047 31 -0.5 127.342656677609 S1_1
16049 31 -0.5 17.5605939233414 S1_1
16050 31 -0.5 18.6380604764722 S1_1
16052 31 -0.5 180.535479632249 S1_1
16053 31 -0.5 0 S1_1
16054 31 -0.5 45.8210999613489 S1_1
16055 31 -0.5 233.968832846695 S1_1
16056 31 -0.5 0 S1_1
16057 31 -0.5 207.345249493605 S1_1
16058 31 -0.5 0 S1_1
16059 31 -0.5 0 S1_1
16060 31 -0.5 0 S1_1
16062 31 -0.5 26.2742422085367 S1_1
16063 31 -0.5 0 S1_1
16046 1 -1.5 1.07047599484432 S1_1
16047 1 -1.5 88.0276239811958 S1_1
16049 1 -1.5 3.57499791564405 S1_1
16050 1 -1.5 436.813975324693 S1_1
16052 1 -1.5 409.678434569947 S1_1
16053 1 -1.5 186.478916302449 S1_1
16054 1 -1.5 241.901920883578 S1_1
16055 1 -1.5 1139.99604803318 S1_1
16056 1 -1.5 116.548931473405 S1_1
16057 1 -1.5 193.431004388689 S1_1
16058 1 -1.5 49.6699333730886 S1_1
16059 1 -1.5 0 S1_1
16060 1 -1.5 0 S1_1
16062 1 -1.5 10.8799719484185 S1_1
16063 1 -1.5 132.01130831605 S1_1
16046 2 -1.5 0 S1_1
16047 2 -1.5 45.5233730215722 S1_1
16049 2 -1.5 1.45323952990016 S1_1
16050 2 -1.5 0 S1_1
16052 2 -1.5 7.60348841016766 S1_1
16053 2 -1.5 2.59455999235065 S1_1
16054 2 -1.5 135.744279742448 S1_1
16055 2 -1.5 68.4461900963766 S1_1
16056 2 -1.5 89.8450023265865 S1_1
16057 2 -1.5 122.179713911749 S1_1
16058 2 -1.5 0 S1_1
16059 2 -1.5 0 S1_1
16060 2 -1.5 0 S1_1
16062 2 -1.5 1.21257044804729 S1_1
16063 2 -1.5 138.598482826624 S1_1
16046 3 -1.5 0 S1_1
16047 3 -1.5 22.218254514801 S1_1
16049 3 -1.5 0 S1_1
16050 3 -1.5 6.69196812746148 S1_1
16052 3 -1.5 47.5586382893129 S1_1
16053 3 -1.5 20.017783911697 S1_1
16054 3 -1.5 98.6434137875371 S1_1
16055 3 -1.5 119.378391448831 S1_1
16056 3 -1.5 46.9707398537432 S1_1
16057 3 -1.5 87.4346060758064 S1_1
16058 3 -1.5 0 S1_1
16059 3 -1.5 0 S1_1
16060 3 -1.5 0 S1_1
16062 3 -1.5 0 S1_1
16063 3 -1.5 95.361382824577 S1_1
16046 4 -1.5 0 S1_1
16047 4 -1.5 24.4765065325562 S1_1
16049 4 -1.5 0 S1_1
16050 4 -1.5 61.862893272008 S1_1
16052 4 -1.5 104.031232459242 S1_1
16053 4 -1.5 63.0446527576532 S1_1
16054 4 -1.5 97.3725162635384 S1_1
16055 4 -1.5 268.761828128006 S1_1
16056 4 -1.5 42.2741441644584 S1_1
16057 4 -1.5 84.7386630219817 S1_1
16058 4 -1.5 0 S1_1
16059 4 -1.5 0 S1_1
16060 4 -1.5 0 S1_1
16062 4 -1.5 0 S1_1
16063 4 -1.5 84.1937483324757 S1_1
16046 5 -1.5 0 S1_1
16047 5 -1.5 0 S1_1
16049 5 -1.5 0 S1_1
16050 5 -1.5 0 S1_1
16052 5 -1.5 0 S1_1
16053 5 -1.5 0 S1_1
16054 5 -1.5 6.61548928281824 S1_1
16055 5 -1.5 0 S1_1
16056 5 -1.5 0 S1_1
16057 5 -1.5 15.7471985563181 S1_1
16058 5 -1.5 0 S1_1
16059 5 -1.5 0 S1_1
16060 5 -1.5 0 S1_1
16062 5 -1.5 0 S1_1
16063 5 -1.5 11.6020923987301 S1_1
16046 6 -1.5 5.42856296611288 S1_1
16047 6 -1.5 113.464588563988 S1_1
16049 6 -1.5 20.0443758370955 S1_1
16050 6 -1.5 138.809968641096 S1_1
16052 6 -1.5 202.209585608524 S1_1
16053 6 -1.5 154.326698588499 S1_1
16054 6 -1.5 221.252118992941 S1_1
16055 6 -1.5 322.787780924628 S1_1
16056 6 -1.5 172.761282869436 S1_1
16057 6 -1.5 192.500698652155 S1_1
16058 6 -1.5 1.64153478473155 S1_1
16059 6 -1.5 0 S1_1
16060 6 -1.5 0 S1_1
16062 6 -1.5 24.9664148800488 S1_1
16063 6 -1.5 202.210663607286 S1_1
16046 7 -1.5 0 S1_1
16047 7 -1.5 51.2069264811157 S1_1
16049 7 -1.5 1.88925823520527 S1_1
16050 7 -1.5 0 S1_1
16052 7 -1.5 9.76245884668339 S1_1
16053 7 -1.5 3.49802848333072 S1_1
16054 7 -1.5 141.340509872367 S1_1
16055 7 -1.5 73.1079974330204 S1_1
16056 7 -1.5 98.7035617778893 S1_1
16057 7 -1.5 126.549424536519 S1_1
16058 7 -1.5 0 S1_1
16059 7 -1.5 0 S1_1
16060 7 -1.5 0 S1_1
16062 7 -1.5 1.57367407890959 S1_1
16063 7 -1.5 144.808477165427 S1_1
16046 8 -1.5 1.63949339684302 S1_1
16047 8 -1.5 90.7829361614256 S1_1
16049 8 -1.5 7.28780296617509 S1_1
16050 8 -1.5 217.062244709064 S1_1
16052 8 -1.5 272.420187247994 S1_1
16053 8 -1.5 168.964129591195 S1_1
16054 8 -1.5 204.878942959016 S1_1
16055 8 -1.5 560.678798653576 S1_1
16056 8 -1.5 127.851495917689 S1_1
16057 8 -1.5 178.645536990525 S1_1
16058 8 -1.5 22.4410791530492 S1_1
16059 8 -1.5 0 S1_1
16060 8 -1.5 0 S1_1
16062 8 -1.5 13.1165994230904 S1_1
16063 8 -1.5 154.177548764852 S1_1
16046 9 -1.5 0 S1_1
16047 9 -1.5 58.2195508343831 S1_1
16049 9 -1.5 1.68220532477219 S1_1
16050 9 -1.5 80.9315735140967 S1_1
16052 9 -1.5 134.977607363242 S1_1
16053 9 -1.5 92.0461938461304 S1_1
16054 9 -1.5 145.488690512722 S1_1
16055 9 -1.5 262.541698844018 S1_1
16056 9 -1.5 95.1200548163876 S1_1
16057 9 -1.5 126.72359131659 S1_1
16058 9 -1.5 0 S1_1
16059 9 -1.5 0 S1_1
16060 9 -1.5 0 S1_1
16062 9 -1.5 2.19583136845114 S1_1
16063 9 -1.5 129.890148731435 S1_1
16046 10 -1.5 1.25264521627777 S1_1
16047 10 -1.5 85.6241063964026 S1_1
16049 10 -1.5 5.37016140394944 S1_1
16050 10 -1.5 199.257241296467 S1_1
16052 10 -1.5 260.86369336073 S1_1
16053 10 -1.5 159.642760695904 S1_1
16054 10 -1.5 195.984097218303 S1_1
16055 10 -1.5 537.332513576531 S1_1
16056 10 -1.5 126.274056556202 S1_1
16057 10 -1.5 166.755031519359 S1_1
16058 10 -1.5 13.1185130252775 S1_1
16059 10 -1.5 0 S1_1
16060 10 -1.5 0 S1_1
16062 10 -1.5 9.34411980512735 S1_1
16063 10 -1.5 153.087742802143 S1_1
16046 11 -1.5 0 S1_1
16047 11 -1.5 0 S1_1
16049 11 -1.5 0 S1_1
16050 11 -1.5 61.8599440667377 S1_1
16052 11 -1.5 65.150832210592 S1_1
16053 11 -1.5 19.2066442684473 S1_1
16054 11 -1.5 30.0291356904312 S1_1
16055 11 -1.5 830.165873392051 S1_1
16056 11 -1.5 0 S1_1
16057 11 -1.5 28.9064694551166 S1_1
16058 11 -1.5 0 S1_1
16059 11 -1.5 0 S1_1
16060 11 -1.5 0 S1_1
16062 11 -1.5 0 S1_1
16063 11 -1.5 4.87626552107978 S1_1
16046 12 -1.5 0 S1_1
16047 12 -1.5 8.35536721993988 S1_1
16049 12 -1.5 0 S1_1
16050 12 -1.5 105.09431286514 S1_1
16052 12 -1.5 92.3723785681637 S1_1
16053 12 -1.5 36.8259034789512 S1_1
16054 12 -1.5 63.7824356869031 S1_1
16055 12 -1.5 1084.1975375176 S1_1
16056 12 -1.5 3.8906534487393 S1_1
16057 12 -1.5 55.1330864027332 S1_1
16058 12 -1.5 0 S1_1
16059 12 -1.5 0 S1_1
16060 12 -1.5 0 S1_1
16062 12 -1.5 0 S1_1
16063 12 -1.5 18.5108913611367 S1_1
16046 13 -1.5 0 S1_1
16047 13 -1.5 6.47133153270252 S1_1
16049 13 -1.5 0 S1_1
16050 13 -1.5 7.59866351058249 S1_1
16052 13 -1.5 41.2479858950947 S1_1
16053 13 -1.5 13.0862315184458 S1_1
16054 13 -1.5 83.6500273549994 S1_1
16055 13 -1.5 125.305125712135 S1_1
16056 13 -1.5 12.0229678462369 S1_1
16057 13 -1.5 82.4704074818855 S1_1
16058 13 -1.5 0 S1_1
16059 13 -1.5 0 S1_1
16060 13 -1.5 0 S1_1
16062 13 -1.5 0 S1_1
16063 13 -1.5 58.8290006072488 S1_1
16046 14 -1.5 0 S1_1
16047 14 -1.5 79.8117880534879 S1_1
16049 14 -1.5 6.62601489786686 S1_1
16050 14 -1.5 17.0638511167137 S1_1
16052 14 -1.5 78.9227827002308 S1_1
16053 14 -1.5 52.2954281508862 S1_1
16054 14 -1.5 171.399238339976 S1_1
16055 14 -1.5 138.477976386133 S1_1
16056 14 -1.5 135.62890229945 S1_1
16057 14 -1.5 150.725983309227 S1_1
16058 14 -1.5 0 S1_1
16059 14 -1.5 0 S1_1
16060 14 -1.5 0 S1_1
16062 14 -1.5 6.46149206503231 S1_1
16063 14 -1.5 170.363301366657 S1_1
16046 15 -1.5 53.2046351873303 S1_1
16047 15 -1.5 190.681690266824 S1_1
16049 15 -1.5 59.5543990521854 S1_1
16050 15 -1.5 314.928938040608 S1_1
16052 15 -1.5 383.651744401385 S1_1
16053 15 -1.5 296.333743493093 S1_1
16054 15 -1.5 335.1063247855 S1_1
16055 15 -1.5 641.259604909382 S1_1
16056 15 -1.5 270.425103978344 S1_1
16057 15 -1.5 288.535639963366 S1_1
16058 15 -1.5 90.4480645984133 S1_1
16059 15 -1.5 1.3243776385179 S1_1
16060 15 -1.5 0 S1_1
16062 15 -1.5 73.3370014167434 S1_1
16063 15 -1.5 292.416471810399 S1_1
16046 16 -1.5 20.1569006068243 S1_1
16047 16 -1.5 160.438198630235 S1_1
16049 16 -1.5 33.9903065899521 S1_1
16050 16 -1.5 384.258774915631 S1_1
16052 16 -1.5 420.915970247225 S1_1
16053 16 -1.5 281.381742336576 S1_1
16054 16 -1.5 315.569938029397 S1_1
16055 16 -1.5 865.159990313725 S1_1
16056 16 -1.5 207.266522642439 S1_1
16057 16 -1.5 272.901683481736 S1_1
16058 16 -1.5 89.1226257961549 S1_1
16059 16 -1.5 0 S1_1
16060 16 -1.5 0 S1_1
16062 16 -1.5 49.5830650063026 S1_1
16063 16 -1.5 236.716704219204 S1_1
16046 17 -1.5 1.76978716396506 S1_1
16047 17 -1.5 90.7949697573583 S1_1
16049 17 -1.5 10.9314501464414 S1_1
16050 17 -1.5 91.7129008460894 S1_1
16052 17 -1.5 148.027367341884 S1_1
16053 17 -1.5 112.778805232422 S1_1
16054 17 -1.5 190.181667686106 S1_1
16055 17 -1.5 235.795111519604 S1_1
16056 17 -1.5 141.849695247416 S1_1
16057 17 -1.5 169.82966207085 S1_1
16058 17 -1.5 0 S1_1
16059 17 -1.5 0 S1_1
16060 17 -1.5 0 S1_1
16062 17 -1.5 13.7996614197939 S1_1
16063 17 -1.5 171.940984180105 S1_1
16046 18 -1.5 0 S1_1
16047 18 -1.5 55.7853450829325 S1_1
16049 18 -1.5 0 S1_1
16050 18 -1.5 320.374259981268 S1_1
16052 18 -1.5 298.473372134766 S1_1
16053 18 -1.5 115.931550837773 S1_1
16054 18 -1.5 147.621286324593 S1_1
16055 18 -1.5 1011.49194811912 S1_1
16056 18 -1.5 64.8593167375494 S1_1
16057 18 -1.5 123.501645304511 S1_1
16058 18 -1.5 23.0206402637187 S1_1
16059 18 -1.5 0 S1_1
16060 18 -1.5 0 S1_1
16062 18 -1.5 2.43982389636638 S1_1
16063 18 -1.5 88.8629112528113 S1_1
16046 19 -1.5 1.02519555318716 S1_1
16047 19 -1.5 81.2198893609136 S1_1
16049 19 -1.5 4.67275039163321 S1_1
16050 19 -1.5 170.450077064471 S1_1
16052 19 -1.5 233.099302848372 S1_1
16053 19 -1.5 146.173521151647 S1_1
16054 19 -1.5 185.815865101446 S1_1
16055 19 -1.5 467.715940819487 S1_1
16056 19 -1.5 121.241305927828 S1_1
16057 19 -1.5 159.43936739715 S1_1
16058 19 -1.5 5.78347592978772 S1_1
16059 19 -1.5 0 S1_1
16060 19 -1.5 0 S1_1
16062 19 -1.5 7.73111193212575 S1_1
16063 19 -1.5 149.301002956345 S1_1
16046 20 -1.5 40.4866368147256 S1_1
16047 20 -1.5 183.193779571213 S1_1
16049 20 -1.5 50.5085978175986 S1_1
16050 20 -1.5 360.910883428442 S1_1
16052 20 -1.5 415.331609175981 S1_1
16053 20 -1.5 301.342902491947 S1_1
16054 20 -1.5 334.163618686393 S1_1
16055 20 -1.5 767.204831030539 S1_1
16056 20 -1.5 248.2760223825 S1_1
16057 20 -1.5 289.89545030855 S1_1
16058 20 -1.5 99.4257441033475 S1_1
16059 20 -1.5 0 S1_1
16060 20 -1.5 0 S1_1
16062 20 -1.5 66.149832206264 S1_1
16063 20 -1.5 272.159057881824 S1_1
16046 21 -1.5 0 S1_1
16047 21 -1.5 64.6717130255062 S1_1
16049 21 -1.5 1.80369260800821 S1_1
16050 21 -1.5 147.692179517079 S1_1
16052 21 -1.5 209.46051291447 S1_1
16053 21 -1.5 125.281863903181 S1_1
16054 21 -1.5 157.695599802307 S1_1
16055 21 -1.5 456.290698525632 S1_1
16056 21 -1.5 100.107095593222 S1_1
16057 21 -1.5 133.633107585607 S1_1
16058 21 -1.5 1.99427486132242 S1_1
16059 21 -1.5 0 S1_1
16060 21 -1.5 0 S1_1
16062 21 -1.5 3.0682193313063 S1_1
16063 21 -1.5 128.184869272176 S1_1
16046 22 -1.5 10.978096092532 S1_1
16047 22 -1.5 147.402515841408 S1_1
16049 22 -1.5 21.8475782248858 S1_1
16050 22 -1.5 460.773864405128 S1_1
16052 22 -1.5 466.175511236612 S1_1
16053 22 -1.5 286.925607252388 S1_1
16054 22 -1.5 326.367529874311 S1_1
16055 22 -1.5 1071.44261172524 S1_1
16056 22 -1.5 188.214765430782 S1_1
16057 22 -1.5 270.023498286702 S1_1
16058 22 -1.5 83.723261986728 S1_1
16059 22 -1.5 0 S1_1
16060 22 -1.5 0 S1_1
16062 22 -1.5 37.2533567930818 S1_1
16063 22 -1.5 222.605261489304 S1_1
16046 23 -1.5 1.09436492147362 S1_1
16047 23 -1.5 82.2044916363905 S1_1
16049 23 -1.5 5.08608352399612 S1_1
16050 23 -1.5 129.297392264448 S1_1
16052 23 -1.5 194.213051262016 S1_1
16053 23 -1.5 132.718138820577 S1_1
16054 23 -1.5 183.556288742521 S1_1
16055 23 -1.5 358.228368547967 S1_1
16056 23 -1.5 131.425073491506 S1_1
16057 23 -1.5 155.399468495135 S1_1
16058 23 -1.5 0 S1_1
16059 23 -1.5 0 S1_1
16060 23 -1.5 0 S1_1
16062 23 -1.5 7.24941014977248 S1_1
16063 23 -1.5 160.872454021857 S1_1
16046 24 -1.5 0 S1_1
16047 24 -1.5 79.646022961341 S1_1
16049 24 -1.5 3.78456525074274 S1_1
16050 24 -1.5 193.918670150491 S1_1
16052 24 -1.5 256.009556336667 S1_1
16053 24 -1.5 152.767412669053 S1_1
16054 24 -1.5 187.003015972422 S1_1
16055 24 -1.5 541.694616977796 S1_1
16056 24 -1.5 120.917654117124 S1_1
16057 24 -1.5 156.688664613596 S1_1
16058 24 -1.5 10.2979938951509 S1_1
16059 24 -1.5 0 S1_1
16060 24 -1.5 0 S1_1
16062 24 -1.5 6.7937369000206 S1_1
16063 24 -1.5 146.628215852788 S1_1
16046 25 -1.5 0 S1_1
16047 25 -1.5 67.2217831703566 S1_1
16049 25 -1.5 3.28003859526671 S1_1
16050 25 -1.5 10.4036689214999 S1_1
16052 25 -1.5 65.4182377308012 S1_1
16053 25 -1.5 40.3839888646778 S1_1
16054 25 -1.5 155.816859951788 S1_1
16055 25 -1.5 126.785498982979 S1_1
16056 25 -1.5 120.845986954259 S1_1
16057 25 -1.5 135.347408253059 S1_1
16058 25 -1.5 0 S1_1
16059 25 -1.5 0 S1_1
16060 25 -1.5 0 S1_1
16062 25 -1.5 3.03162785736616 S1_1
16063 25 -1.5 157.867565212152 S1_1
16046 26 -1.5 16.6601446603793 S1_1
16047 26 -1.5 155.616942501666 S1_1
16049 26 -1.5 29.4474232367103 S1_1
16050 26 -1.5 397.049559716144 S1_1
16052 26 -1.5 431.774175214602 S1_1
16053 26 -1.5 284.252285064892 S1_1
16054 26 -1.5 315.732630105003 S1_1
16055 26 -1.5 904.315346930363 S1_1
16056 26 -1.5 203.364211862657 S1_1
16057 26 -1.5 267.836786579368 S1_1
16058 26 -1.5 84.3496116091011 S1_1
16059 26 -1.5 0 S1_1
16060 26 -1.5 0 S1_1
16062 26 -1.5 44.1748034999094 S1_1
16063 26 -1.5 236.208376838439 S1_1
16046 27 -1.5 0 S1_1
16047 27 -1.5 8.71812111062147 S1_1
16049 27 -1.5 0 S1_1
16050 27 -1.5 0 S1_1
16052 27 -1.5 0 S1_1
16053 27 -1.5 0 S1_1
16054 27 -1.5 84.09904678039 S1_1
16055 27 -1.5 26.7916276575672 S1_1
16056 27 -1.5 23.883482364812 S1_1
16057 27 -1.5 79.5223683295053 S1_1
16058 27 -1.5 0 S1_1
16059 27 -1.5 0 S1_1
16060 27 -1.5 0 S1_1
16062 27 -1.5 0 S1_1
16063 27 -1.5 85.3738439887631 S1_1
16046 28 -1.5 41.8131129895719 S1_1
16047 28 -1.5 204.859334043329 S1_1
16049 28 -1.5 47.4184333697227 S1_1
16050 28 -1.5 505.461961681137 S1_1
16052 28 -1.5 518.64282604744 S1_1
16053 28 -1.5 354.219431173365 S1_1
16054 28 -1.5 394.18239921191 S1_1
16055 28 -1.5 1105.45317754136 S1_1
16056 28 -1.5 265.650851064977 S1_1
16057 28 -1.5 332.184528522085 S1_1
16058 28 -1.5 126.611306883491 S1_1
16059 28 -1.5 0 S1_1
16060 28 -1.5 2.14051537223577 S1_1
16062 28 -1.5 66.681712453833 S1_1
16063 28 -1.5 292.992906641755 S1_1
16046 29 -1.5 0 S1_1
16047 29 -1.5 5.92639960156103 S1_1
16049 29 -1.5 0 S1_1
16050 29 -1.5 18.0879981107496 S1_1
16052 29 -1.5 56.767344300752 S1_1
16053 29 -1.5 20.8165513027768 S1_1
16054 29 -1.5 68.7320910708856 S1_1
16055 29 -1.5 160.597841226757 S1_1
16056 29 -1.5 9.89163754976355 S1_1
16057 29 -1.5 65.354939106999 S1_1
16058 29 -1.5 0 S1_1
16059 29 -1.5 0 S1_1
16060 29 -1.5 0 S1_1
16062 29 -1.5 0 S1_1
16063 29 -1.5 52.4249349422797 S1_1
16046 30 -1.5 0 S1_1
16047 30 -1.5 64.5852022805131 S1_1
16049 30 -1.5 3.21488417569474 S1_1
16050 30 -1.5 8.9472606706846 S1_1
16052 30 -1.5 62.0862132038038 S1_1
16053 30 -1.5 35.7152043605534 S1_1
16054 30 -1.5 154.139866965243 S1_1
16055 30 -1.5 125.470386008136 S1_1
16056 30 -1.5 113.819518634063 S1_1
16057 30 -1.5 136.342841673844 S1_1
16058 30 -1.5 0 S1_1
16059 30 -1.5 0 S1_1
16060 30 -1.5 0 S1_1
16062 30 -1.5 3.06109080381079 S1_1
16063 30 -1.5 152.849457839858 S1_1
16046 31 -1.5 0 S1_1
16047 31 -1.5 39.0317382683146 S1_1
16049 31 -1.5 0 S1_1
16050 31 -1.5 21.3589800657232 S1_1
16052 31 -1.5 72.0598273502372 S1_1
16053 31 -1.5 57.1618821109841 S1_1
16054 31 -1.5 134.164106165451 S1_1
16055 31 -1.5 139.918173322454 S1_1
16056 31 -1.5 117.369440339164 S1_1
16057 31 -1.5 99.7826221221674 S1_1
16058 31 -1.5 0 S1_1
16059 31 -1.5 0 S1_1
16060 31 -1.5 0 S1_1
16062 31 -1.5 0 S1_1
16063 31 -1.5 141.69974345288 S1_1
16046 1 -3 0 S1_1
16047 1 -3 0 S1_1
16049 1 -3 0 S1_1
16050 1 -3 0 S1_1
16052 1 -3 0 S1_1
16053 1 -3 0 S1_1
16054 1 -3 0 S1_1
16055 1 -3 30.5246124479906 S1_1
16056 1 -3 0 S1_1
16057 1 -3 0 S1_1
16058 1 -3 0 S1_1
16059 1 -3 0 S1_1
16060 1 -3 0 S1_1
16062 1 -3 0 S1_1
16063 1 -3 0 S1_1
16046 2 -3 0 S1_1
16047 2 -3 8.55267657878482 S1_1
16049 2 -3 0 S1_1
16050 2 -3 0 S1_1
16052 2 -3 0 S1_1
16053 2 -3 0 S1_1
16054 2 -3 87.1293449559292 S1_1
16055 2 -3 26.3564897999135 S1_1
16056 2 -3 24.3392819960319 S1_1
16057 2 -3 79.7715818955563 S1_1
16058 2 -3 0 S1_1
16059 2 -3 0 S1_1
16060 2 -3 0 S1_1
16062 2 -3 0 S1_1
16063 2 -3 133.051461300059 S1_1
16046 3 -3 0 S1_1
16047 3 -3 0 S1_1
16049 3 -3 0 S1_1
16050 3 -3 0 S1_1
16052 3 -3 0 S1_1
16053 3 -3 0 S1_1
16054 3 -3 0 S1_1
16055 3 -3 1.23298765028024 S1_1
16056 3 -3 0 S1_1
16057 3 -3 0 S1_1
16058 3 -3 0 S1_1
16059 3 -3 0 S1_1
16060 3 -3 0 S1_1
16062 3 -3 0 S1_1
16063 3 -3 1.17537143721096 S1_1
16046 4 -3 0 S1_1
16047 4 -3 0 S1_1
16049 4 -3 0 S1_1
16050 4 -3 0 S1_1
16052 4 -3 0 S1_1
16053 4 -3 0 S1_1
16054 4 -3 0 S1_1
16055 4 -3 1.32127692948256 S1_1
16056 4 -3 0 S1_1
16057 4 -3 0 S1_1
16058 4 -3 0 S1_1
16059 4 -3 0 S1_1
16060 4 -3 0 S1_1
16062 4 -3 0 S1_1
16063 4 -3 0 S1_1
16046 5 -3 0 S1_1
16047 5 -3 0 S1_1
16049 5 -3 0 S1_1
16050 5 -3 0 S1_1
16052 5 -3 0 S1_1
16053 5 -3 0 S1_1
16054 5 -3 0 S1_1
16055 5 -3 0 S1_1
16056 5 -3 0 S1_1
16057 5 -3 0 S1_1
16058 5 -3 0 S1_1
16059 5 -3 0 S1_1
16060 5 -3 0 S1_1
16062 5 -3 0 S1_1
16063 5 -3 0 S1_1
16046 6 -3 0 S1_1
16047 6 -3 24.8309914988391 S1_1
16049 6 -3 0 S1_1
16050 6 -3 46.515266117859 S1_1
16052 6 -3 89.1385092913536 S1_1
16053 6 -3 57.4947633337661 S1_1
16054 6 -3 102.051610114109 S1_1
16055 6 -3 175.123366939315 S1_1
16056 6 -3 45.6899601074925 S1_1
16057 6 -3 87.2530042680218 S1_1
16058 6 -3 0 S1_1
16059 6 -3 0 S1_1
16060 6 -3 0 S1_1
16062 6 -3 0 S1_1
16063 6 -3 134.614180387928 S1_1
16046 7 -3 0 S1_1
16047 7 -3 13.0450869100998 S1_1
16049 7 -3 0 S1_1
16050 7 -3 0 S1_1
16052 7 -3 1.24631602120457 S1_1
16053 7 -3 0 S1_1
16054 7 -3 96.0315348565616 S1_1
16055 7 -3 33.5073514199415 S1_1
16056 7 -3 34.9866222371387 S1_1
16057 7 -3 86.5148035479155 S1_1
16058 7 -3 0 S1_1
16059 7 -3 0 S1_1
16060 7 -3 0 S1_1
16062 7 -3 0 S1_1
16063 7 -3 143.386148150099 S1_1
16046 8 -3 0 S1_1
16047 8 -3 0 S1_1
16049 8 -3 0 S1_1
16050 8 -3 11.1231370336024 S1_1
16052 8 -3 22.7379793207465 S1_1
16053 8 -3 3.43684486661033 S1_1
16054 8 -3 10.2190101084051 S1_1
16055 8 -3 109.577485603631 S1_1
16056 8 -3 0 S1_1
16057 8 -3 14.2156992819447 S1_1
16058 8 -3 0 S1_1
16059 8 -3 0 S1_1
16060 8 -3 0 S1_1
16062 8 -3 0 S1_1
16063 8 -3 13.95262205495 S1_1
16046 9 -3 0 S1_1
16047 9 -3 0 S1_1
16049 9 -3 0 S1_1
16050 9 -3 0 S1_1
16052 9 -3 1.62432241609855 S1_1
16053 9 -3 0 S1_1
16054 9 -3 3.83826251054369 S1_1
16055 9 -3 46.00185464904 S1_1
16056 9 -3 0 S1_1
16057 9 -3 6.85910686877267 S1_1
16058 9 -3 0 S1_1
16059 9 -3 0 S1_1
16060 9 -3 0 S1_1
16062 9 -3 0 S1_1
16063 9 -3 11.3205529971556 S1_1
16046 10 -3 0 S1_1
16047 10 -3 0 S1_1
16049 10 -3 0 S1_1
16050 10 -3 2.86590341801135 S1_1
16052 10 -3 8.9013889901304 S1_1
16053 10 -3 1.07731443795232 S1_1
16054 10 -3 3.45277415997449 S1_1
16055 10 -3 80.7611121740572 S1_1
16056 10 -3 0 S1_1
16057 10 -3 5.47663008782549 S1_1
16058 10 -3 0 S1_1
16059 10 -3 0 S1_1
16060 10 -3 0 S1_1
16062 10 -3 0 S1_1
16063 10 -3 6.32440154458115 S1_1
16046 11 -3 0 S1_1
16047 11 -3 0 S1_1
16049 11 -3 0 S1_1
16050 11 -3 0 S1_1
16052 11 -3 0 S1_1
16053 11 -3 0 S1_1
16054 11 -3 0 S1_1
16055 11 -3 0 S1_1
16056 11 -3 0 S1_1
16057 11 -3 0 S1_1
16058 11 -3 0 S1_1
16059 11 -3 0 S1_1
16060 11 -3 0 S1_1
16062 11 -3 0 S1_1
16063 11 -3 0 S1_1
16046 12 -3 0 S1_1
16047 12 -3 0 S1_1
16049 12 -3 0 S1_1
16050 12 -3 0 S1_1
16052 12 -3 0 S1_1
16053 12 -3 0 S1_1
16054 12 -3 0 S1_1
16055 12 -3 0 S1_1
16056 12 -3 0 S1_1
16057 12 -3 0 S1_1
16058 12 -3 0 S1_1
16059 12 -3 0 S1_1
16060 12 -3 0 S1_1
16062 12 -3 0 S1_1
16063 12 -3 0 S1_1
16046 13 -3 0 S1_1
16047 13 -3 0 S1_1
16049 13 -3 0 S1_1
16050 13 -3 0 S1_1
16052 13 -3 0 S1_1
16053 13 -3 0 S1_1
16054 13 -3 0 S1_1
16055 13 -3 5.74573760659752 S1_1
16056 13 -3 0 S1_1
16057 13 -3 1.37995173056603 S1_1
16058 13 -3 0 S1_1
16059 13 -3 0 S1_1
16060 13 -3 0 S1_1
16062 13 -3 0 S1_1
16063 13 -3 0 S1_1
16046 14 -3 0 S1_1
16047 14 -3 25.542822680121 S1_1
16049 14 -3 0 S1_1
16050 14 -3 1.3597036207259 S1_1
16052 14 -3 21.21330206092 S1_1
16053 14 -3 8.49350829687199 S1_1
16054 14 -3 109.291246863315 S1_1
16055 14 -3 86.9801229674422 S1_1
16056 14 -3 55.9235360457811 S1_1
16057 14 -3 95.3712644121928 S1_1
16058 14 -3 0 S1_1
16059 14 -3 0 S1_1
16060 14 -3 0 S1_1
16062 14 -3 0 S1_1
16063 14 -3 154.537003974864 S1_1
16046 15 -3 2.46611663764004 S1_1
16047 15 -3 95.6435564663398 S1_1
16049 15 -3 9.38550797051786 S1_1
16050 15 -3 187.599340002652 S1_1
16052 15 -3 234.667368717699 S1_1
16053 15 -3 169.238466859383 S1_1
16054 15 -3 191.948202951798 S1_1
16055 15 -3 465.469463740347 S1_1
16056 15 -3 143.690212165379 S1_1
16057 15 -3 157.847502854922 S1_1
16058 15 -3 77.5119331069428 S1_1
16059 15 -3 0 S1_1
16060 15 -3 0 S1_1
16062 15 -3 14.9072430086078 S1_1
16063 15 -3 227.178394557013 S1_1
16046 16 -3 0 S1_1
16047 16 -3 8.17011693509105 S1_1
16049 16 -3 0 S1_1
16050 16 -3 91.055415528798 S1_1
16052 16 -3 102.90341676139 S1_1
16053 16 -3 59.2351438357463 S1_1
16054 16 -3 69.1125220711634 S1_1
16055 16 -3 474.898172407275 S1_1
16056 16 -3 8.64308011808027 S1_1
16057 16 -3 58.9886508451914 S1_1
16058 16 -3 15.8897519443738 S1_1
16059 16 -3 0 S1_1
16060 16 -3 0 S1_1
16062 16 -3 0 S1_1
16063 16 -3 76.6300737273796 S1_1
16046 17 -3 0 S1_1
16047 17 -3 22.6553173484856 S1_1
16049 17 -3 0 S1_1
16050 17 -3 25.1933710417912 S1_1
16052 17 -3 70.7455578543169 S1_1
16053 17 -3 40.4069029488692 S1_1
16054 17 -3 105.69583194176 S1_1
16055 17 -3 142.964900447859 S1_1
16056 17 -3 41.4357146001745 S1_1
16057 17 -3 93.7348843845194 S1_1
16058 17 -3 0 S1_1
16059 17 -3 0 S1_1
16060 17 -3 0 S1_1
16062 17 -3 0 S1_1
16063 17 -3 137.077120499777 S1_1
16046 18 -3 0 S1_1
16047 18 -3 0 S1_1
16049 18 -3 0 S1_1
16050 18 -3 0 S1_1
16052 18 -3 0 S1_1
16053 18 -3 0 S1_1
16054 18 -3 0 S1_1
16055 18 -3 3.76286782242671 S1_1
16056 18 -3 0 S1_1
16057 18 -3 0 S1_1
16058 18 -3 0 S1_1
16059 18 -3 0 S1_1
16060 18 -3 0 S1_1
16062 18 -3 0 S1_1
16063 18 -3 0 S1_1
16046 19 -3 0 S1_1
16047 19 -3 0 S1_1
16049 19 -3 0 S1_1
16050 19 -3 2.31525603329389 S1_1
16052 19 -3 8.90992204552787 S1_1
16053 19 -3 1.14251163846028 S1_1
16054 19 -3 4.73052111698536 S1_1
16055 19 -3 79.3636706036863 S1_1
16056 19 -3 0 S1_1
16057 19 -3 7.45373818896176 S1_1
16058 19 -3 0 S1_1
16059 19 -3 0 S1_1
16060 19 -3 0 S1_1
16062 19 -3 0 S1_1
16063 19 -3 9.27307444028199 S1_1
16046 20 -3 0 S1_1
16047 20 -3 57.6828201405497 S1_1
16049 20 -3 1.20779243002903 S1_1
16050 20 -3 162.75529441384 S1_1
16052 20 -3 192.569036729764 S1_1
16053 20 -3 126.679553378259 S1_1
16054 20 -3 138.628075588237 S1_1
16055 20 -3 519.785203007935 S1_1
16056 20 -3 82.3409309736857 S1_1
16057 20 -3 114.199610993264 S1_1
16058 20 -3 59.3491342460046 S1_1
16059 20 -3 0 S1_1
16060 20 -3 0 S1_1
16062 20 -3 2.54063009241275 S1_1
16063 20 -3 156.559574361087 S1_1
16046 21 -3 0 S1_1
16047 21 -3 0 S1_1
16049 21 -3 0 S1_1
16050 21 -3 0 S1_1
16052 21 -3 0 S1_1
16053 21 -3 0 S1_1
16054 21 -3 0 S1_1
16055 21 -3 41.9471989924652 S1_1
16056 21 -3 0 S1_1
16057 21 -3 0 S1_1
16058 21 -3 0 S1_1
16059 21 -3 0 S1_1
16060 21 -3 0 S1_1
16062 21 -3 0 S1_1
16063 21 -3 0 S1_1
16046 22 -3 0 S1_1
16047 22 -3 0 S1_1
16049 22 -3 0 S1_1
16050 22 -3 33.3057736595266 S1_1
16052 22 -3 33.8103150306587 S1_1
16053 22 -3 6.27354800201076 S1_1
16054 22 -3 11.991555493717 S1_1
16055 22 -3 192.730908159161 S1_1
16056 22 -3 0 S1_1
16057 22 -3 12.7825976773369 S1_1
16058 22 -3 0 S1_1
16059 22 -3 0 S1_1
16060 22 -3 0 S1_1
16062 22 -3 0 S1_1
16063 22 -3 11.3706404864204 S1_1
16046 23 -3 0 S1_1
16047 23 -3 0 S1_1
16049 23 -3 0 S1_1
16050 23 -3 1.61983432528674 S1_1
16052 23 -3 10.3052365239456 S1_1
16053 23 -3 1.76922778572601 S1_1
16054 23 -3 12.6435166401762 S1_1
16055 23 -3 76.1285069672011 S1_1
16056 23 -3 0 S1_1
16057 23 -3 15.5868449397904 S1_1
16058 23 -3 0 S1_1
16059 23 -3 0 S1_1
16060 23 -3 0 S1_1
16062 23 -3 0 S1_1
16063 23 -3 28.0666226069785 S1_1
16046 24 -3 0 S1_1
16047 24 -3 0 S1_1
16049 24 -3 0 S1_1
16050 24 -3 0 S1_1
16052 24 -3 3.16429210628158 S1_1
16053 24 -3 0 S1_1
16054 24 -3 1.0109806352214 S1_1
16055 24 -3 62.5525181873698 S1_1
16056 24 -3 0 S1_1
16057 24 -3 1.69133417107788 S1_1
16058 24 -3 0 S1_1
16059 24 -3 0 S1_1
16060 24 -3 0 S1_1
16062 24 -3 0 S1_1
16063 24 -3 2.04163457880344 S1_1
16046 25 -3 0 S1_1
16047 25 -3 4.44268593221283 S1_1
16049 25 -3 0 S1_1
16050 25 -3 0 S1_1
16052 25 -3 3.6535627334577 S1_1
16053 25 -3 1.08330015076812 S1_1
16054 25 -3 67.4806792477826 S1_1
16055 25 -3 51.1235911155908 S1_1
16056 25 -3 14.4791751269091 S1_1
16057 25 -3 60.9904948015006 S1_1
16058 25 -3 0 S1_1
16059 25 -3 0 S1_1
16060 25 -3 0 S1_1
16062 25 -3 0 S1_1
16063 25 -3 109.750365396991 S1_1
16046 26 -3 0 S1_1
16047 26 -3 2.30568460219756 S1_1
16049 26 -3 0 S1_1
16050 26 -3 68.6108761514148 S1_1
16052 26 -3 78.1543856006805 S1_1
16053 26 -3 38.2385479655237 S1_1
16054 26 -3 47.4435653139422 S1_1
16055 26 -3 415.221652416137 S1_1
16056 26 -3 2.75747378794289 S1_1
16057 26 -3 41.3160121072796 S1_1
16058 26 -3 5.06191534886016 S1_1
16059 26 -3 0 S1_1
16060 26 -3 0 S1_1
16062 26 -3 0 S1_1
16063 26 -3 54.1715419164833 S1_1
16046 27 -3 0 S1_1
16047 27 -3 0 S1_1
16049 27 -3 0 S1_1
16050 27 -3 0 S1_1
16052 27 -3 0 S1_1
16053 27 -3 0 S1_1
16054 27 -3 3.47968751091105 S1_1
16055 27 -3 0 S1_1
16056 27 -3 0 S1_1
16057 27 -3 8.04654257215251 S1_1
16058 27 -3 0 S1_1
16059 27 -3 0 S1_1
16060 27 -3 0 S1_1
16062 27 -3 0 S1_1
16063 27 -3 19.8215809635695 S1_1
16046 28 -3 0 S1_1
16047 28 -3 19.5069220723276 S1_1
16049 28 -3 0 S1_1
16050 28 -3 120.005031259394 S1_1
16052 28 -3 125.681914037778 S1_1
16053 28 -3 78.7114745764598 S1_1
16054 28 -3 86.2892163056707 S1_1
16055 28 -3 731.34582036357 S1_1
16056 28 -3 24.5539694117361 S1_1
16057 28 -3 69.4060072677737 S1_1
16058 28 -3 34.1651705937781 S1_1
16059 28 -3 0 S1_1
16060 28 -3 0 S1_1
16062 28 -3 0 S1_1
16063 28 -3 93.4107856189743 S1_1
16046 29 -3 0 S1_1
16047 29 -3 0 S1_1
16049 29 -3 0 S1_1
16050 29 -3 0 S1_1
16052 29 -3 0 S1_1
16053 29 -3 0 S1_1
16054 29 -3 0 S1_1
16055 29 -3 0 S1_1
16056 29 -3 0 S1_1
16057 29 -3 0 S1_1
16058 29 -3 0 S1_1
16059 29 -3 0 S1_1
16060 29 -3 0 S1_1
16062 29 -3 0 S1_1
16063 29 -3 0 S1_1
16046 30 -3 0 S1_1
16047 30 -3 7.19990873680824 S1_1
16049 30 -3 0 S1_1
16050 30 -3 0 S1_1
16052 30 -3 5.76025740109868 S1_1
16053 30 -3 1.70754631936505 S1_1
16054 30 -3 78.5931629005451 S1_1
16055 30 -3 61.0766526927879 S1_1
16056 30 -3 19.2527175040894 S1_1
16057 30 -3 71.3127440376715 S1_1
16058 30 -3 0 S1_1
16059 30 -3 0 S1_1
16060 30 -3 0 S1_1
16062 30 -3 0 S1_1
16063 30 -3 119.725620116915 S1_1
16046 31 -3 0 S1_1
16047 31 -3 0 S1_1
16049 31 -3 0 S1_1
16050 31 -3 0 S1_1
16052 31 -3 0 S1_1
16053 31 -3 0 S1_1
16054 31 -3 3.20351932670623 S1_1
16055 31 -3 7.69204311150188 S1_1
16056 31 -3 0 S1_1
16057 31 -3 2.77774236974855 S1_1
16058 31 -3 0 S1_1
16059 31 -3 0 S1_1
16060 31 -3 0 S1_1
16062 31 -3 0 S1_1
16063 31 -3 26.4224091804433 S1_1
16046 1 -5 0 S1_1
16047 1 -5 0 S1_1
16049 1 -5 0 S1_1
16050 1 -5 0 S1_1
16052 1 -5 0 S1_1
16053 1 -5 0 S1_1
16054 1 -5 0 S1_1
16055 1 -5 0 S1_1
16056 1 -5 0 S1_1
16057 1 -5 0 S1_1
16058 1 -5 0 S1_1
16059 1 -5 0 S1_1
16060 1 -5 0 S1_1
16062 1 -5 0 S1_1
16063 1 -5 0 S1_1
16046 2 -5 0 S1_1
16047 2 -5 0 S1_1
16049 2 -5 0 S1_1
16050 2 -5 0 S1_1
16052 2 -5 0 S1_1
16053 2 -5 0 S1_1
16054 2 -5 22.933411028449 S1_1
16055 2 -5 1.44382095462023 S1_1
16056 2 -5 0 S1_1
16057 2 -5 30.2599879391229 S1_1
16058 2 -5 0 S1_1
16059 2 -5 0 S1_1
16060 2 -5 0 S1_1
16062 2 -5 0 S1_1
16063 2 -5 69.7953361560963 S1_1
16046 3 -5 0 S1_1
16047 3 -5 0 S1_1
16049 3 -5 0 S1_1
16050 3 -5 0 S1_1
16052 3 -5 0 S1_1
16053 3 -5 0 S1_1
16054 3 -5 0 S1_1
16055 3 -5 0 S1_1
16056 3 -5 0 S1_1
16057 3 -5 0 S1_1
16058 3 -5 0 S1_1
16059 3 -5 0 S1_1
16060 3 -5 0 S1_1
16062 3 -5 0 S1_1
16063 3 -5 0 S1_1
16046 4 -5 0 S1_1
16047 4 -5 0 S1_1
16049 4 -5 0 S1_1
16050 4 -5 0 S1_1
16052 4 -5 0 S1_1
16053 4 -5 0 S1_1
16054 4 -5 0 S1_1
16055 4 -5 0 S1_1
16056 4 -5 0 S1_1
16057 4 -5 0 S1_1
16058 4 -5 0 S1_1
16059 4 -5 0 S1_1
16060 4 -5 0 S1_1
16062 4 -5 0 S1_1
16063 4 -5 0 S1_1
16046 5 -5 0 S1_1
16047 5 -5 0 S1_1
16049 5 -5 0 S1_1
16050 5 -5 0 S1_1
16052 5 -5 0 S1_1
16053 5 -5 0 S1_1
16054 5 -5 0 S1_1
16055 5 -5 0 S1_1
16056 5 -5 0 S1_1
16057 5 -5 0 S1_1
16058 5 -5 0 S1_1
16059 5 -5 0 S1_1
16060 5 -5 0 S1_1
16062 5 -5 0 S1_1
16063 5 -5 0 S1_1
16046 6 -5 0 S1_1
16047 6 -5 0 S1_1
16049 6 -5 0 S1_1
16050 6 -5 0 S1_1
16052 6 -5 1.04698345969201 S1_1
16053 6 -5 0 S1_1
16054 6 -5 2.52139122140646 S1_1
16055 6 -5 38.9334700492215 S1_1
16056 6 -5 0 S1_1
16057 6 -5 4.8324706334103 S1_1
16058 6 -5 0 S1_1
16059 6 -5 0 S1_1
16060 6 -5 0 S1_1
16062 6 -5 0 S1_1
16063 6 -5 12.7637928482396 S1_1
16046 7 -5 0 S1_1
16047 7 -5 0 S1_1
16049 7 -5 0 S1_1
16050 7 -5 0 S1_1
16052 7 -5 0 S1_1
16053 7 -5 0 S1_1
16054 7 -5 34.980117011957 S1_1
16055 7 -5 2.9247997422446 S1_1
16056 7 -5 1.73610703037149 S1_1
16057 7 -5 39.665043846368 S1_1
16058 7 -5 0 S1_1
16059 7 -5 0 S1_1
16060 7 -5 0 S1_1
16062 7 -5 0 S1_1
16063 7 -5 85.7139917585522 S1_1
16046 8 -5 0 S1_1
16047 8 -5 0 S1_1
16049 8 -5 0 S1_1
16050 8 -5 0 S1_1
16052 8 -5 0 S1_1
16053 8 -5 0 S1_1
16054 8 -5 0 S1_1
16055 8 -5 0 S1_1
16056 8 -5 0 S1_1
16057 8 -5 0 S1_1
16058 8 -5 0 S1_1
16059 8 -5 0 S1_1
16060 8 -5 0 S1_1
16062 8 -5 0 S1_1
16063 8 -5 0 S1_1
16046 9 -5 0 S1_1
16047 9 -5 0 S1_1
16049 9 -5 0 S1_1
16050 9 -5 0 S1_1
16052 9 -5 0 S1_1
16053 9 -5 0 S1_1
16054 9 -5 0 S1_1
16055 9 -5 0 S1_1
16056 9 -5 0 S1_1
16057 9 -5 0 S1_1
16058 9 -5 0 S1_1
16059 9 -5 0 S1_1
16060 9 -5 0 S1_1
16062 9 -5 0 S1_1
16063 9 -5 0 S1_1
16046 10 -5 0 S1_1
16047 10 -5 0 S1_1
16049 10 -5 0 S1_1
16050 10 -5 0 S1_1
16052 10 -5 0 S1_1
16053 10 -5 0 S1_1
16054 10 -5 0 S1_1
16055 10 -5 0 S1_1
16056 10 -5 0 S1_1
16057 10 -5 0 S1_1
16058 10 -5 0 S1_1
16059 10 -5 0 S1_1
16060 10 -5 0 S1_1
16062 10 -5 0 S1_1
16063 10 -5 0 S1_1
16046 11 -5 0 S1_1
16047 11 -5 0 S1_1
16049 11 -5 0 S1_1
16050 11 -5 0 S1_1
16052 11 -5 0 S1_1
16053 11 -5 0 S1_1
16054 11 -5 0 S1_1
16055 11 -5 0 S1_1
16056 11 -5 0 S1_1
16057 11 -5 0 S1_1
16058 11 -5 0 S1_1
16059 11 -5 0 S1_1
16060 11 -5 0 S1_1
16062 11 -5 0 S1_1
16063 11 -5 0 S1_1
16046 12 -5 0 S1_1
16047 12 -5 0 S1_1
16049 12 -5 0 S1_1
16050 12 -5 0 S1_1
16052 12 -5 0 S1_1
16053 12 -5 0 S1_1
16054 12 -5 0 S1_1
16055 12 -5 0 S1_1
16056 12 -5 0 S1_1
16057 12 -5 0 S1_1
16058 12 -5 0 S1_1
16059 12 -5 0 S1_1
16060 12 -5 0 S1_1
16062 12 -5 0 S1_1
16063 12 -5 0 S1_1
16046 13 -5 0 S1_1
16047 13 -5 0 S1_1
16049 13 -5 0 S1_1
16050 13 -5 0 S1_1
16052 13 -5 0 S1_1
16053 13 -5 0 S1_1
16054 13 -5 0 S1_1
16055 13 -5 0 S1_1
16056 13 -5 0 S1_1
16057 13 -5 0 S1_1
16058 13 -5 0 S1_1
16059 13 -5 0 S1_1
16060 13 -5 0 S1_1
16062 13 -5 0 S1_1
16063 13 -5 0 S1_1
16046 14 -5 0 S1_1
16047 14 -5 0 S1_1
16049 14 -5 0 S1_1
16050 14 -5 0 S1_1
16052 14 -5 0 S1_1
16053 14 -5 0 S1_1
16054 14 -5 32.72068579271 S1_1
16055 14 -5 21.2554952758598 S1_1
16056 14 -5 1.61889360192249 S1_1
16057 14 -5 36.1659126318043 S1_1
16058 14 -5 0 S1_1
16059 14 -5 0 S1_1
16060 14 -5 0 S1_1
16062 14 -5 0 S1_1
16063 14 -5 78.0110202875649 S1_1
16046 15 -5 0 S1_1
16047 15 -5 4.84094543222669 S1_1
16049 15 -5 0 S1_1
16050 15 -5 56.2777227807785 S1_1
16052 15 -5 80.7110582470358 S1_1
16053 15 -5 46.1172395375429 S1_1
16054 15 -5 61.6242437203158 S1_1
16055 15 -5 174.307605410921 S1_1
16056 15 -5 8.60298832217725 S1_1
16057 15 -5 53.0533762850002 S1_1
16058 15 -5 3.50424897520834 S1_1
16059 15 -5 0 S1_1
16060 15 -5 0 S1_1
16062 15 -5 0 S1_1
16063 15 -5 89.9481864048637 S1_1
16046 16 -5 0 S1_1
16047 16 -5 0 S1_1
16049 16 -5 0 S1_1
16050 16 -5 0 S1_1
16052 16 -5 0 S1_1
16053 16 -5 0 S1_1
16054 16 -5 0 S1_1
16055 16 -5 6.29820662171453 S1_1
16056 16 -5 0 S1_1
16057 16 -5 0 S1_1
16058 16 -5 0 S1_1
16059 16 -5 0 S1_1
16060 16 -5 0 S1_1
16062 16 -5 0 S1_1
16063 16 -5 0 S1_1
16046 17 -5 0 S1_1
16047 17 -5 0 S1_1
16049 17 -5 0 S1_1
16050 17 -5 0 S1_1
16052 17 -5 2.00547339615766 S1_1
16053 17 -5 0 S1_1
16054 17 -5 13.6664845702922 S1_1
16055 17 -5 48.6095467899018 S1_1
16056 17 -5 0 S1_1
16057 17 -5 20.6247213720116 S1_1
16058 17 -5 0 S1_1
16059 17 -5 0 S1_1
16060 17 -5 0 S1_1
16062 17 -5 0 S1_1
16063 17 -5 38.7804193278916 S1_1
16046 18 -5 0 S1_1
16047 18 -5 0 S1_1
16049 18 -5 0 S1_1
16050 18 -5 0 S1_1
16052 18 -5 0 S1_1
16053 18 -5 0 S1_1
16054 18 -5 0 S1_1
16055 18 -5 0 S1_1
16056 18 -5 0 S1_1
16057 18 -5 0 S1_1
16058 18 -5 0 S1_1
16059 18 -5 0 S1_1
16060 18 -5 0 S1_1
16062 18 -5 0 S1_1
16063 18 -5 0 S1_1
16046 19 -5 0 S1_1
16047 19 -5 0 S1_1
16049 19 -5 0 S1_1
16050 19 -5 0 S1_1
16052 19 -5 0 S1_1
16053 19 -5 0 S1_1
16054 19 -5 0 S1_1
16055 19 -5 0 S1_1
16056 19 -5 0 S1_1
16057 19 -5 0 S1_1
16058 19 -5 0 S1_1
16059 19 -5 0 S1_1
16060 19 -5 0 S1_1
16062 19 -5 0 S1_1
16063 19 -5 0 S1_1
16046 20 -5 0 S1_1
16047 20 -5 0 S1_1
16049 20 -5 0 S1_1
16050 20 -5 7.9192965428849 S1_1
16052 20 -5 14.1386004960619 S1_1
16053 20 -5 1.76177411861576 S1_1
16054 20 -5 4.27785562901943 S1_1
16055 20 -5 94.0554705197844 S1_1
16056 20 -5 0 S1_1
16057 20 -5 6.5618558736458 S1_1
16058 20 -5 0 S1_1
16059 20 -5 0 S1_1
16060 20 -5 0 S1_1
16062 20 -5 0 S1_1
16063 20 -5 9.32438017262682 S1_1
16046 21 -5 0 S1_1
16047 21 -5 0 S1_1
16049 21 -5 0 S1_1
16050 21 -5 0 S1_1
16052 21 -5 0 S1_1
16053 21 -5 0 S1_1
16054 21 -5 0 S1_1
16055 21 -5 0 S1_1
16056 21 -5 0 S1_1
16057 21 -5 0 S1_1
16058 21 -5 0 S1_1
16059 21 -5 0 S1_1
16060 21 -5 0 S1_1
16062 21 -5 0 S1_1
16063 21 -5 0 S1_1
16046 22 -5 0 S1_1
16047 22 -5 0 S1_1
16049 22 -5 0 S1_1
16050 22 -5 0 S1_1
16052 22 -5 0 S1_1
16053 22 -5 0 S1_1
16054 22 -5 0 S1_1
16055 22 -5 0 S1_1
16056 22 -5 0 S1_1
16057 22 -5 0 S1_1
16058 22 -5 0 S1_1
16059 22 -5 0 S1_1
16060 22 -5 0 S1_1
16062 22 -5 0 S1_1
16063 22 -5 0 S1_1
16046 23 -5 0 S1_1
16047 23 -5 0 S1_1
16049 23 -5 0 S1_1
16050 23 -5 0 S1_1
16052 23 -5 0 S1_1
16053 23 -5 0 S1_1
16054 23 -5 0 S1_1
16055 23 -5 0 S1_1
16056 23 -5 0 S1_1
16057 23 -5 0 S1_1
16058 23 -5 0 S1_1
16059 23 -5 0 S1_1
16060 23 -5 0 S1_1
16062 23 -5 0 S1_1
16063 23 -5 0 S1_1
16046 24 -5 0 S1_1
16047 24 -5 0 S1_1
16049 24 -5 0 S1_1
16050 24 -5 0 S1_1
16052 24 -5 0 S1_1
16053 24 -5 0 S1_1
16054 24 -5 0 S1_1
16055 24 -5 0 S1_1
16056 24 -5 0 S1_1
16057 24 -5 0 S1_1
16058 24 -5 0 S1_1
16059 24 -5 0 S1_1
16060 24 -5 0 S1_1
16062 24 -5 0 S1_1
16063 24 -5 0 S1_1
16046 25 -5 0 S1_1
16047 25 -5 0 S1_1
16049 25 -5 0 S1_1
16050 25 -5 0 S1_1
16052 25 -5 0 S1_1
16053 25 -5 0 S1_1
16054 25 -5 0 S1_1
16055 25 -5 0 S1_1
16056 25 -5 0 S1_1
16057 25 -5 1.33033983740651 S1_1
16058 25 -5 0 S1_1
16059 25 -5 0 S1_1
16060 25 -5 0 S1_1
16062 25 -5 0 S1_1
16063 25 -5 7.34851240167611 S1_1
16046 26 -5 0 S1_1
16047 26 -5 0 S1_1
16049 26 -5 0 S1_1
16050 26 -5 0 S1_1
16052 26 -5 0 S1_1
16053 26 -5 0 S1_1
16054 26 -5 0 S1_1
16055 26 -5 0 S1_1
16056 26 -5 0 S1_1
16057 26 -5 0 S1_1
16058 26 -5 0 S1_1
16059 26 -5 0 S1_1
16060 26 -5 0 S1_1
16062 26 -5 0 S1_1
16063 26 -5 0 S1_1
16046 27 -5 0 S1_1
16047 27 -5 0 S1_1
16049 27 -5 0 S1_1
16050 27 -5 0 S1_1
16052 27 -5 0 S1_1
16053 27 -5 0 S1_1
16054 27 -5 0 S1_1
16055 27 -5 0 S1_1
16056 27 -5 0 S1_1
16057 27 -5 0 S1_1
16058 27 -5 0 S1_1
16059 27 -5 0 S1_1
16060 27 -5 0 S1_1
16062 27 -5 0 S1_1
16063 27 -5 0 S1_1
16046 28 -5 0 S1_1
16047 28 -5 0 S1_1
16049 28 -5 0 S1_1
16050 28 -5 0 S1_1
16052 28 -5 0 S1_1
16053 28 -5 0 S1_1
16054 28 -5 0 S1_1
16055 28 -5 11.3459844284812 S1_1
16056 28 -5 0 S1_1
16057 28 -5 0 S1_1
16058 28 -5 0 S1_1
16059 28 -5 0 S1_1
16060 28 -5 0 S1_1
16062 28 -5 0 S1_1
16063 28 -5 0 S1_1
16046 29 -5 0 S1_1
16047 29 -5 0 S1_1
16049 29 -5 0 S1_1
16050 29 -5 0 S1_1
16052 29 -5 0 S1_1
16053 29 -5 0 S1_1
16054 29 -5 0 S1_1
16055 29 -5 0 S1_1
16056 29 -5 0 S1_1
16057 29 -5 0 S1_1
16058 29 -5 0 S1_1
16059 29 -5 0 S1_1
16060 29 -5 0 S1_1
16062 29 -5 0 S1_1
16063 29 -5 0 S1_1
16046 30 -5 0 S1_1
16047 30 -5 0 S1_1
16049 30 -5 0 S1_1
16050 30 -5 0 S1_1
16052 30 -5 0 S1_1
16053 30 -5 0 S1_1
16054 30 -5 3.31034645303639 S1_1
16055 30 -5 2.05178152222688 S1_1
16056 30 -5 0 S1_1
16057 30 -5 7.07906481144138 S1_1
16058 30 -5 0 S1_1
16059 30 -5 0 S1_1
16060 30 -5 0 S1_1
16062 30 -5 0 S1_1
16063 30 -5 23.9885777559312 S1_1
16046 31 -5 0 S1_1
16047 31 -5 0 S1_1
16049 31 -5 0 S1_1
16050 31 -5 0 S1_1
16052 31 -5 0 S1_1
16053 31 -5 0 S1_1
16054 31 -5 0 S1_1
16055 31 -5 0 S1_1
16056 31 -5 0 S1_1
16057 31 -5 0 S1_1
16058 31 -5 0 S1_1
16059 31 -5 0 S1_1
16060 31 -5 0 S1_1
16062 31 -5 0 S1_1
16063 31 -5 0 S1_1
