speciesID lakeID variable value scenario
16064 1 -0.5 0 S1_2
16065 1 -0.5 0 S1_2
16066 1 -0.5 0 S1_2
16067 1 -0.5 44.3562087108881 S1_2
16068 1 -0.5 0 S1_2
15001 1 -0.5 31.3317631876734 S1_2
15002 1 -0.5 390.121606099965 S1_2
15003 1 -0.5 410.383091557861 S1_2
15007 1 -0.5 0 S1_2
15008 1 -0.5 0 S1_2
15011 1 -0.5 0 S1_2
15014 1 -0.5 0 S1_2
15018 1 -0.5 809.038457983064 S1_2
15020 1 -0.5 719.74271406915 S1_2
15022 1 -0.5 0 S1_2
16064 2 -0.5 0 S1_2
16065 2 -0.5 0 S1_2
16066 2 -0.5 0 S1_2
16067 2 -0.5 0 S1_2
16068 2 -0.5 0 S1_2
15001 2 -0.5 0 S1_2
15002 2 -0.5 0 S1_2
15003 2 -0.5 218.612262985145 S1_2
15007 2 -0.5 0 S1_2
15008 2 -0.5 0 S1_2
15011 2 -0.5 0 S1_2
15014 2 -0.5 0 S1_2
15018 2 -0.5 451.305122812691 S1_2
15020 2 -0.5 17.3331364348534 S1_2
15022 2 -0.5 0 S1_2
16064 3 -0.5 0 S1_2
16065 3 -0.5 0 S1_2
16066 3 -0.5 0 S1_2
16067 3 -0.5 0 S1_2
16068 3 -0.5 0 S1_2
15001 3 -0.5 0 S1_2
15002 3 -0.5 12.1032386683314 S1_2
15003 3 -0.5 356.896563832585 S1_2
15007 3 -0.5 0 S1_2
15008 3 -0.5 0 S1_2
15011 3 -0.5 0 S1_2
15014 3 -0.5 0 S1_2
15018 3 -0.5 668.427151169558 S1_2
15020 3 -0.5 318.720581760984 S1_2
15022 3 -0.5 0 S1_2
16064 4 -0.5 0 S1_2
16065 4 -0.5 0 S1_2
16066 4 -0.5 0 S1_2
16067 4 -0.5 3.06147579634004 S1_2
16068 4 -0.5 0 S1_2
15001 4 -0.5 5.26196686264529 S1_2
15002 4 -0.5 244.122770822074 S1_2
15003 4 -0.5 387.40000709087 S1_2
15007 4 -0.5 0 S1_2
15008 4 -0.5 0 S1_2
15011 4 -0.5 0 S1_2
15014 4 -0.5 0 S1_2
15018 4 -0.5 739.622030405742 S1_2
15020 4 -0.5 579.647143825976 S1_2
15022 4 -0.5 0 S1_2
16064 5 -0.5 0 S1_2
16065 5 -0.5 0 S1_2
16066 5 -0.5 0 S1_2
16067 5 -0.5 0 S1_2
16068 5 -0.5 0 S1_2
15001 5 -0.5 0 S1_2
15002 5 -0.5 0 S1_2
15003 5 -0.5 0 S1_2
15007 5 -0.5 0 S1_2
15008 5 -0.5 0 S1_2
15011 5 -0.5 0 S1_2
15014 5 -0.5 0 S1_2
15018 5 -0.5 0 S1_2
15020 5 -0.5 0 S1_2
15022 5 -0.5 0 S1_2
16064 6 -0.5 0 S1_2
16065 6 -0.5 0 S1_2
16066 6 -0.5 0 S1_2
16067 6 -0.5 8.27428604063348 S1_2
16068 6 -0.5 0 S1_2
15001 6 -0.5 11.1367753916871 S1_2
15002 6 -0.5 223.048517167175 S1_2
15003 6 -0.5 412.245388382374 S1_2
15007 6 -0.5 0 S1_2
15008 6 -0.5 0 S1_2
15011 6 -0.5 0 S1_2
15014 6 -0.5 0 S1_2
15018 6 -0.5 744.501604491163 S1_2
15020 6 -0.5 544.933941911635 S1_2
15022 6 -0.5 0 S1_2
16064 7 -0.5 0 S1_2
16065 7 -0.5 0 S1_2
16066 7 -0.5 0 S1_2
16067 7 -0.5 0 S1_2
16068 7 -0.5 0 S1_2
15001 7 -0.5 0 S1_2
15002 7 -0.5 0 S1_2
15003 7 -0.5 222.823458214375 S1_2
15007 7 -0.5 0 S1_2
15008 7 -0.5 0 S1_2
15011 7 -0.5 0 S1_2
15014 7 -0.5 0 S1_2
15018 7 -0.5 457.909751863386 S1_2
15020 7 -0.5 20.0108439065983 S1_2
15022 7 -0.5 0 S1_2
16064 8 -0.5 0 S1_2
16065 8 -0.5 0 S1_2
16066 8 -0.5 0 S1_2
16067 8 -0.5 14.5090734194517 S1_2
16068 8 -0.5 0 S1_2
15001 8 -0.5 23.6043060716633 S1_2
15002 8 -0.5 341.384911634717 S1_2
15003 8 -0.5 383.587471550993 S1_2
15007 8 -0.5 0 S1_2
15008 8 -0.5 0 S1_2
15011 8 -0.5 0 S1_2
15014 8 -0.5 0 S1_2
15018 8 -0.5 722.313569138736 S1_2
15020 8 -0.5 625.984314847216 S1_2
15022 8 -0.5 0 S1_2
16064 9 -0.5 0 S1_2
16065 9 -0.5 0 S1_2
16066 9 -0.5 0 S1_2
16067 9 -0.5 3.11331158899706 S1_2
16068 9 -0.5 0 S1_2
15001 9 -0.5 3.51279778526936 S1_2
15002 9 -0.5 200.749264439254 S1_2
15003 9 -0.5 392.495678343451 S1_2
15007 9 -0.5 0 S1_2
15008 9 -0.5 0 S1_2
15011 9 -0.5 0 S1_2
15014 9 -0.5 0 S1_2
15018 9 -0.5 726.882146408577 S1_2
15020 9 -0.5 527.554830380915 S1_2
15022 9 -0.5 0 S1_2
16064 10 -0.5 0 S1_2
16065 10 -0.5 0 S1_2
16066 10 -0.5 0 S1_2
16067 10 -0.5 22.426941310909 S1_2
16068 10 -0.5 0 S1_2
15001 10 -0.5 30.6297629839836 S1_2
15002 10 -0.5 355.537690317383 S1_2
15003 10 -0.5 413.834287666522 S1_2
15007 10 -0.5 0 S1_2
15008 10 -0.5 0 S1_2
15011 10 -0.5 0 S1_2
15014 10 -0.5 0 S1_2
15018 10 -0.5 781.912842156764 S1_2
15020 10 -0.5 673.769593302952 S1_2
15022 10 -0.5 0 S1_2
16064 11 -0.5 0 S1_2
16065 11 -0.5 0 S1_2
16066 11 -0.5 0 S1_2
16067 11 -0.5 3.97583120326486 S1_2
16068 11 -0.5 0 S1_2
15001 11 -0.5 3.20806145652023 S1_2
15002 11 -0.5 315.750814317698 S1_2
15003 11 -0.5 340.005000095576 S1_2
15007 11 -0.5 0 S1_2
15008 11 -0.5 0 S1_2
15011 11 -0.5 0 S1_2
15014 11 -0.5 0 S1_2
15018 11 -0.5 731.358245377748 S1_2
15020 11 -0.5 650.854799817729 S1_2
15022 11 -0.5 0 S1_2
16064 12 -0.5 0 S1_2
16065 12 -0.5 0 S1_2
16066 12 -0.5 0 S1_2
16067 12 -0.5 2.78395655239653 S1_2
16068 12 -0.5 0 S1_2
15001 12 -0.5 1.11062453459632 S1_2
15002 12 -0.5 284.929598614728 S1_2
15003 12 -0.5 303.64438384975 S1_2
15007 12 -0.5 0 S1_2
15008 12 -0.5 0 S1_2
15011 12 -0.5 0 S1_2
15014 12 -0.5 0 S1_2
15018 12 -0.5 655.826500993068 S1_2
15020 12 -0.5 579.545294224421 S1_2
15022 12 -0.5 0 S1_2
16064 13 -0.5 0 S1_2
16065 13 -0.5 0 S1_2
16066 13 -0.5 0 S1_2
16067 13 -0.5 0 S1_2
16068 13 -0.5 0 S1_2
15001 13 -0.5 0 S1_2
15002 13 -0.5 52.8525631445812 S1_2
15003 13 -0.5 268.145710339506 S1_2
15007 13 -0.5 0 S1_2
15008 13 -0.5 0 S1_2
15011 13 -0.5 0 S1_2
15014 13 -0.5 0 S1_2
15018 13 -0.5 507.131866654776 S1_2
15020 13 -0.5 307.915681069213 S1_2
15022 13 -0.5 0 S1_2
16064 14 -0.5 0 S1_2
16065 14 -0.5 0 S1_2
16066 14 -0.5 0 S1_2
16067 14 -0.5 0 S1_2
16068 14 -0.5 0 S1_2
15001 14 -0.5 0 S1_2
15002 14 -0.5 0 S1_2
15003 14 -0.5 325.039960836829 S1_2
15007 14 -0.5 0 S1_2
15008 14 -0.5 0 S1_2
15011 14 -0.5 0 S1_2
15014 14 -0.5 0 S1_2
15018 14 -0.5 598.008061571196 S1_2
15020 14 -0.5 190.604148555855 S1_2
15022 14 -0.5 0 S1_2
16064 15 -0.5 0 S1_2
16065 15 -0.5 0 S1_2
16066 15 -0.5 0 S1_2
16067 15 -0.5 67.2990444324674 S1_2
16068 15 -0.5 0 S1_2
15001 15 -0.5 57.982991729553 S1_2
15002 15 -0.5 400.03743008698 S1_2
15003 15 -0.5 456.858182889899 S1_2
15007 15 -0.5 0 S1_2
15008 15 -0.5 0 S1_2
15011 15 -0.5 0 S1_2
15014 15 -0.5 0 S1_2
15018 15 -0.5 833.214204646539 S1_2
15020 15 -0.5 718.762917923205 S1_2
15022 15 -0.5 0 S1_2
16064 16 -0.5 0 S1_2
16065 16 -0.5 0 S1_2
16066 16 -0.5 0 S1_2
16067 16 -0.5 47.7619454129575 S1_2
16068 16 -0.5 0 S1_2
15001 16 -0.5 40.7597423345354 S1_2
15002 16 -0.5 389.064697781728 S1_2
15003 16 -0.5 409.689584762239 S1_2
15007 16 -0.5 0 S1_2
15008 16 -0.5 0 S1_2
15011 16 -0.5 0 S1_2
15014 16 -0.5 0 S1_2
15018 16 -0.5 766.904191771747 S1_2
15020 16 -0.5 678.124679125388 S1_2
15022 16 -0.5 0 S1_2
16064 17 -0.5 0 S1_2
16065 17 -0.5 0 S1_2
16066 17 -0.5 0 S1_2
16067 17 -0.5 0 S1_2
16068 17 -0.5 0 S1_2
15001 17 -0.5 0 S1_2
15002 17 -0.5 123.325010661053 S1_2
15003 17 -0.5 357.488375019417 S1_2
15007 17 -0.5 0 S1_2
15008 17 -0.5 0 S1_2
15011 17 -0.5 0 S1_2
15014 17 -0.5 0 S1_2
15018 17 -0.5 640.250966604035 S1_2
15020 17 -0.5 408.225154932811 S1_2
15022 17 -0.5 0 S1_2
16064 18 -0.5 0 S1_2
16065 18 -0.5 0 S1_2
16066 18 -0.5 0 S1_2
16067 18 -0.5 13.7035867361032 S1_2
16068 18 -0.5 0 S1_2
15001 18 -0.5 12.1008285370825 S1_2
15002 18 -0.5 338.365231188767 S1_2
15003 18 -0.5 355.939265636346 S1_2
15007 18 -0.5 0 S1_2
15008 18 -0.5 0 S1_2
15011 18 -0.5 0 S1_2
15014 18 -0.5 0 S1_2
15018 18 -0.5 713.63131711781 S1_2
15020 18 -0.5 632.665050213729 S1_2
15022 18 -0.5 0 S1_2
16064 19 -0.5 0 S1_2
16065 19 -0.5 0 S1_2
16066 19 -0.5 0 S1_2
16067 19 -0.5 15.7058160354422 S1_2
16068 19 -0.5 0 S1_2
15001 19 -0.5 25.6750478090929 S1_2
15002 19 -0.5 332.54483448361 S1_2
15003 19 -0.5 407.637019104676 S1_2
15007 19 -0.5 0 S1_2
15008 19 -0.5 0 S1_2
15011 19 -0.5 0 S1_2
15014 19 -0.5 0 S1_2
15018 19 -0.5 766.095273191319 S1_2
15020 19 -0.5 648.826793509847 S1_2
15022 19 -0.5 0 S1_2
16064 20 -0.5 0 S1_2
16065 20 -0.5 0 S1_2
16066 20 -0.5 0 S1_2
16067 20 -0.5 57.9023903238564 S1_2
16068 20 -0.5 0 S1_2
15001 20 -0.5 49.8084289612346 S1_2
15002 20 -0.5 399.361479426745 S1_2
15003 20 -0.5 428.112816205768 S1_2
15007 20 -0.5 0 S1_2
15008 20 -0.5 0 S1_2
15011 20 -0.5 0 S1_2
15014 20 -0.5 0 S1_2
15018 20 -0.5 788.164068281563 S1_2
15020 20 -0.5 693.0285700517 S1_2
15022 20 -0.5 0 S1_2
16064 21 -0.5 0 S1_2
16065 21 -0.5 0 S1_2
16066 21 -0.5 0 S1_2
16067 21 -0.5 15.538716013049 S1_2
16068 21 -0.5 0 S1_2
15001 21 -0.5 25.0225375421872 S1_2
15002 21 -0.5 334.64416633885 S1_2
15003 21 -0.5 413.141289064716 S1_2
15007 21 -0.5 0 S1_2
15008 21 -0.5 0 S1_2
15011 21 -0.5 0 S1_2
15014 21 -0.5 0 S1_2
15018 21 -0.5 784.809584928638 S1_2
15020 21 -0.5 665.080881911563 S1_2
15022 21 -0.5 0 S1_2
16064 22 -0.5 0 S1_2
16065 22 -0.5 0 S1_2
16066 22 -0.5 0 S1_2
16067 22 -0.5 65.557940559717 S1_2
16068 22 -0.5 0 S1_2
15001 22 -0.5 45.0436034166763 S1_2
15002 22 -0.5 413.666838291187 S1_2
15003 22 -0.5 433.968811340755 S1_2
15007 22 -0.5 0 S1_2
15008 22 -0.5 0 S1_2
15011 22 -0.5 0 S1_2
15014 22 -0.5 0 S1_2
15018 22 -0.5 832.644799300558 S1_2
15020 22 -0.5 739.524193656739 S1_2
15022 22 -0.5 0 S1_2
16064 23 -0.5 0 S1_2
16065 23 -0.5 0 S1_2
16066 23 -0.5 0 S1_2
16067 23 -0.5 14.4752575868385 S1_2
16068 23 -0.5 0 S1_2
15001 23 -0.5 21.9354808202671 S1_2
15002 23 -0.5 282.05618383011 S1_2
15003 23 -0.5 429.568254599497 S1_2
15007 23 -0.5 0 S1_2
15008 23 -0.5 0 S1_2
15011 23 -0.5 0 S1_2
15014 23 -0.5 0 S1_2
15018 23 -0.5 798.991033085463 S1_2
15020 23 -0.5 629.31367095871 S1_2
15022 23 -0.5 0 S1_2
16064 24 -0.5 0 S1_2
16065 24 -0.5 0 S1_2
16066 24 -0.5 0 S1_2
16067 24 -0.5 26.6600387384422 S1_2
16068 24 -0.5 0 S1_2
15001 24 -0.5 33.0903251096604 S1_2
15002 24 -0.5 363.613145802372 S1_2
15003 24 -0.5 424.687537790912 S1_2
15007 24 -0.5 0 S1_2
15008 24 -0.5 0 S1_2
15011 24 -0.5 0 S1_2
15014 24 -0.5 0 S1_2
15018 24 -0.5 807.287683315541 S1_2
15020 24 -0.5 695.801570137447 S1_2
15022 24 -0.5 0 S1_2
16064 25 -0.5 0 S1_2
16065 25 -0.5 0 S1_2
16066 25 -0.5 0 S1_2
16067 25 -0.5 0 S1_2
16068 25 -0.5 0 S1_2
15001 25 -0.5 0 S1_2
15002 25 -0.5 0 S1_2
15003 25 -0.5 336.30564383967 S1_2
15007 25 -0.5 0 S1_2
15008 25 -0.5 0 S1_2
15011 25 -0.5 0 S1_2
15014 25 -0.5 0 S1_2
15018 25 -0.5 626.765255667598 S1_2
15020 25 -0.5 195.319584112223 S1_2
15022 25 -0.5 0 S1_2
16064 26 -0.5 0 S1_2
16065 26 -0.5 0 S1_2
16066 26 -0.5 0 S1_2
16067 26 -0.5 58.8181924889921 S1_2
16068 26 -0.5 0 S1_2
15001 26 -0.5 45.7099409900138 S1_2
15002 26 -0.5 406.431245959867 S1_2
15003 26 -0.5 428.957079911243 S1_2
15007 26 -0.5 0 S1_2
15008 26 -0.5 0 S1_2
15011 26 -0.5 0 S1_2
15014 26 -0.5 0 S1_2
15018 26 -0.5 809.28665626468 S1_2
15020 26 -0.5 717.380534818731 S1_2
15022 26 -0.5 0 S1_2
16064 27 -0.5 0 S1_2
16065 27 -0.5 0 S1_2
16066 27 -0.5 0 S1_2
16067 27 -0.5 0 S1_2
16068 27 -0.5 0 S1_2
15001 27 -0.5 0 S1_2
15002 27 -0.5 0 S1_2
15003 27 -0.5 201.231135563371 S1_2
15007 27 -0.5 0 S1_2
15008 27 -0.5 0 S1_2
15011 27 -0.5 0 S1_2
15014 27 -0.5 0 S1_2
15018 27 -0.5 436.412364532187 S1_2
15020 27 -0.5 7.80994159238731 S1_2
15022 27 -0.5 0 S1_2
16064 28 -0.5 0 S1_2
16065 28 -0.5 0 S1_2
16066 28 -0.5 0 S1_2
16067 28 -0.5 81.0995019013872 S1_2
16068 28 -0.5 0 S1_2
15001 28 -0.5 54.2408865001224 S1_2
15002 28 -0.5 426.71906355007 S1_2
15003 28 -0.5 445.305010930608 S1_2
15007 28 -0.5 0 S1_2
15008 28 -0.5 0 S1_2
15011 28 -0.5 0 S1_2
15014 28 -0.5 0 S1_2
15018 28 -0.5 838.760242637288 S1_2
15020 28 -0.5 745.057039430085 S1_2
15022 28 -0.5 0 S1_2
16064 29 -0.5 0 S1_2
16065 29 -0.5 0 S1_2
16066 29 -0.5 0 S1_2
16067 29 -0.5 0 S1_2
16068 29 -0.5 0 S1_2
15001 29 -0.5 0 S1_2
15002 29 -0.5 150.817449641347 S1_2
15003 29 -0.5 328.731050095665 S1_2
15007 29 -0.5 0 S1_2
15008 29 -0.5 0 S1_2
15011 29 -0.5 0 S1_2
15014 29 -0.5 0 S1_2
15018 29 -0.5 630.598628799367 S1_2
15020 29 -0.5 449.205356121929 S1_2
15022 29 -0.5 0 S1_2
16064 30 -0.5 0 S1_2
16065 30 -0.5 0 S1_2
16066 30 -0.5 0 S1_2
16067 30 -0.5 0 S1_2
16068 30 -0.5 0 S1_2
15001 30 -0.5 0 S1_2
15002 30 -0.5 0 S1_2
15003 30 -0.5 316.462627116093 S1_2
15007 30 -0.5 0 S1_2
15008 30 -0.5 0 S1_2
15011 30 -0.5 0 S1_2
15014 30 -0.5 0 S1_2
15018 30 -0.5 586.785306397096 S1_2
15020 30 -0.5 182.912329982183 S1_2
15022 30 -0.5 0 S1_2
16064 31 -0.5 0 S1_2
16065 31 -0.5 0 S1_2
16066 31 -0.5 0 S1_2
16067 31 -0.5 0 S1_2
16068 31 -0.5 0 S1_2
15001 31 -0.5 0 S1_2
15002 31 -0.5 23.7533797049078 S1_2
15003 31 -0.5 402.875177339371 S1_2
15007 31 -0.5 0 S1_2
15008 31 -0.5 0 S1_2
15011 31 -0.5 0 S1_2
15014 31 -0.5 0 S1_2
15018 31 -0.5 769.977856159828 S1_2
15020 31 -0.5 374.274139570813 S1_2
15022 31 -0.5 0 S1_2
16064 1 -1.5 7.67712937470436 S1_2
16065 1 -1.5 142.22744289945 S1_2
16066 1 -1.5 0 S1_2
16067 1 -1.5 0 S1_2
16068 1 -1.5 0 S1_2
15001 1 -1.5 1.63994460238977 S1_2
15002 1 -1.5 83.6390315252067 S1_2
15003 1 -1.5 96.2386472919945 S1_2
15007 1 -1.5 10.7105611245445 S1_2
15008 1 -1.5 1.32240310471331 S1_2
15011 1 -1.5 0 S1_2
15014 1 -1.5 120.284381171364 S1_2
15018 1 -1.5 192.734196988666 S1_2
15020 1 -1.5 148.193092254591 S1_2
15022 1 -1.5 0 S1_2
16064 2 -1.5 5.41768515024143 S1_2
16065 2 -1.5 6.54745736824907 S1_2
16066 2 -1.5 0 S1_2
16067 2 -1.5 0 S1_2
16068 2 -1.5 0 S1_2
15001 2 -1.5 0 S1_2
15002 2 -1.5 0 S1_2
15003 2 -1.5 221.331943150615 S1_2
15007 2 -1.5 108.139800542628 S1_2
15008 2 -1.5 94.9792636406226 S1_2
15011 2 -1.5 0 S1_2
15014 2 -1.5 149.117859235465 S1_2
15018 2 -1.5 365.884554464978 S1_2
15020 2 -1.5 2.66465380797376 S1_2
15022 2 -1.5 0 S1_2
16064 3 -1.5 0 S1_2
16065 3 -1.5 16.4757080744916 S1_2
16066 3 -1.5 0 S1_2
16067 3 -1.5 0 S1_2
16068 3 -1.5 0 S1_2
15001 3 -1.5 0 S1_2
15002 3 -1.5 0 S1_2
15003 3 -1.5 200.940670969024 S1_2
15007 3 -1.5 55.7373410145155 S1_2
15008 3 -1.5 39.1922406759684 S1_2
15011 3 -1.5 0 S1_2
15014 3 -1.5 205.126484161113 S1_2
15018 3 -1.5 368.693595751254 S1_2
15020 3 -1.5 115.422765764944 S1_2
15022 3 -1.5 0 S1_2
16064 4 -1.5 0 S1_2
16065 4 -1.5 48.7734876742683 S1_2
16066 4 -1.5 0 S1_2
16067 4 -1.5 0 S1_2
16068 4 -1.5 0 S1_2
15001 4 -1.5 1.63293445004947 S1_2
15002 4 -1.5 54.2339681239209 S1_2
15003 4 -1.5 133.161947407042 S1_2
15007 4 -1.5 24.5259746430975 S1_2
15008 4 -1.5 8.50432288782549 S1_2
15011 4 -1.5 0 S1_2
15014 4 -1.5 155.413019688616 S1_2
15018 4 -1.5 277.584735005285 S1_2
15020 4 -1.5 164.356211916839 S1_2
15022 4 -1.5 0 S1_2
16064 5 -1.5 0 S1_2
16065 5 -1.5 0 S1_2
16066 5 -1.5 0 S1_2
16067 5 -1.5 0 S1_2
16068 5 -1.5 0 S1_2
15001 5 -1.5 0 S1_2
15002 5 -1.5 0 S1_2
15003 5 -1.5 0 S1_2
15007 5 -1.5 0 S1_2
15008 5 -1.5 0 S1_2
15011 5 -1.5 0 S1_2
15014 5 -1.5 0 S1_2
15018 5 -1.5 0 S1_2
15020 5 -1.5 0 S1_2
15022 5 -1.5 0 S1_2
16064 6 -1.5 42.1452582306026 S1_2
16065 6 -1.5 184.732323474894 S1_2
16066 6 -1.5 0 S1_2
16067 6 -1.5 5.25868095403128 S1_2
16068 6 -1.5 0 S1_2
15001 6 -1.5 72.1351736806198 S1_2
15002 6 -1.5 164.688035587747 S1_2
15003 6 -1.5 378.674723362083 S1_2
15007 6 -1.5 150.178402638545 S1_2
15008 6 -1.5 105.957590409175 S1_2
15011 6 -1.5 0 S1_2
15014 6 -1.5 405.909354983086 S1_2
15018 6 -1.5 572.501433094699 S1_2
15020 6 -1.5 394.099304388284 S1_2
15022 6 -1.5 0 S1_2
16064 7 -1.5 7.19760744640229 S1_2
16065 7 -1.5 8.84896613952244 S1_2
16066 7 -1.5 0 S1_2
16067 7 -1.5 0 S1_2
16068 7 -1.5 0 S1_2
15001 7 -1.5 0 S1_2
15002 7 -1.5 0 S1_2
15003 7 -1.5 229.330595528881 S1_2
15007 7 -1.5 114.423255082508 S1_2
15008 7 -1.5 99.9856329497669 S1_2
15011 7 -1.5 0 S1_2
15014 7 -1.5 157.758755163711 S1_2
15018 7 -1.5 376.039927810244 S1_2
15020 7 -1.5 3.76241533549236 S1_2
15022 7 -1.5 0 S1_2
16064 8 -1.5 18.3494989076516 S1_2
16065 8 -1.5 180.716523762203 S1_2
16066 8 -1.5 0 S1_2
16067 8 -1.5 0 S1_2
16068 8 -1.5 0 S1_2
15001 8 -1.5 33.5419493804924 S1_2
15002 8 -1.5 161.881245018581 S1_2
15003 8 -1.5 221.18655862341 S1_2
15007 8 -1.5 68.286030910001 S1_2
15008 8 -1.5 36.682466563469 S1_2
15011 8 -1.5 0 S1_2
15014 8 -1.5 227.656558576193 S1_2
15018 8 -1.5 406.368855623301 S1_2
15020 8 -1.5 324.065956683486 S1_2
15022 8 -1.5 0 S1_2
16064 9 -1.5 4.6433576217367 S1_2
16065 9 -1.5 96.066869917744 S1_2
16066 9 -1.5 0 S1_2
16067 9 -1.5 0 S1_2
16068 9 -1.5 0 S1_2
15001 9 -1.5 17.299593997377 S1_2
15002 9 -1.5 84.7878751788844 S1_2
15003 9 -1.5 251.976296917485 S1_2
15007 9 -1.5 77.4485793604392 S1_2
15008 9 -1.5 49.1538391230622 S1_2
15011 9 -1.5 0 S1_2
15014 9 -1.5 262.369851823531 S1_2
15018 9 -1.5 439.522782121323 S1_2
15020 9 -1.5 266.988115426105 S1_2
15022 9 -1.5 0 S1_2
16064 10 -1.5 13.5346732468595 S1_2
16065 10 -1.5 163.080184958628 S1_2
16066 10 -1.5 0 S1_2
16067 10 -1.5 0 S1_2
16068 10 -1.5 0 S1_2
15001 10 -1.5 30.2287135291995 S1_2
15002 10 -1.5 154.018181221291 S1_2
15003 10 -1.5 222.690063470912 S1_2
15007 10 -1.5 67.7923332039629 S1_2
15008 10 -1.5 34.8306181466362 S1_2
15011 10 -1.5 0 S1_2
15014 10 -1.5 235.309810839793 S1_2
15018 10 -1.5 431.006820225289 S1_2
15020 10 -1.5 336.083783272475 S1_2
15022 10 -1.5 0 S1_2
16064 11 -1.5 0 S1_2
16065 11 -1.5 0 S1_2
16066 11 -1.5 0 S1_2
16067 11 -1.5 0 S1_2
16068 11 -1.5 0 S1_2
15001 11 -1.5 0 S1_2
15002 11 -1.5 0 S1_2
15003 11 -1.5 0 S1_2
15007 11 -1.5 0 S1_2
15008 11 -1.5 0 S1_2
15011 11 -1.5 0 S1_2
15014 11 -1.5 0 S1_2
15018 11 -1.5 5.83118007171299 S1_2
15020 11 -1.5 5.04502653584747 S1_2
15022 11 -1.5 0 S1_2
16064 12 -1.5 0 S1_2
16065 12 -1.5 3.86037530145953 S1_2
16066 12 -1.5 0 S1_2
16067 12 -1.5 0 S1_2
16068 12 -1.5 0 S1_2
15001 12 -1.5 0 S1_2
15002 12 -1.5 0 S1_2
15003 12 -1.5 0 S1_2
15007 12 -1.5 0 S1_2
15008 12 -1.5 0 S1_2
15011 12 -1.5 0 S1_2
15014 12 -1.5 0 S1_2
15018 12 -1.5 7.29613181068839 S1_2
15020 12 -1.5 6.72418161547208 S1_2
15022 12 -1.5 0 S1_2
16064 13 -1.5 0 S1_2
16065 13 -1.5 15.3415911056219 S1_2
16066 13 -1.5 0 S1_2
16067 13 -1.5 0 S1_2
16068 13 -1.5 0 S1_2
15001 13 -1.5 0 S1_2
15002 13 -1.5 2.14362331545068 S1_2
15003 13 -1.5 159.343582963082 S1_2
15007 13 -1.5 29.6451972869554 S1_2
15008 13 -1.5 24.7482149537342 S1_2
15011 13 -1.5 0 S1_2
15014 13 -1.5 158.543018555148 S1_2
15018 13 -1.5 272.441371365861 S1_2
15020 13 -1.5 132.107826612923 S1_2
15022 13 -1.5 0 S1_2
16064 14 -1.5 21.2019117659941 S1_2
16065 14 -1.5 75.4410232908726 S1_2
16066 14 -1.5 0 S1_2
16067 14 -1.5 0 S1_2
16068 14 -1.5 0 S1_2
15001 14 -1.5 1.48415713800344 S1_2
15002 14 -1.5 0 S1_2
15003 14 -1.5 325.405791181154 S1_2
15007 14 -1.5 144.523172345889 S1_2
15008 14 -1.5 120.414327013663 S1_2
15011 14 -1.5 0 S1_2
15014 14 -1.5 306.405772848987 S1_2
15018 14 -1.5 487.103812117907 S1_2
15020 14 -1.5 136.544643831682 S1_2
15022 14 -1.5 0 S1_2
16064 15 -1.5 92.6462800596573 S1_2
16065 15 -1.5 354.881736829018 S1_2
16066 15 -1.5 90.6349089327387 S1_2
16067 15 -1.5 57.9146680770874 S1_2
16068 15 -1.5 2.64039134977817 S1_2
15001 15 -1.5 129.366377364711 S1_2
15002 15 -1.5 348.692570795437 S1_2
15003 15 -1.5 444.736082439047 S1_2
15007 15 -1.5 193.355656441576 S1_2
15008 15 -1.5 128.413108593593 S1_2
15011 15 -1.5 20.3497029898158 S1_2
15014 15 -1.5 485.419486282094 S1_2
15018 15 -1.5 672.137141717538 S1_2
15020 15 -1.5 571.333288545249 S1_2
15022 15 -1.5 0 S1_2
16064 16 -1.5 57.811066282141 S1_2
16065 16 -1.5 322.891400021505 S1_2
16066 16 -1.5 16.8573566269002 S1_2
16067 16 -1.5 3.70883406460231 S1_2
16068 16 -1.5 0 S1_2
15001 16 -1.5 62.2719467602264 S1_2
15002 16 -1.5 227.670504146441 S1_2
15003 16 -1.5 285.656251003063 S1_2
15007 16 -1.5 99.7104172863877 S1_2
15008 16 -1.5 57.2828106672374 S1_2
15011 16 -1.5 1.12084819390098 S1_2
15014 16 -1.5 297.523320322919 S1_2
15018 16 -1.5 493.75362057642 S1_2
15020 16 -1.5 416.376101093771 S1_2
15022 16 -1.5 0 S1_2
16064 17 -1.5 29.1377496308616 S1_2
16065 17 -1.5 141.106758312702 S1_2
16066 17 -1.5 0 S1_2
16067 17 -1.5 1.85365581637838 S1_2
16068 17 -1.5 0 S1_2
15001 17 -1.5 48.7840317056783 S1_2
15002 17 -1.5 92.60676098607 S1_2
15003 17 -1.5 344.662283063462 S1_2
15007 17 -1.5 139.191328416341 S1_2
15008 17 -1.5 107.200835025484 S1_2
15011 17 -1.5 0 S1_2
15014 17 -1.5 358.038979547032 S1_2
15018 17 -1.5 504.961560356999 S1_2
15020 17 -1.5 301.466615451749 S1_2
15022 17 -1.5 0 S1_2
16064 18 -1.5 1.2125431163424 S1_2
16065 18 -1.5 86.5191494199607 S1_2
16066 18 -1.5 0 S1_2
16067 18 -1.5 0 S1_2
16068 18 -1.5 0 S1_2
15001 18 -1.5 0 S1_2
15002 18 -1.5 42.1845610167725 S1_2
15003 18 -1.5 60.0187210758721 S1_2
15007 18 -1.5 1.14603811279387 S1_2
15008 18 -1.5 0 S1_2
15011 18 -1.5 0 S1_2
15014 18 -1.5 63.8580670695535 S1_2
15018 18 -1.5 118.086070572992 S1_2
15020 18 -1.5 95.5278144015456 S1_2
15022 18 -1.5 0 S1_2
16064 19 -1.5 12.2326763994963 S1_2
16065 19 -1.5 151.173262730012 S1_2
16066 19 -1.5 0 S1_2
16067 19 -1.5 0 S1_2
16068 19 -1.5 0 S1_2
15001 19 -1.5 31.5179751403217 S1_2
15002 19 -1.5 150.847653587848 S1_2
15003 19 -1.5 234.577715026381 S1_2
15007 19 -1.5 72.0985550521183 S1_2
15008 19 -1.5 39.4178202022775 S1_2
15011 19 -1.5 0 S1_2
15014 19 -1.5 245.355161537299 S1_2
15018 19 -1.5 437.044827224113 S1_2
15020 19 -1.5 334.128684859253 S1_2
15022 19 -1.5 0 S1_2
16064 20 -1.5 80.6407035482044 S1_2
16065 20 -1.5 356.721865869655 S1_2
16066 20 -1.5 62.5983003592288 S1_2
16067 20 -1.5 23.5184324477736 S1_2
16068 20 -1.5 2.30961936101305 S1_2
15001 20 -1.5 100.314554062677 S1_2
15002 20 -1.5 307.791767508679 S1_2
15003 20 -1.5 373.642035647922 S1_2
15007 20 -1.5 149.375244034943 S1_2
15008 20 -1.5 94.3101649028627 S1_2
15011 20 -1.5 10.0721504143317 S1_2
15014 20 -1.5 400.38900660698 S1_2
15018 20 -1.5 588.209677621322 S1_2
15020 20 -1.5 505.238865323526 S1_2
15022 20 -1.5 0 S1_2
16064 21 -1.5 4.33160209420105 S1_2
16065 21 -1.5 120.035574617139 S1_2
16066 21 -1.5 0 S1_2
16067 21 -1.5 0 S1_2
16068 21 -1.5 0 S1_2
15001 21 -1.5 15.7749585835015 S1_2
15002 21 -1.5 122.807201678413 S1_2
15003 21 -1.5 184.885084741378 S1_2
15007 21 -1.5 52.1941758899086 S1_2
15008 21 -1.5 23.6503311307756 S1_2
15011 21 -1.5 0 S1_2
15014 21 -1.5 205.011135621336 S1_2
15018 21 -1.5 387.494899029462 S1_2
15020 21 -1.5 284.008859072862 S1_2
15022 21 -1.5 0 S1_2
16064 22 -1.5 38.958456739107 S1_2
16065 22 -1.5 306.268070032421 S1_2
16066 22 -1.5 13.4494144135605 S1_2
16067 22 -1.5 0 S1_2
16068 22 -1.5 0 S1_2
15001 22 -1.5 30.5543612152278 S1_2
15002 22 -1.5 163.918024905312 S1_2
15003 22 -1.5 201.023098952373 S1_2
15007 22 -1.5 62.9148396033515 S1_2
15008 22 -1.5 27.2381122275279 S1_2
15011 22 -1.5 0 S1_2
15014 22 -1.5 223.232960946659 S1_2
15018 22 -1.5 434.552840413546 S1_2
15020 22 -1.5 351.529268979599 S1_2
15022 22 -1.5 0 S1_2
16064 23 -1.5 13.4615841890975 S1_2
16065 23 -1.5 140.992479629764 S1_2
16066 23 -1.5 0 S1_2
16067 23 -1.5 0 S1_2
16068 23 -1.5 0 S1_2
15001 23 -1.5 37.2469093880382 S1_2
15002 23 -1.5 138.517709478952 S1_2
15003 23 -1.5 288.275177348201 S1_2
15007 23 -1.5 93.1625614898062 S1_2
15008 23 -1.5 56.7656578941473 S1_2
15011 23 -1.5 0 S1_2
15014 23 -1.5 312.413708457144 S1_2
15018 23 -1.5 508.318051374228 S1_2
15020 23 -1.5 354.51625157835 S1_2
15022 23 -1.5 0 S1_2
16064 24 -1.5 9.35231374324866 S1_2
16065 24 -1.5 150.091929480516 S1_2
16066 24 -1.5 0 S1_2
16067 24 -1.5 0 S1_2
16068 24 -1.5 0 S1_2
15001 24 -1.5 23.7012775398248 S1_2
15002 24 -1.5 142.749885967775 S1_2
15003 24 -1.5 203.599416336037 S1_2
15007 24 -1.5 60.4813048978769 S1_2
15008 24 -1.5 28.5344199928224 S1_2
15011 24 -1.5 0 S1_2
15014 24 -1.5 222.850178372731 S1_2
15018 24 -1.5 421.823977935207 S1_2
15020 24 -1.5 322.931291910579 S1_2
15022 24 -1.5 0 S1_2
16064 25 -1.5 11.1797782239104 S1_2
16065 25 -1.5 54.7314196954733 S1_2
16066 25 -1.5 0 S1_2
16067 25 -1.5 0 S1_2
16068 25 -1.5 0 S1_2
15001 25 -1.5 0 S1_2
15002 25 -1.5 0 S1_2
15003 25 -1.5 303.410664274052 S1_2
15007 25 -1.5 125.832265150784 S1_2
15008 25 -1.5 101.259155411732 S1_2
15011 25 -1.5 0 S1_2
15014 25 -1.5 285.561525852022 S1_2
15018 25 -1.5 477.291924139366 S1_2
15020 25 -1.5 116.18059519667 S1_2
15022 25 -1.5 0 S1_2
16064 26 -1.5 50.6485527174378 S1_2
16065 26 -1.5 319.836561991107 S1_2
16066 26 -1.5 23.0523205173465 S1_2
16067 26 -1.5 2.5720465015303 S1_2
16068 26 -1.5 0 S1_2
15001 26 -1.5 54.2143183830014 S1_2
15002 26 -1.5 212.450646991909 S1_2
15003 26 -1.5 272.329099027326 S1_2
15007 26 -1.5 91.2873007951809 S1_2
15008 26 -1.5 49.5007584510426 S1_2
15011 26 -1.5 0 S1_2
15014 26 -1.5 287.649124941458 S1_2
15018 26 -1.5 498.431310354817 S1_2
15020 26 -1.5 417.492804487706 S1_2
15022 26 -1.5 0 S1_2
16064 27 -1.5 0 S1_2
16065 27 -1.5 0 S1_2
16066 27 -1.5 0 S1_2
16067 27 -1.5 0 S1_2
16068 27 -1.5 0 S1_2
15001 27 -1.5 0 S1_2
15002 27 -1.5 0 S1_2
15003 27 -1.5 143.851186148682 S1_2
15007 27 -1.5 50.0336082248705 S1_2
15008 27 -1.5 46.0863905115444 S1_2
15011 27 -1.5 0 S1_2
15014 27 -1.5 68.8001398351236 S1_2
15018 27 -1.5 275.414545929542 S1_2
15020 27 -1.5 0 S1_2
15022 27 -1.5 0 S1_2
16064 28 -1.5 74.2767833137439 S1_2
16065 28 -1.5 407.256876517622 S1_2
16066 28 -1.5 78.1552529858421 S1_2
16067 28 -1.5 8.80716434579555 S1_2
16068 28 -1.5 7.02983669334547 S1_2
15001 28 -1.5 69.5086712715717 S1_2
15002 28 -1.5 253.905203135591 S1_2
15003 28 -1.5 313.328277770693 S1_2
15007 28 -1.5 110.528486518364 S1_2
15008 28 -1.5 62.1053473496502 S1_2
15011 28 -1.5 1.86280184486705 S1_2
15014 28 -1.5 342.112355452891 S1_2
15018 28 -1.5 554.944686590555 S1_2
15020 28 -1.5 472.264408882742 S1_2
15022 28 -1.5 0 S1_2
16064 29 -1.5 0 S1_2
16065 29 -1.5 11.1806790169327 S1_2
16066 29 -1.5 0 S1_2
16067 29 -1.5 0 S1_2
16068 29 -1.5 0 S1_2
15001 29 -1.5 0 S1_2
15002 29 -1.5 8.48577224082528 S1_2
15003 29 -1.5 111.73123884399 S1_2
15007 29 -1.5 10.1078421912465 S1_2
15008 29 -1.5 4.11126071397975 S1_2
15011 29 -1.5 0 S1_2
15014 29 -1.5 122.477811951242 S1_2
15018 29 -1.5 202.876853497917 S1_2
15020 29 -1.5 117.111528817896 S1_2
15022 29 -1.5 0 S1_2
16064 30 -1.5 11.26801776061 S1_2
16065 30 -1.5 52.6358660242593 S1_2
16066 30 -1.5 0 S1_2
16067 30 -1.5 0 S1_2
16068 30 -1.5 0 S1_2
15001 30 -1.5 0 S1_2
15002 30 -1.5 0 S1_2
15003 30 -1.5 298.2634924781 S1_2
15007 30 -1.5 125.138084809578 S1_2
15008 30 -1.5 103.74933699412 S1_2
15011 30 -1.5 0 S1_2
15014 30 -1.5 277.099214356783 S1_2
15018 30 -1.5 457.182593452939 S1_2
15020 30 -1.5 116.683351843868 S1_2
15022 30 -1.5 0 S1_2
16064 31 -1.5 0 S1_2
16065 31 -1.5 59.7872265965555 S1_2
16066 31 -1.5 0 S1_2
16067 31 -1.5 0 S1_2
16068 31 -1.5 0 S1_2
15001 31 -1.5 0 S1_2
15002 31 -1.5 0 S1_2
15003 31 -1.5 273.518207575175 S1_2
15007 31 -1.5 89.4817496419788 S1_2
15008 31 -1.5 51.3972296563645 S1_2
15011 31 -1.5 0 S1_2
15014 31 -1.5 316.91091900634 S1_2
15018 31 -1.5 501.109088551583 S1_2
15020 31 -1.5 166.618805778309 S1_2
15022 31 -1.5 0 S1_2
16064 1 -3 0 S1_2
16065 1 -3 0 S1_2
16066 1 -3 0 S1_2
16067 1 -3 0 S1_2
16068 1 -3 0 S1_2
15001 1 -3 0 S1_2
15002 1 -3 0 S1_2
15003 1 -3 0 S1_2
15007 1 -3 0 S1_2
15008 1 -3 0 S1_2
15011 1 -3 0 S1_2
15014 1 -3 0 S1_2
15018 1 -3 0 S1_2
15020 1 -3 0 S1_2
15022 1 -3 0 S1_2
16064 2 -3 0 S1_2
16065 2 -3 0 S1_2
16066 2 -3 0 S1_2
16067 2 -3 0 S1_2
16068 2 -3 0 S1_2
15001 2 -3 0 S1_2
15002 2 -3 0 S1_2
15003 2 -3 142.459287549788 S1_2
15007 2 -3 53.0273327671426 S1_2
15008 2 -3 53.1454892503593 S1_2
15011 2 -3 0 S1_2
15014 2 -3 146.455967105573 S1_2
15018 2 -3 250.390108737848 S1_2
15020 2 -3 0 S1_2
15022 2 -3 0 S1_2
16064 3 -3 0 S1_2
16065 3 -3 0 S1_2
16066 3 -3 0 S1_2
16067 3 -3 0 S1_2
16068 3 -3 0 S1_2
15001 3 -3 0 S1_2
15002 3 -3 0 S1_2
15003 3 -3 1.72566833150465 S1_2
15007 3 -3 0 S1_2
15008 3 -3 0 S1_2
15011 3 -3 0 S1_2
15014 3 -3 10.4806053358418 S1_2
15018 3 -3 11.7562402917802 S1_2
15020 3 -3 0 S1_2
15022 3 -3 0 S1_2
16064 4 -3 0 S1_2
16065 4 -3 0 S1_2
16066 4 -3 0 S1_2
16067 4 -3 0 S1_2
16068 4 -3 0 S1_2
15001 4 -3 0 S1_2
15002 4 -3 0 S1_2
15003 4 -3 0 S1_2
15007 4 -3 0 S1_2
15008 4 -3 0 S1_2
15011 4 -3 0 S1_2
15014 4 -3 0 S1_2
15018 4 -3 0 S1_2
15020 4 -3 0 S1_2
15022 4 -3 0 S1_2
16064 5 -3 0 S1_2
16065 5 -3 0 S1_2
16066 5 -3 0 S1_2
16067 5 -3 0 S1_2
16068 5 -3 0 S1_2
15001 5 -3 0 S1_2
15002 5 -3 0 S1_2
15003 5 -3 0 S1_2
15007 5 -3 0 S1_2
15008 5 -3 0 S1_2
15011 5 -3 0 S1_2
15014 5 -3 0 S1_2
15018 5 -3 0 S1_2
15020 5 -3 0 S1_2
15022 5 -3 0 S1_2
16064 6 -3 0 S1_2
16065 6 -3 43.400299508788 S1_2
16066 6 -3 0 S1_2
16067 6 -3 0 S1_2
16068 6 -3 0 S1_2
15001 6 -3 2.46724400274396 S1_2
15002 6 -3 41.2760487240008 S1_2
15003 6 -3 150.805012223167 S1_2
15007 6 -3 39.7073445054101 S1_2
15008 6 -3 24.3838299256773 S1_2
15011 6 -3 0 S1_2
15014 6 -3 268.725259459238 S1_2
15018 6 -3 249.0909433996 S1_2
15020 6 -3 158.94184648817 S1_2
15022 6 -3 0 S1_2
16064 7 -3 0 S1_2
16065 7 -3 0 S1_2
16066 7 -3 0 S1_2
16067 7 -3 0 S1_2
16068 7 -3 0 S1_2
15001 7 -3 0 S1_2
15002 7 -3 0 S1_2
15003 7 -3 154.480918696864 S1_2
15007 7 -3 63.2857486588026 S1_2
15008 7 -3 60.9990286226299 S1_2
15011 7 -3 0 S1_2
15014 7 -3 161.308580936387 S1_2
15018 7 -3 267.62362401652 S1_2
15020 7 -3 0 S1_2
15022 7 -3 0 S1_2
16064 8 -3 0 S1_2
16065 8 -3 0 S1_2
16066 8 -3 0 S1_2
16067 8 -3 0 S1_2
16068 8 -3 0 S1_2
15001 8 -3 0 S1_2
15002 8 -3 0 S1_2
15003 8 -3 1.99552944088631 S1_2
15007 8 -3 0 S1_2
15008 8 -3 0 S1_2
15011 8 -3 0 S1_2
15014 8 -3 13.8027590745823 S1_2
15018 8 -3 12.9172237213584 S1_2
15020 8 -3 10.9760801954585 S1_2
15022 8 -3 0 S1_2
16064 9 -3 0 S1_2
16065 9 -3 0 S1_2
16066 9 -3 0 S1_2
16067 9 -3 0 S1_2
16068 9 -3 0 S1_2
15001 9 -3 0 S1_2
15002 9 -3 0 S1_2
15003 9 -3 10.8042114711795 S1_2
15007 9 -3 0 S1_2
15008 9 -3 0 S1_2
15011 9 -3 0 S1_2
15014 9 -3 47.9923047573574 S1_2
15018 9 -3 39.5276842946124 S1_2
15020 9 -3 12.8028937330441 S1_2
15022 9 -3 0 S1_2
16064 10 -3 0 S1_2
16065 10 -3 0 S1_2
16066 10 -3 0 S1_2
16067 10 -3 0 S1_2
16068 10 -3 0 S1_2
15001 10 -3 0 S1_2
15002 10 -3 0 S1_2
15003 10 -3 0 S1_2
15007 10 -3 0 S1_2
15008 10 -3 0 S1_2
15011 10 -3 0 S1_2
15014 10 -3 6.66846202310325 S1_2
15018 10 -3 5.29972158951422 S1_2
15020 10 -3 3.95334168787495 S1_2
15022 10 -3 0 S1_2
16064 11 -3 0 S1_2
16065 11 -3 0 S1_2
16066 11 -3 0 S1_2
16067 11 -3 0 S1_2
16068 11 -3 0 S1_2
15001 11 -3 0 S1_2
15002 11 -3 0 S1_2
15003 11 -3 0 S1_2
15007 11 -3 0 S1_2
15008 11 -3 0 S1_2
15011 11 -3 0 S1_2
15014 11 -3 0 S1_2
15018 11 -3 0 S1_2
15020 11 -3 0 S1_2
15022 11 -3 0 S1_2
16064 12 -3 0 S1_2
16065 12 -3 0 S1_2
16066 12 -3 0 S1_2
16067 12 -3 0 S1_2
16068 12 -3 0 S1_2
15001 12 -3 0 S1_2
15002 12 -3 0 S1_2
15003 12 -3 0 S1_2
15007 12 -3 0 S1_2
15008 12 -3 0 S1_2
15011 12 -3 0 S1_2
15014 12 -3 0 S1_2
15018 12 -3 0 S1_2
15020 12 -3 0 S1_2
15022 12 -3 0 S1_2
16064 13 -3 0 S1_2
16065 13 -3 0 S1_2
16066 13 -3 0 S1_2
16067 13 -3 0 S1_2
16068 13 -3 0 S1_2
15001 13 -3 0 S1_2
15002 13 -3 0 S1_2
15003 13 -3 2.8129013739268 S1_2
15007 13 -3 0 S1_2
15008 13 -3 0 S1_2
15011 13 -3 0 S1_2
15014 13 -3 8.68987748301776 S1_2
15018 13 -3 13.8908633291441 S1_2
15020 13 -3 0 S1_2
15022 13 -3 0 S1_2
16064 14 -3 1.07957868324137 S1_2
16065 14 -3 8.46366710529479 S1_2
16066 14 -3 0 S1_2
16067 14 -3 0 S1_2
16068 14 -3 0 S1_2
15001 14 -3 0 S1_2
15002 14 -3 0 S1_2
15003 14 -3 200.673490677617 S1_2
15007 14 -3 76.8852983581187 S1_2
15008 14 -3 67.2032527350644 S1_2
15011 14 -3 0 S1_2
15014 14 -3 287.323599412238 S1_2
15018 14 -3 323.843703491408 S1_2
15020 14 -3 66.2154268525867 S1_2
15022 14 -3 0 S1_2
16064 15 -3 22.1491601376201 S1_2
16065 15 -3 169.524821685936 S1_2
16066 15 -3 101.288165119356 S1_2
16067 15 -3 0 S1_2
16068 15 -3 42.6790550999103 S1_2
15001 15 -3 43.5171143176664 S1_2
15002 15 -3 172.952255040946 S1_2
15003 15 -3 210.594672345012 S1_2
15007 15 -3 83.9859855191323 S1_2
15008 15 -3 50.9684978630286 S1_2
15011 15 -3 0 S1_2
15014 15 -3 385.738027704977 S1_2
15018 15 -3 376.20882148132 S1_2
15020 15 -3 291.952740456342 S1_2
15022 15 -3 0 S1_2
16064 16 -3 0 S1_2
16065 16 -3 18.9726377734991 S1_2
16066 16 -3 0 S1_2
16067 16 -3 0 S1_2
16068 16 -3 0 S1_2
15001 16 -3 0 S1_2
15002 16 -3 10.8120379741164 S1_2
15003 16 -3 27.3805536347281 S1_2
15007 16 -3 0 S1_2
15008 16 -3 0 S1_2
15011 16 -3 0 S1_2
15014 16 -3 79.8384468123937 S1_2
15018 16 -3 69.9642981420223 S1_2
15020 16 -3 57.5219854403235 S1_2
15022 16 -3 0 S1_2
16064 17 -3 0 S1_2
16065 17 -3 35.9268676481481 S1_2
16066 17 -3 0 S1_2
16067 17 -3 0 S1_2
16068 17 -3 0 S1_2
15001 17 -3 2.12121970954714 S1_2
15002 17 -3 9.93517155457221 S1_2
15003 17 -3 178.138530233609 S1_2
15007 17 -3 54.0751174088729 S1_2
15008 17 -3 42.3460996226168 S1_2
15011 17 -3 0 S1_2
15014 17 -3 293.471301863243 S1_2
15018 17 -3 284.250586184614 S1_2
15020 17 -3 155.315794903405 S1_2
15022 17 -3 0 S1_2
16064 18 -3 0 S1_2
16065 18 -3 0 S1_2
16066 18 -3 0 S1_2
16067 18 -3 0 S1_2
16068 18 -3 0 S1_2
15001 18 -3 0 S1_2
15002 18 -3 0 S1_2
15003 18 -3 0 S1_2
15007 18 -3 0 S1_2
15008 18 -3 0 S1_2
15011 18 -3 0 S1_2
15014 18 -3 0 S1_2
15018 18 -3 0 S1_2
15020 18 -3 0 S1_2
15022 18 -3 0 S1_2
16064 19 -3 0 S1_2
16065 19 -3 0 S1_2
16066 19 -3 0 S1_2
16067 19 -3 0 S1_2
16068 19 -3 0 S1_2
15001 19 -3 0 S1_2
15002 19 -3 0 S1_2
15003 19 -3 1.77946376728407 S1_2
15007 19 -3 0 S1_2
15008 19 -3 0 S1_2
15011 19 -3 0 S1_2
15014 19 -3 15.4977198371122 S1_2
15018 19 -3 12.4990943573896 S1_2
15020 19 -3 8.63826501076914 S1_2
15022 19 -3 0 S1_2
16064 20 -3 2.66849811936943 S1_2
16065 20 -3 108.436398740965 S1_2
16066 20 -3 12.4898075673567 S1_2
16067 20 -3 0 S1_2
16068 20 -3 10.2876240001437 S1_2
15001 20 -3 4.6927283846186 S1_2
15002 20 -3 101.038862417267 S1_2
15003 20 -3 116.588950137519 S1_2
15007 20 -3 22.0070836266902 S1_2
15008 20 -3 7.1132855315189 S1_2
15011 20 -3 0 S1_2
15014 20 -3 216.576713938524 S1_2
15018 20 -3 197.641644903328 S1_2
15020 20 -3 160.456316303907 S1_2
15022 20 -3 0 S1_2
16064 21 -3 0 S1_2
16065 21 -3 0 S1_2
16066 21 -3 0 S1_2
16067 21 -3 0 S1_2
16068 21 -3 0 S1_2
15001 21 -3 0 S1_2
15002 21 -3 0 S1_2
15003 21 -3 0 S1_2
15007 21 -3 0 S1_2
15008 21 -3 0 S1_2
15011 21 -3 0 S1_2
15014 21 -3 0 S1_2
15018 21 -3 0 S1_2
15020 21 -3 0 S1_2
15022 21 -3 0 S1_2
16064 22 -3 0 S1_2
16065 22 -3 0 S1_2
16066 22 -3 0 S1_2
16067 22 -3 0 S1_2
16068 22 -3 0 S1_2
15001 22 -3 0 S1_2
15002 22 -3 0 S1_2
15003 22 -3 0 S1_2
15007 22 -3 0 S1_2
15008 22 -3 0 S1_2
15011 22 -3 0 S1_2
15014 22 -3 1.21578876124378 S1_2
15018 22 -3 0 S1_2
15020 22 -3 0 S1_2
15022 22 -3 0 S1_2
16064 23 -3 0 S1_2
16065 23 -3 0 S1_2
16066 23 -3 0 S1_2
16067 23 -3 0 S1_2
16068 23 -3 0 S1_2
15001 23 -3 0 S1_2
15002 23 -3 0 S1_2
15003 23 -3 18.1237475774641 S1_2
15007 23 -3 0 S1_2
15008 23 -3 0 S1_2
15011 23 -3 0 S1_2
15014 23 -3 70.4712309297285 S1_2
15018 23 -3 56.1110971354955 S1_2
15020 23 -3 31.701801293823 S1_2
15022 23 -3 0 S1_2
16064 24 -3 0 S1_2
16065 24 -3 0 S1_2
16066 24 -3 0 S1_2
16067 24 -3 0 S1_2
16068 24 -3 0 S1_2
15001 24 -3 0 S1_2
15002 24 -3 0 S1_2
15003 24 -3 0 S1_2
15007 24 -3 0 S1_2
15008 24 -3 0 S1_2
15011 24 -3 0 S1_2
15014 24 -3 1.71211214041749 S1_2
15018 24 -3 1.2744887555319 S1_2
15020 24 -3 0 S1_2
15022 24 -3 0 S1_2
16064 25 -3 0 S1_2
16065 25 -3 0 S1_2
16066 25 -3 0 S1_2
16067 25 -3 0 S1_2
16068 25 -3 0 S1_2
15001 25 -3 0 S1_2
15002 25 -3 0 S1_2
15003 25 -3 132.99536728152 S1_2
15007 25 -3 30.198841775147 S1_2
15008 25 -3 27.5580484520002 S1_2
15011 25 -3 0 S1_2
15014 25 -3 204.540582287086 S1_2
15018 25 -3 224.225843514365 S1_2
15020 25 -3 19.3844760336162 S1_2
15022 25 -3 0 S1_2
16064 26 -3 0 S1_2
16065 26 -3 4.33521050200862 S1_2
16066 26 -3 0 S1_2
16067 26 -3 0 S1_2
16068 26 -3 0 S1_2
15001 26 -3 0 S1_2
15002 26 -3 2.11721967130279 S1_2
15003 26 -3 7.86494469906689 S1_2
15007 26 -3 0 S1_2
15008 26 -3 0 S1_2
15011 26 -3 0 S1_2
15014 26 -3 44.7028285617013 S1_2
15018 26 -3 36.7557054769469 S1_2
15020 26 -3 31.3078694849325 S1_2
15022 26 -3 0 S1_2
16064 27 -3 0 S1_2
16065 27 -3 0 S1_2
16066 27 -3 0 S1_2
16067 27 -3 0 S1_2
16068 27 -3 0 S1_2
15001 27 -3 0 S1_2
15002 27 -3 0 S1_2
15003 27 -3 17.0869205986449 S1_2
15007 27 -3 0 S1_2
15008 27 -3 0 S1_2
15011 27 -3 0 S1_2
15014 27 -3 3.10835584573968 S1_2
15018 27 -3 74.1563191055632 S1_2
15020 27 -3 0 S1_2
15022 27 -3 0 S1_2
16064 28 -3 0 S1_2
16065 28 -3 34.6754217864353 S1_2
16066 28 -3 0 S1_2
16067 28 -3 0 S1_2
16068 28 -3 0 S1_2
15001 28 -3 0 S1_2
15002 28 -3 13.6488923360666 S1_2
15003 28 -3 28.8245942397822 S1_2
15007 28 -3 0 S1_2
15008 28 -3 0 S1_2
15011 28 -3 0 S1_2
15014 28 -3 89.025112129294 S1_2
15018 28 -3 74.9152678088573 S1_2
15020 28 -3 60.8059541073221 S1_2
15022 28 -3 0 S1_2
16064 29 -3 0 S1_2
16065 29 -3 0 S1_2
16066 29 -3 0 S1_2
16067 29 -3 0 S1_2
16068 29 -3 0 S1_2
15001 29 -3 0 S1_2
15002 29 -3 0 S1_2
15003 29 -3 0 S1_2
15007 29 -3 0 S1_2
15008 29 -3 0 S1_2
15011 29 -3 0 S1_2
15014 29 -3 0 S1_2
15018 29 -3 0 S1_2
15020 29 -3 0 S1_2
15022 29 -3 0 S1_2
16064 30 -3 0 S1_2
16065 30 -3 1.26687690469236 S1_2
16066 30 -3 0 S1_2
16067 30 -3 0 S1_2
16068 30 -3 0 S1_2
15001 30 -3 0 S1_2
15002 30 -3 0 S1_2
15003 30 -3 152.321649394643 S1_2
15007 30 -3 42.3798678282799 S1_2
15008 30 -3 39.6443246271423 S1_2
15011 30 -3 0 S1_2
15014 30 -3 224.146878743161 S1_2
15018 30 -3 250.020357570358 S1_2
15020 30 -3 31.5417506732125 S1_2
15022 30 -3 0 S1_2
16064 31 -3 0 S1_2
16065 31 -3 0 S1_2
16066 31 -3 0 S1_2
16067 31 -3 0 S1_2
16068 31 -3 0 S1_2
15001 31 -3 0 S1_2
15002 31 -3 0 S1_2
15003 31 -3 25.4486825426354 S1_2
15007 31 -3 0 S1_2
15008 31 -3 0 S1_2
15011 31 -3 0 S1_2
15014 31 -3 99.3236853702785 S1_2
15018 31 -3 79.4244936452046 S1_2
15020 31 -3 1.88509344729979 S1_2
15022 31 -3 0 S1_2
16064 1 -5 0 S1_2
16065 1 -5 0 S1_2
16066 1 -5 0 S1_2
16067 1 -5 0 S1_2
16068 1 -5 0 S1_2
15001 1 -5 0 S1_2
15002 1 -5 0 S1_2
15003 1 -5 0 S1_2
15007 1 -5 0 S1_2
15008 1 -5 0 S1_2
15011 1 -5 0 S1_2
15014 1 -5 0 S1_2
15018 1 -5 0 S1_2
15020 1 -5 0 S1_2
15022 1 -5 0 S1_2
16064 2 -5 0 S1_2
16065 2 -5 0 S1_2
16066 2 -5 0 S1_2
16067 2 -5 0 S1_2
16068 2 -5 0 S1_2
15001 2 -5 0 S1_2
15002 2 -5 0 S1_2
15003 2 -5 58.6330933100851 S1_2
15007 2 -5 2.42225840764362 S1_2
15008 2 -5 4.16627047047274 S1_2
15011 2 -5 0 S1_2
15014 2 -5 42.5835298687581 S1_2
15018 2 -5 132.671293705691 S1_2
15020 2 -5 0 S1_2
15022 2 -5 0 S1_2
16064 3 -5 0 S1_2
16065 3 -5 0 S1_2
16066 3 -5 0 S1_2
16067 3 -5 0 S1_2
16068 3 -5 0 S1_2
15001 3 -5 0 S1_2
15002 3 -5 0 S1_2
15003 3 -5 0 S1_2
15007 3 -5 0 S1_2
15008 3 -5 0 S1_2
15011 3 -5 0 S1_2
15014 3 -5 0 S1_2
15018 3 -5 0 S1_2
15020 3 -5 0 S1_2
15022 3 -5 0 S1_2
16064 4 -5 0 S1_2
16065 4 -5 0 S1_2
16066 4 -5 0 S1_2
16067 4 -5 0 S1_2
16068 4 -5 0 S1_2
15001 4 -5 0 S1_2
15002 4 -5 0 S1_2
15003 4 -5 0 S1_2
15007 4 -5 0 S1_2
15008 4 -5 0 S1_2
15011 4 -5 0 S1_2
15014 4 -5 0 S1_2
15018 4 -5 0 S1_2
15020 4 -5 0 S1_2
15022 4 -5 0 S1_2
16064 5 -5 0 S1_2
16065 5 -5 0 S1_2
16066 5 -5 0 S1_2
16067 5 -5 0 S1_2
16068 5 -5 0 S1_2
15001 5 -5 0 S1_2
15002 5 -5 0 S1_2
15003 5 -5 0 S1_2
15007 5 -5 0 S1_2
15008 5 -5 0 S1_2
15011 5 -5 0 S1_2
15014 5 -5 0 S1_2
15018 5 -5 0 S1_2
15020 5 -5 0 S1_2
15022 5 -5 0 S1_2
16064 6 -5 0 S1_2
16065 6 -5 0 S1_2
16066 6 -5 0 S1_2
16067 6 -5 0 S1_2
16068 6 -5 0 S1_2
15001 6 -5 0 S1_2
15002 6 -5 0 S1_2
15003 6 -5 7.19874575280465 S1_2
15007 6 -5 0 S1_2
15008 6 -5 0 S1_2
15011 6 -5 0 S1_2
15014 6 -5 45.3566322310341 S1_2
15018 6 -5 30.6771216985081 S1_2
15020 6 -5 8.82863045478997 S1_2
15022 6 -5 0 S1_2
16064 7 -5 0 S1_2
16065 7 -5 0 S1_2
16066 7 -5 0 S1_2
16067 7 -5 0 S1_2
16068 7 -5 0 S1_2
15001 7 -5 0 S1_2
15002 7 -5 0 S1_2
15003 7 -5 74.3454659854862 S1_2
15007 7 -5 6.06417763283148 S1_2
15008 7 -5 9.5102259734841 S1_2
15011 7 -5 0 S1_2
15014 7 -5 66.573551765366 S1_2
15018 7 -5 153.478850801546 S1_2
15020 7 -5 0 S1_2
15022 7 -5 0 S1_2
16064 8 -5 0 S1_2
16065 8 -5 0 S1_2
16066 8 -5 0 S1_2
16067 8 -5 0 S1_2
16068 8 -5 0 S1_2
15001 8 -5 0 S1_2
15002 8 -5 0 S1_2
15003 8 -5 0 S1_2
15007 8 -5 0 S1_2
15008 8 -5 0 S1_2
15011 8 -5 0 S1_2
15014 8 -5 0 S1_2
15018 8 -5 0 S1_2
15020 8 -5 0 S1_2
15022 8 -5 0 S1_2
16064 9 -5 0 S1_2
16065 9 -5 0 S1_2
16066 9 -5 0 S1_2
16067 9 -5 0 S1_2
16068 9 -5 0 S1_2
15001 9 -5 0 S1_2
15002 9 -5 0 S1_2
15003 9 -5 0 S1_2
15007 9 -5 0 S1_2
15008 9 -5 0 S1_2
15011 9 -5 0 S1_2
15014 9 -5 0 S1_2
15018 9 -5 0 S1_2
15020 9 -5 0 S1_2
15022 9 -5 0 S1_2
16064 10 -5 0 S1_2
16065 10 -5 0 S1_2
16066 10 -5 0 S1_2
16067 10 -5 0 S1_2
16068 10 -5 0 S1_2
15001 10 -5 0 S1_2
15002 10 -5 0 S1_2
15003 10 -5 0 S1_2
15007 10 -5 0 S1_2
15008 10 -5 0 S1_2
15011 10 -5 0 S1_2
15014 10 -5 0 S1_2
15018 10 -5 0 S1_2
15020 10 -5 0 S1_2
15022 10 -5 0 S1_2
16064 11 -5 0 S1_2
16065 11 -5 0 S1_2
16066 11 -5 0 S1_2
16067 11 -5 0 S1_2
16068 11 -5 0 S1_2
15001 11 -5 0 S1_2
15002 11 -5 0 S1_2
15003 11 -5 0 S1_2
15007 11 -5 0 S1_2
15008 11 -5 0 S1_2
15011 11 -5 0 S1_2
15014 11 -5 0 S1_2
15018 11 -5 0 S1_2
15020 11 -5 0 S1_2
15022 11 -5 0 S1_2
16064 12 -5 0 S1_2
16065 12 -5 0 S1_2
16066 12 -5 0 S1_2
16067 12 -5 0 S1_2
16068 12 -5 0 S1_2
15001 12 -5 0 S1_2
15002 12 -5 0 S1_2
15003 12 -5 0 S1_2
15007 12 -5 0 S1_2
15008 12 -5 0 S1_2
15011 12 -5 0 S1_2
15014 12 -5 0 S1_2
15018 12 -5 0 S1_2
15020 12 -5 0 S1_2
15022 12 -5 0 S1_2
16064 13 -5 0 S1_2
16065 13 -5 0 S1_2
16066 13 -5 0 S1_2
16067 13 -5 0 S1_2
16068 13 -5 0 S1_2
15001 13 -5 0 S1_2
15002 13 -5 0 S1_2
15003 13 -5 0 S1_2
15007 13 -5 0 S1_2
15008 13 -5 0 S1_2
15011 13 -5 0 S1_2
15014 13 -5 0 S1_2
15018 13 -5 0 S1_2
15020 13 -5 0 S1_2
15022 13 -5 0 S1_2
16064 14 -5 0 S1_2
16065 14 -5 0 S1_2
16066 14 -5 0 S1_2
16067 14 -5 0 S1_2
16068 14 -5 0 S1_2
15001 14 -5 0 S1_2
15002 14 -5 0 S1_2
15003 14 -5 87.5883439748568 S1_2
15007 14 -5 4.6190095713382 S1_2
15008 14 -5 5.63524407208895 S1_2
15011 14 -5 0 S1_2
15014 14 -5 147.427693036665 S1_2
15018 14 -5 153.309423655013 S1_2
15020 14 -5 1.98116128336676 S1_2
15022 14 -5 0 S1_2
16064 15 -5 0 S1_2
16065 15 -5 12.7868639495007 S1_2
16066 15 -5 1.60944855832754 S1_2
16067 15 -5 0 S1_2
16068 15 -5 0 S1_2
15001 15 -5 0 S1_2
15002 15 -5 22.3920640882313 S1_2
15003 15 -5 51.9086213648068 S1_2
15007 15 -5 0 S1_2
15008 15 -5 0 S1_2
15011 15 -5 0 S1_2
15014 15 -5 130.629905192873 S1_2
15018 15 -5 104.448001702258 S1_2
15020 15 -5 81.6092934372195 S1_2
15022 15 -5 0 S1_2
16064 16 -5 0 S1_2
16065 16 -5 0 S1_2
16066 16 -5 0 S1_2
16067 16 -5 0 S1_2
16068 16 -5 0 S1_2
15001 16 -5 0 S1_2
15002 16 -5 0 S1_2
15003 16 -5 0 S1_2
15007 16 -5 0 S1_2
15008 16 -5 0 S1_2
15011 16 -5 0 S1_2
15014 16 -5 0 S1_2
15018 16 -5 0 S1_2
15020 16 -5 0 S1_2
15022 16 -5 0 S1_2
16064 17 -5 0 S1_2
16065 17 -5 0 S1_2
16066 17 -5 0 S1_2
16067 17 -5 0 S1_2
16068 17 -5 0 S1_2
15001 17 -5 0 S1_2
15002 17 -5 0 S1_2
15003 17 -5 47.0031247440574 S1_2
15007 17 -5 0 S1_2
15008 17 -5 0 S1_2
15011 17 -5 0 S1_2
15014 17 -5 109.502315318441 S1_2
15018 17 -5 92.8218265732243 S1_2
15020 17 -5 31.3328786795585 S1_2
15022 17 -5 0 S1_2
16064 18 -5 0 S1_2
16065 18 -5 0 S1_2
16066 18 -5 0 S1_2
16067 18 -5 0 S1_2
16068 18 -5 0 S1_2
15001 18 -5 0 S1_2
15002 18 -5 0 S1_2
15003 18 -5 0 S1_2
15007 18 -5 0 S1_2
15008 18 -5 0 S1_2
15011 18 -5 0 S1_2
15014 18 -5 0 S1_2
15018 18 -5 0 S1_2
15020 18 -5 0 S1_2
15022 18 -5 0 S1_2
16064 19 -5 0 S1_2
16065 19 -5 0 S1_2
16066 19 -5 0 S1_2
16067 19 -5 0 S1_2
16068 19 -5 0 S1_2
15001 19 -5 0 S1_2
15002 19 -5 0 S1_2
15003 19 -5 0 S1_2
15007 19 -5 0 S1_2
15008 19 -5 0 S1_2
15011 19 -5 0 S1_2
15014 19 -5 0 S1_2
15018 19 -5 0 S1_2
15020 19 -5 0 S1_2
15022 19 -5 0 S1_2
16064 20 -5 0 S1_2
16065 20 -5 0 S1_2
16066 20 -5 0 S1_2
16067 20 -5 0 S1_2
16068 20 -5 0 S1_2
15001 20 -5 0 S1_2
15002 20 -5 0 S1_2
15003 20 -5 0 S1_2
15007 20 -5 0 S1_2
15008 20 -5 0 S1_2
15011 20 -5 0 S1_2
15014 20 -5 3.25308440917511 S1_2
15018 20 -5 1.90403252939923 S1_2
15020 20 -5 1.71337176756482 S1_2
15022 20 -5 0 S1_2
16064 21 -5 0 S1_2
16065 21 -5 0 S1_2
16066 21 -5 0 S1_2
16067 21 -5 0 S1_2
16068 21 -5 0 S1_2
15001 21 -5 0 S1_2
15002 21 -5 0 S1_2
15003 21 -5 0 S1_2
15007 21 -5 0 S1_2
15008 21 -5 0 S1_2
15011 21 -5 0 S1_2
15014 21 -5 0 S1_2
15018 21 -5 0 S1_2
15020 21 -5 0 S1_2
15022 21 -5 0 S1_2
16064 22 -5 0 S1_2
16065 22 -5 0 S1_2
16066 22 -5 0 S1_2
16067 22 -5 0 S1_2
16068 22 -5 0 S1_2
15001 22 -5 0 S1_2
15002 22 -5 0 S1_2
15003 22 -5 0 S1_2
15007 22 -5 0 S1_2
15008 22 -5 0 S1_2
15011 22 -5 0 S1_2
15014 22 -5 0 S1_2
15018 22 -5 0 S1_2
15020 22 -5 0 S1_2
15022 22 -5 0 S1_2
16064 23 -5 0 S1_2
16065 23 -5 0 S1_2
16066 23 -5 0 S1_2
16067 23 -5 0 S1_2
16068 23 -5 0 S1_2
15001 23 -5 0 S1_2
15002 23 -5 0 S1_2
15003 23 -5 0 S1_2
15007 23 -5 0 S1_2
15008 23 -5 0 S1_2
15011 23 -5 0 S1_2
15014 23 -5 0 S1_2
15018 23 -5 0 S1_2
15020 23 -5 0 S1_2
15022 23 -5 0 S1_2
16064 24 -5 0 S1_2
16065 24 -5 0 S1_2
16066 24 -5 0 S1_2
16067 24 -5 0 S1_2
16068 24 -5 0 S1_2
15001 24 -5 0 S1_2
15002 24 -5 0 S1_2
15003 24 -5 0 S1_2
15007 24 -5 0 S1_2
15008 24 -5 0 S1_2
15011 24 -5 0 S1_2
15014 24 -5 0 S1_2
15018 24 -5 0 S1_2
15020 24 -5 0 S1_2
15022 24 -5 0 S1_2
16064 25 -5 0 S1_2
16065 25 -5 0 S1_2
16066 25 -5 0 S1_2
16067 25 -5 0 S1_2
16068 25 -5 0 S1_2
15001 25 -5 0 S1_2
15002 25 -5 0 S1_2
15003 25 -5 6.86793820612654 S1_2
15007 25 -5 0 S1_2
15008 25 -5 0 S1_2
15011 25 -5 0 S1_2
15014 25 -5 22.5830756244547 S1_2
15018 25 -5 35.9228329693387 S1_2
15020 25 -5 0 S1_2
15022 25 -5 0 S1_2
16064 26 -5 0 S1_2
16065 26 -5 0 S1_2
16066 26 -5 0 S1_2
16067 26 -5 0 S1_2
16068 26 -5 0 S1_2
15001 26 -5 0 S1_2
15002 26 -5 0 S1_2
15003 26 -5 0 S1_2
15007 26 -5 0 S1_2
15008 26 -5 0 S1_2
15011 26 -5 0 S1_2
15014 26 -5 0 S1_2
15018 26 -5 0 S1_2
15020 26 -5 0 S1_2
15022 26 -5 0 S1_2
16064 27 -5 0 S1_2
16065 27 -5 0 S1_2
16066 27 -5 0 S1_2
16067 27 -5 0 S1_2
16068 27 -5 0 S1_2
15001 27 -5 0 S1_2
15002 27 -5 0 S1_2
15003 27 -5 0 S1_2
15007 27 -5 0 S1_2
15008 27 -5 0 S1_2
15011 27 -5 0 S1_2
15014 27 -5 0 S1_2
15018 27 -5 0 S1_2
15020 27 -5 0 S1_2
15022 27 -5 0 S1_2
16064 28 -5 0 S1_2
16065 28 -5 0 S1_2
16066 28 -5 0 S1_2
16067 28 -5 0 S1_2
16068 28 -5 0 S1_2
15001 28 -5 0 S1_2
15002 28 -5 0 S1_2
15003 28 -5 0 S1_2
15007 28 -5 0 S1_2
15008 28 -5 0 S1_2
15011 28 -5 0 S1_2
15014 28 -5 0 S1_2
15018 28 -5 0 S1_2
15020 28 -5 0 S1_2
15022 28 -5 0 S1_2
16064 29 -5 0 S1_2
16065 29 -5 0 S1_2
16066 29 -5 0 S1_2
16067 29 -5 0 S1_2
16068 29 -5 0 S1_2
15001 29 -5 0 S1_2
15002 29 -5 0 S1_2
15003 29 -5 0 S1_2
15007 29 -5 0 S1_2
15008 29 -5 0 S1_2
15011 29 -5 0 S1_2
15014 29 -5 0 S1_2
15018 29 -5 0 S1_2
15020 29 -5 0 S1_2
15022 29 -5 0 S1_2
16064 30 -5 0 S1_2
16065 30 -5 0 S1_2
16066 30 -5 0 S1_2
16067 30 -5 0 S1_2
16068 30 -5 0 S1_2
15001 30 -5 0 S1_2
15002 30 -5 0 S1_2
15003 30 -5 30.4354935340256 S1_2
15007 30 -5 0 S1_2
15008 30 -5 0 S1_2
15011 30 -5 0 S1_2
15014 30 -5 62.174118946164 S1_2
15018 30 -5 76.8208098136229 S1_2
15020 30 -5 0 S1_2
15022 30 -5 0 S1_2
16064 31 -5 0 S1_2
16065 31 -5 0 S1_2
16066 31 -5 0 S1_2
16067 31 -5 0 S1_2
16068 31 -5 0 S1_2
15001 31 -5 0 S1_2
15002 31 -5 0 S1_2
15003 31 -5 0 S1_2
15007 31 -5 0 S1_2
15008 31 -5 0 S1_2
15011 31 -5 0 S1_2
15014 31 -5 0 S1_2
15018 31 -5 0 S1_2
15020 31 -5 0 S1_2
15022 31 -5 0 S1_2
