speciesID lakeID variable value scenario
16046 1 -0.5 122.467292898596 S1_2
16047 1 -0.5 354.701643067559 S1_2
16049 1 -0.5 107.503484403176 S1_2
16050 1 -0.5 447.777399458159 S1_2
16052 1 -0.5 747.224019531421 S1_2
16053 1 -0.5 0 S1_2
16054 1 -0.5 205.82794110063 S1_2
16055 1 -0.5 1346.23560784093 S1_2
16056 1 -0.5 0 S1_2
16057 1 -0.5 532.548187218075 S1_2
16058 1 -0.5 0 S1_2
16059 1 -0.5 6.6607777738074 S1_2
16060 1 -0.5 54.47315712502 S1_2
16062 1 -0.5 158.220313169274 S1_2
16063 1 -0.5 55.3743845380375 S1_2
16046 2 -0.5 3.00405728749465 S1_2
16047 2 -0.5 95.1311970061538 S1_2
16049 2 -0.5 15.6546956015508 S1_2
16050 2 -0.5 0 S1_2
16052 2 -0.5 106.164318371413 S1_2
16053 2 -0.5 0 S1_2
16054 2 -0.5 12.4388268775835 S1_2
16055 2 -0.5 152.990507827608 S1_2
16056 2 -0.5 0 S1_2
16057 2 -0.5 183.415206371961 S1_2
16058 2 -0.5 0 S1_2
16059 2 -0.5 0 S1_2
16060 2 -0.5 0 S1_2
16062 2 -0.5 19.556998952005 S1_2
16063 2 -0.5 0 S1_2
16046 3 -0.5 15.7971564964574 S1_2
16047 3 -0.5 136.925548845005 S1_2
16049 3 -0.5 32.7017342253945 S1_2
16050 3 -0.5 65.8413198884021 S1_2
16052 3 -0.5 238.848742627056 S1_2
16053 3 -0.5 0 S1_2
16054 3 -0.5 53.7253654801541 S1_2
16055 3 -0.5 325.996621167647 S1_2
16056 3 -0.5 0 S1_2
16057 3 -0.5 235.45977569237 S1_2
16058 3 -0.5 0 S1_2
16059 3 -0.5 0 S1_2
16060 3 -0.5 0 S1_2
16062 3 -0.5 42.5653731932079 S1_2
16063 3 -0.5 0 S1_2
16046 4 -0.5 41.0675967527978 S1_2
16047 4 -0.5 183.348221393928 S1_2
16049 4 -0.5 49.5244109078588 S1_2
16050 4 -0.5 172.82673681362 S1_2
16052 4 -0.5 394.140155550543 S1_2
16053 4 -0.5 0 S1_2
16054 4 -0.5 89.2122443609639 S1_2
16055 4 -0.5 572.95081002251 S1_2
16056 4 -0.5 0 S1_2
16057 4 -0.5 300.08360147693 S1_2
16058 4 -0.5 0 S1_2
16059 4 -0.5 0 S1_2
16060 4 -0.5 0 S1_2
16062 4 -0.5 66.365396972934 S1_2
16063 4 -0.5 0 S1_2
16046 5 -0.5 0 S1_2
16047 5 -0.5 3.00093842818159 S1_2
16049 5 -0.5 0 S1_2
16050 5 -0.5 0 S1_2
16052 5 -0.5 0 S1_2
16053 5 -0.5 0 S1_2
16054 5 -0.5 0 S1_2
16055 5 -0.5 0 S1_2
16056 5 -0.5 0 S1_2
16057 5 -0.5 76.6525604518015 S1_2
16058 5 -0.5 0 S1_2
16059 5 -0.5 0 S1_2
16060 5 -0.5 0 S1_2
16062 5 -0.5 0 S1_2
16063 5 -0.5 0 S1_2
16046 6 -0.5 64.5724581577615 S1_2
16047 6 -0.5 195.913109150212 S1_2
16049 6 -0.5 67.8341914117766 S1_2
16050 6 -0.5 165.055083636119 S1_2
16052 6 -0.5 369.872985306634 S1_2
16053 6 -0.5 0 S1_2
16054 6 -0.5 103.283340660747 S1_2
16055 6 -0.5 510.52385206453 S1_2
16056 6 -0.5 0 S1_2
16057 6 -0.5 305.90494740154 S1_2
16058 6 -0.5 0 S1_2
16059 6 -0.5 0 S1_2
16060 6 -0.5 0 S1_2
16062 6 -0.5 84.7926713040078 S1_2
16063 6 -0.5 0 S1_2
16046 7 -0.5 3.56296191237384 S1_2
16047 7 -0.5 98.5612668146801 S1_2
16049 7 -0.5 17.4666801192873 S1_2
16050 7 -0.5 0 S1_2
16052 7 -0.5 109.753774335967 S1_2
16053 7 -0.5 0 S1_2
16054 7 -0.5 15.0824087742559 S1_2
16055 7 -0.5 156.074661685634 S1_2
16056 7 -0.5 0 S1_2
16057 7 -0.5 186.300014761521 S1_2
16058 7 -0.5 0 S1_2
16059 7 -0.5 0 S1_2
16060 7 -0.5 0 S1_2
16062 7 -0.5 21.5776507351539 S1_2
16063 7 -0.5 0 S1_2
16046 8 -0.5 78.837436790859 S1_2
16047 8 -0.5 234.703576068617 S1_2
16049 8 -0.5 76.5575068885815 S1_2
16050 8 -0.5 269.389489984184 S1_2
16052 8 -0.5 515.166261497864 S1_2
16053 8 -0.5 0 S1_2
16054 8 -0.5 128.231429233786 S1_2
16055 8 -0.5 800.87381590955 S1_2
16056 8 -0.5 0 S1_2
16057 8 -0.5 370.249078511471 S1_2
16058 8 -0.5 0 S1_2
16059 8 -0.5 1.29260522263719 S1_2
16060 8 -0.5 7.53366338020809 S1_2
16062 8 -0.5 104.07322937016 S1_2
16063 8 -0.5 3.11580329115283 S1_2
16046 9 -0.5 44.124748689734 S1_2
16047 9 -0.5 178.38985416575 S1_2
16049 9 -0.5 53.3405620394325 S1_2
16050 9 -0.5 148.84166452795 S1_2
16052 9 -0.5 353.577771591461 S1_2
16053 9 -0.5 0 S1_2
16054 9 -0.5 86.8139003176982 S1_2
16055 9 -0.5 496.694366433512 S1_2
16056 9 -0.5 0 S1_2
16057 9 -0.5 288.907293163708 S1_2
16058 9 -0.5 0 S1_2
16059 9 -0.5 0 S1_2
16060 9 -0.5 0 S1_2
16062 9 -0.5 69.1021177960444 S1_2
16063 9 -0.5 0 S1_2
16046 10 -0.5 82.7492051100223 S1_2
16047 10 -0.5 243.373238891483 S1_2
16049 10 -0.5 77.7816477421806 S1_2
16050 10 -0.5 272.893615412591 S1_2
16052 10 -0.5 526.938121973835 S1_2
16053 10 -0.5 0 S1_2
16054 10 -0.5 135.565761944494 S1_2
16055 10 -0.5 802.94314374826 S1_2
16056 10 -0.5 0 S1_2
16057 10 -0.5 374.593502918549 S1_2
16058 10 -0.5 0 S1_2
16059 10 -0.5 1.57529233801934 S1_2
16060 10 -0.5 6.62244954151357 S1_2
16062 10 -0.5 104.326407814772 S1_2
16063 10 -0.5 11.9632001746421 S1_2
16046 11 -0.5 62.6422496467905 S1_2
16047 11 -0.5 276.286410816103 S1_2
16049 11 -0.5 59.4815419029935 S1_2
16050 11 -0.5 367.180022778641 S1_2
16052 11 -0.5 656.234976175644 S1_2
16053 11 -0.5 0 S1_2
16054 11 -0.5 135.530036085733 S1_2
16055 11 -0.5 1180.43388561262 S1_2
16056 11 -0.5 0 S1_2
16057 11 -0.5 447.834462698131 S1_2
16058 11 -0.5 0 S1_2
16059 11 -0.5 0 S1_2
16060 11 -0.5 11.2322566236705 S1_2
16062 11 -0.5 97.9263089909906 S1_2
16063 11 -0.5 9.43705914387938 S1_2
16046 12 -0.5 82.569727067243 S1_2
16047 12 -0.5 327.226171044225 S1_2
16049 12 -0.5 76.8408552053393 S1_2
16050 12 -0.5 395.847503150421 S1_2
16052 12 -0.5 673.068914737732 S1_2
16053 12 -0.5 0 S1_2
16054 12 -0.5 161.538343269645 S1_2
16055 12 -0.5 1289.40191250188 S1_2
16056 12 -0.5 0 S1_2
16057 12 -0.5 531.476846285333 S1_2
16058 12 -0.5 0 S1_2
16059 12 -0.5 0 S1_2
16060 12 -0.5 22.6860765589745 S1_2
16062 12 -0.5 135.53215600746 S1_2
16063 12 -0.5 13.6586363790007 S1_2
16046 13 -0.5 2.34577002569645 S1_2
16047 13 -0.5 88.1638117940793 S1_2
16049 13 -0.5 12.7525679147539 S1_2
16050 13 -0.5 43.9083407544856 S1_2
16052 13 -0.5 198.700411045237 S1_2
16053 13 -0.5 0 S1_2
16054 13 -0.5 15.8287677081473 S1_2
16055 13 -0.5 294.734353254689 S1_2
16056 13 -0.5 0 S1_2
16057 13 -0.5 200.813185488957 S1_2
16058 13 -0.5 0 S1_2
16059 13 -0.5 0 S1_2
16060 13 -0.5 0 S1_2
16062 13 -0.5 23.8960746553746 S1_2
16063 13 -0.5 0 S1_2
16046 14 -0.5 16.8146267028287 S1_2
16047 14 -0.5 132.681650473512 S1_2
16049 14 -0.5 37.1575266373554 S1_2
16050 14 -0.5 24.4809570368902 S1_2
16052 14 -0.5 189.277076723419 S1_2
16053 14 -0.5 0 S1_2
16054 14 -0.5 48.054509915655 S1_2
16055 14 -0.5 249.584258179458 S1_2
16056 14 -0.5 0 S1_2
16057 14 -0.5 224.822364995053 S1_2
16058 14 -0.5 0 S1_2
16059 14 -0.5 0 S1_2
16060 14 -0.5 0 S1_2
16062 14 -0.5 45.780143093635 S1_2
16063 14 -0.5 0 S1_2
16046 15 -0.5 119.459777882799 S1_2
16047 15 -0.5 278.183118888606 S1_2
16049 15 -0.5 105.361076023536 S1_2
16050 15 -0.5 306.225814638352 S1_2
16052 15 -0.5 565.736240356398 S1_2
16053 15 -0.5 0 S1_2
16054 15 -0.5 172.166929281018 S1_2
16055 15 -0.5 843.56818657551 S1_2
16056 15 -0.5 0 S1_2
16057 15 -0.5 408.762730592589 S1_2
16058 15 -0.5 0 S1_2
16059 15 -0.5 8.91820247490743 S1_2
16060 15 -0.5 26.0831839535826 S1_2
16062 15 -0.5 132.943248850982 S1_2
16063 15 -0.5 39.68151044823 S1_2
16046 16 -0.5 118.695638077831 S1_2
16047 16 -0.5 301.564260849974 S1_2
16049 16 -0.5 106.228290842664 S1_2
16050 16 -0.5 366.380178563915 S1_2
16052 16 -0.5 641.620680385824 S1_2
16053 16 -0.5 0 S1_2
16054 16 -0.5 178.600462148022 S1_2
16055 16 -0.5 1060.38669162468 S1_2
16056 16 -0.5 0 S1_2
16057 16 -0.5 455.503489608021 S1_2
16058 16 -0.5 0 S1_2
16059 16 -0.5 7.06682984249256 S1_2
16060 16 -0.5 46.1058414925425 S1_2
16062 16 -0.5 143.68101213997 S1_2
16063 16 -0.5 35.3333444642593 S1_2
16046 17 -0.5 30.7784845850394 S1_2
16047 17 -0.5 152.473035225488 S1_2
16049 17 -0.5 48.724024972964 S1_2
16050 17 -0.5 102.245051264057 S1_2
16052 17 -0.5 279.231362353125 S1_2
16053 17 -0.5 0 S1_2
16054 17 -0.5 66.4512673453095 S1_2
16055 17 -0.5 382.952407232672 S1_2
16056 17 -0.5 0 S1_2
16057 17 -0.5 258.778109390203 S1_2
16058 17 -0.5 0 S1_2
16059 17 -0.5 0 S1_2
16060 17 -0.5 0 S1_2
16062 17 -0.5 63.2642783435965 S1_2
16063 17 -0.5 0 S1_2
16046 18 -0.5 97.4539441415651 S1_2
16047 18 -0.5 313.624622805762 S1_2
16049 18 -0.5 89.7578097997998 S1_2
16050 18 -0.5 393.674578025772 S1_2
16052 18 -0.5 674.969285003226 S1_2
16053 18 -0.5 0 S1_2
16054 18 -0.5 168.422245847479 S1_2
16055 18 -0.5 1219.46350941208 S1_2
16056 18 -0.5 0 S1_2
16057 18 -0.5 491.904067547718 S1_2
16058 18 -0.5 0 S1_2
16059 18 -0.5 2.25132560248807 S1_2
16060 18 -0.5 35.6306055640089 S1_2
16062 18 -0.5 137.7401927717 S1_2
16063 18 -0.5 24.1784337913196 S1_2
16046 19 -0.5 74.5442503227902 S1_2
16047 19 -0.5 227.193230915846 S1_2
16049 19 -0.5 72.4016859309547 S1_2
16050 19 -0.5 244.009283054511 S1_2
16052 19 -0.5 487.073332493961 S1_2
16053 19 -0.5 0 S1_2
16054 19 -0.5 123.703692868432 S1_2
16055 19 -0.5 728.299559855677 S1_2
16056 19 -0.5 0 S1_2
16057 19 -0.5 353.683903996693 S1_2
16058 19 -0.5 0 S1_2
16059 19 -0.5 1.10776348067199 S1_2
16060 19 -0.5 2.94732086805149 S1_2
16062 19 -0.5 96.276582231975 S1_2
16063 19 -0.5 4.71461491407333 S1_2
16046 20 -0.5 120.435263008874 S1_2
16047 20 -0.5 290.226162378393 S1_2
16049 20 -0.5 107.223130667011 S1_2
16050 20 -0.5 340.574783769598 S1_2
16052 20 -0.5 609.290701707621 S1_2
16053 20 -0.5 0 S1_2
16054 20 -0.5 175.625770854748 S1_2
16055 20 -0.5 962.960878800154 S1_2
16056 20 -0.5 0 S1_2
16057 20 -0.5 433.572183352086 S1_2
16058 20 -0.5 0 S1_2
16059 20 -0.5 8.33106258784508 S1_2
16060 20 -0.5 40.4177742639619 S1_2
16062 20 -0.5 139.950463140713 S1_2
16063 20 -0.5 35.9913793983904 S1_2
16046 21 -0.5 72.0501724812551 S1_2
16047 21 -0.5 228.629251283863 S1_2
16049 21 -0.5 69.6124226893207 S1_2
16050 21 -0.5 247.790045029997 S1_2
16052 21 -0.5 494.945025381187 S1_2
16053 21 -0.5 0 S1_2
16054 21 -0.5 124.617176157451 S1_2
16055 21 -0.5 741.301251740547 S1_2
16056 21 -0.5 0 S1_2
16057 21 -0.5 355.185130057725 S1_2
16058 21 -0.5 0 S1_2
16059 21 -0.5 0 S1_2
16060 21 -0.5 2.58578951860238 S1_2
16062 21 -0.5 93.5511475725269 S1_2
16063 21 -0.5 6.91888341694293 S1_2
16046 22 -0.5 133.654927348505 S1_2
16047 22 -0.5 349.057858883572 S1_2
16049 22 -0.5 115.77872006479 S1_2
16050 22 -0.5 437.304832571749 S1_2
16052 22 -0.5 734.843820339025 S1_2
16053 22 -0.5 0 S1_2
16054 22 -0.5 211.845964987222 S1_2
16055 22 -0.5 1273.99268293085 S1_2
16056 22 -0.5 0 S1_2
16057 22 -0.5 516.372064383951 S1_2
16058 22 -0.5 0 S1_2
16059 22 -0.5 11.163352647231 S1_2
16060 22 -0.5 61.7821100299679 S1_2
16062 22 -0.5 161.640038722991 S1_2
16063 22 -0.5 61.0764851197078 S1_2
16046 23 -0.5 69.3373395098783 S1_2
16047 23 -0.5 213.538531804911 S1_2
16049 23 -0.5 68.1317157088811 S1_2
16050 23 -0.5 203.152403931098 S1_2
16052 23 -0.5 429.581360871587 S1_2
16053 23 -0.5 0 S1_2
16054 23 -0.5 117.737957383112 S1_2
16055 23 -0.5 609.122726587102 S1_2
16056 23 -0.5 0 S1_2
16057 23 -0.5 328.865131885866 S1_2
16058 23 -0.5 0 S1_2
16059 23 -0.5 0 S1_2
16060 23 -0.5 0 S1_2
16062 23 -0.5 87.759299061732 S1_2
16063 23 -0.5 5.46151096359527 S1_2
16046 24 -0.5 84.4452745506114 S1_2
16047 24 -0.5 249.17561108677 S1_2
16049 24 -0.5 78.1165576771136 S1_2
16050 24 -0.5 281.713737299684 S1_2
16052 24 -0.5 539.668202216411 S1_2
16053 24 -0.5 0 S1_2
16054 24 -0.5 141.090175180289 S1_2
16055 24 -0.5 821.105915183371 S1_2
16056 24 -0.5 0 S1_2
16057 24 -0.5 380.293328963544 S1_2
16058 24 -0.5 0 S1_2
16059 24 -0.5 1.68748954449449 S1_2
16060 24 -0.5 7.15612060882801 S1_2
16062 24 -0.5 105.198729680028 S1_2
16063 24 -0.5 19.0128043045632 S1_2
16046 25 -0.5 19.0956575515426 S1_2
16047 25 -0.5 137.181922963774 S1_2
16049 25 -0.5 37.5643511872651 S1_2
16050 25 -0.5 30.7322367529751 S1_2
16052 25 -0.5 195.665038693278 S1_2
16053 25 -0.5 0 S1_2
16054 25 -0.5 53.8820879994927 S1_2
16055 25 -0.5 256.85766375949 S1_2
16056 25 -0.5 0 S1_2
16057 25 -0.5 228.137171761341 S1_2
16058 25 -0.5 0 S1_2
16059 25 -0.5 0 S1_2
16060 25 -0.5 0 S1_2
16062 25 -0.5 45.8709466209232 S1_2
16063 25 -0.5 0 S1_2
16046 26 -0.5 123.825022096718 S1_2
16047 26 -0.5 316.303401587069 S1_2
16049 26 -0.5 109.054217981636 S1_2
16050 26 -0.5 387.395286377552 S1_2
16052 26 -0.5 673.292435868071 S1_2
16053 26 -0.5 0 S1_2
16054 26 -0.5 189.551784825406 S1_2
16055 26 -0.5 1116.82442211295 S1_2
16056 26 -0.5 0 S1_2
16057 26 -0.5 470.941061037273 S1_2
16058 26 -0.5 0 S1_2
16059 26 -0.5 8.59298773063498 S1_2
16060 26 -0.5 50.3740822142565 S1_2
16062 26 -0.5 147.815207873805 S1_2
16063 26 -0.5 46.8839270050416 S1_2
16046 27 -0.5 1.384102984871 S1_2
16047 27 -0.5 80.0030936557355 S1_2
16049 27 -0.5 8.11950282844644 S1_2
16050 27 -0.5 0 S1_2
16052 27 -0.5 90.5628954482599 S1_2
16053 27 -0.5 0 S1_2
16054 27 -0.5 5.12556630815382 S1_2
16055 27 -0.5 140.885388838888 S1_2
16056 27 -0.5 0 S1_2
16057 27 -0.5 169.356401642672 S1_2
16058 27 -0.5 0 S1_2
16059 27 -0.5 0 S1_2
16060 27 -0.5 0 S1_2
16062 27 -0.5 10.3984636060772 S1_2
16063 27 -0.5 0 S1_2
16046 28 -0.5 147.566439889138 S1_2
16047 28 -0.5 358.696251550696 S1_2
16049 28 -0.5 126.846150607351 S1_2
16050 28 -0.5 443.266250363738 S1_2
16052 28 -0.5 742.387212913482 S1_2
16053 28 -0.5 0 S1_2
16054 28 -0.5 223.246243012087 S1_2
16055 28 -0.5 1278.41376460524 S1_2
16056 28 -0.5 0 S1_2
16057 28 -0.5 526.070583767461 S1_2
16058 28 -0.5 0 S1_2
16059 28 -0.5 17.8797619280323 S1_2
16060 28 -0.5 73.1497282061994 S1_2
16062 28 -0.5 172.417205165469 S1_2
16063 28 -0.5 67.1572523663888 S1_2
16046 29 -0.5 12.633425589839 S1_2
16047 29 -0.5 134.595297849666 S1_2
16049 29 -0.5 29.6151021825496 S1_2
16050 29 -0.5 108.73829563968 S1_2
16052 29 -0.5 297.473829784548 S1_2
16053 29 -0.5 0 S1_2
16054 29 -0.5 51.0944289464339 S1_2
16055 29 -0.5 435.254350985419 S1_2
16056 29 -0.5 0 S1_2
16057 29 -0.5 247.624930586349 S1_2
16058 29 -0.5 0 S1_2
16059 29 -0.5 0 S1_2
16060 29 -0.5 0 S1_2
16062 29 -0.5 43.3185852354923 S1_2
16063 29 -0.5 0 S1_2
16046 30 -0.5 12.6668507081941 S1_2
16047 30 -0.5 126.171855720928 S1_2
16049 30 -0.5 32.5356691538847 S1_2
16050 30 -0.5 19.2701083385118 S1_2
16052 30 -0.5 182.552509841539 S1_2
16053 30 -0.5 0 S1_2
16054 30 -0.5 42.1668817031957 S1_2
16055 30 -0.5 243.422432051172 S1_2
16056 30 -0.5 0 S1_2
16057 30 -0.5 218.776907143628 S1_2
16058 30 -0.5 0 S1_2
16059 30 -0.5 0 S1_2
16060 30 -0.5 0 S1_2
16062 30 -0.5 40.7206319728513 S1_2
16063 30 -0.5 0 S1_2
16046 31 -0.5 31.9127119458735 S1_2
16047 31 -0.5 152.069738588211 S1_2
16049 31 -0.5 28.6118246072041 S1_2
16050 31 -0.5 84.7085339170546 S1_2
16052 31 -0.5 258.114785470803 S1_2
16053 31 -0.5 0 S1_2
16054 31 -0.5 68.5727120585629 S1_2
16055 31 -0.5 337.294006265132 S1_2
16056 31 -0.5 0 S1_2
16057 31 -0.5 237.723105635111 S1_2
16058 31 -0.5 0 S1_2
16059 31 -0.5 0 S1_2
16060 31 -0.5 0 S1_2
16062 31 -0.5 41.6825803135946 S1_2
16063 31 -0.5 0 S1_2
16046 1 -1.5 0 S1_2
16047 1 -1.5 49.9028610179385 S1_2
16049 1 -1.5 0 S1_2
16050 1 -1.5 382.990415694723 S1_2
16052 1 -1.5 311.547893948236 S1_2
16053 1 -1.5 105.913258652925 S1_2
16054 1 -1.5 130.377707512572 S1_2
16055 1 -1.5 1211.08968315795 S1_2
16056 1 -1.5 61.1776775167353 S1_2
16057 1 -1.5 103.030801515093 S1_2
16058 1 -1.5 19.653896517812 S1_2
16059 1 -1.5 0 S1_2
16060 1 -1.5 0 S1_2
16062 1 -1.5 1.36995685423357 S1_2
16063 1 -1.5 82.0790585482092 S1_2
16046 2 -1.5 0 S1_2
16047 2 -1.5 67.2353850225372 S1_2
16049 2 -1.5 3.92020191038151 S1_2
16050 2 -1.5 9.90126569658592 S1_2
16052 2 -1.5 64.6319952857257 S1_2
16053 2 -1.5 37.655134028392 S1_2
16054 2 -1.5 158.370609620537 S1_2
16055 2 -1.5 128.03443807673 S1_2
16056 2 -1.5 116.558625917854 S1_2
16057 2 -1.5 141.17233946648 S1_2
16058 2 -1.5 0 S1_2
16059 2 -1.5 0 S1_2
16060 2 -1.5 0 S1_2
16062 2 -1.5 3.86084422257331 S1_2
16063 2 -1.5 155.047795562842 S1_2
16046 3 -1.5 0 S1_2
16047 3 -1.5 18.5172876857248 S1_2
16049 3 -1.5 0 S1_2
16050 3 -1.5 27.2628066968546 S1_2
16052 3 -1.5 72.7004424301876 S1_2
16053 3 -1.5 37.8705947684862 S1_2
16054 3 -1.5 90.8717707759673 S1_2
16055 3 -1.5 173.985526894358 S1_2
16056 3 -1.5 36.0481643199797 S1_2
16057 3 -1.5 80.3974682119934 S1_2
16058 3 -1.5 0 S1_2
16059 3 -1.5 0 S1_2
16060 3 -1.5 0 S1_2
16062 3 -1.5 0 S1_2
16063 3 -1.5 82.4664261849146 S1_2
16046 4 -1.5 0 S1_2
16047 4 -1.5 10.8333386507671 S1_2
16049 4 -1.5 0 S1_2
16050 4 -1.5 65.7690166822545 S1_2
16052 4 -1.5 98.0046651786014 S1_2
16053 4 -1.5 53.8598893819723 S1_2
16054 4 -1.5 74.0838410494459 S1_2
16055 4 -1.5 349.863557563875 S1_2
16056 4 -1.5 16.7269692760245 S1_2
16057 4 -1.5 65.2954818797306 S1_2
16058 4 -1.5 0 S1_2
16059 4 -1.5 0 S1_2
16060 4 -1.5 0 S1_2
16062 4 -1.5 0 S1_2
16063 4 -1.5 56.6375735220217 S1_2
16046 5 -1.5 0 S1_2
16047 5 -1.5 0 S1_2
16049 5 -1.5 0 S1_2
16050 5 -1.5 0 S1_2
16052 5 -1.5 0 S1_2
16053 5 -1.5 0 S1_2
16054 5 -1.5 16.4831914481873 S1_2
16055 5 -1.5 0 S1_2
16056 5 -1.5 0 S1_2
16057 5 -1.5 26.5783114421538 S1_2
16058 5 -1.5 0 S1_2
16059 5 -1.5 0 S1_2
16060 5 -1.5 0 S1_2
16062 5 -1.5 0 S1_2
16063 5 -1.5 23.9410458612699 S1_2
16046 6 -1.5 7.17652748762593 S1_2
16047 6 -1.5 120.531350536511 S1_2
16049 6 -1.5 22.1246253106726 S1_2
16050 6 -1.5 188.565142341994 S1_2
16052 6 -1.5 254.381904279281 S1_2
16053 6 -1.5 185.781431645079 S1_2
16054 6 -1.5 237.030248721033 S1_2
16055 6 -1.5 432.463868310512 S1_2
16056 6 -1.5 176.887301065102 S1_2
16057 6 -1.5 205.853150277209 S1_2
16058 6 -1.5 16.1009935064027 S1_2
16059 6 -1.5 0 S1_2
16060 6 -1.5 0 S1_2
16062 6 -1.5 29.500563019285 S1_2
16063 6 -1.5 206.506132701474 S1_2
16046 7 -1.5 0 S1_2
16047 7 -1.5 73.5663226103169 S1_2
16049 7 -1.5 5.2155123680389 S1_2
16050 7 -1.5 13.021317550561 S1_2
16052 7 -1.5 71.6829257489996 S1_2
16053 7 -1.5 44.5516032261421 S1_2
16054 7 -1.5 165.127404838621 S1_2
16055 7 -1.5 133.279000591998 S1_2
16056 7 -1.5 125.769667312391 S1_2
16057 7 -1.5 146.591839782531 S1_2
16058 7 -1.5 0 S1_2
16059 7 -1.5 0 S1_2
16060 7 -1.5 0 S1_2
16062 7 -1.5 5.15104553766202 S1_2
16063 7 -1.5 162.277493669186 S1_2
16046 8 -1.5 0 S1_2
16047 8 -1.5 75.766649403432 S1_2
16049 8 -1.5 3.17210210140501 S1_2
16050 8 -1.5 241.376682793657 S1_2
16052 8 -1.5 283.53575617502 S1_2
16053 8 -1.5 153.233667243412 S1_2
16054 8 -1.5 185.193619180239 S1_2
16055 8 -1.5 673.682352058197 S1_2
16056 8 -1.5 102.795427711775 S1_2
16057 8 -1.5 160.665802190282 S1_2
16058 8 -1.5 24.2654844230216 S1_2
16059 8 -1.5 0 S1_2
16060 8 -1.5 0 S1_2
16062 8 -1.5 7.12550616800417 S1_2
16063 8 -1.5 127.316774125912 S1_2
16046 9 -1.5 0 S1_2
16047 9 -1.5 51.6580483413505 S1_2
16049 9 -1.5 1.01539195247004 S1_2
16050 9 -1.5 104.743610681725 S1_2
16052 9 -1.5 161.273516404626 S1_2
16053 9 -1.5 100.718903110835 S1_2
16054 9 -1.5 135.701198225806 S1_2
16055 9 -1.5 354.254208205184 S1_2
16056 9 -1.5 80.6436723865821 S1_2
16057 9 -1.5 117.499832120161 S1_2
16058 9 -1.5 0 S1_2
16059 9 -1.5 0 S1_2
16060 9 -1.5 0 S1_2
16062 9 -1.5 1.5558272363623 S1_2
16063 9 -1.5 114.180065868613 S1_2
16046 10 -1.5 0 S1_2
16047 10 -1.5 69.2081315799006 S1_2
16049 10 -1.5 2.01229899071892 S1_2
16050 10 -1.5 224.251806123679 S1_2
16052 10 -1.5 273.649528064233 S1_2
16053 10 -1.5 143.872088439492 S1_2
16054 10 -1.5 171.146825053308 S1_2
16055 10 -1.5 662.210489256396 S1_2
16056 10 -1.5 99.0154882456964 S1_2
16057 10 -1.5 144.302802551214 S1_2
16058 10 -1.5 15.2148502498687 S1_2
16059 10 -1.5 0 S1_2
16060 10 -1.5 0 S1_2
16062 10 -1.5 4.31692898115627 S1_2
16063 10 -1.5 123.56039070404 S1_2
16046 11 -1.5 0 S1_2
16047 11 -1.5 0 S1_2
16049 11 -1.5 0 S1_2
16050 11 -1.5 11.15798929783 S1_2
16052 11 -1.5 8.5081476107789 S1_2
16053 11 -1.5 0 S1_2
16054 11 -1.5 1.09025050361942 S1_2
16055 11 -1.5 214.517204175557 S1_2
16056 11 -1.5 0 S1_2
16057 11 -1.5 1.82122163876269 S1_2
16058 11 -1.5 0 S1_2
16059 11 -1.5 0 S1_2
16060 11 -1.5 0 S1_2
16062 11 -1.5 0 S1_2
16063 11 -1.5 0 S1_2
16046 12 -1.5 0 S1_2
16047 12 -1.5 0 S1_2
16049 12 -1.5 0 S1_2
16050 12 -1.5 33.0124157672325 S1_2
16052 12 -1.5 22.4973384674367 S1_2
16053 12 -1.5 1.25502376055985 S1_2
16054 12 -1.5 10.4333880848438 S1_2
16055 12 -1.5 926.425256234037 S1_2
16056 12 -1.5 0 S1_2
16057 12 -1.5 13.1182606986503 S1_2
16058 12 -1.5 0 S1_2
16059 12 -1.5 0 S1_2
16060 12 -1.5 0 S1_2
16062 12 -1.5 0 S1_2
16063 12 -1.5 0 S1_2
16046 13 -1.5 0 S1_2
16047 13 -1.5 5.83258895917158 S1_2
16049 13 -1.5 0 S1_2
16050 13 -1.5 27.3023585221344 S1_2
16052 13 -1.5 64.6119819623319 S1_2
16053 13 -1.5 26.5730251932709 S1_2
16054 13 -1.5 78.9527694434065 S1_2
16055 13 -1.5 171.696066965268 S1_2
16056 13 -1.5 9.18530933632642 S1_2
16057 13 -1.5 77.8425519191427 S1_2
16058 13 -1.5 0 S1_2
16059 13 -1.5 0 S1_2
16060 13 -1.5 0 S1_2
16062 13 -1.5 0 S1_2
16063 13 -1.5 49.3520514142651 S1_2
16046 14 -1.5 2.31523377653422 S1_2
16047 14 -1.5 96.7055363537875 S1_2
16049 14 -1.5 12.8604922557079 S1_2
16050 14 -1.5 75.3202484073911 S1_2
16052 14 -1.5 134.921797854132 S1_2
16053 14 -1.5 104.643036555388 S1_2
16054 14 -1.5 194.197727698022 S1_2
16055 14 -1.5 209.181075790242 S1_2
16056 14 -1.5 154.621802442395 S1_2
16057 14 -1.5 170.263013673399 S1_2
16058 14 -1.5 0 S1_2
16059 14 -1.5 0 S1_2
16060 14 -1.5 0 S1_2
16062 14 -1.5 14.4949305718254 S1_2
16063 14 -1.5 185.38682103091 S1_2
16046 15 -1.5 55.821387195895 S1_2
16047 15 -1.5 201.783463973815 S1_2
16049 15 -1.5 60.1073541149825 S1_2
16050 15 -1.5 381.378170628626 S1_2
16052 15 -1.5 439.72508977189 S1_2
16053 15 -1.5 328.223304686111 S1_2
16054 15 -1.5 359.474199809652 S1_2
16055 15 -1.5 790.659609530901 S1_2
16056 15 -1.5 278.3424194754 S1_2
16057 15 -1.5 308.731905120407 S1_2
16058 15 -1.5 111.876083573498 S1_2
16059 15 -1.5 1.33078852424261 S1_2
16060 15 -1.5 1.46848696510874 S1_2
16062 15 -1.5 76.3190350831288 S1_2
16063 15 -1.5 300.628741283713 S1_2
16046 16 -1.5 10.9368532900378 S1_2
16047 16 -1.5 145.072302345719 S1_2
16049 16 -1.5 23.6777464451103 S1_2
16050 16 -1.5 416.890495468467 S1_2
16052 16 -1.5 431.395052570632 S1_2
16053 16 -1.5 265.489040727274 S1_2
16054 16 -1.5 308.154008742896 S1_2
16055 16 -1.5 978.48701987367 S1_2
16056 16 -1.5 179.383057572287 S1_2
16057 16 -1.5 264.943101378022 S1_2
16058 16 -1.5 82.8243812812547 S1_2
16059 16 -1.5 0 S1_2
16060 16 -1.5 0 S1_2
16062 16 -1.5 39.5300068850443 S1_2
16063 16 -1.5 209.364062772322 S1_2
16046 17 -1.5 3.10724432889417 S1_2
16047 17 -1.5 101.772521510451 S1_2
16049 17 -1.5 15.3124452297443 S1_2
16050 17 -1.5 138.548994643187 S1_2
16052 17 -1.5 196.50142704018 S1_2
16053 17 -1.5 146.97322170563 S1_2
16054 17 -1.5 207.992906495963 S1_2
16055 17 -1.5 323.15274921787 S1_2
16056 17 -1.5 152.330819620793 S1_2
16057 17 -1.5 185.42717799774 S1_2
16058 17 -1.5 2.05926869015609 S1_2
16059 17 -1.5 0 S1_2
16060 17 -1.5 0 S1_2
16062 17 -1.5 20.9844839746486 S1_2
16063 17 -1.5 179.869479990934 S1_2
16046 18 -1.5 0 S1_2
16047 18 -1.5 18.6077589613058 S1_2
16049 18 -1.5 0 S1_2
16050 18 -1.5 191.395035009968 S1_2
16052 18 -1.5 141.975689835397 S1_2
16053 18 -1.5 62.5877107578623 S1_2
16054 18 -1.5 81.6869987542921 S1_2
16055 18 -1.5 1052.65494317859 S1_2
16056 18 -1.5 13.1509150669599 S1_2
16057 18 -1.5 69.2706727284351 S1_2
16058 18 -1.5 2.09107184425456 S1_2
16059 18 -1.5 0 S1_2
16060 18 -1.5 0 S1_2
16062 18 -1.5 0 S1_2
16063 18 -1.5 40.8232596841978 S1_2
16046 19 -1.5 0 S1_2
16047 19 -1.5 67.5765475411609 S1_2
16049 19 -1.5 2.00248409413447 S1_2
16050 19 -1.5 197.039426796478 S1_2
16052 19 -1.5 251.310710207271 S1_2
16053 19 -1.5 137.822764577455 S1_2
16054 19 -1.5 166.104967012093 S1_2
16055 19 -1.5 587.623994018432 S1_2
16056 19 -1.5 97.5190230084384 S1_2
16057 19 -1.5 141.608820273432 S1_2
16058 19 -1.5 9.57901513884018 S1_2
16059 19 -1.5 0 S1_2
16060 19 -1.5 0 S1_2
16062 19 -1.5 4.00537411428206 S1_2
16063 19 -1.5 123.799850021697 S1_2
16046 20 -1.5 35.6267402289507 S1_2
16047 20 -1.5 184.343068431423 S1_2
16049 20 -1.5 45.8651987312983 S1_2
16050 20 -1.5 413.138175098481 S1_2
16052 20 -1.5 450.469381395786 S1_2
16053 20 -1.5 312.370947243314 S1_2
16054 20 -1.5 346.597164438638 S1_2
16055 20 -1.5 901.190146404813 S1_2
16056 20 -1.5 241.003363805296 S1_2
16057 20 -1.5 299.672863312393 S1_2
16058 20 -1.5 107.667723049252 S1_2
16059 20 -1.5 0 S1_2
16060 20 -1.5 1.12381874358264 S1_2
16062 20 -1.5 63.0738715795427 S1_2
16063 20 -1.5 266.772757457801 S1_2
16046 21 -1.5 0 S1_2
16047 21 -1.5 47.1659902444413 S1_2
16049 21 -1.5 0 S1_2
16050 21 -1.5 160.85072122522 S1_2
16052 21 -1.5 212.710574343704 S1_2
16053 21 -1.5 110.459803721291 S1_2
16054 21 -1.5 126.793651363832 S1_2
16055 21 -1.5 575.115621416571 S1_2
16056 21 -1.5 70.0657926101385 S1_2
16057 21 -1.5 106.392173807292 S1_2
16058 21 -1.5 2.50942999687925 S1_2
16059 21 -1.5 0 S1_2
16060 21 -1.5 0 S1_2
16062 21 -1.5 1.10155112092844 S1_2
16063 21 -1.5 99.4112845957098 S1_2
16046 22 -1.5 2.68880069731275 S1_2
16047 22 -1.5 108.268107106153 S1_2
16049 22 -1.5 8.02727712674103 S1_2
16050 22 -1.5 474.220867903013 S1_2
16052 22 -1.5 446.620594253641 S1_2
16053 22 -1.5 229.724202314313 S1_2
16054 22 -1.5 287.559404728202 S1_2
16055 22 -1.5 1175.49623191862 S1_2
16056 22 -1.5 140.649426846526 S1_2
16057 22 -1.5 232.49670672846 S1_2
16058 22 -1.5 63.7800795385108 S1_2
16059 22 -1.5 0 S1_2
16060 22 -1.5 0 S1_2
16062 22 -1.5 20.0291602871269 S1_2
16063 22 -1.5 158.656757622647 S1_2
16046 23 -1.5 0 S1_2
16047 23 -1.5 73.8610050375197 S1_2
16049 23 -1.5 2.92627561030939 S1_2
16050 23 -1.5 163.051210060699 S1_2
16052 23 -1.5 226.810573918612 S1_2
16053 23 -1.5 138.502096765099 S1_2
16054 23 -1.5 174.532947582213 S1_2
16055 23 -1.5 473.053063377653 S1_2
16056 23 -1.5 114.90308161119 S1_2
16057 23 -1.5 146.672923838126 S1_2
16058 23 -1.5 3.87722625618193 S1_2
16059 23 -1.5 0 S1_2
16060 23 -1.5 0 S1_2
16062 23 -1.5 4.9631289887394 S1_2
16063 23 -1.5 141.705144783221 S1_2
16046 24 -1.5 0 S1_2
16047 24 -1.5 61.2746474811868 S1_2
16049 24 -1.5 1.17522616560371 S1_2
16050 24 -1.5 214.249038049372 S1_2
16052 24 -1.5 263.019744853751 S1_2
16053 24 -1.5 133.232295047926 S1_2
16054 24 -1.5 154.301280126547 S1_2
16055 24 -1.5 669.165888768021 S1_2
16056 24 -1.5 90.620271169793 S1_2
16057 24 -1.5 127.662749105757 S1_2
16058 24 -1.5 10.6521359924869 S1_2
16059 24 -1.5 0 S1_2
16060 24 -1.5 0 S1_2
16062 24 -1.5 2.56736081150605 S1_2
16063 24 -1.5 114.744802296426 S1_2
16046 25 -1.5 0 S1_2
16047 25 -1.5 79.1479608990818 S1_2
16049 25 -1.5 5.50703217721441 S1_2
16050 25 -1.5 57.9350814515712 S1_2
16052 25 -1.5 116.923401193377 S1_2
16053 25 -1.5 86.5418540134399 S1_2
16054 25 -1.5 172.204124961261 S1_2
16055 25 -1.5 194.074233263248 S1_2
16056 25 -1.5 132.747535770119 S1_2
16057 25 -1.5 148.895069154956 S1_2
16058 25 -1.5 0 S1_2
16059 25 -1.5 0 S1_2
16060 25 -1.5 0 S1_2
16062 25 -1.5 5.99942279007774 S1_2
16063 25 -1.5 166.268731812261 S1_2
16046 26 -1.5 7.28989099772707 S1_2
16047 26 -1.5 133.521146775819 S1_2
16049 26 -1.5 17.6911541401355 S1_2
16050 26 -1.5 429.81100554907 S1_2
16052 26 -1.5 438.906572154629 S1_2
16053 26 -1.5 260.684172730059 S1_2
16054 26 -1.5 301.458703532768 S1_2
16055 26 -1.5 1026.19569794228 S1_2
16056 26 -1.5 169.006335126665 S1_2
16057 26 -1.5 253.14934666349 S1_2
16058 26 -1.5 75.2419997157173 S1_2
16059 26 -1.5 0 S1_2
16060 26 -1.5 0 S1_2
16062 26 -1.5 32.0448610934542 S1_2
16063 26 -1.5 199.46395531062 S1_2
16046 27 -1.5 0 S1_2
16047 27 -1.5 14.239582491231 S1_2
16049 27 -1.5 0 S1_2
16050 27 -1.5 0 S1_2
16052 27 -1.5 11.5781157792981 S1_2
16053 27 -1.5 2.8774539478046 S1_2
16054 27 -1.5 92.0364668710631 S1_2
16055 27 -1.5 75.6273687360235 S1_2
16056 27 -1.5 32.2561071659258 S1_2
16057 27 -1.5 85.1588207358793 S1_2
16058 27 -1.5 0 S1_2
16059 27 -1.5 0 S1_2
16060 27 -1.5 0 S1_2
16062 27 -1.5 0 S1_2
16063 27 -1.5 88.8283460069985 S1_2
16046 28 -1.5 25.6184608365296 S1_2
16047 28 -1.5 187.808884146293 S1_2
16049 28 -1.5 34.8731732267024 S1_2
16050 28 -1.5 536.825151299829 S1_2
16052 28 -1.5 522.262068326714 S1_2
16053 28 -1.5 331.648670877081 S1_2
16054 28 -1.5 388.782495404213 S1_2
16055 28 -1.5 1217.9587919859 S1_2
16056 28 -1.5 229.471947758158 S1_2
16057 28 -1.5 324.508383256911 S1_2
16058 28 -1.5 111.007724033055 S1_2
16059 28 -1.5 0 S1_2
16060 28 -1.5 0 S1_2
16062 28 -1.5 54.0656549142168 S1_2
16063 28 -1.5 262.935254196027 S1_2
16046 29 -1.5 0 S1_2
16047 29 -1.5 2.19792085771734 S1_2
16049 29 -1.5 0 S1_2
16050 29 -1.5 26.6124384328946 S1_2
16052 29 -1.5 57.9144952974473 S1_2
16053 29 -1.5 18.7751476440913 S1_2
16054 29 -1.5 49.850722848344 S1_2
16055 29 -1.5 203.659065430356 S1_2
16056 29 -1.5 3.04082736000429 S1_2
16057 29 -1.5 49.7327438335048 S1_2
16058 29 -1.5 0 S1_2
16059 29 -1.5 0 S1_2
16060 29 -1.5 0 S1_2
16062 29 -1.5 0 S1_2
16063 29 -1.5 27.6833981174536 S1_2
16046 30 -1.5 0 S1_2
16047 30 -1.5 78.9317893078085 S1_2
16049 30 -1.5 6.00303521929386 S1_2
16050 30 -1.5 57.2423718689398 S1_2
16052 30 -1.5 116.455218787973 S1_2
16053 30 -1.5 85.0224167491682 S1_2
16054 30 -1.5 172.481443914481 S1_2
16055 30 -1.5 191.812893736521 S1_2
16056 30 -1.5 129.279229791821 S1_2
16057 30 -1.5 151.811148343742 S1_2
16058 30 -1.5 0 S1_2
16059 30 -1.5 0 S1_2
16060 30 -1.5 0 S1_2
16062 30 -1.5 6.7173361666509 S1_2
16063 30 -1.5 163.327058814963 S1_2
16046 31 -1.5 0 S1_2
16047 31 -1.5 38.0261985740617 S1_2
16049 31 -1.5 0 S1_2
16050 31 -1.5 57.6543531623107 S1_2
16052 31 -1.5 102.862091936322 S1_2
16053 31 -1.5 81.9384727946546 S1_2
16054 31 -1.5 130.857589428024 S1_2
16055 31 -1.5 204.122075057452 S1_2
16056 31 -1.5 109.845090012121 S1_2
16057 31 -1.5 96.1564089897807 S1_2
16058 31 -1.5 0 S1_2
16059 31 -1.5 0 S1_2
16060 31 -1.5 0 S1_2
16062 31 -1.5 0 S1_2
16063 31 -1.5 131.839149220695 S1_2
16046 1 -3 0 S1_2
16047 1 -3 0 S1_2
16049 1 -3 0 S1_2
16050 1 -3 0 S1_2
16052 1 -3 0 S1_2
16053 1 -3 0 S1_2
16054 1 -3 0 S1_2
16055 1 -3 0 S1_2
16056 1 -3 0 S1_2
16057 1 -3 0 S1_2
16058 1 -3 0 S1_2
16059 1 -3 0 S1_2
16060 1 -3 0 S1_2
16062 1 -3 0 S1_2
16063 1 -3 0 S1_2
16046 2 -3 0 S1_2
16047 2 -3 14.2297994580525 S1_2
16049 2 -3 0 S1_2
16050 2 -3 0 S1_2
16052 2 -3 11.2832141959857 S1_2
16053 2 -3 3.70488975595784 S1_2
16054 2 -3 95.2839177004821 S1_2
16055 2 -3 75.0844600465423 S1_2
16056 2 -3 33.3889431282048 S1_2
16057 2 -3 85.4523666317009 S1_2
16058 2 -3 0 S1_2
16059 2 -3 0 S1_2
16060 2 -3 0 S1_2
16062 2 -3 0 S1_2
16063 2 -3 136.594758969025 S1_2
16046 3 -3 0 S1_2
16047 3 -3 0 S1_2
16049 3 -3 0 S1_2
16050 3 -3 0 S1_2
16052 3 -3 0 S1_2
16053 3 -3 0 S1_2
16054 3 -3 0 S1_2
16055 3 -3 0 S1_2
16056 3 -3 0 S1_2
16057 3 -3 0 S1_2
16058 3 -3 0 S1_2
16059 3 -3 0 S1_2
16060 3 -3 0 S1_2
16062 3 -3 0 S1_2
16063 3 -3 0 S1_2
16046 4 -3 0 S1_2
16047 4 -3 0 S1_2
16049 4 -3 0 S1_2
16050 4 -3 0 S1_2
16052 4 -3 0 S1_2
16053 4 -3 0 S1_2
16054 4 -3 0 S1_2
16055 4 -3 0 S1_2
16056 4 -3 0 S1_2
16057 4 -3 0 S1_2
16058 4 -3 0 S1_2
16059 4 -3 0 S1_2
16060 4 -3 0 S1_2
16062 4 -3 0 S1_2
16063 4 -3 0 S1_2
16046 5 -3 0 S1_2
16047 5 -3 0 S1_2
16049 5 -3 0 S1_2
16050 5 -3 0 S1_2
16052 5 -3 0 S1_2
16053 5 -3 0 S1_2
16054 5 -3 0 S1_2
16055 5 -3 0 S1_2
16056 5 -3 0 S1_2
16057 5 -3 0 S1_2
16058 5 -3 0 S1_2
16059 5 -3 0 S1_2
16060 5 -3 0 S1_2
16062 5 -3 0 S1_2
16063 5 -3 0 S1_2
16046 6 -3 0 S1_2
16047 6 -3 14.4493199989982 S1_2
16049 6 -3 0 S1_2
16050 6 -3 58.808372480546 S1_2
16052 6 -3 92.9836256784344 S1_2
16053 6 -3 57.7063082991067 S1_2
16054 6 -3 85.2635041827636 S1_2
16055 6 -3 212.901948186918 S1_2
16056 6 -3 24.6016103761113 S1_2
16057 6 -3 73.3099512992142 S1_2
16058 6 -3 2.16026693766453 S1_2
16059 6 -3 0 S1_2
16060 6 -3 0 S1_2
16062 6 -3 0 S1_2
16063 6 -3 110.05799671439 S1_2
16046 7 -3 0 S1_2
16047 7 -3 21.6211965708212 S1_2
16049 7 -3 0 S1_2
16050 7 -3 1.07839760538607 S1_2
16052 7 -3 17.5705954012716 S1_2
16053 7 -3 6.50134217946585 S1_2
16054 7 -3 105.88441043755 S1_2
16055 7 -3 83.9798231383471 S1_2
16056 7 -3 47.6389963566573 S1_2
16057 7 -3 93.6699683633594 S1_2
16058 7 -3 0 S1_2
16059 7 -3 0 S1_2
16060 7 -3 0 S1_2
16062 7 -3 0 S1_2
16063 7 -3 148.920361793332 S1_2
16046 8 -3 0 S1_2
16047 8 -3 0 S1_2
16049 8 -3 0 S1_2
16050 8 -3 1.19419857050175 S1_2
16052 8 -3 2.21823015763801 S1_2
16053 8 -3 0 S1_2
16054 8 -3 0 S1_2
16055 8 -3 64.6841179746081 S1_2
16056 8 -3 0 S1_2
16057 8 -3 0 S1_2
16058 8 -3 0 S1_2
16059 8 -3 0 S1_2
16060 8 -3 0 S1_2
16062 8 -3 0 S1_2
16063 8 -3 0 S1_2
16046 9 -3 0 S1_2
16047 9 -3 0 S1_2
16049 9 -3 0 S1_2
16050 9 -3 0 S1_2
16052 9 -3 0 S1_2
16053 9 -3 0 S1_2
16054 9 -3 0 S1_2
16055 9 -3 30.8434054524028 S1_2
16056 9 -3 0 S1_2
16057 9 -3 0 S1_2
16058 9 -3 0 S1_2
16059 9 -3 0 S1_2
16060 9 -3 0 S1_2
16062 9 -3 0 S1_2
16063 9 -3 0 S1_2
16046 10 -3 0 S1_2
16047 10 -3 0 S1_2
16049 10 -3 0 S1_2
16050 10 -3 0 S1_2
16052 10 -3 0 S1_2
16053 10 -3 0 S1_2
16054 10 -3 0 S1_2
16055 10 -3 41.2209839362076 S1_2
16056 10 -3 0 S1_2
16057 10 -3 0 S1_2
16058 10 -3 0 S1_2
16059 10 -3 0 S1_2
16060 10 -3 0 S1_2
16062 10 -3 0 S1_2
16063 10 -3 0 S1_2
16046 11 -3 0 S1_2
16047 11 -3 0 S1_2
16049 11 -3 0 S1_2
16050 11 -3 0 S1_2
16052 11 -3 0 S1_2
16053 11 -3 0 S1_2
16054 11 -3 0 S1_2
16055 11 -3 0 S1_2
16056 11 -3 0 S1_2
16057 11 -3 0 S1_2
16058 11 -3 0 S1_2
16059 11 -3 0 S1_2
16060 11 -3 0 S1_2
16062 11 -3 0 S1_2
16063 11 -3 0 S1_2
16046 12 -3 0 S1_2
16047 12 -3 0 S1_2
16049 12 -3 0 S1_2
16050 12 -3 0 S1_2
16052 12 -3 0 S1_2
16053 12 -3 0 S1_2
16054 12 -3 0 S1_2
16055 12 -3 0 S1_2
16056 12 -3 0 S1_2
16057 12 -3 0 S1_2
16058 12 -3 0 S1_2
16059 12 -3 0 S1_2
16060 12 -3 0 S1_2
16062 12 -3 0 S1_2
16063 12 -3 0 S1_2
16046 13 -3 0 S1_2
16047 13 -3 0 S1_2
16049 13 -3 0 S1_2
16050 13 -3 0 S1_2
16052 13 -3 0 S1_2
16053 13 -3 0 S1_2
16054 13 -3 0 S1_2
16055 13 -3 4.01941768725479 S1_2
16056 13 -3 0 S1_2
16057 13 -3 0 S1_2
16058 13 -3 0 S1_2
16059 13 -3 0 S1_2
16060 13 -3 0 S1_2
16062 13 -3 0 S1_2
16063 13 -3 0 S1_2
16046 14 -3 0 S1_2
16047 14 -3 30.2060737987129 S1_2
16049 14 -3 0 S1_2
16050 14 -3 15.3808250871033 S1_2
16052 14 -3 61.968263679622 S1_2
16053 14 -3 35.6030979680078 S1_2
16054 14 -3 112.418447417902 S1_2
16055 14 -3 127.590791265908 S1_2
16056 14 -3 58.9342718781811 S1_2
16057 14 -3 97.1792962455579 S1_2
16058 14 -3 0 S1_2
16059 14 -3 0 S1_2
16060 14 -3 0 S1_2
16062 14 -3 0 S1_2
16063 14 -3 152.409643425469 S1_2
16046 15 -3 1.09329189104887 S1_2
16047 15 -3 81.5446932627621 S1_2
16049 15 -3 4.3181473290578 S1_2
16050 15 -3 201.577108550174 S1_2
16052 15 -3 238.269417809237 S1_2
16053 15 -3 157.778955708142 S1_2
16054 15 -3 171.333742177959 S1_2
16055 15 -3 567.370504264406 S1_2
16056 15 -3 119.89804115542 S1_2
16057 15 -3 139.298722626189 S1_2
16058 15 -3 79.3478749270083 S1_2
16059 15 -3 0 S1_2
16060 15 -3 0 S1_2
16062 15 -3 8.44874240559976 S1_2
16063 15 -3 195.590204112422 S1_2
16046 16 -3 0 S1_2
16047 16 -3 0 S1_2
16049 16 -3 0 S1_2
16050 16 -3 50.1127142611562 S1_2
16052 16 -3 52.8211431991976 S1_2
16053 16 -3 14.7984304169374 S1_2
16054 16 -3 26.0698553459867 S1_2
16055 16 -3 341.238102677384 S1_2
16056 16 -3 0 S1_2
16057 16 -3 26.0177331950337 S1_2
16058 16 -3 1.80854265116319 S1_2
16059 16 -3 0 S1_2
16060 16 -3 0 S1_2
16062 16 -3 0 S1_2
16063 16 -3 24.3154662371807 S1_2
16046 17 -3 0 S1_2
16047 17 -3 19.3042827895534 S1_2
16049 17 -3 0 S1_2
16050 17 -3 50.5314895247702 S1_2
16052 17 -3 90.2802653898736 S1_2
16053 17 -3 55.6516722629637 S1_2
16054 17 -3 98.7374706382491 S1_2
16055 17 -3 183.216637321037 S1_2
16056 17 -3 31.8962655274987 S1_2
16057 17 -3 87.38735988717 S1_2
16058 17 -3 1.50403904254743 S1_2
16059 17 -3 0 S1_2
16060 17 -3 0 S1_2
16062 17 -3 0 S1_2
16063 17 -3 123.63633357589 S1_2
16046 18 -3 0 S1_2
16047 18 -3 0 S1_2
16049 18 -3 0 S1_2
16050 18 -3 0 S1_2
16052 18 -3 0 S1_2
16053 18 -3 0 S1_2
16054 18 -3 0 S1_2
16055 18 -3 0 S1_2
16056 18 -3 0 S1_2
16057 18 -3 0 S1_2
16058 18 -3 0 S1_2
16059 18 -3 0 S1_2
16060 18 -3 0 S1_2
16062 18 -3 0 S1_2
16063 18 -3 0 S1_2
16046 19 -3 0 S1_2
16047 19 -3 0 S1_2
16049 19 -3 0 S1_2
16050 19 -3 0 S1_2
16052 19 -3 0 S1_2
16053 19 -3 0 S1_2
16054 19 -3 0 S1_2
16055 19 -3 45.5613739552322 S1_2
16056 19 -3 0 S1_2
16057 19 -3 0 S1_2
16058 19 -3 0 S1_2
16059 19 -3 0 S1_2
16060 19 -3 0 S1_2
16062 19 -3 0 S1_2
16063 19 -3 0 S1_2
16046 20 -3 0 S1_2
16047 20 -3 31.9528909378782 S1_2
16049 20 -3 0 S1_2
16050 20 -3 134.890324574917 S1_2
16052 20 -3 149.394583954843 S1_2
16053 20 -3 95.7527641002606 S1_2
16054 20 -3 104.746556189631 S1_2
16055 20 -3 585.869985473949 S1_2
16056 20 -3 40.5559609281519 S1_2
16057 20 -3 86.3507892655141 S1_2
16058 20 -3 43.4728770196372 S1_2
16059 20 -3 0 S1_2
16060 20 -3 0 S1_2
16062 20 -3 0 S1_2
16063 20 -3 115.100378394158 S1_2
16046 21 -3 0 S1_2
16047 21 -3 0 S1_2
16049 21 -3 0 S1_2
16050 21 -3 0 S1_2
16052 21 -3 0 S1_2
16053 21 -3 0 S1_2
16054 21 -3 0 S1_2
16055 21 -3 8.37128295943027 S1_2
16056 21 -3 0 S1_2
16057 21 -3 0 S1_2
16058 21 -3 0 S1_2
16059 21 -3 0 S1_2
16060 21 -3 0 S1_2
16062 21 -3 0 S1_2
16063 21 -3 0 S1_2
16046 22 -3 0 S1_2
16047 22 -3 0 S1_2
16049 22 -3 0 S1_2
16050 22 -3 1.13886556604157 S1_2
16052 22 -3 0 S1_2
16053 22 -3 0 S1_2
16054 22 -3 0 S1_2
16055 22 -3 56.439151419523 S1_2
16056 22 -3 0 S1_2
16057 22 -3 0 S1_2
16058 22 -3 0 S1_2
16059 22 -3 0 S1_2
16060 22 -3 0 S1_2
16062 22 -3 0 S1_2
16063 22 -3 0 S1_2
16046 23 -3 0 S1_2
16047 23 -3 0 S1_2
16049 23 -3 0 S1_2
16050 23 -3 0 S1_2
16052 23 -3 2.157377293327 S1_2
16053 23 -3 0 S1_2
16054 23 -3 0 S1_2
16055 23 -3 55.2362962707203 S1_2
16056 23 -3 0 S1_2
16057 23 -3 1.55516494241594 S1_2
16058 23 -3 0 S1_2
16059 23 -3 0 S1_2
16060 23 -3 0 S1_2
16062 23 -3 0 S1_2
16063 23 -3 2.09550218223058 S1_2
16046 24 -3 0 S1_2
16047 24 -3 0 S1_2
16049 24 -3 0 S1_2
16050 24 -3 0 S1_2
16052 24 -3 0 S1_2
16053 24 -3 0 S1_2
16054 24 -3 0 S1_2
16055 24 -3 21.8315359346349 S1_2
16056 24 -3 0 S1_2
16057 24 -3 0 S1_2
16058 24 -3 0 S1_2
16059 24 -3 0 S1_2
16060 24 -3 0 S1_2
16062 24 -3 0 S1_2
16063 24 -3 0 S1_2
16046 25 -3 0 S1_2
16047 25 -3 3.18094024546591 S1_2
16049 25 -3 0 S1_2
16050 25 -3 1.13673635033931 S1_2
16052 25 -3 14.911217592066 S1_2
16053 25 -3 4.18434644201993 S1_2
16054 25 -3 59.3916185105133 S1_2
16055 25 -3 78.5796008853926 S1_2
16056 25 -3 9.06422905777204 S1_2
16057 25 -3 54.1075359993884 S1_2
16058 25 -3 0 S1_2
16059 25 -3 0 S1_2
16060 25 -3 0 S1_2
16062 25 -3 0 S1_2
16063 25 -3 94.7373533586066 S1_2
16046 26 -3 0 S1_2
16047 26 -3 0 S1_2
16049 26 -3 0 S1_2
16050 26 -3 24.4008361937071 S1_2
16052 26 -3 24.644275675583 S1_2
16053 26 -3 3.24018849005379 S1_2
16054 26 -3 7.07734913838829 S1_2
16055 26 -3 135.457810510034 S1_2
16056 26 -3 0 S1_2
16057 26 -3 8.76877208710485 S1_2
16058 26 -3 0 S1_2
16059 26 -3 0 S1_2
16060 26 -3 0 S1_2
16062 26 -3 0 S1_2
16063 26 -3 6.09178641221393 S1_2
16046 27 -3 0 S1_2
16047 27 -3 0 S1_2
16049 27 -3 0 S1_2
16050 27 -3 0 S1_2
16052 27 -3 0 S1_2
16053 27 -3 0 S1_2
16054 27 -3 1.37135918156286 S1_2
16055 27 -3 0 S1_2
16056 27 -3 0 S1_2
16057 27 -3 3.4193999357188 S1_2
16058 27 -3 0 S1_2
16059 27 -3 0 S1_2
16060 27 -3 0 S1_2
16062 27 -3 0 S1_2
16063 27 -3 7.21358925211996 S1_2
16046 28 -3 0 S1_2
16047 28 -3 1.31673349889431 S1_2
16049 28 -3 0 S1_2
16050 28 -3 66.1996503938243 S1_2
16052 28 -3 65.4747990258897 S1_2
16053 28 -3 25.6359257006598 S1_2
16054 28 -3 38.137300500329 S1_2
16055 28 -3 618.398295359473 S1_2
16056 28 -3 1.30406089494788 S1_2
16057 28 -3 32.8598448969222 S1_2
16058 28 -3 4.81008750528367 S1_2
16059 28 -3 0 S1_2
16060 28 -3 0 S1_2
16062 28 -3 0 S1_2
16063 28 -3 36.5431516068647 S1_2
16046 29 -3 0 S1_2
16047 29 -3 0 S1_2
16049 29 -3 0 S1_2
16050 29 -3 0 S1_2
16052 29 -3 0 S1_2
16053 29 -3 0 S1_2
16054 29 -3 0 S1_2
16055 29 -3 0 S1_2
16056 29 -3 0 S1_2
16057 29 -3 0 S1_2
16058 29 -3 0 S1_2
16059 29 -3 0 S1_2
16060 29 -3 0 S1_2
16062 29 -3 0 S1_2
16063 29 -3 0 S1_2
16046 30 -3 0 S1_2
16047 30 -3 6.88758472817893 S1_2
16049 30 -3 0 S1_2
16050 30 -3 2.57829970765177 S1_2
16052 30 -3 25.4156249104615 S1_2
16053 30 -3 8.36648769933136 S1_2
16054 30 -3 75.1230502353315 S1_2
16055 30 -3 93.4765926911843 S1_2
16056 30 -3 15.9999055363852 S1_2
16057 30 -3 67.8675819142159 S1_2
16058 30 -3 0 S1_2
16059 30 -3 0 S1_2
16060 30 -3 0 S1_2
16062 30 -3 0 S1_2
16063 30 -3 110.086016062406 S1_2
16046 31 -3 0 S1_2
16047 31 -3 0 S1_2
16049 31 -3 0 S1_2
16050 31 -3 0 S1_2
16052 31 -3 0 S1_2
16053 31 -3 0 S1_2
16054 31 -3 0 S1_2
16055 31 -3 7.279572436856 S1_2
16056 31 -3 0 S1_2
16057 31 -3 0 S1_2
16058 31 -3 0 S1_2
16059 31 -3 0 S1_2
16060 31 -3 0 S1_2
16062 31 -3 0 S1_2
16063 31 -3 3.23841648879797 S1_2
16046 1 -5 0 S1_2
16047 1 -5 0 S1_2
16049 1 -5 0 S1_2
16050 1 -5 0 S1_2
16052 1 -5 0 S1_2
16053 1 -5 0 S1_2
16054 1 -5 0 S1_2
16055 1 -5 0 S1_2
16056 1 -5 0 S1_2
16057 1 -5 0 S1_2
16058 1 -5 0 S1_2
16059 1 -5 0 S1_2
16060 1 -5 0 S1_2
16062 1 -5 0 S1_2
16063 1 -5 0 S1_2
16046 2 -5 0 S1_2
16047 2 -5 0 S1_2
16049 2 -5 0 S1_2
16050 2 -5 0 S1_2
16052 2 -5 0 S1_2
16053 2 -5 0 S1_2
16054 2 -5 18.1769406941053 S1_2
16055 2 -5 10.6949901718886 S1_2
16056 2 -5 0 S1_2
16057 2 -5 25.2722122961555 S1_2
16058 2 -5 0 S1_2
16059 2 -5 0 S1_2
16060 2 -5 0 S1_2
16062 2 -5 0 S1_2
16063 2 -5 56.8049154966083 S1_2
16046 3 -5 0 S1_2
16047 3 -5 0 S1_2
16049 3 -5 0 S1_2
16050 3 -5 0 S1_2
16052 3 -5 0 S1_2
16053 3 -5 0 S1_2
16054 3 -5 0 S1_2
16055 3 -5 0 S1_2
16056 3 -5 0 S1_2
16057 3 -5 0 S1_2
16058 3 -5 0 S1_2
16059 3 -5 0 S1_2
16060 3 -5 0 S1_2
16062 3 -5 0 S1_2
16063 3 -5 0 S1_2
16046 4 -5 0 S1_2
16047 4 -5 0 S1_2
16049 4 -5 0 S1_2
16050 4 -5 0 S1_2
16052 4 -5 0 S1_2
16053 4 -5 0 S1_2
16054 4 -5 0 S1_2
16055 4 -5 0 S1_2
16056 4 -5 0 S1_2
16057 4 -5 0 S1_2
16058 4 -5 0 S1_2
16059 4 -5 0 S1_2
16060 4 -5 0 S1_2
16062 4 -5 0 S1_2
16063 4 -5 0 S1_2
16046 5 -5 0 S1_2
16047 5 -5 0 S1_2
16049 5 -5 0 S1_2
16050 5 -5 0 S1_2
16052 5 -5 0 S1_2
16053 5 -5 0 S1_2
16054 5 -5 0 S1_2
16055 5 -5 0 S1_2
16056 5 -5 0 S1_2
16057 5 -5 0 S1_2
16058 5 -5 0 S1_2
16059 5 -5 0 S1_2
16060 5 -5 0 S1_2
16062 5 -5 0 S1_2
16063 5 -5 0 S1_2
16046 6 -5 0 S1_2
16047 6 -5 0 S1_2
16049 6 -5 0 S1_2
16050 6 -5 0 S1_2
16052 6 -5 0 S1_2
16053 6 -5 0 S1_2
16054 6 -5 0 S1_2
16055 6 -5 23.176021145362 S1_2
16056 6 -5 0 S1_2
16057 6 -5 0 S1_2
16058 6 -5 0 S1_2
16059 6 -5 0 S1_2
16060 6 -5 0 S1_2
16062 6 -5 0 S1_2
16063 6 -5 0 S1_2
16046 7 -5 0 S1_2
16047 7 -5 0 S1_2
16049 7 -5 0 S1_2
16050 7 -5 0 S1_2
16052 7 -5 0 S1_2
16053 7 -5 0 S1_2
16054 7 -5 31.6498857913197 S1_2
16055 7 -5 20.2767307258992 S1_2
16056 7 -5 1.35164770062502 S1_2
16057 7 -5 36.1966077535878 S1_2
16058 7 -5 0 S1_2
16059 7 -5 0 S1_2
16060 7 -5 0 S1_2
16062 7 -5 0 S1_2
16063 7 -5 75.3818039734183 S1_2
16046 8 -5 0 S1_2
16047 8 -5 0 S1_2
16049 8 -5 0 S1_2
16050 8 -5 0 S1_2
16052 8 -5 0 S1_2
16053 8 -5 0 S1_2
16054 8 -5 0 S1_2
16055 8 -5 0 S1_2
16056 8 -5 0 S1_2
16057 8 -5 0 S1_2
16058 8 -5 0 S1_2
16059 8 -5 0 S1_2
16060 8 -5 0 S1_2
16062 8 -5 0 S1_2
16063 8 -5 0 S1_2
16046 9 -5 0 S1_2
16047 9 -5 0 S1_2
16049 9 -5 0 S1_2
16050 9 -5 0 S1_2
16052 9 -5 0 S1_2
16053 9 -5 0 S1_2
16054 9 -5 0 S1_2
16055 9 -5 0 S1_2
16056 9 -5 0 S1_2
16057 9 -5 0 S1_2
16058 9 -5 0 S1_2
16059 9 -5 0 S1_2
16060 9 -5 0 S1_2
16062 9 -5 0 S1_2
16063 9 -5 0 S1_2
16046 10 -5 0 S1_2
16047 10 -5 0 S1_2
16049 10 -5 0 S1_2
16050 10 -5 0 S1_2
16052 10 -5 0 S1_2
16053 10 -5 0 S1_2
16054 10 -5 0 S1_2
16055 10 -5 0 S1_2
16056 10 -5 0 S1_2
16057 10 -5 0 S1_2
16058 10 -5 0 S1_2
16059 10 -5 0 S1_2
16060 10 -5 0 S1_2
16062 10 -5 0 S1_2
16063 10 -5 0 S1_2
16046 11 -5 0 S1_2
16047 11 -5 0 S1_2
16049 11 -5 0 S1_2
16050 11 -5 0 S1_2
16052 11 -5 0 S1_2
16053 11 -5 0 S1_2
16054 11 -5 0 S1_2
16055 11 -5 0 S1_2
16056 11 -5 0 S1_2
16057 11 -5 0 S1_2
16058 11 -5 0 S1_2
16059 11 -5 0 S1_2
16060 11 -5 0 S1_2
16062 11 -5 0 S1_2
16063 11 -5 0 S1_2
16046 12 -5 0 S1_2
16047 12 -5 0 S1_2
16049 12 -5 0 S1_2
16050 12 -5 0 S1_2
16052 12 -5 0 S1_2
16053 12 -5 0 S1_2
16054 12 -5 0 S1_2
16055 12 -5 0 S1_2
16056 12 -5 0 S1_2
16057 12 -5 0 S1_2
16058 12 -5 0 S1_2
16059 12 -5 0 S1_2
16060 12 -5 0 S1_2
16062 12 -5 0 S1_2
16063 12 -5 0 S1_2
16046 13 -5 0 S1_2
16047 13 -5 0 S1_2
16049 13 -5 0 S1_2
16050 13 -5 0 S1_2
16052 13 -5 0 S1_2
16053 13 -5 0 S1_2
16054 13 -5 0 S1_2
16055 13 -5 0 S1_2
16056 13 -5 0 S1_2
16057 13 -5 0 S1_2
16058 13 -5 0 S1_2
16059 13 -5 0 S1_2
16060 13 -5 0 S1_2
16062 13 -5 0 S1_2
16063 13 -5 0 S1_2
16046 14 -5 0 S1_2
16047 14 -5 0 S1_2
16049 14 -5 0 S1_2
16050 14 -5 0 S1_2
16052 14 -5 1.61424877921692 S1_2
16053 14 -5 0 S1_2
16054 14 -5 20.9931124322198 S1_2
16055 14 -5 41.4593503918875 S1_2
16056 14 -5 0 S1_2
16057 14 -5 26.0137686036994 S1_2
16058 14 -5 0 S1_2
16059 14 -5 0 S1_2
16060 14 -5 0 S1_2
16062 14 -5 0 S1_2
16063 14 -5 56.7302315053157 S1_2
16046 15 -5 0 S1_2
16047 15 -5 0 S1_2
16049 15 -5 0 S1_2
16050 15 -5 33.6117509162526 S1_2
16052 15 -5 47.4211449588475 S1_2
16053 15 -5 15.4528430329432 S1_2
16054 15 -5 25.7592592991041 S1_2
16055 15 -5 135.062709166958 S1_2
16056 15 -5 0 S1_2
16057 15 -5 25.5930869190663 S1_2
16058 15 -5 0 S1_2
16059 15 -5 0 S1_2
16060 15 -5 0 S1_2
16062 15 -5 0 S1_2
16063 15 -5 42.8461047081025 S1_2
16046 16 -5 0 S1_2
16047 16 -5 0 S1_2
16049 16 -5 0 S1_2
16050 16 -5 0 S1_2
16052 16 -5 0 S1_2
16053 16 -5 0 S1_2
16054 16 -5 0 S1_2
16055 16 -5 0 S1_2
16056 16 -5 0 S1_2
16057 16 -5 0 S1_2
16058 16 -5 0 S1_2
16059 16 -5 0 S1_2
16060 16 -5 0 S1_2
16062 16 -5 0 S1_2
16063 16 -5 0 S1_2
16046 17 -5 0 S1_2
16047 17 -5 0 S1_2
16049 17 -5 0 S1_2
16050 17 -5 0 S1_2
16052 17 -5 1.58038890290538 S1_2
16053 17 -5 0 S1_2
16054 17 -5 3.02339508901358 S1_2
16055 17 -5 48.574867597354 S1_2
16056 17 -5 0 S1_2
16057 17 -5 6.46769904466798 S1_2
16058 17 -5 0 S1_2
16059 17 -5 0 S1_2
16060 17 -5 0 S1_2
16062 17 -5 0 S1_2
16063 17 -5 10.8404439905882 S1_2
16046 18 -5 0 S1_2
16047 18 -5 0 S1_2
16049 18 -5 0 S1_2
16050 18 -5 0 S1_2
16052 18 -5 0 S1_2
16053 18 -5 0 S1_2
16054 18 -5 0 S1_2
16055 18 -5 0 S1_2
16056 18 -5 0 S1_2
16057 18 -5 0 S1_2
16058 18 -5 0 S1_2
16059 18 -5 0 S1_2
16060 18 -5 0 S1_2
16062 18 -5 0 S1_2
16063 18 -5 0 S1_2
16046 19 -5 0 S1_2
16047 19 -5 0 S1_2
16049 19 -5 0 S1_2
16050 19 -5 0 S1_2
16052 19 -5 0 S1_2
16053 19 -5 0 S1_2
16054 19 -5 0 S1_2
16055 19 -5 0 S1_2
16056 19 -5 0 S1_2
16057 19 -5 0 S1_2
16058 19 -5 0 S1_2
16059 19 -5 0 S1_2
16060 19 -5 0 S1_2
16062 19 -5 0 S1_2
16063 19 -5 0 S1_2
16046 20 -5 0 S1_2
16047 20 -5 0 S1_2
16049 20 -5 0 S1_2
16050 20 -5 0 S1_2
16052 20 -5 0 S1_2
16053 20 -5 0 S1_2
16054 20 -5 0 S1_2
16055 20 -5 44.8597134613705 S1_2
16056 20 -5 0 S1_2
16057 20 -5 0 S1_2
16058 20 -5 0 S1_2
16059 20 -5 0 S1_2
16060 20 -5 0 S1_2
16062 20 -5 0 S1_2
16063 20 -5 0 S1_2
16046 21 -5 0 S1_2
16047 21 -5 0 S1_2
16049 21 -5 0 S1_2
16050 21 -5 0 S1_2
16052 21 -5 0 S1_2
16053 21 -5 0 S1_2
16054 21 -5 0 S1_2
16055 21 -5 0 S1_2
16056 21 -5 0 S1_2
16057 21 -5 0 S1_2
16058 21 -5 0 S1_2
16059 21 -5 0 S1_2
16060 21 -5 0 S1_2
16062 21 -5 0 S1_2
16063 21 -5 0 S1_2
16046 22 -5 0 S1_2
16047 22 -5 0 S1_2
16049 22 -5 0 S1_2
16050 22 -5 0 S1_2
16052 22 -5 0 S1_2
16053 22 -5 0 S1_2
16054 22 -5 0 S1_2
16055 22 -5 0 S1_2
16056 22 -5 0 S1_2
16057 22 -5 0 S1_2
16058 22 -5 0 S1_2
16059 22 -5 0 S1_2
16060 22 -5 0 S1_2
16062 22 -5 0 S1_2
16063 22 -5 0 S1_2
16046 23 -5 0 S1_2
16047 23 -5 0 S1_2
16049 23 -5 0 S1_2
16050 23 -5 0 S1_2
16052 23 -5 0 S1_2
16053 23 -5 0 S1_2
16054 23 -5 0 S1_2
16055 23 -5 0 S1_2
16056 23 -5 0 S1_2
16057 23 -5 0 S1_2
16058 23 -5 0 S1_2
16059 23 -5 0 S1_2
16060 23 -5 0 S1_2
16062 23 -5 0 S1_2
16063 23 -5 0 S1_2
16046 24 -5 0 S1_2
16047 24 -5 0 S1_2
16049 24 -5 0 S1_2
16050 24 -5 0 S1_2
16052 24 -5 0 S1_2
16053 24 -5 0 S1_2
16054 24 -5 0 S1_2
16055 24 -5 0 S1_2
16056 24 -5 0 S1_2
16057 24 -5 0 S1_2
16058 24 -5 0 S1_2
16059 24 -5 0 S1_2
16060 24 -5 0 S1_2
16062 24 -5 0 S1_2
16063 24 -5 0 S1_2
16046 25 -5 0 S1_2
16047 25 -5 0 S1_2
16049 25 -5 0 S1_2
16050 25 -5 0 S1_2
16052 25 -5 0 S1_2
16053 25 -5 0 S1_2
16054 25 -5 0 S1_2
16055 25 -5 0 S1_2
16056 25 -5 0 S1_2
16057 25 -5 0 S1_2
16058 25 -5 0 S1_2
16059 25 -5 0 S1_2
16060 25 -5 0 S1_2
16062 25 -5 0 S1_2
16063 25 -5 0 S1_2
16046 26 -5 0 S1_2
16047 26 -5 0 S1_2
16049 26 -5 0 S1_2
16050 26 -5 0 S1_2
16052 26 -5 0 S1_2
16053 26 -5 0 S1_2
16054 26 -5 0 S1_2
16055 26 -5 0 S1_2
16056 26 -5 0 S1_2
16057 26 -5 0 S1_2
16058 26 -5 0 S1_2
16059 26 -5 0 S1_2
16060 26 -5 0 S1_2
16062 26 -5 0 S1_2
16063 26 -5 0 S1_2
16046 27 -5 0 S1_2
16047 27 -5 0 S1_2
16049 27 -5 0 S1_2
16050 27 -5 0 S1_2
16052 27 -5 0 S1_2
16053 27 -5 0 S1_2
16054 27 -5 0 S1_2
16055 27 -5 0 S1_2
16056 27 -5 0 S1_2
16057 27 -5 0 S1_2
16058 27 -5 0 S1_2
16059 27 -5 0 S1_2
16060 27 -5 0 S1_2
16062 27 -5 0 S1_2
16063 27 -5 0 S1_2
16046 28 -5 0 S1_2
16047 28 -5 0 S1_2
16049 28 -5 0 S1_2
16050 28 -5 0 S1_2
16052 28 -5 0 S1_2
16053 28 -5 0 S1_2
16054 28 -5 0 S1_2
16055 28 -5 0 S1_2
16056 28 -5 0 S1_2
16057 28 -5 0 S1_2
16058 28 -5 0 S1_2
16059 28 -5 0 S1_2
16060 28 -5 0 S1_2
16062 28 -5 0 S1_2
16063 28 -5 0 S1_2
16046 29 -5 0 S1_2
16047 29 -5 0 S1_2
16049 29 -5 0 S1_2
16050 29 -5 0 S1_2
16052 29 -5 0 S1_2
16053 29 -5 0 S1_2
16054 29 -5 0 S1_2
16055 29 -5 0 S1_2
16056 29 -5 0 S1_2
16057 29 -5 0 S1_2
16058 29 -5 0 S1_2
16059 29 -5 0 S1_2
16060 29 -5 0 S1_2
16062 29 -5 0 S1_2
16063 29 -5 0 S1_2
16046 30 -5 0 S1_2
16047 30 -5 0 S1_2
16049 30 -5 0 S1_2
16050 30 -5 0 S1_2
16052 30 -5 0 S1_2
16053 30 -5 0 S1_2
16054 30 -5 0 S1_2
16055 30 -5 4.32239084753192 S1_2
16056 30 -5 0 S1_2
16057 30 -5 1.68554819239465 S1_2
16058 30 -5 0 S1_2
16059 30 -5 0 S1_2
16060 30 -5 0 S1_2
16062 30 -5 0 S1_2
16063 30 -5 5.60766170291027 S1_2
16046 31 -5 0 S1_2
16047 31 -5 0 S1_2
16049 31 -5 0 S1_2
16050 31 -5 0 S1_2
16052 31 -5 0 S1_2
16053 31 -5 0 S1_2
16054 31 -5 0 S1_2
16055 31 -5 0 S1_2
16056 31 -5 0 S1_2
16057 31 -5 0 S1_2
16058 31 -5 0 S1_2
16059 31 -5 0 S1_2
16060 31 -5 0 S1_2
16062 31 -5 0 S1_2
16063 31 -5 0 S1_2
