speciesID lakeID variable value scenario
15023 1 -0.5 710.082581086219 S1_2
15024 1 -0.5 88.1316305641209 S1_2
15025 1 -0.5 0 S1_2
15026 1 -0.5 0 S1_2
15027 1 -0.5 132.20525704816 S1_2
15028 1 -0.5 0 S1_2
15029 1 -0.5 464.65726145125 S1_2
15030 1 -0.5 0 S1_2
15032 1 -0.5 0 S1_2
15033 1 -0.5 218.219584634391 S1_2
15035 1 -0.5 50.5650615393611 S1_2
15036 1 -0.5 282.304977699312 S1_2
15037 1 -0.5 0 S1_2
15039 1 -0.5 17.6296691730321 S1_2
15041 1 -0.5 0 S1_2
15023 2 -0.5 203.864632171421 S1_2
15024 2 -0.5 0 S1_2
15025 2 -0.5 0 S1_2
15026 2 -0.5 0 S1_2
15027 2 -0.5 10.771638285653 S1_2
15028 2 -0.5 0 S1_2
15029 2 -0.5 21.6556830907874 S1_2
15030 2 -0.5 0 S1_2
15032 2 -0.5 0 S1_2
15033 2 -0.5 0 S1_2
15035 2 -0.5 0 S1_2
15036 2 -0.5 34.9454270079987 S1_2
15037 2 -0.5 0 S1_2
15039 2 -0.5 0 S1_2
15041 2 -0.5 0 S1_2
15023 3 -0.5 506.840160602479 S1_2
15024 3 -0.5 33.9067910303064 S1_2
15025 3 -0.5 0 S1_2
15026 3 -0.5 0 S1_2
15027 3 -0.5 78.7696200579371 S1_2
15028 3 -0.5 0 S1_2
15029 3 -0.5 221.086930103764 S1_2
15030 3 -0.5 0 S1_2
15032 3 -0.5 0 S1_2
15033 3 -0.5 44.4340360068567 S1_2
15035 3 -0.5 0 S1_2
15036 3 -0.5 203.123552413741 S1_2
15037 3 -0.5 0 S1_2
15039 3 -0.5 1.60085006837387 S1_2
15041 3 -0.5 0 S1_2
15023 4 -0.5 640.316146106784 S1_2
15024 4 -0.5 70.4367540438106 S1_2
15025 4 -0.5 0 S1_2
15026 4 -0.5 0 S1_2
15027 4 -0.5 107.119001777915 S1_2
15028 4 -0.5 0 S1_2
15029 4 -0.5 361.639929561415 S1_2
15030 4 -0.5 0 S1_2
15032 4 -0.5 0 S1_2
15033 4 -0.5 146.444508346934 S1_2
15035 4 -0.5 31.0312075167958 S1_2
15036 4 -0.5 259.9988656531 S1_2
15037 4 -0.5 0 S1_2
15039 4 -0.5 12.8322792788314 S1_2
15041 4 -0.5 0 S1_2
15023 5 -0.5 0 S1_2
15024 5 -0.5 0 S1_2
15025 5 -0.5 0 S1_2
15026 5 -0.5 0 S1_2
15027 5 -0.5 0 S1_2
15028 5 -0.5 0 S1_2
15029 5 -0.5 0 S1_2
15030 5 -0.5 0 S1_2
15032 5 -0.5 0 S1_2
15033 5 -0.5 0 S1_2
15035 5 -0.5 0 S1_2
15036 5 -0.5 0 S1_2
15037 5 -0.5 0 S1_2
15039 5 -0.5 0 S1_2
15041 5 -0.5 0 S1_2
15023 6 -0.5 640.251619949189 S1_2
15024 6 -0.5 88.8661497352941 S1_2
15025 6 -0.5 0 S1_2
15026 6 -0.5 0 S1_2
15027 6 -0.5 138.50705469131 S1_2
15028 6 -0.5 0 S1_2
15029 6 -0.5 363.862702717972 S1_2
15030 6 -0.5 0 S1_2
15032 6 -0.5 0 S1_2
15033 6 -0.5 154.270820384079 S1_2
15035 6 -0.5 43.456430822164 S1_2
15036 6 -0.5 287.284035888639 S1_2
15037 6 -0.5 0 S1_2
15039 6 -0.5 33.0580382498054 S1_2
15041 6 -0.5 0 S1_2
15023 7 -0.5 208.259523070732 S1_2
15024 7 -0.5 0 S1_2
15025 7 -0.5 0 S1_2
15026 7 -0.5 0 S1_2
15027 7 -0.5 12.6523023526141 S1_2
15028 7 -0.5 0 S1_2
15029 7 -0.5 25.1874324597654 S1_2
15030 7 -0.5 0 S1_2
15032 7 -0.5 0 S1_2
15033 7 -0.5 0 S1_2
15035 7 -0.5 0 S1_2
15036 7 -0.5 38.4579321493669 S1_2
15037 7 -0.5 0 S1_2
15039 7 -0.5 0 S1_2
15041 7 -0.5 0 S1_2
15023 8 -0.5 639.07085651811 S1_2
15024 8 -0.5 90.4943424231397 S1_2
15025 8 -0.5 0 S1_2
15026 8 -0.5 0 S1_2
15027 8 -0.5 131.108188169874 S1_2
15028 8 -0.5 0 S1_2
15029 8 -0.5 406.391964699202 S1_2
15030 8 -0.5 0 S1_2
15032 8 -0.5 0 S1_2
15033 8 -0.5 200.854135858947 S1_2
15035 8 -0.5 51.4501751936248 S1_2
15036 8 -0.5 273.80422240316 S1_2
15037 8 -0.5 0 S1_2
15039 8 -0.5 23.7601651541398 S1_2
15041 8 -0.5 0 S1_2
15023 9 -0.5 621.525443570866 S1_2
15024 9 -0.5 73.479569919088 S1_2
15025 9 -0.5 0 S1_2
15026 9 -0.5 0 S1_2
15027 9 -0.5 115.765485740097 S1_2
15028 9 -0.5 0 S1_2
15029 9 -0.5 341.223530019098 S1_2
15030 9 -0.5 0 S1_2
15032 9 -0.5 0 S1_2
15033 9 -0.5 134.879721350285 S1_2
15035 9 -0.5 26.5385504276255 S1_2
15036 9 -0.5 264.894560669452 S1_2
15037 9 -0.5 0 S1_2
15039 9 -0.5 17.8094857519968 S1_2
15041 9 -0.5 0 S1_2
15023 10 -0.5 690.265305154444 S1_2
15024 10 -0.5 95.303485211915 S1_2
15025 10 -0.5 0 S1_2
15026 10 -0.5 0 S1_2
15027 10 -0.5 139.977639807743 S1_2
15028 10 -0.5 0 S1_2
15029 10 -0.5 435.79648707772 S1_2
15030 10 -0.5 0 S1_2
15032 10 -0.5 0 S1_2
15033 10 -0.5 206.503158705181 S1_2
15035 10 -0.5 59.9007374640501 S1_2
15036 10 -0.5 292.702403182204 S1_2
15037 10 -0.5 0 S1_2
15039 10 -0.5 28.5235731113486 S1_2
15041 10 -0.5 0 S1_2
15023 11 -0.5 634.512643258214 S1_2
15024 11 -0.5 51.0999217518889 S1_2
15025 11 -0.5 0 S1_2
15026 11 -0.5 0 S1_2
15027 11 -0.5 75.9322844609658 S1_2
15028 11 -0.5 0 S1_2
15029 11 -0.5 380.582024947512 S1_2
15030 11 -0.5 0 S1_2
15032 11 -0.5 0 S1_2
15033 11 -0.5 159.599472890613 S1_2
15035 11 -0.5 13.3275804388483 S1_2
15036 11 -0.5 211.679407003883 S1_2
15037 11 -0.5 0 S1_2
15039 11 -0.5 1.70582840648836 S1_2
15041 11 -0.5 0 S1_2
15023 12 -0.5 568.012162333424 S1_2
15024 12 -0.5 46.3025510222205 S1_2
15025 12 -0.5 0 S1_2
15026 12 -0.5 0 S1_2
15027 12 -0.5 67.7169041446918 S1_2
15028 12 -0.5 0 S1_2
15029 12 -0.5 337.369813517452 S1_2
15030 12 -0.5 0 S1_2
15032 12 -0.5 0 S1_2
15033 12 -0.5 148.638694823401 S1_2
15035 12 -0.5 7.2551929915393 S1_2
15036 12 -0.5 190.16702206485 S1_2
15037 12 -0.5 0 S1_2
15039 12 -0.5 1.18215707176725 S1_2
15041 12 -0.5 0 S1_2
15023 13 -0.5 411.728517624415 S1_2
15024 13 -0.5 26.6695809106461 S1_2
15025 13 -0.5 0 S1_2
15026 13 -0.5 0 S1_2
15027 13 -0.5 44.7441041567171 S1_2
15028 13 -0.5 0 S1_2
15029 13 -0.5 192.360938013364 S1_2
15030 13 -0.5 0 S1_2
15032 13 -0.5 0 S1_2
15033 13 -0.5 51.7254778230691 S1_2
15035 13 -0.5 0 S1_2
15036 13 -0.5 167.076388854675 S1_2
15037 13 -0.5 0 S1_2
15039 13 -0.5 0 S1_2
15041 13 -0.5 0 S1_2
15023 14 -0.5 394.418516462431 S1_2
15024 14 -0.5 11.6698318236976 S1_2
15025 14 -0.5 0 S1_2
15026 14 -0.5 0 S1_2
15027 14 -0.5 72.4781720796671 S1_2
15028 14 -0.5 0 S1_2
15029 14 -0.5 156.989604615426 S1_2
15030 14 -0.5 0 S1_2
15032 14 -0.5 0 S1_2
15033 14 -0.5 3.78500066618957 S1_2
15035 14 -0.5 0 S1_2
15036 14 -0.5 161.888731151786 S1_2
15037 14 -0.5 0 S1_2
15039 14 -0.5 0 S1_2
15041 14 -0.5 0 S1_2
15023 15 -0.5 739.034779124393 S1_2
15024 15 -0.5 124.690090717123 S1_2
15025 15 -0.5 0 S1_2
15026 15 -0.5 0 S1_2
15027 15 -0.5 181.997378144565 S1_2
15028 15 -0.5 0 S1_2
15029 15 -0.5 484.796010252501 S1_2
15030 15 -0.5 0 S1_2
15032 15 -0.5 0 S1_2
15033 15 -0.5 243.01543159655 S1_2
15035 15 -0.5 92.5898159264672 S1_2
15036 15 -0.5 336.337937040299 S1_2
15037 15 -0.5 0 S1_2
15039 15 -0.5 57.9728158585216 S1_2
15041 15 -0.5 0 S1_2
15023 16 -0.5 680.495169952331 S1_2
15024 16 -0.5 105.709023033432 S1_2
15025 16 -0.5 0 S1_2
15026 16 -0.5 0 S1_2
15027 16 -0.5 154.548684554497 S1_2
15028 16 -0.5 0 S1_2
15029 16 -0.5 451.792118431286 S1_2
15030 16 -0.5 0 S1_2
15032 16 -0.5 0 S1_2
15033 16 -0.5 232.247356547844 S1_2
15035 16 -0.5 66.5756040405497 S1_2
15036 16 -0.5 297.030909337495 S1_2
15037 16 -0.5 0 S1_2
15039 16 -0.5 34.9097877500182 S1_2
15041 16 -0.5 0 S1_2
15023 17 -0.5 531.977724898972 S1_2
15024 17 -0.5 63.9253951678644 S1_2
15025 17 -0.5 0 S1_2
15026 17 -0.5 0 S1_2
15027 17 -0.5 106.952661864274 S1_2
15028 17 -0.5 0 S1_2
15029 17 -0.5 277.597525522303 S1_2
15030 17 -0.5 0 S1_2
15032 17 -0.5 0 S1_2
15033 17 -0.5 102.406113316896 S1_2
15035 17 -0.5 3.90114398600838 S1_2
15036 17 -0.5 239.037074144047 S1_2
15037 17 -0.5 0 S1_2
15039 17 -0.5 12.9079336739165 S1_2
15041 17 -0.5 0 S1_2
15023 18 -0.5 626.249737665139 S1_2
15024 18 -0.5 70.7537851575951 S1_2
15025 18 -0.5 0 S1_2
15026 18 -0.5 0 S1_2
15027 18 -0.5 104.552823062123 S1_2
15028 18 -0.5 0 S1_2
15029 18 -0.5 396.428577020434 S1_2
15030 18 -0.5 0 S1_2
15032 18 -0.5 0 S1_2
15033 18 -0.5 189.718093646989 S1_2
15035 18 -0.5 29.177551774728 S1_2
15036 18 -0.5 241.169294688311 S1_2
15037 18 -0.5 0 S1_2
15039 18 -0.5 7.31337582229605 S1_2
15041 18 -0.5 0 S1_2
15023 19 -0.5 675.267453371703 S1_2
15024 19 -0.5 92.3227497714668 S1_2
15025 19 -0.5 0 S1_2
15026 19 -0.5 0 S1_2
15027 19 -0.5 135.788024050917 S1_2
15028 19 -0.5 0 S1_2
15029 19 -0.5 418.391314338958 S1_2
15030 19 -0.5 0 S1_2
15032 19 -0.5 0 S1_2
15033 19 -0.5 195.636342332908 S1_2
15035 19 -0.5 56.6742363384281 S1_2
15036 19 -0.5 287.851878296807 S1_2
15037 19 -0.5 0 S1_2
15039 19 -0.5 27.482053824379 S1_2
15041 19 -0.5 0 S1_2
15023 20 -0.5 700.798672589269 S1_2
15024 20 -0.5 116.090506232741 S1_2
15025 20 -0.5 0 S1_2
15026 20 -0.5 0 S1_2
15027 20 -0.5 168.906862403277 S1_2
15028 20 -0.5 0 S1_2
15029 20 -0.5 466.478466410166 S1_2
15030 20 -0.5 0 S1_2
15032 20 -0.5 0 S1_2
15033 20 -0.5 241.247959485098 S1_2
15035 20 -0.5 79.4986171066953 S1_2
15036 20 -0.5 314.686446574619 S1_2
15037 20 -0.5 0 S1_2
15039 20 -0.5 46.6533743427807 S1_2
15041 20 -0.5 0 S1_2
15023 21 -0.5 689.958811213467 S1_2
15024 21 -0.5 89.5207500340832 S1_2
15025 21 -0.5 0 S1_2
15026 21 -0.5 0 S1_2
15027 21 -0.5 132.390058881979 S1_2
15028 21 -0.5 0 S1_2
15029 21 -0.5 425.310424505594 S1_2
15030 21 -0.5 0 S1_2
15032 21 -0.5 0 S1_2
15033 21 -0.5 193.158724591312 S1_2
15035 21 -0.5 54.8319984088848 S1_2
15036 21 -0.5 288.120281355845 S1_2
15037 21 -0.5 0 S1_2
15039 21 -0.5 24.5954222254235 S1_2
15041 21 -0.5 0 S1_2
15023 22 -0.5 733.570882891747 S1_2
15024 22 -0.5 105.167281317446 S1_2
15025 22 -0.5 0 S1_2
15026 22 -0.5 0 S1_2
15027 22 -0.5 156.30321094907 S1_2
15028 22 -0.5 0 S1_2
15029 22 -0.5 489.831136778319 S1_2
15030 22 -0.5 0 S1_2
15032 22 -0.5 0 S1_2
15033 22 -0.5 238.021790849877 S1_2
15035 22 -0.5 67.5547717706244 S1_2
15036 22 -0.5 307.501172534045 S1_2
15037 22 -0.5 0 S1_2
15039 22 -0.5 31.9612850572908 S1_2
15041 22 -0.5 0 S1_2
15023 23 -0.5 694.022257975902 S1_2
15024 23 -0.5 91.3339491794819 S1_2
15025 23 -0.5 0 S1_2
15026 23 -0.5 0 S1_2
15027 23 -0.5 139.089128114225 S1_2
15028 23 -0.5 0 S1_2
15029 23 -0.5 408.895027433178 S1_2
15030 23 -0.5 0 S1_2
15032 23 -0.5 0 S1_2
15033 23 -0.5 174.244501246261 S1_2
15035 23 -0.5 55.4996769961178 S1_2
15036 23 -0.5 297.961640566017 S1_2
15037 23 -0.5 0 S1_2
15039 23 -0.5 30.9902974832932 S1_2
15041 23 -0.5 0 S1_2
15023 24 -0.5 710.934519027984 S1_2
15024 24 -0.5 96.0489143663885 S1_2
15025 24 -0.5 0 S1_2
15026 24 -0.5 0 S1_2
15027 24 -0.5 141.709876195069 S1_2
15028 24 -0.5 0 S1_2
15029 24 -0.5 449.547998602464 S1_2
15030 24 -0.5 0 S1_2
15032 24 -0.5 0 S1_2
15033 24 -0.5 208.332420002729 S1_2
15035 24 -0.5 61.7055910453387 S1_2
15036 24 -0.5 298.38346573474 S1_2
15037 24 -0.5 0 S1_2
15039 24 -0.5 28.7756866375814 S1_2
15041 24 -0.5 0 S1_2
15023 25 -0.5 409.405733134466 S1_2
15024 25 -0.5 12.1263438309916 S1_2
15025 25 -0.5 0 S1_2
15026 25 -0.5 0 S1_2
15027 25 -0.5 73.9525351339308 S1_2
15028 25 -0.5 0 S1_2
15029 25 -0.5 161.151223013583 S1_2
15030 25 -0.5 0 S1_2
15032 25 -0.5 0 S1_2
15033 25 -0.5 3.89051472077789 S1_2
15035 25 -0.5 0 S1_2
15036 25 -0.5 164.459895327245 S1_2
15037 25 -0.5 0 S1_2
15039 25 -0.5 0 S1_2
15041 25 -0.5 0 S1_2
15023 26 -0.5 716.508297916556 S1_2
15024 26 -0.5 108.67499822145 S1_2
15025 26 -0.5 0 S1_2
15026 26 -0.5 0 S1_2
15027 26 -0.5 159.96036954852 S1_2
15028 26 -0.5 0 S1_2
15029 26 -0.5 476.84653466219 S1_2
15030 26 -0.5 0 S1_2
15032 26 -0.5 0 S1_2
15033 26 -0.5 238.815722107308 S1_2
15035 26 -0.5 71.0721775825713 S1_2
15036 26 -0.5 308.550968590901 S1_2
15037 26 -0.5 0 S1_2
15039 26 -0.5 36.7208795053138 S1_2
15041 26 -0.5 0 S1_2
15023 27 -0.5 185.182890999492 S1_2
15024 27 -0.5 0 S1_2
15025 27 -0.5 0 S1_2
15026 27 -0.5 0 S1_2
15027 27 -0.5 4.59298025403941 S1_2
15028 27 -0.5 0 S1_2
15029 27 -0.5 9.93110917129118 S1_2
15030 27 -0.5 0 S1_2
15032 27 -0.5 0 S1_2
15033 27 -0.5 0 S1_2
15035 27 -0.5 0 S1_2
15036 27 -0.5 19.8230008410039 S1_2
15037 27 -0.5 0 S1_2
15039 27 -0.5 0 S1_2
15041 27 -0.5 0 S1_2
15023 28 -0.5 741.664519128912 S1_2
15024 28 -0.5 116.54931398091 S1_2
15025 28 -0.5 0 S1_2
15026 28 -0.5 0 S1_2
15027 28 -0.5 172.258910312953 S1_2
15028 28 -0.5 0 S1_2
15029 28 -0.5 501.334642698046 S1_2
15030 28 -0.5 0 S1_2
15032 28 -0.5 0 S1_2
15033 28 -0.5 251.760247900489 S1_2
15035 28 -0.5 79.1576013553936 S1_2
15036 28 -0.5 321.962114945029 S1_2
15037 28 -0.5 0 S1_2
15039 28 -0.5 42.9921883745596 S1_2
15041 28 -0.5 0 S1_2
15023 29 -0.5 534.113412804188 S1_2
15024 29 -0.5 48.7757164480164 S1_2
15025 29 -0.5 0 S1_2
15026 29 -0.5 0 S1_2
15027 29 -0.5 75.6115804301643 S1_2
15028 29 -0.5 0 S1_2
15029 29 -0.5 275.385047687235 S1_2
15030 29 -0.5 0 S1_2
15032 29 -0.5 0 S1_2
15033 29 -0.5 98.9859681884708 S1_2
15035 29 -0.5 4.67046784661081 S1_2
15036 29 -0.5 212.645486607393 S1_2
15037 29 -0.5 0 S1_2
15039 29 -0.5 3.68896403247868 S1_2
15041 29 -0.5 0 S1_2
15023 30 -0.5 384.865006869006 S1_2
15024 30 -0.5 8.47721565160136 S1_2
15025 30 -0.5 0 S1_2
15026 30 -0.5 0 S1_2
15027 30 -0.5 64.7832603608509 S1_2
15028 30 -0.5 0 S1_2
15029 30 -0.5 148.883257418608 S1_2
15030 30 -0.5 0 S1_2
15032 30 -0.5 0 S1_2
15033 30 -0.5 2.66771394698 S1_2
15035 30 -0.5 0 S1_2
15036 30 -0.5 154.318013599869 S1_2
15037 30 -0.5 0 S1_2
15039 30 -0.5 0 S1_2
15041 30 -0.5 0 S1_2
15023 31 -0.5 595.553913191015 S1_2
15024 31 -0.5 30.836690038571 S1_2
15025 31 -0.5 0 S1_2
15026 31 -0.5 0 S1_2
15027 31 -0.5 106.815034330314 S1_2
15028 31 -0.5 0 S1_2
15029 31 -0.5 264.647312719196 S1_2
15030 31 -0.5 0 S1_2
15032 31 -0.5 0 S1_2
15033 31 -0.5 46.0010911138218 S1_2
15035 31 -0.5 0 S1_2
15036 31 -0.5 243.229591913404 S1_2
15037 31 -0.5 0 S1_2
15039 31 -0.5 1.5203558701394 S1_2
15041 31 -0.5 0 S1_2
15023 1 -1.5 161.4572538034 S1_2
15024 1 -1.5 2.665821554027 S1_2
15025 1 -1.5 64.3920842015837 S1_2
15026 1 -1.5 0 S1_2
15027 1 -1.5 0 S1_2
15028 1 -1.5 0 S1_2
15029 1 -1.5 111.53346243353 S1_2
15030 1 -1.5 0 S1_2
15032 1 -1.5 18.4221706742113 S1_2
15033 1 -1.5 9.58803587495357 S1_2
15035 1 -1.5 0 S1_2
15036 1 -1.5 17.5717166923193 S1_2
15037 1 -1.5 0 S1_2
15039 1 -1.5 0 S1_2
15041 1 -1.5 46.0172874243855 S1_2
15023 2 -1.5 155.419922456967 S1_2
15024 2 -1.5 0 S1_2
15025 2 -1.5 0 S1_2
15026 2 -1.5 0 S1_2
15027 2 -1.5 1.55534260032387 S1_2
15028 2 -1.5 0 S1_2
15029 2 -1.5 20.4293926408972 S1_2
15030 2 -1.5 0 S1_2
15032 2 -1.5 0 S1_2
15033 2 -1.5 0 S1_2
15035 2 -1.5 0 S1_2
15036 2 -1.5 7.88935073323945 S1_2
15037 2 -1.5 0 S1_2
15039 2 -1.5 0 S1_2
15041 2 -1.5 0 S1_2
15023 3 -1.5 233.303270498283 S1_2
15024 3 -1.5 2.96438211157813 S1_2
15025 3 -1.5 23.2331574087142 S1_2
15026 3 -1.5 0 S1_2
15027 3 -1.5 0 S1_2
15028 3 -1.5 0 S1_2
15029 3 -1.5 96.2660508633921 S1_2
15030 3 -1.5 0 S1_2
15032 3 -1.5 0 S1_2
15033 3 -1.5 0 S1_2
15035 3 -1.5 0 S1_2
15036 3 -1.5 51.3492588457563 S1_2
15037 3 -1.5 0 S1_2
15039 3 -1.5 0 S1_2
15041 3 -1.5 29.7087820315691 S1_2
15023 4 -1.5 205.137812968719 S1_2
15024 4 -1.5 4.84731461345177 S1_2
15025 4 -1.5 57.8926527279306 S1_2
15026 4 -1.5 0 S1_2
15027 4 -1.5 0 S1_2
15028 4 -1.5 0 S1_2
15029 4 -1.5 115.679144320566 S1_2
15030 4 -1.5 0 S1_2
15032 4 -1.5 13.0512933102311 S1_2
15033 4 -1.5 4.71516358594463 S1_2
15035 4 -1.5 0 S1_2
15036 4 -1.5 37.5719762012897 S1_2
15037 4 -1.5 0 S1_2
15039 4 -1.5 0 S1_2
15041 4 -1.5 48.1508455473643 S1_2
15023 5 -1.5 0 S1_2
15024 5 -1.5 0 S1_2
15025 5 -1.5 0 S1_2
15026 5 -1.5 0 S1_2
15027 5 -1.5 0 S1_2
15028 5 -1.5 0 S1_2
15029 5 -1.5 0 S1_2
15030 5 -1.5 0 S1_2
15032 5 -1.5 0 S1_2
15033 5 -1.5 0 S1_2
15035 5 -1.5 0 S1_2
15036 5 -1.5 0 S1_2
15037 5 -1.5 0 S1_2
15039 5 -1.5 0 S1_2
15041 5 -1.5 0 S1_2
15023 6 -1.5 477.2856008063 S1_2
15024 6 -1.5 79.8562188122363 S1_2
15025 6 -1.5 178.924246182088 S1_2
15026 6 -1.5 0 S1_2
15027 6 -1.5 61.0198041054102 S1_2
15028 6 -1.5 2.50581350817034 S1_2
15029 6 -1.5 302.247652992225 S1_2
15030 6 -1.5 0 S1_2
15032 6 -1.5 87.1837629198827 S1_2
15033 6 -1.5 84.1503003546725 S1_2
15035 6 -1.5 25.4772310020939 S1_2
15036 6 -1.5 177.177053343514 S1_2
15037 6 -1.5 0 S1_2
15039 6 -1.5 1.86516766702102 S1_2
15041 6 -1.5 160.113667036162 S1_2
15023 7 -1.5 162.868190088433 S1_2
15024 7 -1.5 0 S1_2
15025 7 -1.5 0 S1_2
15026 7 -1.5 0 S1_2
15027 7 -1.5 2.15979809335218 S1_2
15028 7 -1.5 0 S1_2
15029 7 -1.5 26.0318503266649 S1_2
15030 7 -1.5 0 S1_2
15032 7 -1.5 0 S1_2
15033 7 -1.5 0 S1_2
15035 7 -1.5 0 S1_2
15036 7 -1.5 10.6123369731699 S1_2
15037 7 -1.5 0 S1_2
15039 7 -1.5 0 S1_2
15041 7 -1.5 0 S1_2
15023 8 -1.5 331.653144276256 S1_2
15024 8 -1.5 38.5938803200744 S1_2
15025 8 -1.5 131.337138671708 S1_2
15026 8 -1.5 0 S1_2
15027 8 -1.5 6.76605634087126 S1_2
15028 8 -1.5 0 S1_2
15029 8 -1.5 207.877356291013 S1_2
15030 8 -1.5 0 S1_2
15032 8 -1.5 72.1643157268782 S1_2
15033 8 -1.5 58.1672599408215 S1_2
15035 8 -1.5 3.03822881415811 S1_2
15036 8 -1.5 88.5661947847751 S1_2
15037 8 -1.5 0 S1_2
15039 8 -1.5 0 S1_2
15041 8 -1.5 107.667086748684 S1_2
15023 9 -1.5 343.879155468644 S1_2
15024 9 -1.5 31.2765042743284 S1_2
15025 9 -1.5 99.6820706888726 S1_2
15026 9 -1.5 0 S1_2
15027 9 -1.5 5.59385722577162 S1_2
15028 9 -1.5 0 S1_2
15029 9 -1.5 181.154864378487 S1_2
15030 9 -1.5 0 S1_2
15032 9 -1.5 32.8459685390942 S1_2
15033 9 -1.5 26.7759513661871 S1_2
15035 9 -1.5 1.10932187421232 S1_2
15036 9 -1.5 95.2132717122623 S1_2
15037 9 -1.5 0 S1_2
15039 9 -1.5 0 S1_2
15041 9 -1.5 87.465091178636 S1_2
15023 10 -1.5 344.672024537659 S1_2
15024 10 -1.5 35.0142662791185 S1_2
15025 10 -1.5 126.925505401297 S1_2
15026 10 -1.5 0 S1_2
15027 10 -1.5 5.70090992199604 S1_2
15028 10 -1.5 0 S1_2
15029 10 -1.5 205.189122579911 S1_2
15030 10 -1.5 0 S1_2
15032 10 -1.5 68.0263281817469 S1_2
15033 10 -1.5 52.233862601416 S1_2
15035 10 -1.5 2.71841618177251 S1_2
15036 10 -1.5 86.6158113017245 S1_2
15037 10 -1.5 0 S1_2
15039 10 -1.5 0 S1_2
15041 10 -1.5 101.41610823121 S1_2
15023 11 -1.5 6.06666894066413 S1_2
15024 11 -1.5 0 S1_2
15025 11 -1.5 0 S1_2
15026 11 -1.5 0 S1_2
15027 11 -1.5 0 S1_2
15028 11 -1.5 0 S1_2
15029 11 -1.5 0 S1_2
15030 11 -1.5 0 S1_2
15032 11 -1.5 0 S1_2
15033 11 -1.5 0 S1_2
15035 11 -1.5 0 S1_2
15036 11 -1.5 0 S1_2
15037 11 -1.5 0 S1_2
15039 11 -1.5 0 S1_2
15041 11 -1.5 0 S1_2
15023 12 -1.5 7.65072769735567 S1_2
15024 12 -1.5 0 S1_2
15025 12 -1.5 0 S1_2
15026 12 -1.5 0 S1_2
15027 12 -1.5 0 S1_2
15028 12 -1.5 0 S1_2
15029 12 -1.5 1.04993106800618 S1_2
15030 12 -1.5 0 S1_2
15032 12 -1.5 0 S1_2
15033 12 -1.5 0 S1_2
15035 12 -1.5 0 S1_2
15036 12 -1.5 0 S1_2
15037 12 -1.5 0 S1_2
15039 12 -1.5 0 S1_2
15041 12 -1.5 0 S1_2
15023 13 -1.5 201.793879142207 S1_2
15024 13 -1.5 4.5092596722977 S1_2
15025 13 -1.5 32.1662543451012 S1_2
15026 13 -1.5 0 S1_2
15027 13 -1.5 0 S1_2
15028 13 -1.5 0 S1_2
15029 13 -1.5 96.6565974167455 S1_2
15030 13 -1.5 0 S1_2
15032 13 -1.5 0 S1_2
15033 13 -1.5 0 S1_2
15035 13 -1.5 0 S1_2
15036 13 -1.5 43.3437940265519 S1_2
15037 13 -1.5 0 S1_2
15039 13 -1.5 0 S1_2
15041 13 -1.5 38.8883421313543 S1_2
15023 14 -1.5 310.538041985002 S1_2
15024 14 -1.5 22.8442764505328 S1_2
15025 14 -1.5 45.0438927845834 S1_2
15026 14 -1.5 0 S1_2
15027 14 -1.5 26.4508271078659 S1_2
15028 14 -1.5 2.81808067193014 S1_2
15029 14 -1.5 144.46433500194 S1_2
15030 14 -1.5 0 S1_2
15032 14 -1.5 0 S1_2
15033 14 -1.5 0 S1_2
15035 14 -1.5 0 S1_2
15036 14 -1.5 111.277118960095 S1_2
15037 14 -1.5 0 S1_2
15039 14 -1.5 0 S1_2
15041 14 -1.5 58.4691224450143 S1_2
15023 15 -1.5 584.827549570592 S1_2
15024 15 -1.5 121.456662119296 S1_2
15025 15 -1.5 298.243001282539 S1_2
15026 15 -1.5 47.6564971270237 S1_2
15027 15 -1.5 107.608488041969 S1_2
15028 15 -1.5 9.09962348916717 S1_2
15029 15 -1.5 449.521646748754 S1_2
15030 15 -1.5 0 S1_2
15032 15 -1.5 176.526630412299 S1_2
15033 15 -1.5 161.415106414504 S1_2
15035 15 -1.5 77.8189597131055 S1_2
15036 15 -1.5 230.179096605131 S1_2
15037 15 -1.5 0 S1_2
15039 15 -1.5 13.3194903331584 S1_2
15041 15 -1.5 247.444045479984 S1_2
15023 16 -1.5 411.948330682093 S1_2
15024 16 -1.5 60.8530746644859 S1_2
15025 16 -1.5 186.242339767079 S1_2
15026 16 -1.5 1.35192020025385 S1_2
15027 16 -1.5 29.5466113803638 S1_2
15028 16 -1.5 0 S1_2
15029 16 -1.5 290.266825992396 S1_2
15030 16 -1.5 0 S1_2
15032 16 -1.5 100.950678725602 S1_2
15033 16 -1.5 91.3793171551392 S1_2
15035 16 -1.5 13.9807901005248 S1_2
15036 16 -1.5 121.58521436222 S1_2
15037 16 -1.5 0 S1_2
15039 16 -1.5 0 S1_2
15041 16 -1.5 150.760190819602 S1_2
15023 17 -1.5 410.251416992557 S1_2
15024 17 -1.5 67.560333588097 S1_2
15025 17 -1.5 137.567395311241 S1_2
15026 17 -1.5 0 S1_2
15027 17 -1.5 47.2008623641285 S1_2
15028 17 -1.5 2.21415347356468 S1_2
15029 17 -1.5 243.488700370357 S1_2
15030 17 -1.5 0 S1_2
15032 17 -1.5 35.7919697482001 S1_2
15033 17 -1.5 54.6272163495213 S1_2
15035 17 -1.5 4.20838594226626 S1_2
15036 17 -1.5 161.125877517639 S1_2
15037 17 -1.5 0 S1_2
15039 17 -1.5 0 S1_2
15041 17 -1.5 130.951351515791 S1_2
15023 18 -1.5 107.091710881491 S1_2
15024 18 -1.5 0 S1_2
15025 18 -1.5 31.3531413292241 S1_2
15026 18 -1.5 0 S1_2
15027 18 -1.5 0 S1_2
15028 18 -1.5 0 S1_2
15029 18 -1.5 67.8943619569264 S1_2
15030 18 -1.5 0 S1_2
15032 18 -1.5 3.42521218054193 S1_2
15033 18 -1.5 1.36451424902649 S1_2
15035 18 -1.5 0 S1_2
15036 18 -1.5 2.30413123195449 S1_2
15037 18 -1.5 0 S1_2
15039 18 -1.5 0 S1_2
15041 18 -1.5 21.8082568120773 S1_2
15023 19 -1.5 352.150667457004 S1_2
15024 19 -1.5 37.3572881030763 S1_2
15025 19 -1.5 127.430920160021 S1_2
15026 19 -1.5 0 S1_2
15027 19 -1.5 6.84725429930188 S1_2
15028 19 -1.5 0 S1_2
15029 19 -1.5 208.096182788984 S1_2
15030 19 -1.5 0 S1_2
15032 19 -1.5 68.7679236524372 S1_2
15033 19 -1.5 52.370909775681 S1_2
15035 19 -1.5 3.24836764022857 S1_2
15036 19 -1.5 91.9710610980743 S1_2
15037 19 -1.5 0 S1_2
15039 19 -1.5 0 S1_2
15041 19 -1.5 103.81493007445 S1_2
15023 20 -1.5 506.025869075 S1_2
15024 20 -1.5 94.4911015964908 S1_2
15025 20 -1.5 254.657904911115 S1_2
15026 20 -1.5 14.4519661484629 S1_2
15027 20 -1.5 73.2157028311705 S1_2
15028 20 -1.5 1.21277886431413 S1_2
15029 20 -1.5 384.486552253138 S1_2
15030 20 -1.5 0 S1_2
15032 20 -1.5 144.099782198564 S1_2
15033 20 -1.5 133.174021897108 S1_2
15035 20 -1.5 48.0128075020603 S1_2
15036 20 -1.5 178.545514508152 S1_2
15037 20 -1.5 0 S1_2
15039 20 -1.5 2.40464409762821 S1_2
15041 20 -1.5 210.202893723838 S1_2
15023 21 -1.5 300.319291182296 S1_2
15024 21 -1.5 22.549194903698 S1_2
15025 21 -1.5 103.023608416267 S1_2
15026 21 -1.5 0 S1_2
15027 21 -1.5 1.87726696803813 S1_2
15028 21 -1.5 0 S1_2
15029 21 -1.5 171.914381325591 S1_2
15030 21 -1.5 0 S1_2
15032 21 -1.5 51.0144207203748 S1_2
15033 21 -1.5 33.8736209783232 S1_2
15035 21 -1.5 0 S1_2
15036 21 -1.5 69.1891060128864 S1_2
15037 21 -1.5 0 S1_2
15039 21 -1.5 0 S1_2
15041 21 -1.5 81.792496774187 S1_2
15023 22 -1.5 337.353854024795 S1_2
15024 22 -1.5 32.1800676190203 S1_2
15025 22 -1.5 131.903355744382 S1_2
15026 22 -1.5 0 S1_2
15027 22 -1.5 5.21378986874701 S1_2
15028 22 -1.5 0 S1_2
15029 22 -1.5 208.031342566011 S1_2
15030 22 -1.5 0 S1_2
15032 22 -1.5 66.0619884307008 S1_2
15033 22 -1.5 55.4313519919314 S1_2
15035 22 -1.5 1.88989375135931 S1_2
15036 22 -1.5 78.1925641569116 S1_2
15037 22 -1.5 0 S1_2
15039 22 -1.5 0 S1_2
15041 22 -1.5 99.6007346101762 S1_2
15023 23 -1.5 406.862460528412 S1_2
15024 23 -1.5 44.8556503838299 S1_2
15025 23 -1.5 133.503423936696 S1_2
15026 23 -1.5 0 S1_2
15027 23 -1.5 14.7795445320074 S1_2
15028 23 -1.5 0 S1_2
15029 23 -1.5 229.63711630499 S1_2
15030 23 -1.5 0 S1_2
15032 23 -1.5 66.3231890042773 S1_2
15033 23 -1.5 51.9381140131975 S1_2
15035 23 -1.5 5.50978664145401 S1_2
15036 23 -1.5 113.657973579123 S1_2
15037 23 -1.5 0 S1_2
15039 23 -1.5 0 S1_2
15041 23 -1.5 110.624397373679 S1_2
15023 24 -1.5 329.657917481432 S1_2
15024 24 -1.5 28.7863734069111 S1_2
15025 24 -1.5 117.432054208832 S1_2
15026 24 -1.5 0 S1_2
15027 24 -1.5 3.44207386864045 S1_2
15028 24 -1.5 0 S1_2
15029 24 -1.5 191.548233717947 S1_2
15030 24 -1.5 0 S1_2
15032 24 -1.5 60.8184643335173 S1_2
15033 24 -1.5 44.4097253850073 S1_2
15035 24 -1.5 1.65724800538664 S1_2
15036 24 -1.5 77.8421440403879 S1_2
15037 24 -1.5 0 S1_2
15039 24 -1.5 0 S1_2
15041 24 -1.5 91.788569129549 S1_2
15023 25 -1.5 288.549033973991 S1_2
15024 25 -1.5 11.3845562279282 S1_2
15025 25 -1.5 29.4032635284906 S1_2
15026 25 -1.5 0 S1_2
15027 25 -1.5 12.4174316682255 S1_2
15028 25 -1.5 0 S1_2
15029 25 -1.5 123.754700423732 S1_2
15030 25 -1.5 0 S1_2
15032 25 -1.5 0 S1_2
15033 25 -1.5 0 S1_2
15035 25 -1.5 0 S1_2
15036 25 -1.5 90.5405122295407 S1_2
15037 25 -1.5 0 S1_2
15039 25 -1.5 0 S1_2
15041 25 -1.5 42.5492443726544 S1_2
15023 26 -1.5 407.828905252056 S1_2
15024 26 -1.5 53.0124366978091 S1_2
15025 26 -1.5 173.037206625552 S1_2
15026 26 -1.5 0 S1_2
15027 26 -1.5 21.6897319371129 S1_2
15028 26 -1.5 0 S1_2
15029 26 -1.5 276.744918636265 S1_2
15030 26 -1.5 0 S1_2
15032 26 -1.5 92.0048174195597 S1_2
15033 26 -1.5 81.4518893109949 S1_2
15035 26 -1.5 9.66262347523298 S1_2
15036 26 -1.5 110.918690176095 S1_2
15037 26 -1.5 0 S1_2
15039 26 -1.5 0 S1_2
15041 26 -1.5 135.689982097114 S1_2
15023 27 -1.5 86.3078981601051 S1_2
15024 27 -1.5 0 S1_2
15025 27 -1.5 0 S1_2
15026 27 -1.5 0 S1_2
15027 27 -1.5 0 S1_2
15028 27 -1.5 0 S1_2
15029 27 -1.5 1.00753927216216 S1_2
15030 27 -1.5 0 S1_2
15032 27 -1.5 0 S1_2
15033 27 -1.5 0 S1_2
15035 27 -1.5 0 S1_2
15036 27 -1.5 0 S1_2
15037 27 -1.5 0 S1_2
15039 27 -1.5 0 S1_2
15041 27 -1.5 0 S1_2
15023 28 -1.5 458.397017397545 S1_2
15024 28 -1.5 65.3423604669343 S1_2
15025 28 -1.5 209.561873062489 S1_2
15026 28 -1.5 2.65160297984654 S1_2
15027 28 -1.5 39.0276707657881 S1_2
15028 28 -1.5 0 S1_2
15029 28 -1.5 329.736305357347 S1_2
15030 28 -1.5 0 S1_2
15032 28 -1.5 107.984501220949 S1_2
15033 28 -1.5 98.7028657123941 S1_2
15035 28 -1.5 19.7599123963548 S1_2
15036 28 -1.5 131.17249200864 S1_2
15037 28 -1.5 0 S1_2
15039 28 -1.5 0 S1_2
15041 28 -1.5 162.853254461117 S1_2
15023 29 -1.5 161.94814436811 S1_2
15024 29 -1.5 1.26003598547543 S1_2
15025 29 -1.5 27.5223897173037 S1_2
15026 29 -1.5 0 S1_2
15027 29 -1.5 0 S1_2
15028 29 -1.5 0 S1_2
15029 29 -1.5 80.798310188606 S1_2
15030 29 -1.5 0 S1_2
15032 29 -1.5 1.19438226119523 S1_2
15033 29 -1.5 0 S1_2
15035 29 -1.5 0 S1_2
15036 29 -1.5 18.5391863250424 S1_2
15037 29 -1.5 0 S1_2
15039 29 -1.5 0 S1_2
15041 29 -1.5 27.6358650840419 S1_2
15023 30 -1.5 283.293775082041 S1_2
15024 30 -1.5 12.5285241105197 S1_2
15025 30 -1.5 28.8063625800366 S1_2
15026 30 -1.5 0 S1_2
15027 30 -1.5 12.652691566204 S1_2
15028 30 -1.5 1.01104199661602 S1_2
15029 30 -1.5 123.2530991471 S1_2
15030 30 -1.5 0 S1_2
15032 30 -1.5 0 S1_2
15033 30 -1.5 0 S1_2
15035 30 -1.5 0 S1_2
15036 30 -1.5 91.6376648240676 S1_2
15037 30 -1.5 0 S1_2
15039 30 -1.5 0 S1_2
15041 30 -1.5 44.4335078848982 S1_2
15023 31 -1.5 338.369446190591 S1_2
15024 31 -1.5 5.17828116521403 S1_2
15025 31 -1.5 44.5027281979348 S1_2
15026 31 -1.5 0 S1_2
15027 31 -1.5 4.44801935072641 S1_2
15028 31 -1.5 0 S1_2
15029 31 -1.5 144.070285249856 S1_2
15030 31 -1.5 0 S1_2
15032 31 -1.5 0 S1_2
15033 31 -1.5 0 S1_2
15035 31 -1.5 0 S1_2
15036 31 -1.5 90.9909821535196 S1_2
15037 31 -1.5 0 S1_2
15039 31 -1.5 0 S1_2
15041 31 -1.5 38.0334843460973 S1_2
15023 1 -3 0 S1_2
15024 1 -3 0 S1_2
15025 1 -3 0 S1_2
15026 1 -3 0 S1_2
15027 1 -3 0 S1_2
15028 1 -3 0 S1_2
15029 1 -3 0 S1_2
15030 1 -3 0 S1_2
15032 1 -3 0 S1_2
15033 1 -3 0 S1_2
15035 1 -3 0 S1_2
15036 1 -3 0 S1_2
15037 1 -3 0 S1_2
15039 1 -3 0 S1_2
15041 1 -3 0 S1_2
15023 2 -3 87.8618430713979 S1_2
15024 2 -3 0 S1_2
15025 2 -3 0 S1_2
15026 2 -3 0 S1_2
15027 2 -3 0 S1_2
15028 2 -3 0 S1_2
15029 2 -3 1.13012067323965 S1_2
15030 2 -3 0 S1_2
15032 2 -3 0 S1_2
15033 2 -3 0 S1_2
15035 2 -3 0 S1_2
15036 2 -3 0 S1_2
15037 2 -3 0 S1_2
15039 2 -3 0 S1_2
15041 2 -3 0 S1_2
15023 3 -3 3.26204201317375 S1_2
15024 3 -3 0 S1_2
15025 3 -3 0 S1_2
15026 3 -3 0 S1_2
15027 3 -3 0 S1_2
15028 3 -3 0 S1_2
15029 3 -3 0 S1_2
15030 3 -3 0 S1_2
15032 3 -3 0 S1_2
15033 3 -3 0 S1_2
15035 3 -3 0 S1_2
15036 3 -3 0 S1_2
15037 3 -3 0 S1_2
15039 3 -3 0 S1_2
15041 3 -3 0 S1_2
15023 4 -3 0 S1_2
15024 4 -3 0 S1_2
15025 4 -3 0 S1_2
15026 4 -3 0 S1_2
15027 4 -3 0 S1_2
15028 4 -3 0 S1_2
15029 4 -3 0 S1_2
15030 4 -3 0 S1_2
15032 4 -3 0 S1_2
15033 4 -3 0 S1_2
15035 4 -3 0 S1_2
15036 4 -3 0 S1_2
15037 4 -3 0 S1_2
15039 4 -3 0 S1_2
15041 4 -3 0 S1_2
15023 5 -3 0 S1_2
15024 5 -3 0 S1_2
15025 5 -3 0 S1_2
15026 5 -3 0 S1_2
15027 5 -3 0 S1_2
15028 5 -3 0 S1_2
15029 5 -3 0 S1_2
15030 5 -3 0 S1_2
15032 5 -3 0 S1_2
15033 5 -3 0 S1_2
15035 5 -3 0 S1_2
15036 5 -3 0 S1_2
15037 5 -3 0 S1_2
15039 5 -3 0 S1_2
15041 5 -3 0 S1_2
15023 6 -3 209.984555917119 S1_2
15024 6 -3 9.11813765057891 S1_2
15025 6 -3 80.1271077422565 S1_2
15026 6 -3 0 S1_2
15027 6 -3 0 S1_2
15028 6 -3 0 S1_2
15029 6 -3 123.416249099732 S1_2
15030 6 -3 0 S1_2
15032 6 -3 7.85629939467455 S1_2
15033 6 -3 4.67195083229313 S1_2
15035 6 -3 0 S1_2
15036 6 -3 51.37532009875 S1_2
15037 6 -3 0 S1_2
15039 6 -3 0 S1_2
15041 6 -3 56.7888864978496 S1_2
15023 7 -3 99.7757080877021 S1_2
15024 7 -3 0 S1_2
15025 7 -3 0 S1_2
15026 7 -3 0 S1_2
15027 7 -3 0 S1_2
15028 7 -3 0 S1_2
15029 7 -3 2.01256814923089 S1_2
15030 7 -3 0 S1_2
15032 7 -3 0 S1_2
15033 7 -3 0 S1_2
15035 7 -3 0 S1_2
15036 7 -3 0 S1_2
15037 7 -3 0 S1_2
15039 7 -3 0 S1_2
15041 7 -3 0 S1_2
15023 8 -3 13.5225641156762 S1_2
15024 8 -3 0 S1_2
15025 8 -3 0 S1_2
15026 8 -3 0 S1_2
15027 8 -3 0 S1_2
15028 8 -3 0 S1_2
15029 8 -3 1.53718976577106 S1_2
15030 8 -3 0 S1_2
15032 8 -3 0 S1_2
15033 8 -3 0 S1_2
15035 8 -3 0 S1_2
15036 8 -3 0 S1_2
15037 8 -3 0 S1_2
15039 8 -3 0 S1_2
15041 8 -3 0 S1_2
15023 9 -3 32.6831140887235 S1_2
15024 9 -3 0 S1_2
15025 9 -3 0 S1_2
15026 9 -3 0 S1_2
15027 9 -3 0 S1_2
15028 9 -3 0 S1_2
15029 9 -3 1.64893861597262 S1_2
15030 9 -3 0 S1_2
15032 9 -3 0 S1_2
15033 9 -3 0 S1_2
15035 9 -3 0 S1_2
15036 9 -3 0 S1_2
15037 9 -3 0 S1_2
15039 9 -3 0 S1_2
15041 9 -3 0 S1_2
15023 10 -3 5.63158538071545 S1_2
15024 10 -3 0 S1_2
15025 10 -3 0 S1_2
15026 10 -3 0 S1_2
15027 10 -3 0 S1_2
15028 10 -3 0 S1_2
15029 10 -3 0 S1_2
15030 10 -3 0 S1_2
15032 10 -3 0 S1_2
15033 10 -3 0 S1_2
15035 10 -3 0 S1_2
15036 10 -3 0 S1_2
15037 10 -3 0 S1_2
15039 10 -3 0 S1_2
15041 10 -3 0 S1_2
15023 11 -3 0 S1_2
15024 11 -3 0 S1_2
15025 11 -3 0 S1_2
15026 11 -3 0 S1_2
15027 11 -3 0 S1_2
15028 11 -3 0 S1_2
15029 11 -3 0 S1_2
15030 11 -3 0 S1_2
15032 11 -3 0 S1_2
15033 11 -3 0 S1_2
15035 11 -3 0 S1_2
15036 11 -3 0 S1_2
15037 11 -3 0 S1_2
15039 11 -3 0 S1_2
15041 11 -3 0 S1_2
15023 12 -3 0 S1_2
15024 12 -3 0 S1_2
15025 12 -3 0 S1_2
15026 12 -3 0 S1_2
15027 12 -3 0 S1_2
15028 12 -3 0 S1_2
15029 12 -3 0 S1_2
15030 12 -3 0 S1_2
15032 12 -3 0 S1_2
15033 12 -3 0 S1_2
15035 12 -3 0 S1_2
15036 12 -3 0 S1_2
15037 12 -3 0 S1_2
15039 12 -3 0 S1_2
15041 12 -3 0 S1_2
15023 13 -3 7.1919369276506 S1_2
15024 13 -3 0 S1_2
15025 13 -3 0 S1_2
15026 13 -3 0 S1_2
15027 13 -3 0 S1_2
15028 13 -3 0 S1_2
15029 13 -3 0 S1_2
15030 13 -3 0 S1_2
15032 13 -3 0 S1_2
15033 13 -3 0 S1_2
15035 13 -3 0 S1_2
15036 13 -3 0 S1_2
15037 13 -3 0 S1_2
15039 13 -3 0 S1_2
15041 13 -3 0 S1_2
15023 14 -3 197.907344257413 S1_2
15024 14 -3 1.21613845798445 S1_2
15025 14 -3 11.2377333790001 S1_2
15026 14 -3 0 S1_2
15027 14 -3 0 S1_2
15028 14 -3 1.01235546300994 S1_2
15029 14 -3 69.5574670841334 S1_2
15030 14 -3 0 S1_2
15032 14 -3 0 S1_2
15033 14 -3 0 S1_2
15035 14 -3 0 S1_2
15036 14 -3 39.4879577624855 S1_2
15037 14 -3 0 S1_2
15039 14 -3 0 S1_2
15041 14 -3 13.8171736180181 S1_2
15023 15 -3 311.691121290159 S1_2
15024 15 -3 46.5526471471976 S1_2
15025 15 -3 167.772443857911 S1_2
15026 15 -3 0 S1_2
15027 15 -3 12.7261206881361 S1_2
15028 15 -3 0 S1_2
15029 15 -3 217.024348611445 S1_2
15030 15 -3 18.7866619277664 S1_2
15032 15 -3 80.0382775563938 S1_2
15033 15 -3 64.6890301762197 S1_2
15035 15 -3 6.84614922534397 S1_2
15036 15 -3 101.969823032066 S1_2
15037 15 -3 2.27012747035508 S1_2
15039 15 -3 0 S1_2
15041 15 -3 117.652800376896 S1_2
15023 16 -3 65.3541068679336 S1_2
15024 16 -3 0 S1_2
15025 16 -3 18.4071396233271 S1_2
15026 16 -3 0 S1_2
15027 16 -3 0 S1_2
15028 16 -3 0 S1_2
15029 16 -3 30.4082380851888 S1_2
15030 16 -3 0 S1_2
15032 16 -3 0 S1_2
15033 16 -3 0 S1_2
15035 16 -3 0 S1_2
15036 16 -3 0 S1_2
15037 16 -3 0 S1_2
15039 16 -3 0 S1_2
15041 16 -3 4.95513424583132 S1_2
15023 17 -3 227.364323912065 S1_2
15024 17 -3 12.2094474492951 S1_2
15025 17 -3 74.3920115050744 S1_2
15026 17 -3 0 S1_2
15027 17 -3 1.00797858512905 S1_2
15028 17 -3 0 S1_2
15029 17 -3 123.719175522404 S1_2
15030 17 -3 0 S1_2
15032 17 -3 1.13818680838183 S1_2
15033 17 -3 2.65874939536192 S1_2
15035 17 -3 0 S1_2
15036 17 -3 64.1679768711214 S1_2
15037 17 -3 0 S1_2
15039 17 -3 0 S1_2
15041 17 -3 58.4613022705909 S1_2
15023 18 -3 0 S1_2
15024 18 -3 0 S1_2
15025 18 -3 0 S1_2
15026 18 -3 0 S1_2
15027 18 -3 0 S1_2
15028 18 -3 0 S1_2
15029 18 -3 0 S1_2
15030 18 -3 0 S1_2
15032 18 -3 0 S1_2
15033 18 -3 0 S1_2
15035 18 -3 0 S1_2
15036 18 -3 0 S1_2
15037 18 -3 0 S1_2
15039 18 -3 0 S1_2
15041 18 -3 0 S1_2
15023 19 -3 12.7373534379834 S1_2
15024 19 -3 0 S1_2
15025 19 -3 0 S1_2
15026 19 -3 0 S1_2
15027 19 -3 0 S1_2
15028 19 -3 0 S1_2
15029 19 -3 1.07855929982486 S1_2
15030 19 -3 0 S1_2
15032 19 -3 0 S1_2
15033 19 -3 0 S1_2
15035 19 -3 0 S1_2
15036 19 -3 0 S1_2
15037 19 -3 0 S1_2
15039 19 -3 0 S1_2
15041 19 -3 0 S1_2
15023 20 -3 179.036705551745 S1_2
15024 20 -3 8.4573885184858 S1_2
15025 20 -3 97.4724381908772 S1_2
15026 20 -3 0 S1_2
15027 20 -3 0 S1_2
15028 20 -3 0 S1_2
15029 20 -3 127.692432542498 S1_2
15030 20 -3 1.30223100740375 S1_2
15032 20 -3 30.6728979532478 S1_2
15033 20 -3 18.2354248484181 S1_2
15035 20 -3 0 S1_2
15036 20 -3 32.6174962412095 S1_2
15037 20 -3 0 S1_2
15039 20 -3 0 S1_2
15041 20 -3 62.8894548253965 S1_2
15023 21 -3 0 S1_2
15024 21 -3 0 S1_2
15025 21 -3 0 S1_2
15026 21 -3 0 S1_2
15027 21 -3 0 S1_2
15028 21 -3 0 S1_2
15029 21 -3 0 S1_2
15030 21 -3 0 S1_2
15032 21 -3 0 S1_2
15033 21 -3 0 S1_2
15035 21 -3 0 S1_2
15036 21 -3 0 S1_2
15037 21 -3 0 S1_2
15039 21 -3 0 S1_2
15041 21 -3 0 S1_2
15023 22 -3 0 S1_2
15024 22 -3 0 S1_2
15025 22 -3 0 S1_2
15026 22 -3 0 S1_2
15027 22 -3 0 S1_2
15028 22 -3 0 S1_2
15029 22 -3 0 S1_2
15030 22 -3 0 S1_2
15032 22 -3 0 S1_2
15033 22 -3 0 S1_2
15035 22 -3 0 S1_2
15036 22 -3 0 S1_2
15037 22 -3 0 S1_2
15039 22 -3 0 S1_2
15041 22 -3 0 S1_2
15023 23 -3 49.6231958252547 S1_2
15024 23 -3 0 S1_2
15025 23 -3 1.61383977097541 S1_2
15026 23 -3 0 S1_2
15027 23 -3 0 S1_2
15028 23 -3 0 S1_2
15029 23 -3 7.35180779383775 S1_2
15030 23 -3 0 S1_2
15032 23 -3 0 S1_2
15033 23 -3 0 S1_2
15035 23 -3 0 S1_2
15036 23 -3 0 S1_2
15037 23 -3 0 S1_2
15039 23 -3 0 S1_2
15041 23 -3 0 S1_2
15023 24 -3 1.3126377427717 S1_2
15024 24 -3 0 S1_2
15025 24 -3 0 S1_2
15026 24 -3 0 S1_2
15027 24 -3 0 S1_2
15028 24 -3 0 S1_2
15029 24 -3 0 S1_2
15030 24 -3 0 S1_2
15032 24 -3 0 S1_2
15033 24 -3 0 S1_2
15035 24 -3 0 S1_2
15036 24 -3 0 S1_2
15037 24 -3 0 S1_2
15039 24 -3 0 S1_2
15041 24 -3 0 S1_2
15023 25 -3 132.862650582072 S1_2
15024 25 -3 0 S1_2
15025 25 -3 0 S1_2
15026 25 -3 0 S1_2
15027 25 -3 0 S1_2
15028 25 -3 0 S1_2
15029 25 -3 19.266821870123 S1_2
15030 25 -3 0 S1_2
15032 25 -3 0 S1_2
15033 25 -3 0 S1_2
15035 25 -3 0 S1_2
15036 25 -3 4.64212273475146 S1_2
15037 25 -3 0 S1_2
15039 25 -3 0 S1_2
15041 25 -3 0 S1_2
15023 26 -3 35.6502545049212 S1_2
15024 26 -3 0 S1_2
15025 26 -3 4.27936853247687 S1_2
15026 26 -3 0 S1_2
15027 26 -3 0 S1_2
15028 26 -3 0 S1_2
15029 26 -3 9.33160722537124 S1_2
15030 26 -3 0 S1_2
15032 26 -3 0 S1_2
15033 26 -3 0 S1_2
15035 26 -3 0 S1_2
15036 26 -3 0 S1_2
15037 26 -3 0 S1_2
15039 26 -3 0 S1_2
15041 26 -3 0 S1_2
15023 27 -3 0 S1_2
15024 27 -3 0 S1_2
15025 27 -3 0 S1_2
15026 27 -3 0 S1_2
15027 27 -3 0 S1_2
15028 27 -3 0 S1_2
15029 27 -3 0 S1_2
15030 27 -3 0 S1_2
15032 27 -3 0 S1_2
15033 27 -3 0 S1_2
15035 27 -3 0 S1_2
15036 27 -3 0 S1_2
15037 27 -3 0 S1_2
15039 27 -3 0 S1_2
15041 27 -3 0 S1_2
15023 28 -3 69.3265939748246 S1_2
15024 28 -3 0 S1_2
15025 28 -3 21.6702408839918 S1_2
15026 28 -3 0 S1_2
15027 28 -3 0 S1_2
15028 28 -3 0 S1_2
15029 28 -3 35.7858752383594 S1_2
15030 28 -3 0 S1_2
15032 28 -3 0 S1_2
15033 28 -3 0 S1_2
15035 28 -3 0 S1_2
15036 28 -3 0 S1_2
15037 28 -3 0 S1_2
15039 28 -3 0 S1_2
15041 28 -3 5.24946455503466 S1_2
15023 29 -3 0 S1_2
15024 29 -3 0 S1_2
15025 29 -3 0 S1_2
15026 29 -3 0 S1_2
15027 29 -3 0 S1_2
15028 29 -3 0 S1_2
15029 29 -3 0 S1_2
15030 29 -3 0 S1_2
15032 29 -3 0 S1_2
15033 29 -3 0 S1_2
15035 29 -3 0 S1_2
15036 29 -3 0 S1_2
15037 29 -3 0 S1_2
15039 29 -3 0 S1_2
15041 29 -3 0 S1_2
15023 30 -3 150.458113475737 S1_2
15024 30 -3 0 S1_2
15025 30 -3 1.54367477367905 S1_2
15026 30 -3 0 S1_2
15027 30 -3 0 S1_2
15028 30 -3 0 S1_2
15029 30 -3 31.0913965869761 S1_2
15030 30 -3 0 S1_2
15032 30 -3 0 S1_2
15033 30 -3 0 S1_2
15035 30 -3 0 S1_2
15036 30 -3 10.4068013243 S1_2
15037 30 -3 0 S1_2
15039 30 -3 0 S1_2
15041 30 -3 2.31405293565472 S1_2
15023 31 -3 48.7377978677502 S1_2
15024 31 -3 0 S1_2
15025 31 -3 0 S1_2
15026 31 -3 0 S1_2
15027 31 -3 0 S1_2
15028 31 -3 0 S1_2
15029 31 -3 0 S1_2
15030 31 -3 0 S1_2
15032 31 -3 0 S1_2
15033 31 -3 0 S1_2
15035 31 -3 0 S1_2
15036 31 -3 0 S1_2
15037 31 -3 0 S1_2
15039 31 -3 0 S1_2
15041 31 -3 0 S1_2
15023 1 -5 0 S1_2
15024 1 -5 0 S1_2
15025 1 -5 0 S1_2
15026 1 -5 0 S1_2
15027 1 -5 0 S1_2
15028 1 -5 0 S1_2
15029 1 -5 0 S1_2
15030 1 -5 0 S1_2
15032 1 -5 0 S1_2
15033 1 -5 0 S1_2
15035 1 -5 0 S1_2
15036 1 -5 0 S1_2
15037 1 -5 0 S1_2
15039 1 -5 0 S1_2
15041 1 -5 0 S1_2
15023 2 -5 9.32627762358148 S1_2
15024 2 -5 0 S1_2
15025 2 -5 0 S1_2
15026 2 -5 0 S1_2
15027 2 -5 0 S1_2
15028 2 -5 0 S1_2
15029 2 -5 0 S1_2
15030 2 -5 0 S1_2
15032 2 -5 0 S1_2
15033 2 -5 0 S1_2
15035 2 -5 0 S1_2
15036 2 -5 0 S1_2
15037 2 -5 0 S1_2
15039 2 -5 0 S1_2
15041 2 -5 0 S1_2
15023 3 -5 0 S1_2
15024 3 -5 0 S1_2
15025 3 -5 0 S1_2
15026 3 -5 0 S1_2
15027 3 -5 0 S1_2
15028 3 -5 0 S1_2
15029 3 -5 0 S1_2
15030 3 -5 0 S1_2
15032 3 -5 0 S1_2
15033 3 -5 0 S1_2
15035 3 -5 0 S1_2
15036 3 -5 0 S1_2
15037 3 -5 0 S1_2
15039 3 -5 0 S1_2
15041 3 -5 0 S1_2
15023 4 -5 0 S1_2
15024 4 -5 0 S1_2
15025 4 -5 0 S1_2
15026 4 -5 0 S1_2
15027 4 -5 0 S1_2
15028 4 -5 0 S1_2
15029 4 -5 0 S1_2
15030 4 -5 0 S1_2
15032 4 -5 0 S1_2
15033 4 -5 0 S1_2
15035 4 -5 0 S1_2
15036 4 -5 0 S1_2
15037 4 -5 0 S1_2
15039 4 -5 0 S1_2
15041 4 -5 0 S1_2
15023 5 -5 0 S1_2
15024 5 -5 0 S1_2
15025 5 -5 0 S1_2
15026 5 -5 0 S1_2
15027 5 -5 0 S1_2
15028 5 -5 0 S1_2
15029 5 -5 0 S1_2
15030 5 -5 0 S1_2
15032 5 -5 0 S1_2
15033 5 -5 0 S1_2
15035 5 -5 0 S1_2
15036 5 -5 0 S1_2
15037 5 -5 0 S1_2
15039 5 -5 0 S1_2
15041 5 -5 0 S1_2
15023 6 -5 25.3583360289422 S1_2
15024 6 -5 0 S1_2
15025 6 -5 0 S1_2
15026 6 -5 0 S1_2
15027 6 -5 0 S1_2
15028 6 -5 0 S1_2
15029 6 -5 1.04975326492831 S1_2
15030 6 -5 0 S1_2
15032 6 -5 0 S1_2
15033 6 -5 0 S1_2
15035 6 -5 0 S1_2
15036 6 -5 0 S1_2
15037 6 -5 0 S1_2
15039 6 -5 0 S1_2
15041 6 -5 0 S1_2
15023 7 -5 19.9380186050931 S1_2
15024 7 -5 0 S1_2
15025 7 -5 0 S1_2
15026 7 -5 0 S1_2
15027 7 -5 0 S1_2
15028 7 -5 0 S1_2
15029 7 -5 0 S1_2
15030 7 -5 0 S1_2
15032 7 -5 0 S1_2
15033 7 -5 0 S1_2
15035 7 -5 0 S1_2
15036 7 -5 0 S1_2
15037 7 -5 0 S1_2
15039 7 -5 0 S1_2
15041 7 -5 0 S1_2
15023 8 -5 0 S1_2
15024 8 -5 0 S1_2
15025 8 -5 0 S1_2
15026 8 -5 0 S1_2
15027 8 -5 0 S1_2
15028 8 -5 0 S1_2
15029 8 -5 0 S1_2
15030 8 -5 0 S1_2
15032 8 -5 0 S1_2
15033 8 -5 0 S1_2
15035 8 -5 0 S1_2
15036 8 -5 0 S1_2
15037 8 -5 0 S1_2
15039 8 -5 0 S1_2
15041 8 -5 0 S1_2
15023 9 -5 0 S1_2
15024 9 -5 0 S1_2
15025 9 -5 0 S1_2
15026 9 -5 0 S1_2
15027 9 -5 0 S1_2
15028 9 -5 0 S1_2
15029 9 -5 0 S1_2
15030 9 -5 0 S1_2
15032 9 -5 0 S1_2
15033 9 -5 0 S1_2
15035 9 -5 0 S1_2
15036 9 -5 0 S1_2
15037 9 -5 0 S1_2
15039 9 -5 0 S1_2
15041 9 -5 0 S1_2
15023 10 -5 0 S1_2
15024 10 -5 0 S1_2
15025 10 -5 0 S1_2
15026 10 -5 0 S1_2
15027 10 -5 0 S1_2
15028 10 -5 0 S1_2
15029 10 -5 0 S1_2
15030 10 -5 0 S1_2
15032 10 -5 0 S1_2
15033 10 -5 0 S1_2
15035 10 -5 0 S1_2
15036 10 -5 0 S1_2
15037 10 -5 0 S1_2
15039 10 -5 0 S1_2
15041 10 -5 0 S1_2
15023 11 -5 0 S1_2
15024 11 -5 0 S1_2
15025 11 -5 0 S1_2
15026 11 -5 0 S1_2
15027 11 -5 0 S1_2
15028 11 -5 0 S1_2
15029 11 -5 0 S1_2
15030 11 -5 0 S1_2
15032 11 -5 0 S1_2
15033 11 -5 0 S1_2
15035 11 -5 0 S1_2
15036 11 -5 0 S1_2
15037 11 -5 0 S1_2
15039 11 -5 0 S1_2
15041 11 -5 0 S1_2
15023 12 -5 0 S1_2
15024 12 -5 0 S1_2
15025 12 -5 0 S1_2
15026 12 -5 0 S1_2
15027 12 -5 0 S1_2
15028 12 -5 0 S1_2
15029 12 -5 0 S1_2
15030 12 -5 0 S1_2
15032 12 -5 0 S1_2
15033 12 -5 0 S1_2
15035 12 -5 0 S1_2
15036 12 -5 0 S1_2
15037 12 -5 0 S1_2
15039 12 -5 0 S1_2
15041 12 -5 0 S1_2
15023 13 -5 0 S1_2
15024 13 -5 0 S1_2
15025 13 -5 0 S1_2
15026 13 -5 0 S1_2
15027 13 -5 0 S1_2
15028 13 -5 0 S1_2
15029 13 -5 0 S1_2
15030 13 -5 0 S1_2
15032 13 -5 0 S1_2
15033 13 -5 0 S1_2
15035 13 -5 0 S1_2
15036 13 -5 0 S1_2
15037 13 -5 0 S1_2
15039 13 -5 0 S1_2
15041 13 -5 0 S1_2
15023 14 -5 83.3117986180399 S1_2
15024 14 -5 0 S1_2
15025 14 -5 0 S1_2
15026 14 -5 0 S1_2
15027 14 -5 0 S1_2
15028 14 -5 0 S1_2
15029 14 -5 1.91282694549268 S1_2
15030 14 -5 0 S1_2
15032 14 -5 0 S1_2
15033 14 -5 0 S1_2
15035 14 -5 0 S1_2
15036 14 -5 0 S1_2
15037 14 -5 0 S1_2
15039 14 -5 0 S1_2
15041 14 -5 0 S1_2
15023 15 -5 96.4237837350161 S1_2
15024 15 -5 0 S1_2
15025 15 -5 34.2624395969762 S1_2
15026 15 -5 0 S1_2
15027 15 -5 0 S1_2
15028 15 -5 0 S1_2
15029 15 -5 53.6652965817682 S1_2
15030 15 -5 0 S1_2
15032 15 -5 1.3216555056966 S1_2
15033 15 -5 0 S1_2
15035 15 -5 0 S1_2
15036 15 -5 1.19658698356389 S1_2
15037 15 -5 0 S1_2
15039 15 -5 0 S1_2
15041 15 -5 12.390821519124 S1_2
15023 16 -5 0 S1_2
15024 16 -5 0 S1_2
15025 16 -5 0 S1_2
15026 16 -5 0 S1_2
15027 16 -5 0 S1_2
15028 16 -5 0 S1_2
15029 16 -5 0 S1_2
15030 16 -5 0 S1_2
15032 16 -5 0 S1_2
15033 16 -5 0 S1_2
15035 16 -5 0 S1_2
15036 16 -5 0 S1_2
15037 16 -5 0 S1_2
15039 16 -5 0 S1_2
15041 16 -5 0 S1_2
15023 17 -5 72.8556818047861 S1_2
15024 17 -5 0 S1_2
15025 17 -5 1.1286663216449 S1_2
15026 17 -5 0 S1_2
15027 17 -5 0 S1_2
15028 17 -5 0 S1_2
15029 17 -5 7.72971661709178 S1_2
15030 17 -5 0 S1_2
15032 17 -5 0 S1_2
15033 17 -5 0 S1_2
15035 17 -5 0 S1_2
15036 17 -5 0 S1_2
15037 17 -5 0 S1_2
15039 17 -5 0 S1_2
15041 17 -5 0 S1_2
15023 18 -5 0 S1_2
15024 18 -5 0 S1_2
15025 18 -5 0 S1_2
15026 18 -5 0 S1_2
15027 18 -5 0 S1_2
15028 18 -5 0 S1_2
15029 18 -5 0 S1_2
15030 18 -5 0 S1_2
15032 18 -5 0 S1_2
15033 18 -5 0 S1_2
15035 18 -5 0 S1_2
15036 18 -5 0 S1_2
15037 18 -5 0 S1_2
15039 18 -5 0 S1_2
15041 18 -5 0 S1_2
15023 19 -5 0 S1_2
15024 19 -5 0 S1_2
15025 19 -5 0 S1_2
15026 19 -5 0 S1_2
15027 19 -5 0 S1_2
15028 19 -5 0 S1_2
15029 19 -5 0 S1_2
15030 19 -5 0 S1_2
15032 19 -5 0 S1_2
15033 19 -5 0 S1_2
15035 19 -5 0 S1_2
15036 19 -5 0 S1_2
15037 19 -5 0 S1_2
15039 19 -5 0 S1_2
15041 19 -5 0 S1_2
15023 20 -5 2.12069793093963 S1_2
15024 20 -5 0 S1_2
15025 20 -5 0 S1_2
15026 20 -5 0 S1_2
15027 20 -5 0 S1_2
15028 20 -5 0 S1_2
15029 20 -5 0 S1_2
15030 20 -5 0 S1_2
15032 20 -5 0 S1_2
15033 20 -5 0 S1_2
15035 20 -5 0 S1_2
15036 20 -5 0 S1_2
15037 20 -5 0 S1_2
15039 20 -5 0 S1_2
15041 20 -5 0 S1_2
15023 21 -5 0 S1_2
15024 21 -5 0 S1_2
15025 21 -5 0 S1_2
15026 21 -5 0 S1_2
15027 21 -5 0 S1_2
15028 21 -5 0 S1_2
15029 21 -5 0 S1_2
15030 21 -5 0 S1_2
15032 21 -5 0 S1_2
15033 21 -5 0 S1_2
15035 21 -5 0 S1_2
15036 21 -5 0 S1_2
15037 21 -5 0 S1_2
15039 21 -5 0 S1_2
15041 21 -5 0 S1_2
15023 22 -5 0 S1_2
15024 22 -5 0 S1_2
15025 22 -5 0 S1_2
15026 22 -5 0 S1_2
15027 22 -5 0 S1_2
15028 22 -5 0 S1_2
15029 22 -5 0 S1_2
15030 22 -5 0 S1_2
15032 22 -5 0 S1_2
15033 22 -5 0 S1_2
15035 22 -5 0 S1_2
15036 22 -5 0 S1_2
15037 22 -5 0 S1_2
15039 22 -5 0 S1_2
15041 22 -5 0 S1_2
15023 23 -5 0 S1_2
15024 23 -5 0 S1_2
15025 23 -5 0 S1_2
15026 23 -5 0 S1_2
15027 23 -5 0 S1_2
15028 23 -5 0 S1_2
15029 23 -5 0 S1_2
15030 23 -5 0 S1_2
15032 23 -5 0 S1_2
15033 23 -5 0 S1_2
15035 23 -5 0 S1_2
15036 23 -5 0 S1_2
15037 23 -5 0 S1_2
15039 23 -5 0 S1_2
15041 23 -5 0 S1_2
15023 24 -5 0 S1_2
15024 24 -5 0 S1_2
15025 24 -5 0 S1_2
15026 24 -5 0 S1_2
15027 24 -5 0 S1_2
15028 24 -5 0 S1_2
15029 24 -5 0 S1_2
15030 24 -5 0 S1_2
15032 24 -5 0 S1_2
15033 24 -5 0 S1_2
15035 24 -5 0 S1_2
15036 24 -5 0 S1_2
15037 24 -5 0 S1_2
15039 24 -5 0 S1_2
15041 24 -5 0 S1_2
15023 25 -5 3.22301971115637 S1_2
15024 25 -5 0 S1_2
15025 25 -5 0 S1_2
15026 25 -5 0 S1_2
15027 25 -5 0 S1_2
15028 25 -5 0 S1_2
15029 25 -5 0 S1_2
15030 25 -5 0 S1_2
15032 25 -5 0 S1_2
15033 25 -5 0 S1_2
15035 25 -5 0 S1_2
15036 25 -5 0 S1_2
15037 25 -5 0 S1_2
15039 25 -5 0 S1_2
15041 25 -5 0 S1_2
15023 26 -5 0 S1_2
15024 26 -5 0 S1_2
15025 26 -5 0 S1_2
15026 26 -5 0 S1_2
15027 26 -5 0 S1_2
15028 26 -5 0 S1_2
15029 26 -5 0 S1_2
15030 26 -5 0 S1_2
15032 26 -5 0 S1_2
15033 26 -5 0 S1_2
15035 26 -5 0 S1_2
15036 26 -5 0 S1_2
15037 26 -5 0 S1_2
15039 26 -5 0 S1_2
15041 26 -5 0 S1_2
15023 27 -5 0 S1_2
15024 27 -5 0 S1_2
15025 27 -5 0 S1_2
15026 27 -5 0 S1_2
15027 27 -5 0 S1_2
15028 27 -5 0 S1_2
15029 27 -5 0 S1_2
15030 27 -5 0 S1_2
15032 27 -5 0 S1_2
15033 27 -5 0 S1_2
15035 27 -5 0 S1_2
15036 27 -5 0 S1_2
15037 27 -5 0 S1_2
15039 27 -5 0 S1_2
15041 27 -5 0 S1_2
15023 28 -5 0 S1_2
15024 28 -5 0 S1_2
15025 28 -5 0 S1_2
15026 28 -5 0 S1_2
15027 28 -5 0 S1_2
15028 28 -5 0 S1_2
15029 28 -5 0 S1_2
15030 28 -5 0 S1_2
15032 28 -5 0 S1_2
15033 28 -5 0 S1_2
15035 28 -5 0 S1_2
15036 28 -5 0 S1_2
15037 28 -5 0 S1_2
15039 28 -5 0 S1_2
15041 28 -5 0 S1_2
15023 29 -5 0 S1_2
15024 29 -5 0 S1_2
15025 29 -5 0 S1_2
15026 29 -5 0 S1_2
15027 29 -5 0 S1_2
15028 29 -5 0 S1_2
15029 29 -5 0 S1_2
15030 29 -5 0 S1_2
15032 29 -5 0 S1_2
15033 29 -5 0 S1_2
15035 29 -5 0 S1_2
15036 29 -5 0 S1_2
15037 29 -5 0 S1_2
15039 29 -5 0 S1_2
15041 29 -5 0 S1_2
15023 30 -5 19.3635209009737 S1_2
15024 30 -5 0 S1_2
15025 30 -5 0 S1_2
15026 30 -5 0 S1_2
15027 30 -5 0 S1_2
15028 30 -5 0 S1_2
15029 30 -5 0 S1_2
15030 30 -5 0 S1_2
15032 30 -5 0 S1_2
15033 30 -5 0 S1_2
15035 30 -5 0 S1_2
15036 30 -5 0 S1_2
15037 30 -5 0 S1_2
15039 30 -5 0 S1_2
15041 30 -5 0 S1_2
15023 31 -5 0 S1_2
15024 31 -5 0 S1_2
15025 31 -5 0 S1_2
15026 31 -5 0 S1_2
15027 31 -5 0 S1_2
15028 31 -5 0 S1_2
15029 31 -5 0 S1_2
15030 31 -5 0 S1_2
15032 31 -5 0 S1_2
15033 31 -5 0 S1_2
15035 31 -5 0 S1_2
15036 31 -5 0 S1_2
15037 31 -5 0 S1_2
15039 31 -5 0 S1_2
15041 31 -5 0 S1_2
