speciesID lakeID variable value scenario
16064 1 -0.5 0 S1_m1
16065 1 -0.5 0 S1_m1
16066 1 -0.5 0 S1_m1
16067 1 -0.5 62.7109421554726 S1_m1
16068 1 -0.5 0 S1_m1
15001 1 -0.5 53.8012077081247 S1_m1
15002 1 -0.5 403.08208576337 S1_m1
15003 1 -0.5 455.809161589056 S1_m1
15007 1 -0.5 0 S1_m1
15008 1 -0.5 0 S1_m1
15011 1 -0.5 0 S1_m1
15014 1 -0.5 0 S1_m1
15018 1 -0.5 845.484135749605 S1_m1
15020 1 -0.5 732.7395584837 S1_m1
15022 1 -0.5 0 S1_m1
16064 2 -0.5 0 S1_m1
16065 2 -0.5 0 S1_m1
16066 2 -0.5 0 S1_m1
16067 2 -0.5 0 S1_m1
16068 2 -0.5 0 S1_m1
15001 2 -0.5 0 S1_m1
15002 2 -0.5 0 S1_m1
15003 2 -0.5 0 S1_m1
15007 2 -0.5 0 S1_m1
15008 2 -0.5 0 S1_m1
15011 2 -0.5 0 S1_m1
15014 2 -0.5 0 S1_m1
15018 2 -0.5 0 S1_m1
15020 2 -0.5 0 S1_m1
15022 2 -0.5 0 S1_m1
16064 3 -0.5 0 S1_m1
16065 3 -0.5 0 S1_m1
16066 3 -0.5 0 S1_m1
16067 3 -0.5 0 S1_m1
16068 3 -0.5 0 S1_m1
15001 3 -0.5 0 S1_m1
15002 3 -0.5 0 S1_m1
15003 3 -0.5 0 S1_m1
15007 3 -0.5 0 S1_m1
15008 3 -0.5 0 S1_m1
15011 3 -0.5 0 S1_m1
15014 3 -0.5 0 S1_m1
15018 3 -0.5 168.138191921756 S1_m1
15020 3 -0.5 0 S1_m1
15022 3 -0.5 0 S1_m1
16064 4 -0.5 0 S1_m1
16065 4 -0.5 0 S1_m1
16066 4 -0.5 0 S1_m1
16067 4 -0.5 0 S1_m1
16068 4 -0.5 0 S1_m1
15001 4 -0.5 0 S1_m1
15002 4 -0.5 0 S1_m1
15003 4 -0.5 226.449308025488 S1_m1
15007 4 -0.5 0 S1_m1
15008 4 -0.5 0 S1_m1
15011 4 -0.5 0 S1_m1
15014 4 -0.5 0 S1_m1
15018 4 -0.5 482.843253363448 S1_m1
15020 4 -0.5 18.8217973883861 S1_m1
15022 4 -0.5 0 S1_m1
16064 5 -0.5 0 S1_m1
16065 5 -0.5 0 S1_m1
16066 5 -0.5 0 S1_m1
16067 5 -0.5 0 S1_m1
16068 5 -0.5 0 S1_m1
15001 5 -0.5 0 S1_m1
15002 5 -0.5 0 S1_m1
15003 5 -0.5 0 S1_m1
15007 5 -0.5 0 S1_m1
15008 5 -0.5 0 S1_m1
15011 5 -0.5 0 S1_m1
15014 5 -0.5 0 S1_m1
15018 5 -0.5 0 S1_m1
15020 5 -0.5 0 S1_m1
15022 5 -0.5 0 S1_m1
16064 6 -0.5 0 S1_m1
16065 6 -0.5 0 S1_m1
16066 6 -0.5 0 S1_m1
16067 6 -0.5 0 S1_m1
16068 6 -0.5 0 S1_m1
15001 6 -0.5 0 S1_m1
15002 6 -0.5 0 S1_m1
15003 6 -0.5 168.933978061217 S1_m1
15007 6 -0.5 0 S1_m1
15008 6 -0.5 0 S1_m1
15011 6 -0.5 0 S1_m1
15014 6 -0.5 0 S1_m1
15018 6 -0.5 399.215227518987 S1_m1
15020 6 -0.5 0 S1_m1
15022 6 -0.5 0 S1_m1
16064 7 -0.5 0 S1_m1
16065 7 -0.5 0 S1_m1
16066 7 -0.5 0 S1_m1
16067 7 -0.5 0 S1_m1
16068 7 -0.5 0 S1_m1
15001 7 -0.5 0 S1_m1
15002 7 -0.5 0 S1_m1
15003 7 -0.5 0 S1_m1
15007 7 -0.5 0 S1_m1
15008 7 -0.5 0 S1_m1
15011 7 -0.5 0 S1_m1
15014 7 -0.5 0 S1_m1
15018 7 -0.5 0 S1_m1
15020 7 -0.5 0 S1_m1
15022 7 -0.5 0 S1_m1
16064 8 -0.5 0 S1_m1
16065 8 -0.5 0 S1_m1
16066 8 -0.5 0 S1_m1
16067 8 -0.5 0 S1_m1
16068 8 -0.5 0 S1_m1
15001 8 -0.5 0 S1_m1
15002 8 -0.5 22.0985344594853 S1_m1
15003 8 -0.5 362.288789790826 S1_m1
15007 8 -0.5 0 S1_m1
15008 8 -0.5 0 S1_m1
15011 8 -0.5 0 S1_m1
15014 8 -0.5 0 S1_m1
15018 8 -0.5 653.576590497025 S1_m1
15020 8 -0.5 326.048132744465 S1_m1
15022 8 -0.5 0 S1_m1
16064 9 -0.5 0 S1_m1
16065 9 -0.5 0 S1_m1
16066 9 -0.5 0 S1_m1
16067 9 -0.5 0 S1_m1
16068 9 -0.5 0 S1_m1
15001 9 -0.5 0 S1_m1
15002 9 -0.5 0 S1_m1
15003 9 -0.5 159.500470249617 S1_m1
15007 9 -0.5 0 S1_m1
15008 9 -0.5 0 S1_m1
15011 9 -0.5 0 S1_m1
15014 9 -0.5 0 S1_m1
15018 9 -0.5 390.69003592155 S1_m1
15020 9 -0.5 0 S1_m1
15022 9 -0.5 0 S1_m1
16064 10 -0.5 0 S1_m1
16065 10 -0.5 0 S1_m1
16066 10 -0.5 0 S1_m1
16067 10 -0.5 0 S1_m1
16068 10 -0.5 0 S1_m1
15001 10 -0.5 0 S1_m1
15002 10 -0.5 1.0659449492972 S1_m1
15003 10 -0.5 368.687545583401 S1_m1
15007 10 -0.5 0 S1_m1
15008 10 -0.5 0 S1_m1
15011 10 -0.5 0 S1_m1
15014 10 -0.5 0 S1_m1
15018 10 -0.5 673.969048966761 S1_m1
15020 10 -0.5 276.469250802604 S1_m1
15022 10 -0.5 0 S1_m1
16064 11 -0.5 0 S1_m1
16065 11 -0.5 0 S1_m1
16066 11 -0.5 0 S1_m1
16067 11 -0.5 16.1172606237211 S1_m1
16068 11 -0.5 0 S1_m1
15001 11 -0.5 25.6729446255363 S1_m1
15002 11 -0.5 327.029144423057 S1_m1
15003 11 -0.5 417.538685166146 S1_m1
15007 11 -0.5 0 S1_m1
15008 11 -0.5 0 S1_m1
15011 11 -0.5 0 S1_m1
15014 11 -0.5 0 S1_m1
15018 11 -0.5 787.554763576171 S1_m1
15020 11 -0.5 659.494728182361 S1_m1
15022 11 -0.5 0 S1_m1
16064 12 -0.5 0 S1_m1
16065 12 -0.5 0 S1_m1
16066 12 -0.5 0 S1_m1
16067 12 -0.5 32.7024930018664 S1_m1
16068 12 -0.5 0 S1_m1
15001 12 -0.5 29.4620231932134 S1_m1
15002 12 -0.5 366.228792118836 S1_m1
15003 12 -0.5 383.132431060497 S1_m1
15007 12 -0.5 0 S1_m1
15008 12 -0.5 0 S1_m1
15011 12 -0.5 0 S1_m1
15014 12 -0.5 0 S1_m1
15018 12 -0.5 726.765563890779 S1_m1
15020 12 -0.5 642.197331332058 S1_m1
15022 12 -0.5 0 S1_m1
16064 13 -0.5 0 S1_m1
16065 13 -0.5 0 S1_m1
16066 13 -0.5 0 S1_m1
16067 13 -0.5 0 S1_m1
16068 13 -0.5 0 S1_m1
15001 13 -0.5 0 S1_m1
15002 13 -0.5 0 S1_m1
15003 13 -0.5 23.4269840554452 S1_m1
15007 13 -0.5 0 S1_m1
15008 13 -0.5 0 S1_m1
15011 13 -0.5 0 S1_m1
15014 13 -0.5 0 S1_m1
15018 13 -0.5 199.804890736858 S1_m1
15020 13 -0.5 0 S1_m1
15022 13 -0.5 0 S1_m1
16064 14 -0.5 0 S1_m1
16065 14 -0.5 0 S1_m1
16066 14 -0.5 0 S1_m1
16067 14 -0.5 0 S1_m1
16068 14 -0.5 0 S1_m1
15001 14 -0.5 0 S1_m1
15002 14 -0.5 0 S1_m1
15003 14 -0.5 0 S1_m1
15007 14 -0.5 0 S1_m1
15008 14 -0.5 0 S1_m1
15011 14 -0.5 0 S1_m1
15014 14 -0.5 0 S1_m1
15018 14 -0.5 26.8345471652791 S1_m1
15020 14 -0.5 0 S1_m1
15022 14 -0.5 0 S1_m1
16064 15 -0.5 0 S1_m1
16065 15 -0.5 0 S1_m1
16066 15 -0.5 0 S1_m1
16067 15 -0.5 1.87231951019383 S1_m1
16068 15 -0.5 0 S1_m1
15001 15 -0.5 0 S1_m1
15002 15 -0.5 2.9266120223423 S1_m1
15003 15 -0.5 391.795370530519 S1_m1
15007 15 -0.5 0 S1_m1
15008 15 -0.5 0 S1_m1
15011 15 -0.5 0 S1_m1
15014 15 -0.5 0 S1_m1
15018 15 -0.5 703.855785909687 S1_m1
15020 15 -0.5 298.749595853037 S1_m1
15022 15 -0.5 0 S1_m1
16064 16 -0.5 0 S1_m1
16065 16 -0.5 0 S1_m1
16066 16 -0.5 0 S1_m1
16067 16 -0.5 16.1062706081194 S1_m1
16068 16 -0.5 0 S1_m1
15001 16 -0.5 23.1363909699431 S1_m1
15002 16 -0.5 262.877396428734 S1_m1
15003 16 -0.5 423.120207275123 S1_m1
15007 16 -0.5 0 S1_m1
15008 16 -0.5 0 S1_m1
15011 16 -0.5 0 S1_m1
15014 16 -0.5 0 S1_m1
15018 16 -0.5 759.453016424878 S1_m1
15020 16 -0.5 582.031334936215 S1_m1
15022 16 -0.5 0 S1_m1
16064 17 -0.5 0 S1_m1
16065 17 -0.5 0 S1_m1
16066 17 -0.5 0 S1_m1
16067 17 -0.5 0 S1_m1
16068 17 -0.5 0 S1_m1
15001 17 -0.5 0 S1_m1
15002 17 -0.5 0 S1_m1
15003 17 -0.5 65.8392714629426 S1_m1
15007 17 -0.5 0 S1_m1
15008 17 -0.5 0 S1_m1
15011 17 -0.5 0 S1_m1
15014 17 -0.5 0 S1_m1
15018 17 -0.5 260.459903406729 S1_m1
15020 17 -0.5 0 S1_m1
15022 17 -0.5 0 S1_m1
16064 18 -0.5 0 S1_m1
16065 18 -0.5 0 S1_m1
16066 18 -0.5 0 S1_m1
16067 18 -0.5 30.9357151948655 S1_m1
16068 18 -0.5 0 S1_m1
15001 18 -0.5 36.6915567648769 S1_m1
15002 18 -0.5 366.440898725757 S1_m1
15003 18 -0.5 408.685969130536 S1_m1
15007 18 -0.5 0 S1_m1
15008 18 -0.5 0 S1_m1
15011 18 -0.5 0 S1_m1
15014 18 -0.5 0 S1_m1
15018 18 -0.5 757.580400783463 S1_m1
15020 18 -0.5 658.032371331148 S1_m1
15022 18 -0.5 0 S1_m1
16064 19 -0.5 0 S1_m1
16065 19 -0.5 0 S1_m1
16066 19 -0.5 0 S1_m1
16067 19 -0.5 0 S1_m1
16068 19 -0.5 0 S1_m1
15001 19 -0.5 0 S1_m1
15002 19 -0.5 0 S1_m1
15003 19 -0.5 332.815302592716 S1_m1
15007 19 -0.5 0 S1_m1
15008 19 -0.5 0 S1_m1
15011 19 -0.5 0 S1_m1
15014 19 -0.5 0 S1_m1
15018 19 -0.5 619.695685876882 S1_m1
15020 19 -0.5 193.156088920977 S1_m1
15022 19 -0.5 0 S1_m1
16064 20 -0.5 0 S1_m1
16065 20 -0.5 0 S1_m1
16066 20 -0.5 0 S1_m1
16067 20 -0.5 7.03620868874354 S1_m1
16068 20 -0.5 0 S1_m1
15001 20 -0.5 3.91051627290911 S1_m1
15002 20 -0.5 159.716053887264 S1_m1
15003 20 -0.5 417.268791624078 S1_m1
15007 20 -0.5 0 S1_m1
15008 20 -0.5 0 S1_m1
15011 20 -0.5 0 S1_m1
15014 20 -0.5 0 S1_m1
15018 20 -0.5 741.917846369832 S1_m1
15020 20 -0.5 477.872084189824 S1_m1
15022 20 -0.5 0 S1_m1
16064 21 -0.5 0 S1_m1
16065 21 -0.5 0 S1_m1
16066 21 -0.5 0 S1_m1
16067 21 -0.5 0 S1_m1
16068 21 -0.5 0 S1_m1
15001 21 -0.5 0 S1_m1
15002 21 -0.5 0 S1_m1
15003 21 -0.5 339.5708764081 S1_m1
15007 21 -0.5 0 S1_m1
15008 21 -0.5 0 S1_m1
15011 21 -0.5 0 S1_m1
15014 21 -0.5 0 S1_m1
15018 21 -0.5 635.902010492507 S1_m1
15020 21 -0.5 196.358897881272 S1_m1
15022 21 -0.5 0 S1_m1
16064 22 -0.5 0 S1_m1
16065 22 -0.5 0 S1_m1
16066 22 -0.5 0 S1_m1
16067 22 -0.5 57.6843727786044 S1_m1
16068 22 -0.5 0 S1_m1
15001 22 -0.5 52.6115280096949 S1_m1
15002 22 -0.5 372.228059468948 S1_m1
15003 22 -0.5 463.645113449964 S1_m1
15007 22 -0.5 0 S1_m1
15008 22 -0.5 0 S1_m1
15011 22 -0.5 0 S1_m1
15014 22 -0.5 0 S1_m1
15018 22 -0.5 849.527431289006 S1_m1
15020 22 -0.5 712.094821305783 S1_m1
15022 22 -0.5 0 S1_m1
16064 23 -0.5 0 S1_m1
16065 23 -0.5 0 S1_m1
16066 23 -0.5 0 S1_m1
16067 23 -0.5 0 S1_m1
16068 23 -0.5 0 S1_m1
15001 23 -0.5 0 S1_m1
15002 23 -0.5 0 S1_m1
15003 23 -0.5 247.876246251458 S1_m1
15007 23 -0.5 0 S1_m1
15008 23 -0.5 0 S1_m1
15011 23 -0.5 0 S1_m1
15014 23 -0.5 0 S1_m1
15018 23 -0.5 515.213604232926 S1_m1
15020 23 -0.5 34.5510417279449 S1_m1
15022 23 -0.5 0 S1_m1
16064 24 -0.5 0 S1_m1
16065 24 -0.5 0 S1_m1
16066 24 -0.5 0 S1_m1
16067 24 -0.5 0 S1_m1
16068 24 -0.5 0 S1_m1
15001 24 -0.5 0 S1_m1
15002 24 -0.5 1.34092864033952 S1_m1
15003 24 -0.5 379.034645159512 S1_m1
15007 24 -0.5 0 S1_m1
15008 24 -0.5 0 S1_m1
15011 24 -0.5 0 S1_m1
15014 24 -0.5 0 S1_m1
15018 24 -0.5 695.49160818426 S1_m1
15020 24 -0.5 284.223680289677 S1_m1
15022 24 -0.5 0 S1_m1
16064 25 -0.5 0 S1_m1
16065 25 -0.5 0 S1_m1
16066 25 -0.5 0 S1_m1
16067 25 -0.5 0 S1_m1
16068 25 -0.5 0 S1_m1
15001 25 -0.5 0 S1_m1
15002 25 -0.5 0 S1_m1
15003 25 -0.5 0 S1_m1
15007 25 -0.5 0 S1_m1
15008 25 -0.5 0 S1_m1
15011 25 -0.5 0 S1_m1
15014 25 -0.5 0 S1_m1
15018 25 -0.5 36.229679039099 S1_m1
15020 25 -0.5 0 S1_m1
15022 25 -0.5 0 S1_m1
16064 26 -0.5 0 S1_m1
16065 26 -0.5 0 S1_m1
16066 26 -0.5 0 S1_m1
16067 26 -0.5 25.5572012186015 S1_m1
16068 26 -0.5 0 S1_m1
15001 26 -0.5 30.4135379430017 S1_m1
15002 26 -0.5 275.903320372657 S1_m1
15003 26 -0.5 444.385807642528 S1_m1
15007 26 -0.5 0 S1_m1
15008 26 -0.5 0 S1_m1
15011 26 -0.5 0 S1_m1
15014 26 -0.5 0 S1_m1
15018 26 -0.5 802.162487494728 S1_m1
15020 26 -0.5 614.560997177023 S1_m1
15022 26 -0.5 0 S1_m1
16064 27 -0.5 0 S1_m1
16065 27 -0.5 0 S1_m1
16066 27 -0.5 0 S1_m1
16067 27 -0.5 0 S1_m1
16068 27 -0.5 0 S1_m1
15001 27 -0.5 0 S1_m1
15002 27 -0.5 0 S1_m1
15003 27 -0.5 0 S1_m1
15007 27 -0.5 0 S1_m1
15008 27 -0.5 0 S1_m1
15011 27 -0.5 0 S1_m1
15014 27 -0.5 0 S1_m1
15018 27 -0.5 0 S1_m1
15020 27 -0.5 0 S1_m1
15022 27 -0.5 0 S1_m1
16064 28 -0.5 0 S1_m1
16065 28 -0.5 0 S1_m1
16066 28 -0.5 0 S1_m1
16067 28 -0.5 63.4000279099611 S1_m1
16068 28 -0.5 0 S1_m1
15001 28 -0.5 56.2907977637191 S1_m1
15002 28 -0.5 376.454948804989 S1_m1
15003 28 -0.5 466.299545074006 S1_m1
15007 28 -0.5 0 S1_m1
15008 28 -0.5 0 S1_m1
15011 28 -0.5 0 S1_m1
15014 28 -0.5 0 S1_m1
15018 28 -0.5 847.793881370324 S1_m1
15020 28 -0.5 711.400687039832 S1_m1
15022 28 -0.5 0 S1_m1
16064 29 -0.5 0 S1_m1
16065 29 -0.5 0 S1_m1
16066 29 -0.5 0 S1_m1
16067 29 -0.5 0 S1_m1
16068 29 -0.5 0 S1_m1
15001 29 -0.5 0 S1_m1
15002 29 -0.5 0 S1_m1
15003 29 -0.5 129.777119877518 S1_m1
15007 29 -0.5 0 S1_m1
15008 29 -0.5 0 S1_m1
15011 29 -0.5 0 S1_m1
15014 29 -0.5 0 S1_m1
15018 29 -0.5 342.303254294649 S1_m1
15020 29 -0.5 0 S1_m1
15022 29 -0.5 0 S1_m1
16064 30 -0.5 0 S1_m1
16065 30 -0.5 0 S1_m1
16066 30 -0.5 0 S1_m1
16067 30 -0.5 0 S1_m1
16068 30 -0.5 0 S1_m1
15001 30 -0.5 0 S1_m1
15002 30 -0.5 0 S1_m1
15003 30 -0.5 0 S1_m1
15007 30 -0.5 0 S1_m1
15008 30 -0.5 0 S1_m1
15011 30 -0.5 0 S1_m1
15014 30 -0.5 0 S1_m1
15018 30 -0.5 22.5303032322892 S1_m1
15020 30 -0.5 0 S1_m1
15022 30 -0.5 0 S1_m1
16064 31 -0.5 0 S1_m1
16065 31 -0.5 0 S1_m1
16066 31 -0.5 0 S1_m1
16067 31 -0.5 0 S1_m1
16068 31 -0.5 0 S1_m1
15001 31 -0.5 0 S1_m1
15002 31 -0.5 0 S1_m1
15003 31 -0.5 0 S1_m1
15007 31 -0.5 0 S1_m1
15008 31 -0.5 0 S1_m1
15011 31 -0.5 0 S1_m1
15014 31 -0.5 0 S1_m1
15018 31 -0.5 199.974128580327 S1_m1
15020 31 -0.5 0 S1_m1
15022 31 -0.5 0 S1_m1
16064 1 -1.5 63.35683751466 S1_m1
16065 1 -1.5 315.307753889392 S1_m1
16066 1 -1.5 61.3291651929846 S1_m1
16067 1 -1.5 16.1239860048649 S1_m1
16068 1 -1.5 0 S1_m1
15001 1 -1.5 90.7373026876347 S1_m1
15002 1 -1.5 287.680612687107 S1_m1
15003 1 -1.5 380.038669282111 S1_m1
15007 1 -1.5 144.726359558911 S1_m1
15008 1 -1.5 89.4305334362226 S1_m1
15011 1 -1.5 3.76945572806622 S1_m1
15014 1 -1.5 420.535393101852 S1_m1
15018 1 -1.5 620.130878311431 S1_m1
15020 1 -1.5 519.839566911227 S1_m1
15022 1 -1.5 0 S1_m1
16064 2 -1.5 0 S1_m1
16065 2 -1.5 0 S1_m1
16066 2 -1.5 0 S1_m1
16067 2 -1.5 0 S1_m1
16068 2 -1.5 0 S1_m1
15001 2 -1.5 0 S1_m1
15002 2 -1.5 0 S1_m1
15003 2 -1.5 0 S1_m1
15007 2 -1.5 0 S1_m1
15008 2 -1.5 0 S1_m1
15011 2 -1.5 0 S1_m1
15014 2 -1.5 0 S1_m1
15018 2 -1.5 0 S1_m1
15020 2 -1.5 0 S1_m1
15022 2 -1.5 0 S1_m1
16064 3 -1.5 0 S1_m1
16065 3 -1.5 0 S1_m1
16066 3 -1.5 0 S1_m1
16067 3 -1.5 0 S1_m1
16068 3 -1.5 0 S1_m1
15001 3 -1.5 0 S1_m1
15002 3 -1.5 0 S1_m1
15003 3 -1.5 0 S1_m1
15007 3 -1.5 3.91171824058851 S1_m1
15008 3 -1.5 0 S1_m1
15011 3 -1.5 0 S1_m1
15014 3 -1.5 0 S1_m1
15018 3 -1.5 93.6186151281937 S1_m1
15020 3 -1.5 0 S1_m1
15022 3 -1.5 0 S1_m1
16064 4 -1.5 0 S1_m1
16065 4 -1.5 1.07303243389007 S1_m1
16066 4 -1.5 0 S1_m1
16067 4 -1.5 0 S1_m1
16068 4 -1.5 0 S1_m1
15001 4 -1.5 0 S1_m1
15002 4 -1.5 0 S1_m1
15003 4 -1.5 168.449958085073 S1_m1
15007 4 -1.5 70.835788014533 S1_m1
15008 4 -1.5 59.4604197854738 S1_m1
15011 4 -1.5 0 S1_m1
15014 4 -1.5 104.228004540013 S1_m1
15018 4 -1.5 321.324442346625 S1_m1
15020 4 -1.5 0 S1_m1
15022 4 -1.5 0 S1_m1
16064 5 -1.5 0 S1_m1
16065 5 -1.5 0 S1_m1
16066 5 -1.5 0 S1_m1
16067 5 -1.5 0 S1_m1
16068 5 -1.5 0 S1_m1
15001 5 -1.5 0 S1_m1
15002 5 -1.5 0 S1_m1
15003 5 -1.5 0 S1_m1
15007 5 -1.5 0 S1_m1
15008 5 -1.5 0 S1_m1
15011 5 -1.5 0 S1_m1
15014 5 -1.5 0 S1_m1
15018 5 -1.5 0 S1_m1
15020 5 -1.5 0 S1_m1
15022 5 -1.5 0 S1_m1
16064 6 -1.5 5.45536671551315 S1_m1
16065 6 -1.5 2.00784219670579 S1_m1
16066 6 -1.5 0 S1_m1
16067 6 -1.5 0 S1_m1
16068 6 -1.5 0 S1_m1
15001 6 -1.5 0 S1_m1
15002 6 -1.5 0 S1_m1
15003 6 -1.5 175.177240585374 S1_m1
15007 6 -1.5 102.81353500352 S1_m1
15008 6 -1.5 84.4951093768784 S1_m1
15011 6 -1.5 0 S1_m1
15014 6 -1.5 45.1739434101938 S1_m1
15018 6 -1.5 326.698551911622 S1_m1
15020 6 -1.5 0 S1_m1
15022 6 -1.5 0 S1_m1
16064 7 -1.5 0 S1_m1
16065 7 -1.5 0 S1_m1
16066 7 -1.5 0 S1_m1
16067 7 -1.5 0 S1_m1
16068 7 -1.5 0 S1_m1
15001 7 -1.5 0 S1_m1
15002 7 -1.5 0 S1_m1
15003 7 -1.5 0 S1_m1
15007 7 -1.5 0 S1_m1
15008 7 -1.5 0 S1_m1
15011 7 -1.5 0 S1_m1
15014 7 -1.5 0 S1_m1
15018 7 -1.5 0 S1_m1
15020 7 -1.5 0 S1_m1
15022 7 -1.5 0 S1_m1
16064 8 -1.5 20.3265501695209 S1_m1
16065 8 -1.5 104.146949462394 S1_m1
16066 8 -1.5 0 S1_m1
16067 8 -1.5 0 S1_m1
16068 8 -1.5 0 S1_m1
15001 8 -1.5 17.3794368676391 S1_m1
15002 8 -1.5 5.75027283306903 S1_m1
15003 8 -1.5 338.858223781163 S1_m1
15007 8 -1.5 135.418898614151 S1_m1
15008 8 -1.5 105.888464872243 S1_m1
15011 8 -1.5 0 S1_m1
15014 8 -1.5 346.562422083996 S1_m1
15018 8 -1.5 506.537039310131 S1_m1
15020 8 -1.5 222.418958181754 S1_m1
15022 8 -1.5 0 S1_m1
16064 9 -1.5 1.15629581910479 S1_m1
16065 9 -1.5 0 S1_m1
16066 9 -1.5 0 S1_m1
16067 9 -1.5 0 S1_m1
16068 9 -1.5 0 S1_m1
15001 9 -1.5 0 S1_m1
15002 9 -1.5 0 S1_m1
15003 9 -1.5 138.146815199094 S1_m1
15007 9 -1.5 71.9565890200952 S1_m1
15008 9 -1.5 58.7622545212037 S1_m1
15011 9 -1.5 0 S1_m1
15014 9 -1.5 11.3549474539802 S1_m1
15018 9 -1.5 283.218368096579 S1_m1
15020 9 -1.5 0 S1_m1
15022 9 -1.5 0 S1_m1
16064 10 -1.5 17.4795635428429 S1_m1
16065 10 -1.5 86.5991123895125 S1_m1
16066 10 -1.5 0 S1_m1
16067 10 -1.5 0 S1_m1
16068 10 -1.5 0 S1_m1
15001 10 -1.5 5.20763985634481 S1_m1
15002 10 -1.5 0 S1_m1
15003 10 -1.5 336.178365075835 S1_m1
15007 10 -1.5 135.890676634008 S1_m1
15008 10 -1.5 106.132813643584 S1_m1
15011 10 -1.5 0 S1_m1
15014 10 -1.5 338.680950500774 S1_m1
15018 10 -1.5 517.207050538154 S1_m1
15020 10 -1.5 175.500945046125 S1_m1
15022 10 -1.5 0 S1_m1
16064 11 -1.5 7.43539530935304 S1_m1
16065 11 -1.5 132.379618028061 S1_m1
16066 11 -1.5 0 S1_m1
16067 11 -1.5 0 S1_m1
16068 11 -1.5 0 S1_m1
15001 11 -1.5 24.3116575140582 S1_m1
15002 11 -1.5 135.219947032862 S1_m1
15003 11 -1.5 220.998652251059 S1_m1
15007 11 -1.5 65.8798134619002 S1_m1
15008 11 -1.5 34.4225848573513 S1_m1
15011 11 -1.5 0 S1_m1
15014 11 -1.5 236.013810527773 S1_m1
15018 11 -1.5 431.346745223402 S1_m1
15020 11 -1.5 318.057043110442 S1_m1
15022 11 -1.5 0 S1_m1
16064 12 -1.5 42.2926784313889 S1_m1
16065 12 -1.5 278.567873210079 S1_m1
16066 12 -1.5 1.01899199832853 S1_m1
16067 12 -1.5 0 S1_m1
16068 12 -1.5 0 S1_m1
15001 12 -1.5 34.7667208184575 S1_m1
15002 12 -1.5 169.153101353186 S1_m1
15003 12 -1.5 208.753283444953 S1_m1
15007 12 -1.5 65.1538147374866 S1_m1
15008 12 -1.5 32.1286236719604 S1_m1
15011 12 -1.5 0 S1_m1
15014 12 -1.5 215.775565462326 S1_m1
15018 12 -1.5 395.146225930211 S1_m1
15020 12 -1.5 323.702785930701 S1_m1
15022 12 -1.5 0 S1_m1
16064 13 -1.5 0 S1_m1
16065 13 -1.5 0 S1_m1
16066 13 -1.5 0 S1_m1
16067 13 -1.5 0 S1_m1
16068 13 -1.5 0 S1_m1
15001 13 -1.5 0 S1_m1
15002 13 -1.5 0 S1_m1
15003 13 -1.5 17.856045278874 S1_m1
15007 13 -1.5 3.64392207885016 S1_m1
15008 13 -1.5 3.43722474572892 S1_m1
15011 13 -1.5 0 S1_m1
15014 13 -1.5 0 S1_m1
15018 13 -1.5 130.707379089023 S1_m1
15020 13 -1.5 0 S1_m1
15022 13 -1.5 0 S1_m1
16064 14 -1.5 0 S1_m1
16065 14 -1.5 0 S1_m1
16066 14 -1.5 0 S1_m1
16067 14 -1.5 0 S1_m1
16068 14 -1.5 0 S1_m1
15001 14 -1.5 0 S1_m1
15002 14 -1.5 0 S1_m1
15003 14 -1.5 0 S1_m1
15007 14 -1.5 0 S1_m1
15008 14 -1.5 0 S1_m1
15011 14 -1.5 0 S1_m1
15014 14 -1.5 0 S1_m1
15018 14 -1.5 11.1616446945314 S1_m1
15020 14 -1.5 0 S1_m1
15022 14 -1.5 0 S1_m1
16064 15 -1.5 55.3496017286433 S1_m1
16065 15 -1.5 150.616212605829 S1_m1
16066 15 -1.5 0 S1_m1
16067 15 -1.5 10.5330155901446 S1_m1
16068 15 -1.5 0 S1_m1
15001 15 -1.5 38.5129725057858 S1_m1
15002 15 -1.5 3.48818668296128 S1_m1
15003 15 -1.5 418.853116776729 S1_m1
15007 15 -1.5 196.72077401883 S1_m1
15008 15 -1.5 159.881463901616 S1_m1
15011 15 -1.5 0 S1_m1
15014 15 -1.5 427.388967971511 S1_m1
15018 15 -1.5 605.862291406307 S1_m1
15020 15 -1.5 246.631556530749 S1_m1
15022 15 -1.5 1.14255525847028 S1_m1
16064 16 -1.5 64.4307275810991 S1_m1
16065 16 -1.5 233.79440295964 S1_m1
16066 16 -1.5 6.64988488334507 S1_m1
16067 16 -1.5 20.4042865148728 S1_m1
16068 16 -1.5 0 S1_m1
15001 16 -1.5 101.290884411112 S1_m1
15002 16 -1.5 224.219935953639 S1_m1
15003 16 -1.5 419.720872494395 S1_m1
15007 16 -1.5 180.033622680511 S1_m1
15008 16 -1.5 128.832453986815 S1_m1
15011 16 -1.5 0 S1_m1
15014 16 -1.5 450.712028449497 S1_m1
15018 16 -1.5 616.578066711977 S1_m1
15020 16 -1.5 458.15912656464 S1_m1
15022 16 -1.5 0 S1_m1
16064 17 -1.5 0 S1_m1
16065 17 -1.5 0 S1_m1
16066 17 -1.5 0 S1_m1
16067 17 -1.5 0 S1_m1
16068 17 -1.5 0 S1_m1
15001 17 -1.5 0 S1_m1
15002 17 -1.5 0 S1_m1
15003 17 -1.5 80.8995220094796 S1_m1
15007 17 -1.5 52.5028476970907 S1_m1
15008 17 -1.5 38.780311269409 S1_m1
15011 17 -1.5 0 S1_m1
15014 17 -1.5 0 S1_m1
15018 17 -1.5 216.871263327931 S1_m1
15020 17 -1.5 0 S1_m1
15022 17 -1.5 0 S1_m1
16064 18 -1.5 48.2413103524318 S1_m1
16065 18 -1.5 265.31192337151 S1_m1
16066 18 -1.5 5.25056658808973 S1_m1
16067 18 -1.5 4.00474100486506 S1_m1
16068 18 -1.5 0 S1_m1
15001 18 -1.5 69.9809383855526 S1_m1
15002 18 -1.5 235.330120169602 S1_m1
15003 18 -1.5 313.506874904102 S1_m1
15007 18 -1.5 113.25936101291 S1_m1
15008 18 -1.5 69.5755837599404 S1_m1
15011 18 -1.5 1.16554261766821 S1_m1
15014 18 -1.5 331.152035979218 S1_m1
15018 18 -1.5 517.228590822942 S1_m1
15020 18 -1.5 429.86315954775 S1_m1
15022 18 -1.5 0 S1_m1
16064 19 -1.5 11.2429772439577 S1_m1
16065 19 -1.5 54.3104446246756 S1_m1
16066 19 -1.5 0 S1_m1
16067 19 -1.5 0 S1_m1
16068 19 -1.5 0 S1_m1
15001 19 -1.5 0 S1_m1
15002 19 -1.5 0 S1_m1
15003 19 -1.5 302.503728099715 S1_m1
15007 19 -1.5 125.697162419585 S1_m1
15008 19 -1.5 101.664782096889 S1_m1
15011 19 -1.5 0 S1_m1
15014 19 -1.5 283.873942373993 S1_m1
15018 19 -1.5 473.580264771263 S1_m1
15020 19 -1.5 116.230947868339 S1_m1
15022 19 -1.5 0 S1_m1
16064 20 -1.5 63.304972717576 S1_m1
16065 20 -1.5 199.356788755239 S1_m1
16066 20 -1.5 1.57819823933758 S1_m1
16067 20 -1.5 19.6095216040963 S1_m1
16068 20 -1.5 0 S1_m1
15001 20 -1.5 88.2065329456487 S1_m1
15002 20 -1.5 146.118149863177 S1_m1
15003 20 -1.5 435.458051567317 S1_m1
15007 20 -1.5 194.224805880566 S1_m1
15008 20 -1.5 148.338987842463 S1_m1
15011 20 -1.5 0 S1_m1
15014 20 -1.5 464.334838663552 S1_m1
15018 20 -1.5 624.96985415463 S1_m1
15020 20 -1.5 388.806096211007 S1_m1
15022 20 -1.5 0 S1_m1
16064 21 -1.5 8.1103122601923 S1_m1
16065 21 -1.5 46.8584422927711 S1_m1
16066 21 -1.5 0 S1_m1
16067 21 -1.5 0 S1_m1
16068 21 -1.5 0 S1_m1
15001 21 -1.5 0 S1_m1
15002 21 -1.5 0 S1_m1
15003 21 -1.5 293.30121108401 S1_m1
15007 21 -1.5 118.356958163393 S1_m1
15008 21 -1.5 94.1445220548264 S1_m1
15011 21 -1.5 0 S1_m1
15014 21 -1.5 276.078126350029 S1_m1
15018 21 -1.5 471.480087019136 S1_m1
15020 21 -1.5 108.339494969027 S1_m1
15022 21 -1.5 0 S1_m1
16064 22 -1.5 72.7600646680933 S1_m1
16065 22 -1.5 302.680120831525 S1_m1
16066 22 -1.5 68.9243073574617 S1_m1
16067 22 -1.5 34.4617388955368 S1_m1
16068 22 -1.5 0 S1_m1
15001 22 -1.5 110.512649931412 S1_m1
15002 22 -1.5 300.511753467994 S1_m1
15003 22 -1.5 431.972962250875 S1_m1
15007 22 -1.5 178.851668255631 S1_m1
15008 22 -1.5 117.274020818764 S1_m1
15011 22 -1.5 4.6900186956894 S1_m1
15014 22 -1.5 479.673448437618 S1_m1
15018 22 -1.5 668.569711904975 S1_m1
15020 22 -1.5 545.600359615968 S1_m1
15022 22 -1.5 0 S1_m1
16064 23 -1.5 5.25952898747245 S1_m1
16065 23 -1.5 8.17392965226313 S1_m1
16066 23 -1.5 0 S1_m1
16067 23 -1.5 0 S1_m1
16068 23 -1.5 0 S1_m1
15001 23 -1.5 0 S1_m1
15002 23 -1.5 0 S1_m1
15003 23 -1.5 221.651373492896 S1_m1
15007 23 -1.5 109.43819951533 S1_m1
15008 23 -1.5 89.8365487417379 S1_m1
15011 23 -1.5 0 S1_m1
15014 23 -1.5 158.41213865565 S1_m1
15018 23 -1.5 391.615163468848 S1_m1
15020 23 -1.5 2.63751892089423 S1_m1
15022 23 -1.5 0 S1_m1
16064 24 -1.5 16.6133147542679 S1_m1
16065 24 -1.5 86.7473735840997 S1_m1
16066 24 -1.5 0 S1_m1
16067 24 -1.5 0 S1_m1
16068 24 -1.5 0 S1_m1
15001 24 -1.5 4.82684955367371 S1_m1
15002 24 -1.5 0 S1_m1
15003 24 -1.5 338.291763755266 S1_m1
15007 24 -1.5 135.414657064879 S1_m1
15008 24 -1.5 104.320475434822 S1_m1
15011 24 -1.5 0 S1_m1
15014 24 -1.5 345.064635307794 S1_m1
15018 24 -1.5 528.797314196302 S1_m1
15020 24 -1.5 174.664670888178 S1_m1
15022 24 -1.5 0 S1_m1
16064 25 -1.5 0 S1_m1
16065 25 -1.5 0 S1_m1
16066 25 -1.5 0 S1_m1
16067 25 -1.5 0 S1_m1
16068 25 -1.5 0 S1_m1
15001 25 -1.5 0 S1_m1
15002 25 -1.5 0 S1_m1
15003 25 -1.5 0 S1_m1
15007 25 -1.5 0 S1_m1
15008 25 -1.5 0 S1_m1
15011 25 -1.5 0 S1_m1
15014 25 -1.5 0 S1_m1
15018 25 -1.5 10.5807553045512 S1_m1
15020 25 -1.5 0 S1_m1
15022 25 -1.5 0 S1_m1
16064 26 -1.5 64.2986610869757 S1_m1
16065 26 -1.5 239.916879588348 S1_m1
16066 26 -1.5 17.6745735889023 S1_m1
16067 26 -1.5 23.3886383117153 S1_m1
16068 26 -1.5 0 S1_m1
15001 26 -1.5 101.10267646403 S1_m1
15002 26 -1.5 226.918652837466 S1_m1
15003 26 -1.5 432.731146195672 S1_m1
15007 26 -1.5 183.059365344288 S1_m1
15008 26 -1.5 128.091888379607 S1_m1
15011 26 -1.5 0 S1_m1
15014 26 -1.5 472.078807090009 S1_m1
15018 26 -1.5 646.013879551911 S1_m1
15020 26 -1.5 477.324220275228 S1_m1
15022 26 -1.5 0 S1_m1
16064 27 -1.5 0 S1_m1
16065 27 -1.5 0 S1_m1
16066 27 -1.5 0 S1_m1
16067 27 -1.5 0 S1_m1
16068 27 -1.5 0 S1_m1
15001 27 -1.5 0 S1_m1
15002 27 -1.5 0 S1_m1
15003 27 -1.5 0 S1_m1
15007 27 -1.5 0 S1_m1
15008 27 -1.5 0 S1_m1
15011 27 -1.5 0 S1_m1
15014 27 -1.5 0 S1_m1
15018 27 -1.5 0 S1_m1
15020 27 -1.5 0 S1_m1
15022 27 -1.5 0 S1_m1
16064 28 -1.5 90.0130907068815 S1_m1
16065 28 -1.5 329.627175927729 S1_m1
16066 28 -1.5 88.0122246003912 S1_m1
16067 28 -1.5 62.9508378929432 S1_m1
16068 28 -1.5 0 S1_m1
15001 28 -1.5 132.478267824554 S1_m1
15002 28 -1.5 334.549766005467 S1_m1
15003 28 -1.5 464.810942552668 S1_m1
15007 28 -1.5 204.875793636825 S1_m1
15008 28 -1.5 139.470870451647 S1_m1
15011 28 -1.5 13.7043893000193 S1_m1
15014 28 -1.5 512.225943883258 S1_m1
15018 28 -1.5 696.607249105016 S1_m1
15020 28 -1.5 575.166401596452 S1_m1
15022 28 -1.5 0 S1_m1
16064 29 -1.5 0 S1_m1
16065 29 -1.5 0 S1_m1
16066 29 -1.5 0 S1_m1
16067 29 -1.5 0 S1_m1
16068 29 -1.5 0 S1_m1
15001 29 -1.5 0 S1_m1
15002 29 -1.5 0 S1_m1
15003 29 -1.5 89.8475516361937 S1_m1
15007 29 -1.5 26.7014059004731 S1_m1
15008 29 -1.5 25.8238836136433 S1_m1
15011 29 -1.5 0 S1_m1
15014 29 -1.5 0 S1_m1
15018 29 -1.5 205.993135569227 S1_m1
15020 29 -1.5 0 S1_m1
15022 29 -1.5 0 S1_m1
16064 30 -1.5 0 S1_m1
16065 30 -1.5 0 S1_m1
16066 30 -1.5 0 S1_m1
16067 30 -1.5 0 S1_m1
16068 30 -1.5 0 S1_m1
15001 30 -1.5 0 S1_m1
15002 30 -1.5 0 S1_m1
15003 30 -1.5 0 S1_m1
15007 30 -1.5 0 S1_m1
15008 30 -1.5 0 S1_m1
15011 30 -1.5 0 S1_m1
15014 30 -1.5 0 S1_m1
15018 30 -1.5 6.97669848958628 S1_m1
15020 30 -1.5 0 S1_m1
15022 30 -1.5 0 S1_m1
16064 31 -1.5 0 S1_m1
16065 31 -1.5 0 S1_m1
16066 31 -1.5 0 S1_m1
16067 31 -1.5 0 S1_m1
16068 31 -1.5 0 S1_m1
15001 31 -1.5 0 S1_m1
15002 31 -1.5 0 S1_m1
15003 31 -1.5 0 S1_m1
15007 31 -1.5 8.56934656913881 S1_m1
15008 31 -1.5 0 S1_m1
15011 31 -1.5 0 S1_m1
15014 31 -1.5 0 S1_m1
15018 31 -1.5 130.783037227577 S1_m1
15020 31 -1.5 0 S1_m1
15022 31 -1.5 0 S1_m1
16064 1 -3 0 S1_m1
16065 1 -3 63.4284280876223 S1_m1
16066 1 -3 1.80262461001007 S1_m1
16067 1 -3 0 S1_m1
16068 1 -3 0 S1_m1
15001 1 -3 0 S1_m1
15002 1 -3 69.4556660430266 S1_m1
15003 1 -3 92.5757816671421 S1_m1
15007 1 -3 8.63430033368441 S1_m1
15008 1 -3 1.95831687913771 S1_m1
15011 1 -3 0 S1_m1
15014 1 -3 187.131579442748 S1_m1
15018 1 -3 164.201007779643 S1_m1
15020 1 -3 129.91139289596 S1_m1
15022 1 -3 0 S1_m1
16064 2 -3 0 S1_m1
16065 2 -3 0 S1_m1
16066 2 -3 0 S1_m1
16067 2 -3 0 S1_m1
16068 2 -3 0 S1_m1
15001 2 -3 0 S1_m1
15002 2 -3 0 S1_m1
15003 2 -3 0 S1_m1
15007 2 -3 0 S1_m1
15008 2 -3 0 S1_m1
15011 2 -3 0 S1_m1
15014 2 -3 0 S1_m1
15018 2 -3 0 S1_m1
15020 2 -3 0 S1_m1
15022 2 -3 0 S1_m1
16064 3 -3 0 S1_m1
16065 3 -3 0 S1_m1
16066 3 -3 0 S1_m1
16067 3 -3 0 S1_m1
16068 3 -3 0 S1_m1
15001 3 -3 0 S1_m1
15002 3 -3 0 S1_m1
15003 3 -3 0 S1_m1
15007 3 -3 0 S1_m1
15008 3 -3 0 S1_m1
15011 3 -3 0 S1_m1
15014 3 -3 0 S1_m1
15018 3 -3 4.25508894171782 S1_m1
15020 3 -3 0 S1_m1
15022 3 -3 0 S1_m1
16064 4 -3 0 S1_m1
16065 4 -3 0 S1_m1
16066 4 -3 0 S1_m1
16067 4 -3 0 S1_m1
16068 4 -3 0 S1_m1
15001 4 -3 0 S1_m1
15002 4 -3 0 S1_m1
15003 4 -3 35.74653711571 S1_m1
15007 4 -3 0 S1_m1
15008 4 -3 0 S1_m1
15011 4 -3 0 S1_m1
15014 4 -3 15.792282810825 S1_m1
15018 4 -3 104.279122479597 S1_m1
15020 4 -3 0 S1_m1
15022 4 -3 0 S1_m1
16064 5 -3 0 S1_m1
16065 5 -3 0 S1_m1
16066 5 -3 0 S1_m1
16067 5 -3 0 S1_m1
16068 5 -3 0 S1_m1
15001 5 -3 0 S1_m1
15002 5 -3 0 S1_m1
15003 5 -3 0 S1_m1
15007 5 -3 0 S1_m1
15008 5 -3 0 S1_m1
15011 5 -3 0 S1_m1
15014 5 -3 0 S1_m1
15018 5 -3 0 S1_m1
15020 5 -3 0 S1_m1
15022 5 -3 0 S1_m1
16064 6 -3 0 S1_m1
16065 6 -3 0 S1_m1
16066 6 -3 0 S1_m1
16067 6 -3 0 S1_m1
16068 6 -3 0 S1_m1
15001 6 -3 0 S1_m1
15002 6 -3 0 S1_m1
15003 6 -3 114.659203651245 S1_m1
15007 6 -3 54.2683618918839 S1_m1
15008 6 -3 48.8831957442966 S1_m1
15011 6 -3 0 S1_m1
15014 6 -3 56.1407404122011 S1_m1
15018 6 -3 233.652409036296 S1_m1
15020 6 -3 0 S1_m1
15022 6 -3 0 S1_m1
16064 7 -3 0 S1_m1
16065 7 -3 0 S1_m1
16066 7 -3 0 S1_m1
16067 7 -3 0 S1_m1
16068 7 -3 0 S1_m1
15001 7 -3 0 S1_m1
15002 7 -3 0 S1_m1
15003 7 -3 0 S1_m1
15007 7 -3 0 S1_m1
15008 7 -3 0 S1_m1
15011 7 -3 0 S1_m1
15014 7 -3 0 S1_m1
15018 7 -3 0 S1_m1
15020 7 -3 0 S1_m1
15022 7 -3 0 S1_m1
16064 8 -3 0 S1_m1
16065 8 -3 6.68646195502839 S1_m1
16066 8 -3 0 S1_m1
16067 8 -3 0 S1_m1
16068 8 -3 0 S1_m1
15001 8 -3 0 S1_m1
15002 8 -3 0 S1_m1
15003 8 -3 158.108479705562 S1_m1
15007 8 -3 42.0346669383402 S1_m1
15008 8 -3 34.3986631771774 S1_m1
15011 8 -3 0 S1_m1
15014 8 -3 260.273197422294 S1_m1
15018 8 -3 255.468187712093 S1_m1
15020 8 -3 97.3349329336741 S1_m1
15022 8 -3 0 S1_m1
16064 9 -3 0 S1_m1
16065 9 -3 0 S1_m1
16066 9 -3 0 S1_m1
16067 9 -3 0 S1_m1
16068 9 -3 0 S1_m1
15001 9 -3 0 S1_m1
15002 9 -3 0 S1_m1
15003 9 -3 47.9452232339624 S1_m1
15007 9 -3 5.38122369511578 S1_m1
15008 9 -3 6.07676861690406 S1_m1
15011 9 -3 0 S1_m1
15014 9 -3 2.81199089485713 S1_m1
15018 9 -3 140.998650352677 S1_m1
15020 9 -3 0 S1_m1
15022 9 -3 0 S1_m1
16064 10 -3 0 S1_m1
16065 10 -3 2.06692216153076 S1_m1
16066 10 -3 0 S1_m1
16067 10 -3 0 S1_m1
16068 10 -3 0 S1_m1
15001 10 -3 0 S1_m1
15002 10 -3 0 S1_m1
15003 10 -3 144.624020053358 S1_m1
15007 10 -3 35.8358100307992 S1_m1
15008 10 -3 29.5413587820895 S1_m1
15011 10 -3 0 S1_m1
15014 10 -3 237.551662430009 S1_m1
15018 10 -3 239.867612671087 S1_m1
15020 10 -3 60.8150886477706 S1_m1
15022 10 -3 0 S1_m1
16064 11 -3 0 S1_m1
16065 11 -3 0 S1_m1
16066 11 -3 0 S1_m1
16067 11 -3 0 S1_m1
16068 11 -3 0 S1_m1
15001 11 -3 0 S1_m1
15002 11 -3 0 S1_m1
15003 11 -3 0 S1_m1
15007 11 -3 0 S1_m1
15008 11 -3 0 S1_m1
15011 11 -3 0 S1_m1
15014 11 -3 5.77601775140968 S1_m1
15018 11 -3 4.29119325265789 S1_m1
15020 11 -3 2.43077026927835 S1_m1
15022 11 -3 0 S1_m1
16064 12 -3 0 S1_m1
16065 12 -3 0 S1_m1
16066 12 -3 0 S1_m1
16067 12 -3 0 S1_m1
16068 12 -3 0 S1_m1
15001 12 -3 0 S1_m1
15002 12 -3 0 S1_m1
15003 12 -3 0 S1_m1
15007 12 -3 0 S1_m1
15008 12 -3 0 S1_m1
15011 12 -3 0 S1_m1
15014 12 -3 6.34932091111122 S1_m1
15018 12 -3 6.42789980888066 S1_m1
15020 12 -3 6.3343221838176 S1_m1
15022 12 -3 0 S1_m1
16064 13 -3 0 S1_m1
16065 13 -3 0 S1_m1
16066 13 -3 0 S1_m1
16067 13 -3 0 S1_m1
16068 13 -3 0 S1_m1
15001 13 -3 0 S1_m1
15002 13 -3 0 S1_m1
15003 13 -3 0 S1_m1
15007 13 -3 0 S1_m1
15008 13 -3 0 S1_m1
15011 13 -3 0 S1_m1
15014 13 -3 0 S1_m1
15018 13 -3 29.9844468276853 S1_m1
15020 13 -3 0 S1_m1
15022 13 -3 0 S1_m1
16064 14 -3 0 S1_m1
16065 14 -3 0 S1_m1
16066 14 -3 0 S1_m1
16067 14 -3 0 S1_m1
16068 14 -3 0 S1_m1
15001 14 -3 0 S1_m1
15002 14 -3 0 S1_m1
15003 14 -3 0 S1_m1
15007 14 -3 0 S1_m1
15008 14 -3 0 S1_m1
15011 14 -3 0 S1_m1
15014 14 -3 0 S1_m1
15018 14 -3 2.29193331515808 S1_m1
15020 14 -3 0 S1_m1
15022 14 -3 0 S1_m1
16064 15 -3 23.0855835710963 S1_m1
16065 15 -3 96.7696818475858 S1_m1
16066 15 -3 54.3708971792643 S1_m1
16067 15 -3 1.33526044010915 S1_m1
16068 15 -3 0 S1_m1
15001 15 -3 8.919842042704 S1_m1
15002 15 -3 0 S1_m1
15003 15 -3 317.958933574087 S1_m1
15007 15 -3 145.262121734648 S1_m1
15008 15 -3 119.274694293681 S1_m1
15011 15 -3 0 S1_m1
15014 15 -3 475.829347566796 S1_m1
15018 15 -3 478.44904849666 S1_m1
15020 15 -3 181.139512076756 S1_m1
15022 15 -3 0 S1_m1
16064 16 -3 9.15961116633112 S1_m1
16065 16 -3 115.286724254508 S1_m1
16066 16 -3 43.7175279023361 S1_m1
16067 16 -3 0 S1_m1
16068 16 -3 5.7254806296826 S1_m1
15001 16 -3 30.4085919844561 S1_m1
15002 16 -3 117.346997171021 S1_m1
15003 16 -3 226.434045749292 S1_m1
15007 16 -3 87.6871220964681 S1_m1
15008 16 -3 60.54794347958 S1_m1
15011 16 -3 0 S1_m1
15014 16 -3 392.729227587104 S1_m1
15018 16 -3 376.663659593725 S1_m1
15020 16 -3 253.294418444375 S1_m1
15022 16 -3 0 S1_m1
16064 17 -3 0 S1_m1
16065 17 -3 0 S1_m1
16066 17 -3 0 S1_m1
16067 17 -3 0 S1_m1
16068 17 -3 0 S1_m1
15001 17 -3 0 S1_m1
15002 17 -3 0 S1_m1
15003 17 -3 40.9368624468147 S1_m1
15007 17 -3 18.6366940394125 S1_m1
15008 17 -3 15.2601426211348 S1_m1
15011 17 -3 0 S1_m1
15014 17 -3 0 S1_m1
15018 17 -3 162.345237002187 S1_m1
15020 17 -3 0 S1_m1
15022 17 -3 0 S1_m1
16064 18 -3 0 S1_m1
16065 18 -3 24.2137255335059 S1_m1
16066 18 -3 0 S1_m1
16067 18 -3 0 S1_m1
16068 18 -3 0 S1_m1
15001 18 -3 0 S1_m1
15002 18 -3 31.0415246845319 S1_m1
15003 18 -3 57.8306538753001 S1_m1
15007 18 -3 0 S1_m1
15008 18 -3 0 S1_m1
15011 18 -3 0 S1_m1
15014 18 -3 126.044535023521 S1_m1
15018 18 -3 111.517191352258 S1_m1
15020 18 -3 88.6174751966078 S1_m1
15022 18 -3 0 S1_m1
16064 19 -3 0 S1_m1
16065 19 -3 0 S1_m1
16066 19 -3 0 S1_m1
16067 19 -3 0 S1_m1
16068 19 -3 0 S1_m1
15001 19 -3 0 S1_m1
15002 19 -3 0 S1_m1
15003 19 -3 136.143959613195 S1_m1
15007 19 -3 32.1532519301112 S1_m1
15008 19 -3 29.5067234558112 S1_m1
15011 19 -3 0 S1_m1
15014 19 -3 207.638246153201 S1_m1
15018 19 -3 228.372680102658 S1_m1
15020 19 -3 21.2389958994287 S1_m1
15022 19 -3 0 S1_m1
16064 20 -3 20.0645020187211 S1_m1
16065 20 -3 121.733270677666 S1_m1
16066 20 -3 65.5887480416112 S1_m1
16067 20 -3 1.19135845460804 S1_m1
16068 20 -3 5.18492368241668 S1_m1
15001 20 -3 37.1746515233088 S1_m1
15002 20 -3 79.9541244145375 S1_m1
15003 20 -3 295.507963018389 S1_m1
15007 20 -3 124.562012541979 S1_m1
15008 20 -3 94.8910341839112 S1_m1
15011 20 -3 0 S1_m1
15014 20 -3 479.014786014655 S1_m1
15018 20 -3 454.387573431846 S1_m1
15020 20 -3 260.659251537912 S1_m1
15022 20 -3 0 S1_m1
16064 21 -3 0 S1_m1
16065 21 -3 0 S1_m1
16066 21 -3 0 S1_m1
16067 21 -3 0 S1_m1
16068 21 -3 0 S1_m1
15001 21 -3 0 S1_m1
15002 21 -3 0 S1_m1
15003 21 -3 111.009221373228 S1_m1
15007 21 -3 15.7116171277437 S1_m1
15008 21 -3 14.8995234616269 S1_m1
15011 21 -3 0 S1_m1
15014 21 -3 176.787441089217 S1_m1
15018 21 -3 192.054724371813 S1_m1
15020 21 -3 7.88159742887028 S1_m1
15022 21 -3 0 S1_m1
16064 22 -3 3.9055640311986 S1_m1
16065 22 -3 112.410066890393 S1_m1
16066 22 -3 47.1037038126352 S1_m1
16067 22 -3 0 S1_m1
16068 22 -3 6.84174540651974 S1_m1
15001 22 -3 17.1027019842119 S1_m1
15002 22 -3 122.323545681335 S1_m1
15003 22 -3 167.03513457412 S1_m1
15007 22 -3 56.7690408369786 S1_m1
15008 22 -3 30.8054434867031 S1_m1
15011 22 -3 0 S1_m1
15014 22 -3 315.348080338264 S1_m1
15018 22 -3 301.5716311514 S1_m1
15020 22 -3 216.439074581398 S1_m1
15022 22 -3 0 S1_m1
16064 23 -3 0 S1_m1
16065 23 -3 0 S1_m1
16066 23 -3 0 S1_m1
16067 23 -3 0 S1_m1
16068 23 -3 0 S1_m1
15001 23 -3 0 S1_m1
15002 23 -3 0 S1_m1
15003 23 -3 105.109094222479 S1_m1
15007 23 -3 27.2241828047198 S1_m1
15008 23 -3 26.8881846991627 S1_m1
15011 23 -3 0 S1_m1
15014 23 -3 113.455515584292 S1_m1
15018 23 -3 204.137228835233 S1_m1
15020 23 -3 0 S1_m1
15022 23 -3 0 S1_m1
16064 24 -3 0 S1_m1
16065 24 -3 1.35930640395118 S1_m1
16066 24 -3 0 S1_m1
16067 24 -3 0 S1_m1
16068 24 -3 0 S1_m1
15001 24 -3 0 S1_m1
15002 24 -3 0 S1_m1
15003 24 -3 133.903787130629 S1_m1
15007 24 -3 29.1598374369867 S1_m1
15008 24 -3 23.356157865129 S1_m1
15011 24 -3 0 S1_m1
15014 24 -3 226.056725323849 S1_m1
15018 24 -3 225.111800323823 S1_m1
15020 24 -3 53.125863696468 S1_m1
15022 24 -3 0 S1_m1
16064 25 -3 0 S1_m1
16065 25 -3 0 S1_m1
16066 25 -3 0 S1_m1
16067 25 -3 0 S1_m1
16068 25 -3 0 S1_m1
15001 25 -3 0 S1_m1
15002 25 -3 0 S1_m1
15003 25 -3 0 S1_m1
15007 25 -3 0 S1_m1
15008 25 -3 0 S1_m1
15011 25 -3 0 S1_m1
15014 25 -3 0 S1_m1
15018 25 -3 0 S1_m1
15020 25 -3 0 S1_m1
15022 25 -3 0 S1_m1
16064 26 -3 5.90827213364961 S1_m1
16065 26 -3 105.785324155048 S1_m1
16066 26 -3 41.5843742534759 S1_m1
16067 26 -3 0 S1_m1
16068 26 -3 3.25077601378041 S1_m1
15001 26 -3 23.3556401502286 S1_m1
15002 26 -3 107.451879116754 S1_m1
15003 26 -3 210.109802292332 S1_m1
15007 26 -3 79.6464200373985 S1_m1
15008 26 -3 52.5956430943169 S1_m1
15011 26 -3 0 S1_m1
15014 26 -3 380.941224660354 S1_m1
15018 26 -3 365.544241977018 S1_m1
15020 26 -3 237.859566778188 S1_m1
15022 26 -3 0 S1_m1
16064 27 -3 0 S1_m1
16065 27 -3 0 S1_m1
16066 27 -3 0 S1_m1
16067 27 -3 0 S1_m1
16068 27 -3 0 S1_m1
15001 27 -3 0 S1_m1
15002 27 -3 0 S1_m1
15003 27 -3 0 S1_m1
15007 27 -3 0 S1_m1
15008 27 -3 0 S1_m1
15011 27 -3 0 S1_m1
15014 27 -3 0 S1_m1
15018 27 -3 0 S1_m1
15020 27 -3 0 S1_m1
15022 27 -3 0 S1_m1
16064 28 -3 26.3844605773829 S1_m1
16065 28 -3 172.762285293442 S1_m1
16066 28 -3 115.457857434628 S1_m1
16067 28 -3 1.62707242748756 S1_m1
16068 28 -3 42.0189344008529 S1_m1
15001 28 -3 53.9875160966095 S1_m1
15002 28 -3 181.690061381112 S1_m1
15003 28 -3 248.216462518568 S1_m1
15007 28 -3 102.557877729416 S1_m1
15008 28 -3 66.174772336115 S1_m1
15011 28 -3 0 S1_m1
15014 28 -3 449.768995177046 S1_m1
15018 28 -3 431.851488034813 S1_m1
15020 28 -3 327.488515074364 S1_m1
15022 28 -3 0 S1_m1
16064 29 -3 0 S1_m1
16065 29 -3 0 S1_m1
16066 29 -3 0 S1_m1
16067 29 -3 0 S1_m1
16068 29 -3 0 S1_m1
15001 29 -3 0 S1_m1
15002 29 -3 0 S1_m1
15003 29 -3 1.91803229131359 S1_m1
15007 29 -3 0 S1_m1
15008 29 -3 0 S1_m1
15011 29 -3 0 S1_m1
15014 29 -3 0 S1_m1
15018 29 -3 43.8463425481353 S1_m1
15020 29 -3 0 S1_m1
15022 29 -3 0 S1_m1
16064 30 -3 0 S1_m1
16065 30 -3 0 S1_m1
16066 30 -3 0 S1_m1
16067 30 -3 0 S1_m1
16068 30 -3 0 S1_m1
15001 30 -3 0 S1_m1
15002 30 -3 0 S1_m1
15003 30 -3 0 S1_m1
15007 30 -3 0 S1_m1
15008 30 -3 0 S1_m1
15011 30 -3 0 S1_m1
15014 30 -3 0 S1_m1
15018 30 -3 0 S1_m1
15020 30 -3 0 S1_m1
15022 30 -3 0 S1_m1
16064 31 -3 0 S1_m1
16065 31 -3 0 S1_m1
16066 31 -3 0 S1_m1
16067 31 -3 0 S1_m1
16068 31 -3 0 S1_m1
15001 31 -3 0 S1_m1
15002 31 -3 0 S1_m1
15003 31 -3 0 S1_m1
15007 31 -3 0 S1_m1
15008 31 -3 0 S1_m1
15011 31 -3 0 S1_m1
15014 31 -3 0 S1_m1
15018 31 -3 29.1544267387434 S1_m1
15020 31 -3 0 S1_m1
15022 31 -3 0 S1_m1
16064 1 -5 0 S1_m1
16065 1 -5 0 S1_m1
16066 1 -5 0 S1_m1
16067 1 -5 0 S1_m1
16068 1 -5 0 S1_m1
15001 1 -5 0 S1_m1
15002 1 -5 0 S1_m1
15003 1 -5 0 S1_m1
15007 1 -5 0 S1_m1
15008 1 -5 0 S1_m1
15011 1 -5 0 S1_m1
15014 1 -5 0 S1_m1
15018 1 -5 0 S1_m1
15020 1 -5 0 S1_m1
15022 1 -5 0 S1_m1
16064 2 -5 0 S1_m1
16065 2 -5 0 S1_m1
16066 2 -5 0 S1_m1
16067 2 -5 0 S1_m1
16068 2 -5 0 S1_m1
15001 2 -5 0 S1_m1
15002 2 -5 0 S1_m1
15003 2 -5 0 S1_m1
15007 2 -5 0 S1_m1
15008 2 -5 0 S1_m1
15011 2 -5 0 S1_m1
15014 2 -5 0 S1_m1
15018 2 -5 0 S1_m1
15020 2 -5 0 S1_m1
15022 2 -5 0 S1_m1
16064 3 -5 0 S1_m1
16065 3 -5 0 S1_m1
16066 3 -5 0 S1_m1
16067 3 -5 0 S1_m1
16068 3 -5 0 S1_m1
15001 3 -5 0 S1_m1
15002 3 -5 0 S1_m1
15003 3 -5 0 S1_m1
15007 3 -5 0 S1_m1
15008 3 -5 0 S1_m1
15011 3 -5 0 S1_m1
15014 3 -5 0 S1_m1
15018 3 -5 0 S1_m1
15020 3 -5 0 S1_m1
15022 3 -5 0 S1_m1
16064 4 -5 0 S1_m1
16065 4 -5 0 S1_m1
16066 4 -5 0 S1_m1
16067 4 -5 0 S1_m1
16068 4 -5 0 S1_m1
15001 4 -5 0 S1_m1
15002 4 -5 0 S1_m1
15003 4 -5 0 S1_m1
15007 4 -5 0 S1_m1
15008 4 -5 0 S1_m1
15011 4 -5 0 S1_m1
15014 4 -5 0 S1_m1
15018 4 -5 0 S1_m1
15020 4 -5 0 S1_m1
15022 4 -5 0 S1_m1
16064 5 -5 0 S1_m1
16065 5 -5 0 S1_m1
16066 5 -5 0 S1_m1
16067 5 -5 0 S1_m1
16068 5 -5 0 S1_m1
15001 5 -5 0 S1_m1
15002 5 -5 0 S1_m1
15003 5 -5 0 S1_m1
15007 5 -5 0 S1_m1
15008 5 -5 0 S1_m1
15011 5 -5 0 S1_m1
15014 5 -5 0 S1_m1
15018 5 -5 0 S1_m1
15020 5 -5 0 S1_m1
15022 5 -5 0 S1_m1
16064 6 -5 0 S1_m1
16065 6 -5 0 S1_m1
16066 6 -5 0 S1_m1
16067 6 -5 0 S1_m1
16068 6 -5 0 S1_m1
15001 6 -5 0 S1_m1
15002 6 -5 0 S1_m1
15003 6 -5 44.1253046100762 S1_m1
15007 6 -5 4.26341659711329 S1_m1
15008 6 -5 5.02509896119482 S1_m1
15011 6 -5 0 S1_m1
15014 6 -5 3.4168321018734 S1_m1
15018 6 -5 134.553173893997 S1_m1
15020 6 -5 0 S1_m1
15022 6 -5 0 S1_m1
16064 7 -5 0 S1_m1
16065 7 -5 0 S1_m1
16066 7 -5 0 S1_m1
16067 7 -5 0 S1_m1
16068 7 -5 0 S1_m1
15001 7 -5 0 S1_m1
15002 7 -5 0 S1_m1
15003 7 -5 0 S1_m1
15007 7 -5 0 S1_m1
15008 7 -5 0 S1_m1
15011 7 -5 0 S1_m1
15014 7 -5 0 S1_m1
15018 7 -5 0 S1_m1
15020 7 -5 0 S1_m1
15022 7 -5 0 S1_m1
16064 8 -5 0 S1_m1
16065 8 -5 0 S1_m1
16066 8 -5 0 S1_m1
16067 8 -5 0 S1_m1
16068 8 -5 0 S1_m1
15001 8 -5 0 S1_m1
15002 8 -5 0 S1_m1
15003 8 -5 23.0212156725628 S1_m1
15007 8 -5 0 S1_m1
15008 8 -5 0 S1_m1
15011 8 -5 0 S1_m1
15014 8 -5 69.4404584956123 S1_m1
15018 8 -5 60.6149119131594 S1_m1
15020 8 -5 1.25928709048013 S1_m1
15022 8 -5 0 S1_m1
16064 9 -5 0 S1_m1
16065 9 -5 0 S1_m1
16066 9 -5 0 S1_m1
16067 9 -5 0 S1_m1
16068 9 -5 0 S1_m1
15001 9 -5 0 S1_m1
15002 9 -5 0 S1_m1
15003 9 -5 0 S1_m1
15007 9 -5 0 S1_m1
15008 9 -5 0 S1_m1
15011 9 -5 0 S1_m1
15014 9 -5 0 S1_m1
15018 9 -5 6.82417917103231 S1_m1
15020 9 -5 0 S1_m1
15022 9 -5 0 S1_m1
16064 10 -5 0 S1_m1
16065 10 -5 0 S1_m1
16066 10 -5 0 S1_m1
16067 10 -5 0 S1_m1
16068 10 -5 0 S1_m1
15001 10 -5 0 S1_m1
15002 10 -5 0 S1_m1
15003 10 -5 9.58299826795391 S1_m1
15007 10 -5 0 S1_m1
15008 10 -5 0 S1_m1
15011 10 -5 0 S1_m1
15014 10 -5 40.7487411401291 S1_m1
15018 10 -5 39.8983513330481 S1_m1
15020 10 -5 0 S1_m1
15022 10 -5 0 S1_m1
16064 11 -5 0 S1_m1
16065 11 -5 0 S1_m1
16066 11 -5 0 S1_m1
16067 11 -5 0 S1_m1
16068 11 -5 0 S1_m1
15001 11 -5 0 S1_m1
15002 11 -5 0 S1_m1
15003 11 -5 0 S1_m1
15007 11 -5 0 S1_m1
15008 11 -5 0 S1_m1
15011 11 -5 0 S1_m1
15014 11 -5 0 S1_m1
15018 11 -5 0 S1_m1
15020 11 -5 0 S1_m1
15022 11 -5 0 S1_m1
16064 12 -5 0 S1_m1
16065 12 -5 0 S1_m1
16066 12 -5 0 S1_m1
16067 12 -5 0 S1_m1
16068 12 -5 0 S1_m1
15001 12 -5 0 S1_m1
15002 12 -5 0 S1_m1
15003 12 -5 0 S1_m1
15007 12 -5 0 S1_m1
15008 12 -5 0 S1_m1
15011 12 -5 0 S1_m1
15014 12 -5 0 S1_m1
15018 12 -5 0 S1_m1
15020 12 -5 0 S1_m1
15022 12 -5 0 S1_m1
16064 13 -5 0 S1_m1
16065 13 -5 0 S1_m1
16066 13 -5 0 S1_m1
16067 13 -5 0 S1_m1
16068 13 -5 0 S1_m1
15001 13 -5 0 S1_m1
15002 13 -5 0 S1_m1
15003 13 -5 0 S1_m1
15007 13 -5 0 S1_m1
15008 13 -5 0 S1_m1
15011 13 -5 0 S1_m1
15014 13 -5 0 S1_m1
15018 13 -5 0 S1_m1
15020 13 -5 0 S1_m1
15022 13 -5 0 S1_m1
16064 14 -5 0 S1_m1
16065 14 -5 0 S1_m1
16066 14 -5 0 S1_m1
16067 14 -5 0 S1_m1
16068 14 -5 0 S1_m1
15001 14 -5 0 S1_m1
15002 14 -5 0 S1_m1
15003 14 -5 0 S1_m1
15007 14 -5 0 S1_m1
15008 14 -5 0 S1_m1
15011 14 -5 0 S1_m1
15014 14 -5 0 S1_m1
15018 14 -5 0 S1_m1
15020 14 -5 0 S1_m1
15022 14 -5 0 S1_m1
16064 15 -5 1.4070153101457 S1_m1
16065 15 -5 22.7850912423103 S1_m1
16066 15 -5 48.0670105687519 S1_m1
16067 15 -5 0 S1_m1
16068 15 -5 0 S1_m1
15001 15 -5 0 S1_m1
15002 15 -5 0 S1_m1
15003 15 -5 203.053547434178 S1_m1
15007 15 -5 80.8529275663033 S1_m1
15008 15 -5 65.2180628889316 S1_m1
15011 15 -5 0 S1_m1
15014 15 -5 332.177470998011 S1_m1
15018 15 -5 312.603712910333 S1_m1
15020 15 -5 108.479330036519 S1_m1
15022 15 -5 0 S1_m1
16064 16 -5 0 S1_m1
16065 16 -5 3.39704853193799 S1_m1
16066 16 -5 0 S1_m1
16067 16 -5 0 S1_m1
16068 16 -5 0 S1_m1
15001 16 -5 0 S1_m1
15002 16 -5 5.7729534254675 S1_m1
15003 16 -5 76.5730308137902 S1_m1
15007 16 -5 2.33011233170606 S1_m1
15008 16 -5 0 S1_m1
15011 16 -5 0 S1_m1
15014 16 -5 162.799449383055 S1_m1
15018 16 -5 134.017222121977 S1_m1
15020 16 -5 88.9039784446385 S1_m1
15022 16 -5 0 S1_m1
16064 17 -5 0 S1_m1
16065 17 -5 0 S1_m1
16066 17 -5 0 S1_m1
16067 17 -5 0 S1_m1
16068 17 -5 0 S1_m1
15001 17 -5 0 S1_m1
15002 17 -5 0 S1_m1
15003 17 -5 4.26131347728781 S1_m1
15007 17 -5 1.21060974967544 S1_m1
15008 17 -5 0 S1_m1
15011 17 -5 0 S1_m1
15014 17 -5 0 S1_m1
15018 17 -5 93.0124933383467 S1_m1
15020 17 -5 0 S1_m1
15022 17 -5 0 S1_m1
16064 18 -5 0 S1_m1
16065 18 -5 0 S1_m1
16066 18 -5 0 S1_m1
16067 18 -5 0 S1_m1
16068 18 -5 0 S1_m1
15001 18 -5 0 S1_m1
15002 18 -5 0 S1_m1
15003 18 -5 0 S1_m1
15007 18 -5 0 S1_m1
15008 18 -5 0 S1_m1
15011 18 -5 0 S1_m1
15014 18 -5 0 S1_m1
15018 18 -5 0 S1_m1
15020 18 -5 0 S1_m1
15022 18 -5 0 S1_m1
16064 19 -5 0 S1_m1
16065 19 -5 0 S1_m1
16066 19 -5 0 S1_m1
16067 19 -5 0 S1_m1
16068 19 -5 0 S1_m1
15001 19 -5 0 S1_m1
15002 19 -5 0 S1_m1
15003 19 -5 9.495414395919 S1_m1
15007 19 -5 0 S1_m1
15008 19 -5 0 S1_m1
15011 19 -5 0 S1_m1
15014 19 -5 27.9962676905143 S1_m1
15018 19 -5 42.3460347199803 S1_m1
15020 19 -5 0 S1_m1
15022 19 -5 0 S1_m1
16064 20 -5 0 S1_m1
16065 20 -5 22.3806691345357 S1_m1
16066 20 -5 21.2444721002934 S1_m1
16067 20 -5 0 S1_m1
16068 20 -5 0 S1_m1
15001 20 -5 0 S1_m1
15002 20 -5 5.42016096690328 S1_m1
15003 20 -5 152.376522003769 S1_m1
15007 20 -5 41.7276779051235 S1_m1
15008 20 -5 28.9924027337731 S1_m1
15011 20 -5 0 S1_m1
15014 20 -5 274.584026522992 S1_m1
15018 20 -5 235.788994923658 S1_m1
15020 20 -5 135.328822752897 S1_m1
15022 20 -5 0 S1_m1
16064 21 -5 0 S1_m1
16065 21 -5 0 S1_m1
16066 21 -5 0 S1_m1
16067 21 -5 0 S1_m1
16068 21 -5 0 S1_m1
15001 21 -5 0 S1_m1
15002 21 -5 0 S1_m1
15003 21 -5 0 S1_m1
15007 21 -5 0 S1_m1
15008 21 -5 0 S1_m1
15011 21 -5 0 S1_m1
15014 21 -5 3.38793478747001 S1_m1
15018 21 -5 7.35267254370664 S1_m1
15020 21 -5 0 S1_m1
15022 21 -5 0 S1_m1
16064 22 -5 0 S1_m1
16065 22 -5 0 S1_m1
16066 22 -5 0 S1_m1
16067 22 -5 0 S1_m1
16068 22 -5 0 S1_m1
15001 22 -5 0 S1_m1
15002 22 -5 0 S1_m1
15003 22 -5 11.1243591760291 S1_m1
15007 22 -5 0 S1_m1
15008 22 -5 0 S1_m1
15011 22 -5 0 S1_m1
15014 22 -5 66.0646579378409 S1_m1
15018 22 -5 44.8427171016768 S1_m1
15020 22 -5 30.7688071337979 S1_m1
15022 22 -5 0 S1_m1
16064 23 -5 0 S1_m1
16065 23 -5 0 S1_m1
16066 23 -5 0 S1_m1
16067 23 -5 0 S1_m1
16068 23 -5 0 S1_m1
15001 23 -5 0 S1_m1
15002 23 -5 0 S1_m1
15003 23 -5 4.05869369367806 S1_m1
15007 23 -5 0 S1_m1
15008 23 -5 0 S1_m1
15011 23 -5 0 S1_m1
15014 23 -5 1.65442564984254 S1_m1
15018 23 -5 44.7491510306339 S1_m1
15020 23 -5 0 S1_m1
15022 23 -5 0 S1_m1
16064 24 -5 0 S1_m1
16065 24 -5 0 S1_m1
16066 24 -5 0 S1_m1
16067 24 -5 0 S1_m1
16068 24 -5 0 S1_m1
15001 24 -5 0 S1_m1
15002 24 -5 0 S1_m1
15003 24 -5 3.15859269305719 S1_m1
15007 24 -5 0 S1_m1
15008 24 -5 0 S1_m1
15011 24 -5 0 S1_m1
15014 24 -5 22.1909302451026 S1_m1
15018 24 -5 21.5845083111786 S1_m1
15020 24 -5 0 S1_m1
15022 24 -5 0 S1_m1
16064 25 -5 0 S1_m1
16065 25 -5 0 S1_m1
16066 25 -5 0 S1_m1
16067 25 -5 0 S1_m1
16068 25 -5 0 S1_m1
15001 25 -5 0 S1_m1
15002 25 -5 0 S1_m1
15003 25 -5 0 S1_m1
15007 25 -5 0 S1_m1
15008 25 -5 0 S1_m1
15011 25 -5 0 S1_m1
15014 25 -5 0 S1_m1
15018 25 -5 0 S1_m1
15020 25 -5 0 S1_m1
15022 25 -5 0 S1_m1
16064 26 -5 0 S1_m1
16065 26 -5 0 S1_m1
16066 26 -5 0 S1_m1
16067 26 -5 0 S1_m1
16068 26 -5 0 S1_m1
15001 26 -5 0 S1_m1
15002 26 -5 1.6584218391996 S1_m1
15003 26 -5 55.0569364428853 S1_m1
15007 26 -5 0 S1_m1
15008 26 -5 0 S1_m1
15011 26 -5 0 S1_m1
15014 26 -5 134.793162648987 S1_m1
15018 26 -5 107.026292756302 S1_m1
15020 26 -5 67.361634170357 S1_m1
15022 26 -5 0 S1_m1
16064 27 -5 0 S1_m1
16065 27 -5 0 S1_m1
16066 27 -5 0 S1_m1
16067 27 -5 0 S1_m1
16068 27 -5 0 S1_m1
15001 27 -5 0 S1_m1
15002 27 -5 0 S1_m1
15003 27 -5 0 S1_m1
15007 27 -5 0 S1_m1
15008 27 -5 0 S1_m1
15011 27 -5 0 S1_m1
15014 27 -5 0 S1_m1
15018 27 -5 0 S1_m1
15020 27 -5 0 S1_m1
15022 27 -5 0 S1_m1
16064 28 -5 0 S1_m1
16065 28 -5 26.138454446082 S1_m1
16066 28 -5 10.4093843578013 S1_m1
16067 28 -5 0 S1_m1
16068 28 -5 0 S1_m1
15001 28 -5 0 S1_m1
15002 28 -5 42.2419592854569 S1_m1
15003 28 -5 82.363158789431 S1_m1
15007 28 -5 4.38230519491479 S1_m1
15008 28 -5 1.14615552866834 S1_m1
15011 28 -5 0 S1_m1
15014 28 -5 178.304552500721 S1_m1
15018 28 -5 145.426409663756 S1_m1
15020 28 -5 111.163504287716 S1_m1
15022 28 -5 0 S1_m1
16064 29 -5 0 S1_m1
16065 29 -5 0 S1_m1
16066 29 -5 0 S1_m1
16067 29 -5 0 S1_m1
16068 29 -5 0 S1_m1
15001 29 -5 0 S1_m1
15002 29 -5 0 S1_m1
15003 29 -5 0 S1_m1
15007 29 -5 0 S1_m1
15008 29 -5 0 S1_m1
15011 29 -5 0 S1_m1
15014 29 -5 0 S1_m1
15018 29 -5 0 S1_m1
15020 29 -5 0 S1_m1
15022 29 -5 0 S1_m1
16064 30 -5 0 S1_m1
16065 30 -5 0 S1_m1
16066 30 -5 0 S1_m1
16067 30 -5 0 S1_m1
16068 30 -5 0 S1_m1
15001 30 -5 0 S1_m1
15002 30 -5 0 S1_m1
15003 30 -5 0 S1_m1
15007 30 -5 0 S1_m1
15008 30 -5 0 S1_m1
15011 30 -5 0 S1_m1
15014 30 -5 0 S1_m1
15018 30 -5 0 S1_m1
15020 30 -5 0 S1_m1
15022 30 -5 0 S1_m1
16064 31 -5 0 S1_m1
16065 31 -5 0 S1_m1
16066 31 -5 0 S1_m1
16067 31 -5 0 S1_m1
16068 31 -5 0 S1_m1
15001 31 -5 0 S1_m1
15002 31 -5 0 S1_m1
15003 31 -5 0 S1_m1
15007 31 -5 0 S1_m1
15008 31 -5 0 S1_m1
15011 31 -5 0 S1_m1
15014 31 -5 0 S1_m1
15018 31 -5 0 S1_m1
15020 31 -5 0 S1_m1
15022 31 -5 0 S1_m1
