speciesID lakeID variable value scenario
15070 1 -0.5 0 S1_m1
15072 1 -0.5 0 S1_m1
15073 1 -0.5 59.8471349856284 S1_m1
15074 1 -0.5 33.9795105552883 S1_m1
15077 1 -0.5 0 S1_m1
15079 1 -0.5 175.335248643078 S1_m1
15081 1 -0.5 103.547921917115 S1_m1
15082 1 -0.5 433.024439280061 S1_m1
15084 1 -0.5 654.505448741671 S1_m1
15086 1 -0.5 0 S1_m1
14001 1 -0.5 0 S1_m1
14002 1 -0.5 0 S1_m1
14003 1 -0.5 0 S1_m1
14005 1 -0.5 0 S1_m1
14008 1 -0.5 0 S1_m1
15070 2 -0.5 0 S1_m1
15072 2 -0.5 0 S1_m1
15073 2 -0.5 0 S1_m1
15074 2 -0.5 0 S1_m1
15077 2 -0.5 0 S1_m1
15079 2 -0.5 0 S1_m1
15081 2 -0.5 0 S1_m1
15082 2 -0.5 0 S1_m1
15084 2 -0.5 0 S1_m1
15086 2 -0.5 0 S1_m1
14001 2 -0.5 0 S1_m1
14002 2 -0.5 0 S1_m1
14003 2 -0.5 0 S1_m1
14005 2 -0.5 0 S1_m1
14008 2 -0.5 0 S1_m1
15070 3 -0.5 0 S1_m1
15072 3 -0.5 0 S1_m1
15073 3 -0.5 0 S1_m1
15074 3 -0.5 0 S1_m1
15077 3 -0.5 0 S1_m1
15079 3 -0.5 0 S1_m1
15081 3 -0.5 0 S1_m1
15082 3 -0.5 0 S1_m1
15084 3 -0.5 0 S1_m1
15086 3 -0.5 0 S1_m1
14001 3 -0.5 0 S1_m1
14002 3 -0.5 0 S1_m1
14003 3 -0.5 0 S1_m1
14005 3 -0.5 0 S1_m1
14008 3 -0.5 0 S1_m1
15070 4 -0.5 0 S1_m1
15072 4 -0.5 0 S1_m1
15073 4 -0.5 0 S1_m1
15074 4 -0.5 0 S1_m1
15077 4 -0.5 0 S1_m1
15079 4 -0.5 70.7149568612551 S1_m1
15081 4 -0.5 0 S1_m1
15082 4 -0.5 2.14351976173669 S1_m1
15084 4 -0.5 120.23679905768 S1_m1
15086 4 -0.5 0 S1_m1
14001 4 -0.5 0 S1_m1
14002 4 -0.5 0 S1_m1
14003 4 -0.5 0 S1_m1
14005 4 -0.5 0 S1_m1
14008 4 -0.5 0 S1_m1
15070 5 -0.5 0 S1_m1
15072 5 -0.5 0 S1_m1
15073 5 -0.5 0 S1_m1
15074 5 -0.5 0 S1_m1
15077 5 -0.5 0 S1_m1
15079 5 -0.5 0 S1_m1
15081 5 -0.5 0 S1_m1
15082 5 -0.5 0 S1_m1
15084 5 -0.5 0 S1_m1
15086 5 -0.5 0 S1_m1
14001 5 -0.5 0 S1_m1
14002 5 -0.5 0 S1_m1
14003 5 -0.5 0 S1_m1
14005 5 -0.5 0 S1_m1
14008 5 -0.5 0 S1_m1
15070 6 -0.5 0 S1_m1
15072 6 -0.5 0 S1_m1
15073 6 -0.5 0 S1_m1
15074 6 -0.5 0 S1_m1
15077 6 -0.5 0 S1_m1
15079 6 -0.5 44.2743212180294 S1_m1
15081 6 -0.5 0 S1_m1
15082 6 -0.5 0 S1_m1
15084 6 -0.5 21.0773313122297 S1_m1
15086 6 -0.5 0 S1_m1
14001 6 -0.5 0 S1_m1
14002 6 -0.5 0 S1_m1
14003 6 -0.5 0 S1_m1
14005 6 -0.5 0 S1_m1
14008 6 -0.5 0 S1_m1
15070 7 -0.5 0 S1_m1
15072 7 -0.5 0 S1_m1
15073 7 -0.5 0 S1_m1
15074 7 -0.5 0 S1_m1
15077 7 -0.5 0 S1_m1
15079 7 -0.5 0 S1_m1
15081 7 -0.5 0 S1_m1
15082 7 -0.5 0 S1_m1
15084 7 -0.5 0 S1_m1
15086 7 -0.5 0 S1_m1
14001 7 -0.5 0 S1_m1
14002 7 -0.5 0 S1_m1
14003 7 -0.5 0 S1_m1
14005 7 -0.5 0 S1_m1
14008 7 -0.5 0 S1_m1
15070 8 -0.5 0 S1_m1
15072 8 -0.5 0 S1_m1
15073 8 -0.5 0 S1_m1
15074 8 -0.5 0 S1_m1
15077 8 -0.5 0 S1_m1
15079 8 -0.5 134.93939488996 S1_m1
15081 8 -0.5 8.62502836048426 S1_m1
15082 8 -0.5 237.807770156833 S1_m1
15084 8 -0.5 432.579358141781 S1_m1
15086 8 -0.5 0 S1_m1
14001 8 -0.5 0 S1_m1
14002 8 -0.5 0 S1_m1
14003 8 -0.5 0 S1_m1
14005 8 -0.5 0 S1_m1
14008 8 -0.5 0 S1_m1
15070 9 -0.5 0 S1_m1
15072 9 -0.5 0 S1_m1
15073 9 -0.5 0 S1_m1
15074 9 -0.5 0 S1_m1
15077 9 -0.5 0 S1_m1
15079 9 -0.5 36.5795683943616 S1_m1
15081 9 -0.5 0 S1_m1
15082 9 -0.5 0 S1_m1
15084 9 -0.5 14.7335041279006 S1_m1
15086 9 -0.5 0 S1_m1
14001 9 -0.5 0 S1_m1
14002 9 -0.5 0 S1_m1
14003 9 -0.5 0 S1_m1
14005 9 -0.5 0 S1_m1
14008 9 -0.5 0 S1_m1
15070 10 -0.5 0 S1_m1
15072 10 -0.5 0 S1_m1
15073 10 -0.5 0 S1_m1
15074 10 -0.5 0 S1_m1
15077 10 -0.5 0 S1_m1
15079 10 -0.5 135.419703354693 S1_m1
15081 10 -0.5 2.65206898872935 S1_m1
15082 10 -0.5 211.694264531658 S1_m1
15084 10 -0.5 406.307839144831 S1_m1
15086 10 -0.5 0 S1_m1
14001 10 -0.5 0 S1_m1
14002 10 -0.5 0 S1_m1
14003 10 -0.5 0 S1_m1
14005 10 -0.5 0 S1_m1
14008 10 -0.5 0 S1_m1
15070 11 -0.5 0 S1_m1
15072 11 -0.5 0 S1_m1
15073 11 -0.5 22.3976744451544 S1_m1
15074 11 -0.5 3.91670134887818 S1_m1
15077 11 -0.5 0 S1_m1
15079 11 -0.5 150.921193798147 S1_m1
15081 11 -0.5 74.7531549237276 S1_m1
15082 11 -0.5 387.465967989427 S1_m1
15084 11 -0.5 606.001669573353 S1_m1
15086 11 -0.5 0 S1_m1
14001 11 -0.5 0 S1_m1
14002 11 -0.5 0 S1_m1
14003 11 -0.5 0 S1_m1
14005 11 -0.5 0 S1_m1
14008 11 -0.5 0 S1_m1
15070 12 -0.5 0 S1_m1
15072 12 -0.5 0 S1_m1
15073 12 -0.5 44.1973051219947 S1_m1
15074 12 -0.5 4.386125203531 S1_m1
15077 12 -0.5 0 S1_m1
15079 12 -0.5 141.993486513003 S1_m1
15081 12 -0.5 79.0171747819662 S1_m1
15082 12 -0.5 368.114366182022 S1_m1
15084 12 -0.5 553.686188305171 S1_m1
15086 12 -0.5 0 S1_m1
14001 12 -0.5 0 S1_m1
14002 12 -0.5 0 S1_m1
14003 12 -0.5 0 S1_m1
14005 12 -0.5 0 S1_m1
14008 12 -0.5 0 S1_m1
15070 13 -0.5 0 S1_m1
15072 13 -0.5 0 S1_m1
15073 13 -0.5 0 S1_m1
15074 13 -0.5 0 S1_m1
15077 13 -0.5 0 S1_m1
15079 13 -0.5 0 S1_m1
15081 13 -0.5 0 S1_m1
15082 13 -0.5 0 S1_m1
15084 13 -0.5 0 S1_m1
15086 13 -0.5 0 S1_m1
14001 13 -0.5 0 S1_m1
14002 13 -0.5 0 S1_m1
14003 13 -0.5 0 S1_m1
14005 13 -0.5 0 S1_m1
14008 13 -0.5 0 S1_m1
15070 14 -0.5 0 S1_m1
15072 14 -0.5 0 S1_m1
15073 14 -0.5 0 S1_m1
15074 14 -0.5 0 S1_m1
15077 14 -0.5 0 S1_m1
15079 14 -0.5 0 S1_m1
15081 14 -0.5 0 S1_m1
15082 14 -0.5 0 S1_m1
15084 14 -0.5 0 S1_m1
15086 14 -0.5 0 S1_m1
14001 14 -0.5 0 S1_m1
14002 14 -0.5 0 S1_m1
14003 14 -0.5 0 S1_m1
14005 14 -0.5 0 S1_m1
14008 14 -0.5 0 S1_m1
15070 15 -0.5 0 S1_m1
15072 15 -0.5 0 S1_m1
15073 15 -0.5 0 S1_m1
15074 15 -0.5 0 S1_m1
15077 15 -0.5 0 S1_m1
15079 15 -0.5 150.793737758958 S1_m1
15081 15 -0.5 7.23250270188893 S1_m1
15082 15 -0.5 232.091346587783 S1_m1
15084 15 -0.5 430.161866929955 S1_m1
15086 15 -0.5 0 S1_m1
14001 15 -0.5 0 S1_m1
14002 15 -0.5 0 S1_m1
14003 15 -0.5 0 S1_m1
14005 15 -0.5 0 S1_m1
14008 15 -0.5 0 S1_m1
15070 16 -0.5 0 S1_m1
15072 16 -0.5 0 S1_m1
15073 16 -0.5 4.59322335740815 S1_m1
15074 16 -0.5 0 S1_m1
15077 16 -0.5 0 S1_m1
15079 16 -0.5 166.802926059022 S1_m1
15081 16 -0.5 79.9697065938553 S1_m1
15082 16 -0.5 369.573222607098 S1_m1
15084 16 -0.5 582.313276143793 S1_m1
15086 16 -0.5 0 S1_m1
14001 16 -0.5 0 S1_m1
14002 16 -0.5 0 S1_m1
14003 16 -0.5 0 S1_m1
14005 16 -0.5 0 S1_m1
14008 16 -0.5 0 S1_m1
15070 17 -0.5 0 S1_m1
15072 17 -0.5 0 S1_m1
15073 17 -0.5 0 S1_m1
15074 17 -0.5 0 S1_m1
15077 17 -0.5 0 S1_m1
15079 17 -0.5 1.45058110032651 S1_m1
15081 17 -0.5 0 S1_m1
15082 17 -0.5 0 S1_m1
15084 17 -0.5 0 S1_m1
15086 17 -0.5 0 S1_m1
14001 17 -0.5 0 S1_m1
14002 17 -0.5 0 S1_m1
14003 17 -0.5 0 S1_m1
14005 17 -0.5 0 S1_m1
14008 17 -0.5 0 S1_m1
15070 18 -0.5 0 S1_m1
15072 18 -0.5 0 S1_m1
15073 18 -0.5 46.5539303686188 S1_m1
15074 18 -0.5 10.1138546348638 S1_m1
15077 18 -0.5 0 S1_m1
15079 18 -0.5 156.819046430087 S1_m1
15081 18 -0.5 88.1383071494861 S1_m1
15082 18 -0.5 386.59199489838 S1_m1
15084 18 -0.5 583.570344450424 S1_m1
15086 18 -0.5 0 S1_m1
14001 18 -0.5 0 S1_m1
14002 18 -0.5 0 S1_m1
14003 18 -0.5 0 S1_m1
14005 18 -0.5 0 S1_m1
14008 18 -0.5 0 S1_m1
15070 19 -0.5 0 S1_m1
15072 19 -0.5 0 S1_m1
15073 19 -0.5 0 S1_m1
15074 19 -0.5 0 S1_m1
15077 19 -0.5 0 S1_m1
15079 19 -0.5 120.209439443026 S1_m1
15081 19 -0.5 0 S1_m1
15082 19 -0.5 151.829413723328 S1_m1
15084 19 -0.5 320.780413022077 S1_m1
15086 19 -0.5 0 S1_m1
14001 19 -0.5 0 S1_m1
14002 19 -0.5 0 S1_m1
14003 19 -0.5 0 S1_m1
14005 19 -0.5 0 S1_m1
14008 19 -0.5 0 S1_m1
15070 20 -0.5 0 S1_m1
15072 20 -0.5 0 S1_m1
15073 20 -0.5 0 S1_m1
15074 20 -0.5 0 S1_m1
15077 20 -0.5 0 S1_m1
15079 20 -0.5 163.755718017642 S1_m1
15081 20 -0.5 57.4020571191642 S1_m1
15082 20 -0.5 326.913059936536 S1_m1
15084 20 -0.5 544.959860170494 S1_m1
15086 20 -0.5 0 S1_m1
14001 20 -0.5 0 S1_m1
14002 20 -0.5 0 S1_m1
14003 20 -0.5 0 S1_m1
14005 20 -0.5 0 S1_m1
14008 20 -0.5 0 S1_m1
15070 21 -0.5 0 S1_m1
15072 21 -0.5 0 S1_m1
15073 21 -0.5 0 S1_m1
15074 21 -0.5 0 S1_m1
15077 21 -0.5 0 S1_m1
15079 21 -0.5 121.374632998278 S1_m1
15081 21 -0.5 0 S1_m1
15082 21 -0.5 155.560675523274 S1_m1
15084 21 -0.5 327.843693121863 S1_m1
15086 21 -0.5 0 S1_m1
14001 21 -0.5 0 S1_m1
14002 21 -0.5 0 S1_m1
14003 21 -0.5 0 S1_m1
14005 21 -0.5 0 S1_m1
14008 21 -0.5 0 S1_m1
15070 22 -0.5 0 S1_m1
15072 22 -0.5 0 S1_m1
15073 22 -0.5 48.7828624865362 S1_m1
15074 22 -0.5 29.6816964714514 S1_m1
15077 22 -0.5 0 S1_m1
15079 22 -0.5 180.921449807389 S1_m1
15081 22 -0.5 103.84541256577 S1_m1
15082 22 -0.5 431.677008020889 S1_m1
15084 22 -0.5 658.787133673006 S1_m1
15086 22 -0.5 0 S1_m1
14001 22 -0.5 1.62822352373284 S1_m1
14002 22 -0.5 0 S1_m1
14003 22 -0.5 0 S1_m1
14005 22 -0.5 0 S1_m1
14008 22 -0.5 0 S1_m1
15070 23 -0.5 0 S1_m1
15072 23 -0.5 0 S1_m1
15073 23 -0.5 0 S1_m1
15074 23 -0.5 0 S1_m1
15077 23 -0.5 0 S1_m1
15079 23 -0.5 83.942110938416 S1_m1
15081 23 -0.5 0 S1_m1
15082 23 -0.5 8.60840507501647 S1_m1
15084 23 -0.5 138.29694783502 S1_m1
15086 23 -0.5 0 S1_m1
14001 23 -0.5 0 S1_m1
14002 23 -0.5 0 S1_m1
14003 23 -0.5 0 S1_m1
14005 23 -0.5 0 S1_m1
14008 23 -0.5 0 S1_m1
15070 24 -0.5 0 S1_m1
15072 24 -0.5 0 S1_m1
15073 24 -0.5 0 S1_m1
15074 24 -0.5 0 S1_m1
15077 24 -0.5 0 S1_m1
15079 24 -0.5 138.436368177277 S1_m1
15081 24 -0.5 3.29224762242319 S1_m1
15082 24 -0.5 219.217015082352 S1_m1
15084 24 -0.5 418.644805983316 S1_m1
15086 24 -0.5 0 S1_m1
14001 24 -0.5 0 S1_m1
14002 24 -0.5 0 S1_m1
14003 24 -0.5 0 S1_m1
14005 24 -0.5 0 S1_m1
14008 24 -0.5 0 S1_m1
15070 25 -0.5 0 S1_m1
15072 25 -0.5 0 S1_m1
15073 25 -0.5 0 S1_m1
15074 25 -0.5 0 S1_m1
15077 25 -0.5 0 S1_m1
15079 25 -0.5 0 S1_m1
15081 25 -0.5 0 S1_m1
15082 25 -0.5 0 S1_m1
15084 25 -0.5 0 S1_m1
15086 25 -0.5 0 S1_m1
14001 25 -0.5 0 S1_m1
14002 25 -0.5 0 S1_m1
14003 25 -0.5 0 S1_m1
14005 25 -0.5 0 S1_m1
14008 25 -0.5 0 S1_m1
15070 26 -0.5 0 S1_m1
15072 26 -0.5 0 S1_m1
15073 26 -0.5 6.82224170070319 S1_m1
15074 26 -0.5 1.58539904922418 S1_m1
15077 26 -0.5 0 S1_m1
15079 26 -0.5 173.750329276219 S1_m1
15081 26 -0.5 85.4177960903642 S1_m1
15082 26 -0.5 389.279002033034 S1_m1
15084 26 -0.5 615.999449150899 S1_m1
15086 26 -0.5 0 S1_m1
14001 26 -0.5 1.09169820620204 S1_m1
14002 26 -0.5 0 S1_m1
14003 26 -0.5 0 S1_m1
14005 26 -0.5 0 S1_m1
14008 26 -0.5 0 S1_m1
15070 27 -0.5 0 S1_m1
15072 27 -0.5 0 S1_m1
15073 27 -0.5 0 S1_m1
15074 27 -0.5 0 S1_m1
15077 27 -0.5 0 S1_m1
15079 27 -0.5 0 S1_m1
15081 27 -0.5 0 S1_m1
15082 27 -0.5 0 S1_m1
15084 27 -0.5 0 S1_m1
15086 27 -0.5 0 S1_m1
14001 27 -0.5 0 S1_m1
14002 27 -0.5 0 S1_m1
14003 27 -0.5 0 S1_m1
14005 27 -0.5 0 S1_m1
14008 27 -0.5 0 S1_m1
15070 28 -0.5 0 S1_m1
15072 28 -0.5 0 S1_m1
15073 28 -0.5 53.1195707080391 S1_m1
15074 28 -0.5 32.128553213631 S1_m1
15077 28 -0.5 0 S1_m1
15079 28 -0.5 185.300584600953 S1_m1
15081 28 -0.5 108.391446303394 S1_m1
15082 28 -0.5 432.883094354803 S1_m1
15084 28 -0.5 658.693075284725 S1_m1
15086 28 -0.5 0 S1_m1
14001 28 -0.5 2.02257425705584 S1_m1
14002 28 -0.5 0 S1_m1
14003 28 -0.5 0 S1_m1
14005 28 -0.5 0 S1_m1
14008 28 -0.5 0 S1_m1
15070 29 -0.5 0 S1_m1
15072 29 -0.5 0 S1_m1
15073 29 -0.5 0 S1_m1
15074 29 -0.5 0 S1_m1
15077 29 -0.5 0 S1_m1
15079 29 -0.5 16.4987206180613 S1_m1
15081 29 -0.5 0 S1_m1
15082 29 -0.5 0 S1_m1
15084 29 -0.5 2.81243192266801 S1_m1
15086 29 -0.5 0 S1_m1
14001 29 -0.5 0 S1_m1
14002 29 -0.5 0 S1_m1
14003 29 -0.5 0 S1_m1
14005 29 -0.5 0 S1_m1
14008 29 -0.5 0 S1_m1
15070 30 -0.5 0 S1_m1
15072 30 -0.5 0 S1_m1
15073 30 -0.5 0 S1_m1
15074 30 -0.5 0 S1_m1
15077 30 -0.5 0 S1_m1
15079 30 -0.5 0 S1_m1
15081 30 -0.5 0 S1_m1
15082 30 -0.5 0 S1_m1
15084 30 -0.5 0 S1_m1
15086 30 -0.5 0 S1_m1
14001 30 -0.5 0 S1_m1
14002 30 -0.5 0 S1_m1
14003 30 -0.5 0 S1_m1
14005 30 -0.5 0 S1_m1
14008 30 -0.5 0 S1_m1
15070 31 -0.5 0 S1_m1
15072 31 -0.5 0 S1_m1
15073 31 -0.5 0 S1_m1
15074 31 -0.5 0 S1_m1
15077 31 -0.5 0 S1_m1
15079 31 -0.5 0 S1_m1
15081 31 -0.5 0 S1_m1
15082 31 -0.5 0 S1_m1
15084 31 -0.5 0 S1_m1
15086 31 -0.5 0 S1_m1
14001 31 -0.5 0 S1_m1
14002 31 -0.5 0 S1_m1
14003 31 -0.5 0 S1_m1
14005 31 -0.5 0 S1_m1
14008 31 -0.5 0 S1_m1
15070 1 -1.5 29.6420507085373 S1_m1
15072 1 -1.5 121.635939248869 S1_m1
15073 1 -1.5 14.9602630852973 S1_m1
15074 1 -1.5 278.048243337374 S1_m1
15077 1 -1.5 0 S1_m1
15079 1 -1.5 85.6039039296096 S1_m1
15081 1 -1.5 67.906548727708 S1_m1
15082 1 -1.5 501.501627020149 S1_m1
15084 1 -1.5 603.351587797002 S1_m1
15086 1 -1.5 140.106651720412 S1_m1
14001 1 -1.5 0 S1_m1
14002 1 -1.5 35.151387681026 S1_m1
14003 1 -1.5 136.692219482626 S1_m1
14005 1 -1.5 84.5465759439411 S1_m1
14008 1 -1.5 0 S1_m1
15070 2 -1.5 0 S1_m1
15072 2 -1.5 0 S1_m1
15073 2 -1.5 0 S1_m1
15074 2 -1.5 0 S1_m1
15077 2 -1.5 0 S1_m1
15079 2 -1.5 0 S1_m1
15081 2 -1.5 0 S1_m1
15082 2 -1.5 0 S1_m1
15084 2 -1.5 0 S1_m1
15086 2 -1.5 0 S1_m1
14001 2 -1.5 0 S1_m1
14002 2 -1.5 0 S1_m1
14003 2 -1.5 0 S1_m1
14005 2 -1.5 0 S1_m1
14008 2 -1.5 0 S1_m1
15070 3 -1.5 0 S1_m1
15072 3 -1.5 0 S1_m1
15073 3 -1.5 0 S1_m1
15074 3 -1.5 0 S1_m1
15077 3 -1.5 0 S1_m1
15079 3 -1.5 0 S1_m1
15081 3 -1.5 0 S1_m1
15082 3 -1.5 0 S1_m1
15084 3 -1.5 0 S1_m1
15086 3 -1.5 0 S1_m1
14001 3 -1.5 0 S1_m1
14002 3 -1.5 0 S1_m1
14003 3 -1.5 0 S1_m1
14005 3 -1.5 0 S1_m1
14008 3 -1.5 0 S1_m1
15070 4 -1.5 0 S1_m1
15072 4 -1.5 0 S1_m1
15073 4 -1.5 0 S1_m1
15074 4 -1.5 0 S1_m1
15077 4 -1.5 0 S1_m1
15079 4 -1.5 13.5097667060306 S1_m1
15081 4 -1.5 0 S1_m1
15082 4 -1.5 12.7400087006675 S1_m1
15084 4 -1.5 79.0353380204037 S1_m1
15086 4 -1.5 0 S1_m1
14001 4 -1.5 0 S1_m1
14002 4 -1.5 1.10211737445345 S1_m1
14003 4 -1.5 63.6730642126361 S1_m1
14005 4 -1.5 1.8202545970279 S1_m1
14008 4 -1.5 0 S1_m1
15070 5 -1.5 0 S1_m1
15072 5 -1.5 0 S1_m1
15073 5 -1.5 0 S1_m1
15074 5 -1.5 0 S1_m1
15077 5 -1.5 0 S1_m1
15079 5 -1.5 0 S1_m1
15081 5 -1.5 0 S1_m1
15082 5 -1.5 0 S1_m1
15084 5 -1.5 0 S1_m1
15086 5 -1.5 0 S1_m1
14001 5 -1.5 0 S1_m1
14002 5 -1.5 0 S1_m1
14003 5 -1.5 0 S1_m1
14005 5 -1.5 0 S1_m1
14008 5 -1.5 0 S1_m1
15070 6 -1.5 0 S1_m1
15072 6 -1.5 0 S1_m1
15073 6 -1.5 0 S1_m1
15074 6 -1.5 0 S1_m1
15077 6 -1.5 0 S1_m1
15079 6 -1.5 19.9216053224553 S1_m1
15081 6 -1.5 0 S1_m1
15082 6 -1.5 0 S1_m1
15084 6 -1.5 26.8158747510964 S1_m1
15086 6 -1.5 0 S1_m1
14001 6 -1.5 0 S1_m1
14002 6 -1.5 0 S1_m1
14003 6 -1.5 59.9068604134715 S1_m1
14005 6 -1.5 0 S1_m1
14008 6 -1.5 0 S1_m1
15070 7 -1.5 0 S1_m1
15072 7 -1.5 0 S1_m1
15073 7 -1.5 0 S1_m1
15074 7 -1.5 0 S1_m1
15077 7 -1.5 0 S1_m1
15079 7 -1.5 0 S1_m1
15081 7 -1.5 0 S1_m1
15082 7 -1.5 0 S1_m1
15084 7 -1.5 0 S1_m1
15086 7 -1.5 0 S1_m1
14001 7 -1.5 0 S1_m1
14002 7 -1.5 0 S1_m1
14003 7 -1.5 0 S1_m1
14005 7 -1.5 0 S1_m1
14008 7 -1.5 0 S1_m1
15070 8 -1.5 0 S1_m1
15072 8 -1.5 23.372275031911 S1_m1
15073 8 -1.5 0 S1_m1
15074 8 -1.5 69.1490474634247 S1_m1
15077 8 -1.5 0 S1_m1
15079 8 -1.5 82.791605953373 S1_m1
15081 8 -1.5 8.59117862458241 S1_m1
15082 8 -1.5 285.106464975243 S1_m1
15084 8 -1.5 405.706202136262 S1_m1
15086 8 -1.5 0 S1_m1
14001 8 -1.5 0 S1_m1
14002 8 -1.5 35.5470202214438 S1_m1
14003 8 -1.5 134.949565931702 S1_m1
14005 8 -1.5 84.2884731935062 S1_m1
14008 8 -1.5 0 S1_m1
15070 9 -1.5 0 S1_m1
15072 9 -1.5 0 S1_m1
15073 9 -1.5 0 S1_m1
15074 9 -1.5 0 S1_m1
15077 9 -1.5 0 S1_m1
15079 9 -1.5 5.759643712884 S1_m1
15081 9 -1.5 0 S1_m1
15082 9 -1.5 0 S1_m1
15084 9 -1.5 7.43727209481644 S1_m1
15086 9 -1.5 0 S1_m1
14001 9 -1.5 0 S1_m1
14002 9 -1.5 0 S1_m1
14003 9 -1.5 42.8933949326 S1_m1
14005 9 -1.5 0 S1_m1
14008 9 -1.5 0 S1_m1
15070 10 -1.5 0 S1_m1
15072 10 -1.5 8.01547878506408 S1_m1
15073 10 -1.5 0 S1_m1
15074 10 -1.5 23.2276835219397 S1_m1
15077 10 -1.5 0 S1_m1
15079 10 -1.5 79.4324232672087 S1_m1
15081 10 -1.5 2.42745638925966 S1_m1
15082 10 -1.5 244.469757110918 S1_m1
15084 10 -1.5 367.297448090221 S1_m1
15086 10 -1.5 0 S1_m1
14001 10 -1.5 0 S1_m1
14002 10 -1.5 34.9893549414346 S1_m1
14003 10 -1.5 132.997674870237 S1_m1
14005 10 -1.5 80.6725224837908 S1_m1
14008 10 -1.5 0 S1_m1
15070 11 -1.5 0 S1_m1
15072 11 -1.5 42.8128737889397 S1_m1
15073 11 -1.5 0 S1_m1
15074 11 -1.5 133.586813426577 S1_m1
15077 11 -1.5 0 S1_m1
15079 11 -1.5 28.6929923909227 S1_m1
15081 11 -1.5 10.3764350974192 S1_m1
15082 11 -1.5 334.512323111818 S1_m1
15084 11 -1.5 422.778377919116 S1_m1
15086 11 -1.5 53.9546033061887 S1_m1
14001 11 -1.5 0 S1_m1
14002 11 -1.5 3.03210560561972 S1_m1
14003 11 -1.5 82.9886057421912 S1_m1
14005 11 -1.5 23.5531603192287 S1_m1
14008 11 -1.5 0 S1_m1
15070 12 -1.5 1.9035389497946 S1_m1
15072 12 -1.5 46.9301281333255 S1_m1
15073 12 -1.5 0 S1_m1
15074 12 -1.5 150.155270639589 S1_m1
15077 12 -1.5 0 S1_m1
15079 12 -1.5 27.7919590912769 S1_m1
15081 12 -1.5 16.9036118244061 S1_m1
15082 12 -1.5 327.192688406583 S1_m1
15084 12 -1.5 382.85744047097 S1_m1
15086 12 -1.5 56.949484497049 S1_m1
14001 12 -1.5 0 S1_m1
14002 12 -1.5 2.43508492353802 S1_m1
14003 12 -1.5 79.6228858528728 S1_m1
14005 12 -1.5 19.7449060907911 S1_m1
14008 12 -1.5 0 S1_m1
15070 13 -1.5 0 S1_m1
15072 13 -1.5 0 S1_m1
15073 13 -1.5 0 S1_m1
15074 13 -1.5 0 S1_m1
15077 13 -1.5 0 S1_m1
15079 13 -1.5 0 S1_m1
15081 13 -1.5 0 S1_m1
15082 13 -1.5 0 S1_m1
15084 13 -1.5 0 S1_m1
15086 13 -1.5 0 S1_m1
14001 13 -1.5 0 S1_m1
14002 13 -1.5 0 S1_m1
14003 13 -1.5 0 S1_m1
14005 13 -1.5 0 S1_m1
14008 13 -1.5 0 S1_m1
15070 14 -1.5 0 S1_m1
15072 14 -1.5 0 S1_m1
15073 14 -1.5 0 S1_m1
15074 14 -1.5 0 S1_m1
15077 14 -1.5 0 S1_m1
15079 14 -1.5 0 S1_m1
15081 14 -1.5 0 S1_m1
15082 14 -1.5 0 S1_m1
15084 14 -1.5 0 S1_m1
15086 14 -1.5 0 S1_m1
14001 14 -1.5 0 S1_m1
14002 14 -1.5 0 S1_m1
14003 14 -1.5 0 S1_m1
14005 14 -1.5 0 S1_m1
14008 14 -1.5 0 S1_m1
15070 15 -1.5 0 S1_m1
15072 15 -1.5 52.3370953012953 S1_m1
15073 15 -1.5 0 S1_m1
15074 15 -1.5 79.8307437587557 S1_m1
15077 15 -1.5 0 S1_m1
15079 15 -1.5 124.0922894685 S1_m1
15081 15 -1.5 23.1903819124409 S1_m1
15082 15 -1.5 314.422617746845 S1_m1
15084 15 -1.5 450.013934255146 S1_m1
15086 15 -1.5 0 S1_m1
14001 15 -1.5 0 S1_m1
14002 15 -1.5 70.3806891866648 S1_m1
14003 15 -1.5 177.540270183678 S1_m1
14005 15 -1.5 127.746410107424 S1_m1
14008 15 -1.5 0 S1_m1
15070 16 -1.5 1.14881645125867 S1_m1
15072 16 -1.5 121.12696389389 S1_m1
15073 16 -1.5 2.03652946130663 S1_m1
15074 16 -1.5 249.146126743616 S1_m1
15077 16 -1.5 0 S1_m1
15079 16 -1.5 115.506894029727 S1_m1
15081 16 -1.5 79.5629719776914 S1_m1
15082 16 -1.5 472.155282421993 S1_m1
15084 16 -1.5 590.750144436129 S1_m1
15086 16 -1.5 142.960895623202 S1_m1
14001 16 -1.5 0 S1_m1
14002 16 -1.5 58.6614476808155 S1_m1
14003 16 -1.5 165.603460752707 S1_m1
14005 16 -1.5 117.453253215147 S1_m1
14008 16 -1.5 0 S1_m1
15070 17 -1.5 0 S1_m1
15072 17 -1.5 0 S1_m1
15073 17 -1.5 0 S1_m1
15074 17 -1.5 0 S1_m1
15077 17 -1.5 0 S1_m1
15079 17 -1.5 0 S1_m1
15081 17 -1.5 0 S1_m1
15082 17 -1.5 0 S1_m1
15084 17 -1.5 0 S1_m1
15086 17 -1.5 0 S1_m1
14001 17 -1.5 0 S1_m1
14002 17 -1.5 0 S1_m1
14003 17 -1.5 2.8330889119422 S1_m1
14005 17 -1.5 0 S1_m1
14008 17 -1.5 0 S1_m1
15070 18 -1.5 8.63849948898525 S1_m1
15072 18 -1.5 87.2609417495865 S1_m1
15073 18 -1.5 5.4325824081887 S1_m1
15074 18 -1.5 225.755640083153 S1_m1
15077 18 -1.5 0 S1_m1
15079 18 -1.5 65.6274564025802 S1_m1
15081 18 -1.5 49.0065014044445 S1_m1
15082 18 -1.5 422.8571802975 S1_m1
15084 18 -1.5 502.715534495005 S1_m1
15086 18 -1.5 106.217645463287 S1_m1
14001 18 -1.5 0 S1_m1
14002 18 -1.5 18.8290141017429 S1_m1
14003 18 -1.5 115.548096549243 S1_m1
14005 18 -1.5 61.6749596117248 S1_m1
14008 18 -1.5 0 S1_m1
15070 19 -1.5 0 S1_m1
15072 19 -1.5 0 S1_m1
15073 19 -1.5 0 S1_m1
15074 19 -1.5 0 S1_m1
15077 19 -1.5 0 S1_m1
15079 19 -1.5 69.1166120543209 S1_m1
15081 19 -1.5 0 S1_m1
15082 19 -1.5 180.715338007164 S1_m1
15084 19 -1.5 282.016105776082 S1_m1
15086 19 -1.5 0 S1_m1
14001 19 -1.5 0 S1_m1
14002 19 -1.5 26.5396774131348 S1_m1
14003 19 -1.5 121.415793050744 S1_m1
14005 19 -1.5 65.5086043781199 S1_m1
14008 19 -1.5 0 S1_m1
15070 20 -1.5 0 S1_m1
15072 20 -1.5 105.781020980315 S1_m1
15073 20 -1.5 0 S1_m1
15074 20 -1.5 193.750838401595 S1_m1
15077 20 -1.5 0 S1_m1
15079 20 -1.5 126.392074641611 S1_m1
15081 20 -1.5 69.401017488153 S1_m1
15082 20 -1.5 429.958146158848 S1_m1
15084 20 -1.5 568.618754083273 S1_m1
15086 20 -1.5 101.83852239842 S1_m1
14001 20 -1.5 0 S1_m1
14002 20 -1.5 69.3222204606625 S1_m1
14003 20 -1.5 178.450838292288 S1_m1
14005 20 -1.5 131.621387259936 S1_m1
14008 20 -1.5 0 S1_m1
15070 21 -1.5 0 S1_m1
15072 21 -1.5 0 S1_m1
15073 21 -1.5 0 S1_m1
15074 21 -1.5 0 S1_m1
15077 21 -1.5 0 S1_m1
15079 21 -1.5 62.8460308155427 S1_m1
15081 21 -1.5 0 S1_m1
15082 21 -1.5 172.51222985985 S1_m1
15084 21 -1.5 273.735524549631 S1_m1
15086 21 -1.5 0 S1_m1
14001 21 -1.5 0 S1_m1
14002 21 -1.5 22.4169432677959 S1_m1
14003 21 -1.5 116.209226076922 S1_m1
14005 21 -1.5 59.7452923448533 S1_m1
14008 21 -1.5 0 S1_m1
15070 22 -1.5 29.9611178591556 S1_m1
15072 22 -1.5 143.895742853504 S1_m1
15073 22 -1.5 19.253645488041 S1_m1
15074 22 -1.5 301.95244892923 S1_m1
15077 22 -1.5 0 S1_m1
15079 22 -1.5 109.781330651533 S1_m1
15081 22 -1.5 86.0052999789423 S1_m1
15082 22 -1.5 533.689966795315 S1_m1
15084 22 -1.5 649.473573513428 S1_m1
15086 22 -1.5 167.912068974622 S1_m1
14001 22 -1.5 0 S1_m1
14002 22 -1.5 54.0917506352476 S1_m1
14003 22 -1.5 160.890639484412 S1_m1
14005 22 -1.5 111.051939530044 S1_m1
14008 22 -1.5 0 S1_m1
15070 23 -1.5 0 S1_m1
15072 23 -1.5 0 S1_m1
15073 23 -1.5 0 S1_m1
15074 23 -1.5 0 S1_m1
15077 23 -1.5 0 S1_m1
15079 23 -1.5 40.2847545278557 S1_m1
15081 23 -1.5 0 S1_m1
15082 23 -1.5 47.3091458194662 S1_m1
15084 23 -1.5 115.914803345696 S1_m1
15086 23 -1.5 0 S1_m1
14001 23 -1.5 0 S1_m1
14002 23 -1.5 5.74029845969715 S1_m1
14003 23 -1.5 87.3842510563696 S1_m1
14005 23 -1.5 13.8849194119012 S1_m1
14008 23 -1.5 0 S1_m1
15070 24 -1.5 0 S1_m1
15072 24 -1.5 9.88709737741977 S1_m1
15073 24 -1.5 0 S1_m1
15074 24 -1.5 22.88434061388 S1_m1
15077 24 -1.5 0 S1_m1
15079 24 -1.5 78.1428243263335 S1_m1
15081 24 -1.5 2.24663018330434 S1_m1
15082 24 -1.5 245.59335223706 S1_m1
15084 24 -1.5 371.724564865937 S1_m1
15086 24 -1.5 0 S1_m1
14001 24 -1.5 0 S1_m1
14002 24 -1.5 34.4715201508543 S1_m1
14003 24 -1.5 132.464399817724 S1_m1
14005 24 -1.5 79.8084916935536 S1_m1
14008 24 -1.5 0 S1_m1
15070 25 -1.5 0 S1_m1
15072 25 -1.5 0 S1_m1
15073 25 -1.5 0 S1_m1
15074 25 -1.5 0 S1_m1
15077 25 -1.5 0 S1_m1
15079 25 -1.5 0 S1_m1
15081 25 -1.5 0 S1_m1
15082 25 -1.5 0 S1_m1
15084 25 -1.5 0 S1_m1
15086 25 -1.5 0 S1_m1
14001 25 -1.5 0 S1_m1
14002 25 -1.5 0 S1_m1
14003 25 -1.5 0 S1_m1
14005 25 -1.5 0 S1_m1
14008 25 -1.5 0 S1_m1
15070 26 -1.5 1.39017588721809 S1_m1
15072 26 -1.5 127.136397933188 S1_m1
15073 26 -1.5 2.09677262149623 S1_m1
15074 26 -1.5 254.693419302429 S1_m1
15077 26 -1.5 0 S1_m1
15079 26 -1.5 115.596142957791 S1_m1
15081 26 -1.5 79.3122995802873 S1_m1
15082 26 -1.5 490.295162800392 S1_m1
15084 26 -1.5 619.714342068913 S1_m1
15086 26 -1.5 146.357982720183 S1_m1
14001 26 -1.5 0 S1_m1
14002 26 -1.5 59.5862436092979 S1_m1
14003 26 -1.5 167.034105779502 S1_m1
14005 26 -1.5 118.903688469703 S1_m1
14008 26 -1.5 0 S1_m1
15070 27 -1.5 0 S1_m1
15072 27 -1.5 0 S1_m1
15073 27 -1.5 0 S1_m1
15074 27 -1.5 0 S1_m1
15077 27 -1.5 0 S1_m1
15079 27 -1.5 0 S1_m1
15081 27 -1.5 0 S1_m1
15082 27 -1.5 0 S1_m1
15084 27 -1.5 0 S1_m1
15086 27 -1.5 0 S1_m1
14001 27 -1.5 0 S1_m1
14002 27 -1.5 0 S1_m1
14003 27 -1.5 0 S1_m1
14005 27 -1.5 0 S1_m1
14008 27 -1.5 0 S1_m1
15070 28 -1.5 54.3444359153974 S1_m1
15072 28 -1.5 165.428451067349 S1_m1
15073 28 -1.5 34.7041725107462 S1_m1
15074 28 -1.5 332.160361121621 S1_m1
15077 28 -1.5 2.28719639111508 S1_m1
15079 28 -1.5 129.156966990438 S1_m1
15081 28 -1.5 104.736257977229 S1_m1
15082 28 -1.5 559.68878959428 S1_m1
15084 28 -1.5 677.771965558098 S1_m1
15086 28 -1.5 194.38448190043 S1_m1
14001 28 -1.5 0 S1_m1
14002 28 -1.5 68.6489542277456 S1_m1
14003 28 -1.5 179.652729077498 S1_m1
14005 28 -1.5 131.27728596078 S1_m1
14008 28 -1.5 0 S1_m1
15070 29 -1.5 0 S1_m1
15072 29 -1.5 0 S1_m1
15073 29 -1.5 0 S1_m1
15074 29 -1.5 0 S1_m1
15077 29 -1.5 0 S1_m1
15079 29 -1.5 0 S1_m1
15081 29 -1.5 0 S1_m1
15082 29 -1.5 0 S1_m1
15084 29 -1.5 0 S1_m1
15086 29 -1.5 0 S1_m1
14001 29 -1.5 0 S1_m1
14002 29 -1.5 0 S1_m1
14003 29 -1.5 15.5855967310174 S1_m1
14005 29 -1.5 0 S1_m1
14008 29 -1.5 0 S1_m1
15070 30 -1.5 0 S1_m1
15072 30 -1.5 0 S1_m1
15073 30 -1.5 0 S1_m1
15074 30 -1.5 0 S1_m1
15077 30 -1.5 0 S1_m1
15079 30 -1.5 0 S1_m1
15081 30 -1.5 0 S1_m1
15082 30 -1.5 0 S1_m1
15084 30 -1.5 0 S1_m1
15086 30 -1.5 0 S1_m1
14001 30 -1.5 0 S1_m1
14002 30 -1.5 0 S1_m1
14003 30 -1.5 0 S1_m1
14005 30 -1.5 0 S1_m1
14008 30 -1.5 0 S1_m1
15070 31 -1.5 0 S1_m1
15072 31 -1.5 0 S1_m1
15073 31 -1.5 0 S1_m1
15074 31 -1.5 0 S1_m1
15077 31 -1.5 0 S1_m1
15079 31 -1.5 0 S1_m1
15081 31 -1.5 0 S1_m1
15082 31 -1.5 0 S1_m1
15084 31 -1.5 0 S1_m1
15086 31 -1.5 0 S1_m1
14001 31 -1.5 0 S1_m1
14002 31 -1.5 0 S1_m1
14003 31 -1.5 0 S1_m1
14005 31 -1.5 0 S1_m1
14008 31 -1.5 0 S1_m1
15070 1 -3 0 S1_m1
15072 1 -3 92.501750213264 S1_m1
15073 1 -3 0 S1_m1
15074 1 -3 64.2525406894412 S1_m1
15077 1 -3 0 S1_m1
15079 1 -3 0 S1_m1
15081 1 -3 0 S1_m1
15082 1 -3 182.612993057175 S1_m1
15084 1 -3 177.561755413052 S1_m1
15086 1 -3 50.2257843023432 S1_m1
14001 1 -3 0 S1_m1
14002 1 -3 0 S1_m1
14003 1 -3 50.5910834159865 S1_m1
14005 1 -3 0 S1_m1
14008 1 -3 0 S1_m1
15070 2 -3 0 S1_m1
15072 2 -3 0 S1_m1
15073 2 -3 0 S1_m1
15074 2 -3 0 S1_m1
15077 2 -3 0 S1_m1
15079 2 -3 0 S1_m1
15081 2 -3 0 S1_m1
15082 2 -3 0 S1_m1
15084 2 -3 0 S1_m1
15086 2 -3 0 S1_m1
14001 2 -3 0 S1_m1
14002 2 -3 0 S1_m1
14003 2 -3 0 S1_m1
14005 2 -3 0 S1_m1
14008 2 -3 0 S1_m1
15070 3 -3 0 S1_m1
15072 3 -3 0 S1_m1
15073 3 -3 0 S1_m1
15074 3 -3 0 S1_m1
15077 3 -3 0 S1_m1
15079 3 -3 0 S1_m1
15081 3 -3 0 S1_m1
15082 3 -3 0 S1_m1
15084 3 -3 0 S1_m1
15086 3 -3 0 S1_m1
14001 3 -3 0 S1_m1
14002 3 -3 0 S1_m1
14003 3 -3 0 S1_m1
14005 3 -3 0 S1_m1
14008 3 -3 0 S1_m1
15070 4 -3 0 S1_m1
15072 4 -3 0 S1_m1
15073 4 -3 0 S1_m1
15074 4 -3 0 S1_m1
15077 4 -3 0 S1_m1
15079 4 -3 0 S1_m1
15081 4 -3 0 S1_m1
15082 4 -3 0 S1_m1
15084 4 -3 2.06663108451936 S1_m1
15086 4 -3 0 S1_m1
14001 4 -3 0 S1_m1
14002 4 -3 0 S1_m1
14003 4 -3 12.7233755809206 S1_m1
14005 4 -3 0 S1_m1
14008 4 -3 0 S1_m1
15070 5 -3 0 S1_m1
15072 5 -3 0 S1_m1
15073 5 -3 0 S1_m1
15074 5 -3 0 S1_m1
15077 5 -3 0 S1_m1
15079 5 -3 0 S1_m1
15081 5 -3 0 S1_m1
15082 5 -3 0 S1_m1
15084 5 -3 0 S1_m1
15086 5 -3 0 S1_m1
14001 5 -3 0 S1_m1
14002 5 -3 0 S1_m1
14003 5 -3 0 S1_m1
14005 5 -3 0 S1_m1
14008 5 -3 0 S1_m1
15070 6 -3 0 S1_m1
15072 6 -3 0 S1_m1
15073 6 -3 0 S1_m1
15074 6 -3 0 S1_m1
15077 6 -3 0 S1_m1
15079 6 -3 2.27694492582738 S1_m1
15081 6 -3 0 S1_m1
15082 6 -3 0 S1_m1
15084 6 -3 4.67325437010296 S1_m1
15086 6 -3 0 S1_m1
14001 6 -3 0 S1_m1
14002 6 -3 0 S1_m1
14003 6 -3 52.7257265665712 S1_m1
14005 6 -3 0 S1_m1
14008 6 -3 0 S1_m1
15070 7 -3 0 S1_m1
15072 7 -3 0 S1_m1
15073 7 -3 0 S1_m1
15074 7 -3 0 S1_m1
15077 7 -3 0 S1_m1
15079 7 -3 0 S1_m1
15081 7 -3 0 S1_m1
15082 7 -3 0 S1_m1
15084 7 -3 0 S1_m1
15086 7 -3 0 S1_m1
14001 7 -3 0 S1_m1
14002 7 -3 0 S1_m1
14003 7 -3 0 S1_m1
14005 7 -3 0 S1_m1
14008 7 -3 0 S1_m1
15070 8 -3 0 S1_m1
15072 8 -3 79.3928435243158 S1_m1
15073 8 -3 0 S1_m1
15074 8 -3 2.78790723787381 S1_m1
15077 8 -3 0 S1_m1
15079 8 -3 12.0309658260627 S1_m1
15081 8 -3 0 S1_m1
15082 8 -3 175.04324765902 S1_m1
15084 8 -3 218.343461665307 S1_m1
15086 8 -3 0 S1_m1
14001 8 -3 0 S1_m1
14002 8 -3 1.79900812677053 S1_m1
14003 8 -3 87.9714411615785 S1_m1
14005 8 -3 17.5149749817252 S1_m1
14008 8 -3 0 S1_m1
15070 9 -3 0 S1_m1
15072 9 -3 0 S1_m1
15073 9 -3 0 S1_m1
15074 9 -3 0 S1_m1
15077 9 -3 0 S1_m1
15079 9 -3 0 S1_m1
15081 9 -3 0 S1_m1
15082 9 -3 0 S1_m1
15084 9 -3 0 S1_m1
15086 9 -3 0 S1_m1
14001 9 -3 0 S1_m1
14002 9 -3 0 S1_m1
14003 9 -3 15.0190371381728 S1_m1
14005 9 -3 0 S1_m1
14008 9 -3 0 S1_m1
15070 10 -3 0 S1_m1
15072 10 -3 54.2351847316143 S1_m1
15073 10 -3 0 S1_m1
15074 10 -3 0 S1_m1
15077 10 -3 0 S1_m1
15079 10 -3 7.32183890195808 S1_m1
15081 10 -3 0 S1_m1
15082 10 -3 137.185594306675 S1_m1
15084 10 -3 182.444484244492 S1_m1
15086 10 -3 0 S1_m1
14001 10 -3 0 S1_m1
14002 10 -3 1.15067971377087 S1_m1
14003 10 -3 80.5744008687998 S1_m1
14005 10 -3 10.353123974138 S1_m1
14008 10 -3 0 S1_m1
15070 11 -3 0 S1_m1
15072 11 -3 0 S1_m1
15073 11 -3 0 S1_m1
15074 11 -3 0 S1_m1
15077 11 -3 0 S1_m1
15079 11 -3 0 S1_m1
15081 11 -3 0 S1_m1
15082 11 -3 20.5332930761862 S1_m1
15084 11 -3 28.2310630788661 S1_m1
15086 11 -3 0 S1_m1
14001 11 -3 0 S1_m1
14002 11 -3 0 S1_m1
14003 11 -3 0 S1_m1
14005 11 -3 0 S1_m1
14008 11 -3 0 S1_m1
15070 12 -3 0 S1_m1
15072 12 -3 0 S1_m1
15073 12 -3 0 S1_m1
15074 12 -3 0 S1_m1
15077 12 -3 0 S1_m1
15079 12 -3 0 S1_m1
15081 12 -3 0 S1_m1
15082 12 -3 30.7649662509304 S1_m1
15084 12 -3 33.6633810139335 S1_m1
15086 12 -3 0 S1_m1
14001 12 -3 0 S1_m1
14002 12 -3 0 S1_m1
14003 12 -3 0 S1_m1
14005 12 -3 0 S1_m1
14008 12 -3 0 S1_m1
15070 13 -3 0 S1_m1
15072 13 -3 0 S1_m1
15073 13 -3 0 S1_m1
15074 13 -3 0 S1_m1
15077 13 -3 0 S1_m1
15079 13 -3 0 S1_m1
15081 13 -3 0 S1_m1
15082 13 -3 0 S1_m1
15084 13 -3 0 S1_m1
15086 13 -3 0 S1_m1
14001 13 -3 0 S1_m1
14002 13 -3 0 S1_m1
14003 13 -3 0 S1_m1
14005 13 -3 0 S1_m1
14008 13 -3 0 S1_m1
15070 14 -3 0 S1_m1
15072 14 -3 0 S1_m1
15073 14 -3 0 S1_m1
15074 14 -3 0 S1_m1
15077 14 -3 0 S1_m1
15079 14 -3 0 S1_m1
15081 14 -3 0 S1_m1
15082 14 -3 0 S1_m1
15084 14 -3 0 S1_m1
15086 14 -3 0 S1_m1
14001 14 -3 0 S1_m1
14002 14 -3 0 S1_m1
14003 14 -3 0 S1_m1
14005 14 -3 0 S1_m1
14008 14 -3 0 S1_m1
15070 15 -3 0 S1_m1
15072 15 -3 173.101414554239 S1_m1
15073 15 -3 0 S1_m1
15074 15 -3 37.4790609830375 S1_m1
15077 15 -3 0 S1_m1
15079 15 -3 86.0110843298018 S1_m1
15081 15 -3 3.78714500130717 S1_m1
15082 15 -3 285.853863244605 S1_m1
15084 15 -3 371.498561837697 S1_m1
15086 15 -3 5.54912024777567 S1_m1
14001 15 -3 0 S1_m1
14002 15 -3 45.044599953119 S1_m1
14003 15 -3 167.87570917436 S1_m1
14005 15 -3 94.6519320606889 S1_m1
14008 15 -3 5.58332567496975 S1_m1
15070 16 -3 0 S1_m1
15072 16 -3 186.97690189011 S1_m1
15073 16 -3 0 S1_m1
15074 16 -3 135.002369922389 S1_m1
15077 16 -3 0 S1_m1
15079 16 -3 46.8831141070925 S1_m1
15081 16 -3 15.0278866075046 S1_m1
15082 16 -3 354.535273364304 S1_m1
15084 16 -3 390.639694755367 S1_m1
15086 16 -3 124.905070432502 S1_m1
14001 16 -3 0 S1_m1
14002 16 -3 12.5447117023608 S1_m1
14003 16 -3 121.899562061172 S1_m1
14005 16 -3 52.6021722460594 S1_m1
14008 16 -3 0 S1_m1
15070 17 -3 0 S1_m1
15072 17 -3 0 S1_m1
15073 17 -3 0 S1_m1
15074 17 -3 0 S1_m1
15077 17 -3 0 S1_m1
15079 17 -3 0 S1_m1
15081 17 -3 0 S1_m1
15082 17 -3 0 S1_m1
15084 17 -3 0 S1_m1
15086 17 -3 0 S1_m1
14001 17 -3 0 S1_m1
14002 17 -3 0 S1_m1
14003 17 -3 3.93359208784767 S1_m1
14005 17 -3 0 S1_m1
14008 17 -3 0 S1_m1
15070 18 -3 0 S1_m1
15072 18 -3 55.9135828627162 S1_m1
15073 18 -3 0 S1_m1
15074 18 -3 27.8866183658123 S1_m1
15077 18 -3 0 S1_m1
15079 18 -3 0 S1_m1
15081 18 -3 0 S1_m1
15082 18 -3 131.621240176675 S1_m1
15084 18 -3 128.858183896621 S1_m1
15086 18 -3 14.843245865233 S1_m1
14001 18 -3 0 S1_m1
14002 18 -3 0 S1_m1
14003 18 -3 28.3859157580507 S1_m1
14005 18 -3 0 S1_m1
14008 18 -3 0 S1_m1
15070 19 -3 0 S1_m1
15072 19 -3 28.6908059073541 S1_m1
15073 19 -3 0 S1_m1
15074 19 -3 0 S1_m1
15077 19 -3 0 S1_m1
15079 19 -3 4.96554400025052 S1_m1
15081 19 -3 0 S1_m1
15082 19 -3 99.110244262999 S1_m1
15084 19 -3 145.463393479665 S1_m1
15086 19 -3 0 S1_m1
14001 19 -3 0 S1_m1
14002 19 -3 0 S1_m1
14003 19 -3 75.2660243384989 S1_m1
14005 19 -3 5.60328205024094 S1_m1
14008 19 -3 0 S1_m1
15070 20 -3 0 S1_m1
15072 20 -3 207.909336291757 S1_m1
15073 20 -3 0 S1_m1
15074 20 -3 126.282965671709 S1_m1
15077 20 -3 0 S1_m1
15079 20 -3 75.0150166858576 S1_m1
15081 20 -3 21.3268817699237 S1_m1
15082 20 -3 369.06360657436 S1_m1
15084 20 -3 441.037331622217 S1_m1
15086 20 -3 112.067353797902 S1_m1
14001 20 -3 0 S1_m1
14002 20 -3 34.1696827833936 S1_m1
14003 20 -3 153.972841259624 S1_m1
14005 20 -3 83.5711644681849 S1_m1
14008 20 -3 2.65477758267612 S1_m1
15070 21 -3 0 S1_m1
15072 21 -3 12.2365567361031 S1_m1
15073 21 -3 0 S1_m1
15074 21 -3 0 S1_m1
15077 21 -3 0 S1_m1
15079 21 -3 1.53329253311786 S1_m1
15081 21 -3 0 S1_m1
15082 21 -3 77.2772342735249 S1_m1
15084 21 -3 121.493367777406 S1_m1
15086 21 -3 0 S1_m1
14001 21 -3 0 S1_m1
14002 21 -3 0 S1_m1
14003 21 -3 60.9349672349524 S1_m1
14005 21 -3 1.5313809114404 S1_m1
14008 21 -3 0 S1_m1
15070 22 -3 1.50434834037354 S1_m1
15072 22 -3 158.638613680572 S1_m1
15073 22 -3 0 S1_m1
15074 22 -3 121.758707748462 S1_m1
15077 22 -3 0 S1_m1
15079 22 -3 20.6802729794424 S1_m1
15081 22 -3 6.10601890624741 S1_m1
15082 22 -3 316.564494164346 S1_m1
15084 22 -3 323.716730087381 S1_m1
15086 22 -3 110.232030868718 S1_m1
14001 22 -3 0 S1_m1
14002 22 -3 2.4830604085806 S1_m1
14003 22 -3 93.1979860931889 S1_m1
14005 22 -3 23.1338700818988 S1_m1
14008 22 -3 0 S1_m1
15070 23 -3 0 S1_m1
15072 23 -3 0 S1_m1
15073 23 -3 0 S1_m1
15074 23 -3 0 S1_m1
15077 23 -3 0 S1_m1
15079 23 -3 1.23794090078167 S1_m1
15081 23 -3 0 S1_m1
15082 23 -3 4.8430898755574 S1_m1
15084 23 -3 43.4374612484671 S1_m1
15086 23 -3 0 S1_m1
14001 23 -3 0 S1_m1
14002 23 -3 0 S1_m1
14003 23 -3 54.1262290093847 S1_m1
14005 23 -3 0 S1_m1
14008 23 -3 0 S1_m1
15070 24 -3 0 S1_m1
15072 24 -3 47.2569322307255 S1_m1
15073 24 -3 0 S1_m1
15074 24 -3 0 S1_m1
15077 24 -3 0 S1_m1
15079 24 -3 4.7254341452793 S1_m1
15081 24 -3 0 S1_m1
15082 24 -3 127.902238149826 S1_m1
15084 24 -3 171.306708003612 S1_m1
15086 24 -3 0 S1_m1
14001 24 -3 0 S1_m1
14002 24 -3 0 S1_m1
14003 24 -3 74.5614196338103 S1_m1
14005 24 -3 6.49209255982042 S1_m1
14008 24 -3 0 S1_m1
15070 25 -3 0 S1_m1
15072 25 -3 0 S1_m1
15073 25 -3 0 S1_m1
15074 25 -3 0 S1_m1
15077 25 -3 0 S1_m1
15079 25 -3 0 S1_m1
15081 25 -3 0 S1_m1
15082 25 -3 0 S1_m1
15084 25 -3 0 S1_m1
15086 25 -3 0 S1_m1
14001 25 -3 0 S1_m1
14002 25 -3 0 S1_m1
14003 25 -3 0 S1_m1
14005 25 -3 0 S1_m1
14008 25 -3 0 S1_m1
15070 26 -3 0 S1_m1
15072 26 -3 175.404883986681 S1_m1
15073 26 -3 0 S1_m1
15074 26 -3 125.058402814874 S1_m1
15077 26 -3 0 S1_m1
15079 26 -3 39.5359588452043 S1_m1
15081 26 -3 10.2314218324365 S1_m1
15082 26 -3 343.093590961347 S1_m1
15084 26 -3 380.274043381712 S1_m1
15086 26 -3 115.805113981657 S1_m1
14001 26 -3 0 S1_m1
14002 26 -3 9.02052777340089 S1_m1
14003 26 -3 114.360302080202 S1_m1
14005 26 -3 45.5331261557495 S1_m1
14008 26 -3 0 S1_m1
15070 27 -3 0 S1_m1
15072 27 -3 0 S1_m1
15073 27 -3 0 S1_m1
15074 27 -3 0 S1_m1
15077 27 -3 0 S1_m1
15079 27 -3 0 S1_m1
15081 27 -3 0 S1_m1
15082 27 -3 0 S1_m1
15084 27 -3 0 S1_m1
15086 27 -3 0 S1_m1
14001 27 -3 0 S1_m1
14002 27 -3 0 S1_m1
14003 27 -3 0 S1_m1
14005 27 -3 0 S1_m1
14008 27 -3 0 S1_m1
15070 28 -3 18.9344198996141 S1_m1
15072 28 -3 230.399642719829 S1_m1
15073 28 -3 0 S1_m1
15074 28 -3 181.329725124034 S1_m1
15077 28 -3 0 S1_m1
15079 28 -3 56.4324408764588 S1_m1
15081 28 -3 34.1633732451948 S1_m1
15082 28 -3 430.246065372194 S1_m1
15084 28 -3 456.339007835429 S1_m1
15086 28 -3 167.409753855214 S1_m1
14001 28 -3 0 S1_m1
14002 28 -3 18.343652155764 S1_m1
14003 28 -3 130.298763781872 S1_m1
14005 28 -3 60.2294678717104 S1_m1
14008 28 -3 0 S1_m1
15070 29 -3 0 S1_m1
15072 29 -3 0 S1_m1
15073 29 -3 0 S1_m1
15074 29 -3 0 S1_m1
15077 29 -3 0 S1_m1
15079 29 -3 0 S1_m1
15081 29 -3 0 S1_m1
15082 29 -3 0 S1_m1
15084 29 -3 0 S1_m1
15086 29 -3 0 S1_m1
14001 29 -3 0 S1_m1
14002 29 -3 0 S1_m1
14003 29 -3 0 S1_m1
14005 29 -3 0 S1_m1
14008 29 -3 0 S1_m1
15070 30 -3 0 S1_m1
15072 30 -3 0 S1_m1
15073 30 -3 0 S1_m1
15074 30 -3 0 S1_m1
15077 30 -3 0 S1_m1
15079 30 -3 0 S1_m1
15081 30 -3 0 S1_m1
15082 30 -3 0 S1_m1
15084 30 -3 0 S1_m1
15086 30 -3 0 S1_m1
14001 30 -3 0 S1_m1
14002 30 -3 0 S1_m1
14003 30 -3 0 S1_m1
14005 30 -3 0 S1_m1
14008 30 -3 0 S1_m1
15070 31 -3 0 S1_m1
15072 31 -3 0 S1_m1
15073 31 -3 0 S1_m1
15074 31 -3 0 S1_m1
15077 31 -3 0 S1_m1
15079 31 -3 0 S1_m1
15081 31 -3 0 S1_m1
15082 31 -3 0 S1_m1
15084 31 -3 0 S1_m1
15086 31 -3 0 S1_m1
14001 31 -3 0 S1_m1
14002 31 -3 0 S1_m1
14003 31 -3 0 S1_m1
14005 31 -3 0 S1_m1
14008 31 -3 0 S1_m1
15070 1 -5 0 S1_m1
15072 1 -5 0 S1_m1
15073 1 -5 0 S1_m1
15074 1 -5 0 S1_m1
15077 1 -5 0 S1_m1
15079 1 -5 0 S1_m1
15081 1 -5 0 S1_m1
15082 1 -5 1.52237122086038 S1_m1
15084 1 -5 1.86171410173741 S1_m1
15086 1 -5 0 S1_m1
14001 1 -5 0 S1_m1
14002 1 -5 0 S1_m1
14003 1 -5 0 S1_m1
14005 1 -5 0 S1_m1
14008 1 -5 0 S1_m1
15070 2 -5 0 S1_m1
15072 2 -5 0 S1_m1
15073 2 -5 0 S1_m1
15074 2 -5 0 S1_m1
15077 2 -5 0 S1_m1
15079 2 -5 0 S1_m1
15081 2 -5 0 S1_m1
15082 2 -5 0 S1_m1
15084 2 -5 0 S1_m1
15086 2 -5 0 S1_m1
14001 2 -5 0 S1_m1
14002 2 -5 0 S1_m1
14003 2 -5 0 S1_m1
14005 2 -5 0 S1_m1
14008 2 -5 0 S1_m1
15070 3 -5 0 S1_m1
15072 3 -5 0 S1_m1
15073 3 -5 0 S1_m1
15074 3 -5 0 S1_m1
15077 3 -5 0 S1_m1
15079 3 -5 0 S1_m1
15081 3 -5 0 S1_m1
15082 3 -5 0 S1_m1
15084 3 -5 0 S1_m1
15086 3 -5 0 S1_m1
14001 3 -5 0 S1_m1
14002 3 -5 0 S1_m1
14003 3 -5 0 S1_m1
14005 3 -5 0 S1_m1
14008 3 -5 0 S1_m1
15070 4 -5 0 S1_m1
15072 4 -5 0 S1_m1
15073 4 -5 0 S1_m1
15074 4 -5 0 S1_m1
15077 4 -5 0 S1_m1
15079 4 -5 0 S1_m1
15081 4 -5 0 S1_m1
15082 4 -5 0 S1_m1
15084 4 -5 0 S1_m1
15086 4 -5 0 S1_m1
14001 4 -5 0 S1_m1
14002 4 -5 0 S1_m1
14003 4 -5 0 S1_m1
14005 4 -5 0 S1_m1
14008 4 -5 0 S1_m1
15070 5 -5 0 S1_m1
15072 5 -5 0 S1_m1
15073 5 -5 0 S1_m1
15074 5 -5 0 S1_m1
15077 5 -5 0 S1_m1
15079 5 -5 0 S1_m1
15081 5 -5 0 S1_m1
15082 5 -5 0 S1_m1
15084 5 -5 0 S1_m1
15086 5 -5 0 S1_m1
14001 5 -5 0 S1_m1
14002 5 -5 0 S1_m1
14003 5 -5 0 S1_m1
14005 5 -5 0 S1_m1
14008 5 -5 0 S1_m1
15070 6 -5 0 S1_m1
15072 6 -5 0 S1_m1
15073 6 -5 0 S1_m1
15074 6 -5 0 S1_m1
15077 6 -5 0 S1_m1
15079 6 -5 0 S1_m1
15081 6 -5 0 S1_m1
15082 6 -5 0 S1_m1
15084 6 -5 0 S1_m1
15086 6 -5 0 S1_m1
14001 6 -5 0 S1_m1
14002 6 -5 0 S1_m1
14003 6 -5 14.2705257364551 S1_m1
14005 6 -5 0 S1_m1
14008 6 -5 0 S1_m1
15070 7 -5 0 S1_m1
15072 7 -5 0 S1_m1
15073 7 -5 0 S1_m1
15074 7 -5 0 S1_m1
15077 7 -5 0 S1_m1
15079 7 -5 0 S1_m1
15081 7 -5 0 S1_m1
15082 7 -5 0 S1_m1
15084 7 -5 0 S1_m1
15086 7 -5 0 S1_m1
14001 7 -5 0 S1_m1
14002 7 -5 0 S1_m1
14003 7 -5 0 S1_m1
14005 7 -5 0 S1_m1
14008 7 -5 0 S1_m1
15070 8 -5 0 S1_m1
15072 8 -5 5.4156200130118 S1_m1
15073 8 -5 0 S1_m1
15074 8 -5 0 S1_m1
15077 8 -5 0 S1_m1
15079 8 -5 0 S1_m1
15081 8 -5 0 S1_m1
15082 8 -5 43.3144888817681 S1_m1
15084 8 -5 67.0032551846789 S1_m1
15086 8 -5 0 S1_m1
14001 8 -5 0 S1_m1
14002 8 -5 0 S1_m1
14003 8 -5 8.98093389566156 S1_m1
14005 8 -5 0 S1_m1
14008 8 -5 0 S1_m1
15070 9 -5 0 S1_m1
15072 9 -5 0 S1_m1
15073 9 -5 0 S1_m1
15074 9 -5 0 S1_m1
15077 9 -5 0 S1_m1
15079 9 -5 0 S1_m1
15081 9 -5 0 S1_m1
15082 9 -5 0 S1_m1
15084 9 -5 0 S1_m1
15086 9 -5 0 S1_m1
14001 9 -5 0 S1_m1
14002 9 -5 0 S1_m1
14003 9 -5 0 S1_m1
14005 9 -5 0 S1_m1
14008 9 -5 0 S1_m1
15070 10 -5 0 S1_m1
15072 10 -5 0 S1_m1
15073 10 -5 0 S1_m1
15074 10 -5 0 S1_m1
15077 10 -5 0 S1_m1
15079 10 -5 0 S1_m1
15081 10 -5 0 S1_m1
15082 10 -5 10.9337114667974 S1_m1
15084 10 -5 38.6668840240507 S1_m1
15086 10 -5 0 S1_m1
14001 10 -5 0 S1_m1
14002 10 -5 0 S1_m1
14003 10 -5 3.40359326876532 S1_m1
14005 10 -5 0 S1_m1
14008 10 -5 0 S1_m1
15070 11 -5 0 S1_m1
15072 11 -5 0 S1_m1
15073 11 -5 0 S1_m1
15074 11 -5 0 S1_m1
15077 11 -5 0 S1_m1
15079 11 -5 0 S1_m1
15081 11 -5 0 S1_m1
15082 11 -5 0 S1_m1
15084 11 -5 0 S1_m1
15086 11 -5 0 S1_m1
14001 11 -5 0 S1_m1
14002 11 -5 0 S1_m1
14003 11 -5 0 S1_m1
14005 11 -5 0 S1_m1
14008 11 -5 0 S1_m1
15070 12 -5 0 S1_m1
15072 12 -5 0 S1_m1
15073 12 -5 0 S1_m1
15074 12 -5 0 S1_m1
15077 12 -5 0 S1_m1
15079 12 -5 0 S1_m1
15081 12 -5 0 S1_m1
15082 12 -5 0 S1_m1
15084 12 -5 0 S1_m1
15086 12 -5 0 S1_m1
14001 12 -5 0 S1_m1
14002 12 -5 0 S1_m1
14003 12 -5 0 S1_m1
14005 12 -5 0 S1_m1
14008 12 -5 0 S1_m1
15070 13 -5 0 S1_m1
15072 13 -5 0 S1_m1
15073 13 -5 0 S1_m1
15074 13 -5 0 S1_m1
15077 13 -5 0 S1_m1
15079 13 -5 0 S1_m1
15081 13 -5 0 S1_m1
15082 13 -5 0 S1_m1
15084 13 -5 0 S1_m1
15086 13 -5 0 S1_m1
14001 13 -5 0 S1_m1
14002 13 -5 0 S1_m1
14003 13 -5 0 S1_m1
14005 13 -5 0 S1_m1
14008 13 -5 0 S1_m1
15070 14 -5 0 S1_m1
15072 14 -5 0 S1_m1
15073 14 -5 0 S1_m1
15074 14 -5 0 S1_m1
15077 14 -5 0 S1_m1
15079 14 -5 0 S1_m1
15081 14 -5 0 S1_m1
15082 14 -5 0 S1_m1
15084 14 -5 0 S1_m1
15086 14 -5 0 S1_m1
14001 14 -5 0 S1_m1
14002 14 -5 0 S1_m1
14003 14 -5 0 S1_m1
14005 14 -5 0 S1_m1
14008 14 -5 0 S1_m1
15070 15 -5 0 S1_m1
15072 15 -5 144.687477456753 S1_m1
15073 15 -5 0 S1_m1
15074 15 -5 2.31576018228449 S1_m1
15077 15 -5 0 S1_m1
15079 15 -5 36.7770133445931 S1_m1
15081 15 -5 0 S1_m1
15082 15 -5 207.90875727086 S1_m1
15084 15 -5 250.752947656 S1_m1
15086 15 -5 0 S1_m1
14001 15 -5 0 S1_m1
14002 15 -5 10.0557913682003 S1_m1
14003 15 -5 114.470827125737 S1_m1
14005 15 -5 45.3109209131933 S1_m1
14008 15 -5 0 S1_m1
15070 16 -5 0 S1_m1
15072 16 -5 93.093698469357 S1_m1
15073 16 -5 0 S1_m1
15074 16 -5 16.4130551559 S1_m1
15077 16 -5 0 S1_m1
15079 16 -5 0 S1_m1
15081 16 -5 0 S1_m1
15082 16 -5 151.829517310318 S1_m1
15084 16 -5 150.721673029514 S1_m1
15086 16 -5 14.3745044008564 S1_m1
14001 16 -5 0 S1_m1
14002 16 -5 0 S1_m1
14003 16 -5 41.5743733562884 S1_m1
14005 16 -5 0 S1_m1
14008 16 -5 0 S1_m1
15070 17 -5 0 S1_m1
15072 17 -5 0 S1_m1
15073 17 -5 0 S1_m1
15074 17 -5 0 S1_m1
15077 17 -5 0 S1_m1
15079 17 -5 0 S1_m1
15081 17 -5 0 S1_m1
15082 17 -5 0 S1_m1
15084 17 -5 0 S1_m1
15086 17 -5 0 S1_m1
14001 17 -5 0 S1_m1
14002 17 -5 0 S1_m1
14003 17 -5 0 S1_m1
14005 17 -5 0 S1_m1
14008 17 -5 0 S1_m1
15070 18 -5 0 S1_m1
15072 18 -5 0 S1_m1
15073 18 -5 0 S1_m1
15074 18 -5 0 S1_m1
15077 18 -5 0 S1_m1
15079 18 -5 0 S1_m1
15081 18 -5 0 S1_m1
15082 18 -5 0 S1_m1
15084 18 -5 0 S1_m1
15086 18 -5 0 S1_m1
14001 18 -5 0 S1_m1
14002 18 -5 0 S1_m1
14003 18 -5 0 S1_m1
14005 18 -5 0 S1_m1
14008 18 -5 0 S1_m1
15070 19 -5 0 S1_m1
15072 19 -5 0 S1_m1
15073 19 -5 0 S1_m1
15074 19 -5 0 S1_m1
15077 19 -5 0 S1_m1
15079 19 -5 0 S1_m1
15081 19 -5 0 S1_m1
15082 19 -5 2.14656789213333 S1_m1
15084 19 -5 21.653162391878 S1_m1
15086 19 -5 0 S1_m1
14001 19 -5 0 S1_m1
14002 19 -5 0 S1_m1
14003 19 -5 3.42380261853037 S1_m1
14005 19 -5 0 S1_m1
14008 19 -5 0 S1_m1
15070 20 -5 0 S1_m1
15072 20 -5 147.089347761135 S1_m1
15073 20 -5 0 S1_m1
15074 20 -5 38.204353159746 S1_m1
15077 20 -5 0 S1_m1
15079 20 -5 12.613290480482 S1_m1
15081 20 -5 0 S1_m1
15082 20 -5 222.01438250929 S1_m1
15084 20 -5 238.402494821137 S1_m1
15086 20 -5 31.477792581468 S1_m1
14001 20 -5 0 S1_m1
14002 20 -5 1.73445236540351 S1_m1
14003 20 -5 86.4037087677028 S1_m1
14005 20 -5 18.6382518512092 S1_m1
14008 20 -5 0 S1_m1
15070 21 -5 0 S1_m1
15072 21 -5 0 S1_m1
15073 21 -5 0 S1_m1
15074 21 -5 0 S1_m1
15077 21 -5 0 S1_m1
15079 21 -5 0 S1_m1
15081 21 -5 0 S1_m1
15082 21 -5 0 S1_m1
15084 21 -5 2.65882670568099 S1_m1
15086 21 -5 0 S1_m1
14001 21 -5 0 S1_m1
14002 21 -5 0 S1_m1
14003 21 -5 0 S1_m1
14005 21 -5 0 S1_m1
14008 21 -5 0 S1_m1
15070 22 -5 0 S1_m1
15072 22 -5 34.1528005852411 S1_m1
15073 22 -5 0 S1_m1
15074 22 -5 0 S1_m1
15077 22 -5 0 S1_m1
15079 22 -5 0 S1_m1
15081 22 -5 0 S1_m1
15082 22 -5 77.2410360984192 S1_m1
15084 22 -5 74.0725481097722 S1_m1
15086 22 -5 0 S1_m1
14001 22 -5 0 S1_m1
14002 22 -5 0 S1_m1
14003 22 -5 3.61846434675701 S1_m1
14005 22 -5 0 S1_m1
14008 22 -5 0 S1_m1
15070 23 -5 0 S1_m1
15072 23 -5 0 S1_m1
15073 23 -5 0 S1_m1
15074 23 -5 0 S1_m1
15077 23 -5 0 S1_m1
15079 23 -5 0 S1_m1
15081 23 -5 0 S1_m1
15082 23 -5 0 S1_m1
15084 23 -5 0 S1_m1
15086 23 -5 0 S1_m1
14001 23 -5 0 S1_m1
14002 23 -5 0 S1_m1
14003 23 -5 1.43294505847591 S1_m1
14005 23 -5 0 S1_m1
14008 23 -5 0 S1_m1
15070 24 -5 0 S1_m1
15072 24 -5 0 S1_m1
15073 24 -5 0 S1_m1
15074 24 -5 0 S1_m1
15077 24 -5 0 S1_m1
15079 24 -5 0 S1_m1
15081 24 -5 0 S1_m1
15082 24 -5 3.73113657037091 S1_m1
15084 24 -5 23.9734682183632 S1_m1
15086 24 -5 0 S1_m1
14001 24 -5 0 S1_m1
14002 24 -5 0 S1_m1
14003 24 -5 1.21982453519191 S1_m1
14005 24 -5 0 S1_m1
14008 24 -5 0 S1_m1
15070 25 -5 0 S1_m1
15072 25 -5 0 S1_m1
15073 25 -5 0 S1_m1
15074 25 -5 0 S1_m1
15077 25 -5 0 S1_m1
15079 25 -5 0 S1_m1
15081 25 -5 0 S1_m1
15082 25 -5 0 S1_m1
15084 25 -5 0 S1_m1
15086 25 -5 0 S1_m1
14001 25 -5 0 S1_m1
14002 25 -5 0 S1_m1
14003 25 -5 0 S1_m1
14005 25 -5 0 S1_m1
14008 25 -5 0 S1_m1
15070 26 -5 0 S1_m1
15072 26 -5 70.8437095892355 S1_m1
15073 26 -5 0 S1_m1
15074 26 -5 5.41571065373243 S1_m1
15077 26 -5 0 S1_m1
15079 26 -5 0 S1_m1
15081 26 -5 0 S1_m1
15082 26 -5 125.123269781599 S1_m1
15084 26 -5 125.298615145094 S1_m1
15086 26 -5 4.60514625093592 S1_m1
14001 26 -5 0 S1_m1
14002 26 -5 0 S1_m1
14003 26 -5 27.825123015123 S1_m1
14005 26 -5 0 S1_m1
14008 26 -5 0 S1_m1
15070 27 -5 0 S1_m1
15072 27 -5 0 S1_m1
15073 27 -5 0 S1_m1
15074 27 -5 0 S1_m1
15077 27 -5 0 S1_m1
15079 27 -5 0 S1_m1
15081 27 -5 0 S1_m1
15082 27 -5 0 S1_m1
15084 27 -5 0 S1_m1
15086 27 -5 0 S1_m1
14001 27 -5 0 S1_m1
14002 27 -5 0 S1_m1
14003 27 -5 0 S1_m1
14005 27 -5 0 S1_m1
14008 27 -5 0 S1_m1
15070 28 -5 0 S1_m1
15072 28 -5 114.331680979383 S1_m1
15073 28 -5 0 S1_m1
15074 28 -5 45.4228118478239 S1_m1
15077 28 -5 0 S1_m1
15079 28 -5 0 S1_m1
15081 28 -5 0 S1_m1
15082 28 -5 172.274047289046 S1_m1
15084 28 -5 162.534910918217 S1_m1
15086 28 -5 41.1542205014786 S1_m1
14001 28 -5 0 S1_m1
14002 28 -5 0 S1_m1
14003 28 -5 44.9788980957484 S1_m1
14005 28 -5 0 S1_m1
14008 28 -5 0 S1_m1
15070 29 -5 0 S1_m1
15072 29 -5 0 S1_m1
15073 29 -5 0 S1_m1
15074 29 -5 0 S1_m1
15077 29 -5 0 S1_m1
15079 29 -5 0 S1_m1
15081 29 -5 0 S1_m1
15082 29 -5 0 S1_m1
15084 29 -5 0 S1_m1
15086 29 -5 0 S1_m1
14001 29 -5 0 S1_m1
14002 29 -5 0 S1_m1
14003 29 -5 0 S1_m1
14005 29 -5 0 S1_m1
14008 29 -5 0 S1_m1
15070 30 -5 0 S1_m1
15072 30 -5 0 S1_m1
15073 30 -5 0 S1_m1
15074 30 -5 0 S1_m1
15077 30 -5 0 S1_m1
15079 30 -5 0 S1_m1
15081 30 -5 0 S1_m1
15082 30 -5 0 S1_m1
15084 30 -5 0 S1_m1
15086 30 -5 0 S1_m1
14001 30 -5 0 S1_m1
14002 30 -5 0 S1_m1
14003 30 -5 0 S1_m1
14005 30 -5 0 S1_m1
14008 30 -5 0 S1_m1
15070 31 -5 0 S1_m1
15072 31 -5 0 S1_m1
15073 31 -5 0 S1_m1
15074 31 -5 0 S1_m1
15077 31 -5 0 S1_m1
15079 31 -5 0 S1_m1
15081 31 -5 0 S1_m1
15082 31 -5 0 S1_m1
15084 31 -5 0 S1_m1
15086 31 -5 0 S1_m1
14001 31 -5 0 S1_m1
14002 31 -5 0 S1_m1
14003 31 -5 0 S1_m1
14005 31 -5 0 S1_m1
14008 31 -5 0 S1_m1
