speciesID lakeID variable value scenario
14011 1 -0.5 33.2373066784397 S2_0
14012 1 -0.5 38.0794742216049 S2_0
14013 1 -0.5 132.637279411265 S2_0
14015 1 -0.5 0 S2_0
14017 1 -0.5 252.520934042438 S2_0
14018 1 -0.5 0 S2_0
14022 1 -0.5 255.758361451071 S2_0
14023 1 -0.5 0 S2_0
14025 1 -0.5 0 S2_0
14027 1 -0.5 63.6644992152663 S2_0
14029 1 -0.5 133.061161466109 S2_0
14030 1 -0.5 1.67291946233683 S2_0
14031 1 -0.5 0 S2_0
14032 1 -0.5 308.59242836142 S2_0
14033 1 -0.5 0 S2_0
14011 2 -0.5 0 S2_0
14012 2 -0.5 0 S2_0
14013 2 -0.5 0 S2_0
14015 2 -0.5 0 S2_0
14017 2 -0.5 0 S2_0
14018 2 -0.5 0 S2_0
14022 2 -0.5 0 S2_0
14023 2 -0.5 0 S2_0
14025 2 -0.5 0 S2_0
14027 2 -0.5 0 S2_0
14029 2 -0.5 0 S2_0
14030 2 -0.5 0 S2_0
14031 2 -0.5 0 S2_0
14032 2 -0.5 0 S2_0
14033 2 -0.5 0 S2_0
14011 3 -0.5 0 S2_0
14012 3 -0.5 0 S2_0
14013 3 -0.5 15.4410680710067 S2_0
14015 3 -0.5 0 S2_0
14017 3 -0.5 1.62537112555604 S2_0
14018 3 -0.5 0 S2_0
14022 3 -0.5 121.308516193202 S2_0
14023 3 -0.5 0 S2_0
14025 3 -0.5 0 S2_0
14027 3 -0.5 0 S2_0
14029 3 -0.5 5.22897813900942 S2_0
14030 3 -0.5 0 S2_0
14031 3 -0.5 0 S2_0
14032 3 -0.5 68.7749000706243 S2_0
14033 3 -0.5 0 S2_0
14011 4 -0.5 8.10303055373359 S2_0
14012 4 -0.5 10.7413999441679 S2_0
14013 4 -0.5 105.001181897439 S2_0
14015 4 -0.5 0 S2_0
14017 4 -0.5 167.271028898883 S2_0
14018 4 -0.5 0 S2_0
14022 4 -0.5 234.29345005848 S2_0
14023 4 -0.5 0 S2_0
14025 4 -0.5 0 S2_0
14027 4 -0.5 28.3150342082311 S2_0
14029 4 -0.5 104.420100963638 S2_0
14030 4 -0.5 0 S2_0
14031 4 -0.5 0 S2_0
14032 4 -0.5 258.539812796236 S2_0
14033 4 -0.5 0 S2_0
14011 5 -0.5 0 S2_0
14012 5 -0.5 0 S2_0
14013 5 -0.5 0 S2_0
14015 5 -0.5 0 S2_0
14017 5 -0.5 0 S2_0
14018 5 -0.5 0 S2_0
14022 5 -0.5 0 S2_0
14023 5 -0.5 0 S2_0
14025 5 -0.5 0 S2_0
14027 5 -0.5 0 S2_0
14029 5 -0.5 0 S2_0
14030 5 -0.5 0 S2_0
14031 5 -0.5 0 S2_0
14032 5 -0.5 0 S2_0
14033 5 -0.5 0 S2_0
14011 6 -0.5 9.5777666972066 S2_0
14012 6 -0.5 8.55645000119724 S2_0
14013 6 -0.5 105.947807033131 S2_0
14015 6 -0.5 0 S2_0
14017 6 -0.5 155.432882052123 S2_0
14018 6 -0.5 0 S2_0
14022 6 -0.5 229.24501625922 S2_0
14023 6 -0.5 0 S2_0
14025 6 -0.5 0 S2_0
14027 6 -0.5 22.3146166676982 S2_0
14029 6 -0.5 113.364458436003 S2_0
14030 6 -0.5 0 S2_0
14031 6 -0.5 0 S2_0
14032 6 -0.5 248.112052419499 S2_0
14033 6 -0.5 0 S2_0
14011 7 -0.5 0 S2_0
14012 7 -0.5 0 S2_0
14013 7 -0.5 0 S2_0
14015 7 -0.5 0 S2_0
14017 7 -0.5 0 S2_0
14018 7 -0.5 0 S2_0
14022 7 -0.5 0 S2_0
14023 7 -0.5 0 S2_0
14025 7 -0.5 0 S2_0
14027 7 -0.5 0 S2_0
14029 7 -0.5 0 S2_0
14030 7 -0.5 0 S2_0
14031 7 -0.5 0 S2_0
14032 7 -0.5 0 S2_0
14033 7 -0.5 0 S2_0
14011 8 -0.5 29.3226940869186 S2_0
14012 8 -0.5 34.8163286277405 S2_0
14013 8 -0.5 123.82028879913 S2_0
14015 8 -0.5 0 S2_0
14017 8 -0.5 214.575131445636 S2_0
14018 8 -0.5 0 S2_0
14022 8 -0.5 239.649612891736 S2_0
14023 8 -0.5 0 S2_0
14025 8 -0.5 0 S2_0
14027 8 -0.5 56.0741716930762 S2_0
14029 8 -0.5 118.912509426077 S2_0
14030 8 -0.5 0 S2_0
14031 8 -0.5 0 S2_0
14032 8 -0.5 294.763643399222 S2_0
14033 8 -0.5 0 S2_0
14011 9 -0.5 5.03878834828716 S2_0
14012 9 -0.5 4.57128027883778 S2_0
14013 9 -0.5 96.252687225456 S2_0
14015 9 -0.5 0 S2_0
14017 9 -0.5 130.205256693657 S2_0
14018 9 -0.5 0 S2_0
14022 9 -0.5 222.204196412633 S2_0
14023 9 -0.5 0 S2_0
14025 9 -0.5 0 S2_0
14027 9 -0.5 13.1472128013687 S2_0
14029 9 -0.5 97.8943676872181 S2_0
14030 9 -0.5 0 S2_0
14031 9 -0.5 0 S2_0
14032 9 -0.5 233.255547319112 S2_0
14033 9 -0.5 0 S2_0
14011 10 -0.5 31.4562623041653 S2_0
14012 10 -0.5 37.5750425372188 S2_0
14013 10 -0.5 131.69434395137 S2_0
14015 10 -0.5 0 S2_0
14017 10 -0.5 239.427322504233 S2_0
14018 10 -0.5 0 S2_0
14022 10 -0.5 254.211913126858 S2_0
14023 10 -0.5 0 S2_0
14025 10 -0.5 0 S2_0
14027 10 -0.5 60.0895293746543 S2_0
14029 10 -0.5 134.390782657286 S2_0
14030 10 -0.5 1.40417961048375 S2_0
14031 10 -0.5 0 S2_0
14032 10 -0.5 308.540953005848 S2_0
14033 10 -0.5 0 S2_0
14011 11 -0.5 11.6896603307969 S2_0
14012 11 -0.5 16.8984117947135 S2_0
14013 11 -0.5 105.133317540984 S2_0
14015 11 -0.5 0 S2_0
14017 11 -0.5 186.895293826233 S2_0
14018 11 -0.5 0 S2_0
14022 11 -0.5 233.637932451794 S2_0
14023 11 -0.5 0 S2_0
14025 11 -0.5 0 S2_0
14027 11 -0.5 40.0417606992552 S2_0
14029 11 -0.5 80.6240162777945 S2_0
14030 11 -0.5 0 S2_0
14031 11 -0.5 0 S2_0
14032 11 -0.5 266.735900458542 S2_0
14033 11 -0.5 0 S2_0
14011 12 -0.5 9.36021925988292 S2_0
14012 12 -0.5 12.7584629647663 S2_0
14013 12 -0.5 93.7237802550508 S2_0
14015 12 -0.5 0 S2_0
14017 12 -0.5 145.686446771711 S2_0
14018 12 -0.5 0 S2_0
14022 12 -0.5 215.83984415876 S2_0
14023 12 -0.5 0 S2_0
14025 12 -0.5 0 S2_0
14027 12 -0.5 32.6632446470783 S2_0
14029 12 -0.5 56.6915034409645 S2_0
14030 12 -0.5 0 S2_0
14031 12 -0.5 0 S2_0
14032 12 -0.5 248.868121846782 S2_0
14033 12 -0.5 0 S2_0
14011 13 -0.5 0 S2_0
14012 13 -0.5 0 S2_0
14013 13 -0.5 19.7461409932172 S2_0
14015 13 -0.5 0 S2_0
14017 13 -0.5 2.27543960261271 S2_0
14018 13 -0.5 0 S2_0
14022 13 -0.5 131.725365584485 S2_0
14023 13 -0.5 0 S2_0
14025 13 -0.5 0 S2_0
14027 13 -0.5 0 S2_0
14029 13 -0.5 5.7624941852632 S2_0
14030 13 -0.5 0 S2_0
14031 13 -0.5 0 S2_0
14032 13 -0.5 108.233128215995 S2_0
14033 13 -0.5 0 S2_0
14011 14 -0.5 0 S2_0
14012 14 -0.5 0 S2_0
14013 14 -0.5 0 S2_0
14015 14 -0.5 0 S2_0
14017 14 -0.5 0 S2_0
14018 14 -0.5 0 S2_0
14022 14 -0.5 3.10464178400235 S2_0
14023 14 -0.5 0 S2_0
14025 14 -0.5 0 S2_0
14027 14 -0.5 0 S2_0
14029 14 -0.5 0 S2_0
14030 14 -0.5 0 S2_0
14031 14 -0.5 0 S2_0
14032 14 -0.5 0 S2_0
14033 14 -0.5 0 S2_0
14011 15 -0.5 50.4043469848077 S2_0
14012 15 -0.5 53.26367925414 S2_0
14013 15 -0.5 150.164343393975 S2_0
14015 15 -0.5 0 S2_0
14017 15 -0.5 284.771859153634 S2_0
14018 15 -0.5 0 S2_0
14022 15 -0.5 270.632317644472 S2_0
14023 15 -0.5 0 S2_0
14025 15 -0.5 0 S2_0
14027 15 -0.5 76.5850914822094 S2_0
14029 15 -0.5 162.188250011963 S2_0
14030 15 -0.5 4.65878326685896 S2_0
14031 15 -0.5 0 S2_0
14032 15 -0.5 343.046158560008 S2_0
14033 15 -0.5 0 S2_0
14011 16 -0.5 43.4621389685554 S2_0
14012 16 -0.5 46.2524247085376 S2_0
14013 16 -0.5 137.190093473732 S2_0
14015 16 -0.5 0 S2_0
14017 16 -0.5 250.182546459469 S2_0
14018 16 -0.5 0 S2_0
14022 16 -0.5 252.024862695898 S2_0
14023 16 -0.5 0 S2_0
14025 16 -0.5 0 S2_0
14027 16 -0.5 68.6930811222647 S2_0
14029 16 -0.5 136.129278509472 S2_0
14030 16 -0.5 1.26682759831486 S2_0
14031 16 -0.5 0 S2_0
14032 16 -0.5 316.946300696078 S2_0
14033 16 -0.5 0 S2_0
14011 17 -0.5 1.03099351348056 S2_0
14012 17 -0.5 0 S2_0
14013 17 -0.5 65.4628563336355 S2_0
14015 17 -0.5 0 S2_0
14017 17 -0.5 23.4199494502899 S2_0
14018 17 -0.5 0 S2_0
14022 17 -0.5 175.124321527529 S2_0
14023 17 -0.5 0 S2_0
14025 17 -0.5 0 S2_0
14027 17 -0.5 0 S2_0
14029 17 -0.5 52.891308502476 S2_0
14030 17 -0.5 0 S2_0
14031 17 -0.5 0 S2_0
14032 17 -0.5 160.798773263393 S2_0
14033 17 -0.5 0 S2_0
14011 18 -0.5 22.4621724273123 S2_0
14012 18 -0.5 27.1146975286984 S2_0
14013 18 -0.5 115.04486033551 S2_0
14015 18 -0.5 0 S2_0
14017 18 -0.5 198.154437816972 S2_0
14018 18 -0.5 0 S2_0
14022 18 -0.5 233.743671691642 S2_0
14023 18 -0.5 0 S2_0
14025 18 -0.5 0 S2_0
14027 18 -0.5 49.848090512791 S2_0
14029 18 -0.5 97.4615014487416 S2_0
14030 18 -0.5 0 S2_0
14031 18 -0.5 0 S2_0
14032 18 -0.5 279.293040161637 S2_0
14033 18 -0.5 0 S2_0
14011 19 -0.5 26.967206709932 S2_0
14012 19 -0.5 33.18469145454 S2_0
14013 19 -0.5 127.128685974202 S2_0
14015 19 -0.5 0 S2_0
14017 19 -0.5 225.481724239357 S2_0
14018 19 -0.5 0 S2_0
14022 19 -0.5 250.086900693214 S2_0
14023 19 -0.5 0 S2_0
14025 19 -0.5 0 S2_0
14027 19 -0.5 54.92720831401 S2_0
14029 19 -0.5 129.278763019326 S2_0
14030 19 -0.5 1.09183062205623 S2_0
14031 19 -0.5 0 S2_0
14032 19 -0.5 300.240328551594 S2_0
14033 19 -0.5 0 S2_0
14011 20 -0.5 48.7463648150391 S2_0
14012 20 -0.5 51.1435677963836 S2_0
14013 20 -0.5 143.809634906985 S2_0
14015 20 -0.5 0 S2_0
14017 20 -0.5 266.119698835002 S2_0
14018 20 -0.5 0 S2_0
14022 20 -0.5 259.20778108966 S2_0
14023 20 -0.5 0 S2_0
14025 20 -0.5 0 S2_0
14027 20 -0.5 73.7495754183378 S2_0
14029 20 -0.5 147.53007882138 S2_0
14030 20 -0.5 2.04257705399774 S2_0
14031 20 -0.5 0 S2_0
14032 20 -0.5 329.918666195206 S2_0
14033 20 -0.5 0 S2_0
14011 21 -0.5 25.1291831971959 S2_0
14012 21 -0.5 31.8822772219702 S2_0
14013 21 -0.5 127.283881954599 S2_0
14015 21 -0.5 0 S2_0
14017 21 -0.5 230.714460836318 S2_0
14018 21 -0.5 0 S2_0
14022 21 -0.5 252.878768653505 S2_0
14023 21 -0.5 0 S2_0
14025 21 -0.5 0 S2_0
14027 21 -0.5 54.5439950311824 S2_0
14029 21 -0.5 131.403940070964 S2_0
14030 21 -0.5 1.33429415068516 S2_0
14031 21 -0.5 0 S2_0
14032 21 -0.5 300.851977498653 S2_0
14033 21 -0.5 0 S2_0
14011 22 -0.5 43.0588627922794 S2_0
14012 22 -0.5 46.6340234115433 S2_0
14013 22 -0.5 142.443402103649 S2_0
14015 22 -0.5 0 S2_0
14017 22 -0.5 274.736966128812 S2_0
14018 22 -0.5 0 S2_0
14022 22 -0.5 263.698814249071 S2_0
14023 22 -0.5 0 S2_0
14025 22 -0.5 0 S2_0
14027 22 -0.5 72.4406948802081 S2_0
14029 22 -0.5 148.857145359961 S2_0
14030 22 -0.5 3.0887021435362 S2_0
14031 22 -0.5 0 S2_0
14032 22 -0.5 325.948728938756 S2_0
14033 22 -0.5 0 S2_0
14011 23 -0.5 17.1128204603891 S2_0
14012 23 -0.5 21.1545130117718 S2_0
14013 23 -0.5 120.862372710797 S2_0
14015 23 -0.5 0 S2_0
14017 23 -0.5 214.709738378824 S2_0
14018 23 -0.5 0 S2_0
14022 23 -0.5 250.296626215224 S2_0
14023 23 -0.5 0 S2_0
14025 23 -0.5 0 S2_0
14027 23 -0.5 42.754622038646 S2_0
14029 23 -0.5 132.588177825482 S2_0
14030 23 -0.5 1.49417021237017 S2_0
14031 23 -0.5 0 S2_0
14032 23 -0.5 284.823171212255 S2_0
14033 23 -0.5 0 S2_0
14011 24 -0.5 31.5323290022311 S2_0
14012 24 -0.5 38.0546482428949 S2_0
14013 24 -0.5 133.900460367047 S2_0
14015 24 -0.5 0 S2_0
14017 24 -0.5 250.261999403841 S2_0
14018 24 -0.5 0 S2_0
14022 24 -0.5 258.656740968951 S2_0
14023 24 -0.5 0 S2_0
14025 24 -0.5 0 S2_0
14027 24 -0.5 61.6746226746476 S2_0
14029 24 -0.5 140.415388246469 S2_0
14030 24 -0.5 2.02733530991315 S2_0
14031 24 -0.5 0 S2_0
14032 24 -0.5 312.750706695542 S2_0
14033 24 -0.5 0 S2_0
14011 25 -0.5 0 S2_0
14012 25 -0.5 0 S2_0
14013 25 -0.5 0 S2_0
14015 25 -0.5 0 S2_0
14017 25 -0.5 0 S2_0
14018 25 -0.5 0 S2_0
14022 25 -0.5 4.53342700549426 S2_0
14023 25 -0.5 0 S2_0
14025 25 -0.5 0 S2_0
14027 25 -0.5 0 S2_0
14029 25 -0.5 0 S2_0
14030 25 -0.5 0 S2_0
14031 25 -0.5 0 S2_0
14032 25 -0.5 0 S2_0
14033 25 -0.5 0 S2_0
14011 26 -0.5 45.2300139077454 S2_0
14012 26 -0.5 48.325111864855 S2_0
14013 26 -0.5 142.591416942989 S2_0
14015 26 -0.5 0 S2_0
14017 26 -0.5 268.090419935535 S2_0
14018 26 -0.5 0 S2_0
14022 26 -0.5 261.253373097556 S2_0
14023 26 -0.5 0 S2_0
14025 26 -0.5 0 S2_0
14027 26 -0.5 72.4718887906731 S2_0
14029 26 -0.5 146.287694910021 S2_0
14030 26 -0.5 2.32317177180037 S2_0
14031 26 -0.5 0 S2_0
14032 26 -0.5 326.527952723411 S2_0
14033 26 -0.5 0 S2_0
14011 27 -0.5 0 S2_0
14012 27 -0.5 0 S2_0
14013 27 -0.5 0 S2_0
14015 27 -0.5 0 S2_0
14017 27 -0.5 0 S2_0
14018 27 -0.5 0 S2_0
14022 27 -0.5 0 S2_0
14023 27 -0.5 0 S2_0
14025 27 -0.5 0 S2_0
14027 27 -0.5 0 S2_0
14029 27 -0.5 0 S2_0
14030 27 -0.5 0 S2_0
14031 27 -0.5 0 S2_0
14032 27 -0.5 0 S2_0
14033 27 -0.5 0 S2_0
14011 28 -0.5 50.4536459085335 S2_0
14012 28 -0.5 52.5241984776067 S2_0
14013 28 -0.5 148.627667597897 S2_0
14015 28 -0.5 0 S2_0
14017 28 -0.5 286.069150278727 S2_0
14018 28 -0.5 0 S2_0
14022 28 -0.5 267.879574144164 S2_0
14023 28 -0.5 0 S2_0
14025 28 -0.5 0 S2_0
14027 28 -0.5 78.1080691908083 S2_0
14029 28 -0.5 156.375612968145 S2_0
14030 28 -0.5 3.98343603137305 S2_0
14031 28 -0.5 0 S2_0
14032 28 -0.5 337.251621606434 S2_0
14033 28 -0.5 0 S2_0
14011 29 -0.5 1.42133455983833 S2_0
14012 29 -0.5 1.18605280455481 S2_0
14013 29 -0.5 71.4591365869122 S2_0
14015 29 -0.5 0 S2_0
14017 29 -0.5 52.4056977314353 S2_0
14018 29 -0.5 0 S2_0
14022 29 -0.5 194.241699125454 S2_0
14023 29 -0.5 0 S2_0
14025 29 -0.5 0 S2_0
14027 29 -0.5 2.19527340007747 S2_0
14029 29 -0.5 51.2284118765173 S2_0
14030 29 -0.5 0 S2_0
14031 29 -0.5 0 S2_0
14032 29 -0.5 196.172478272871 S2_0
14033 29 -0.5 0 S2_0
14011 30 -0.5 0 S2_0
14012 30 -0.5 0 S2_0
14013 30 -0.5 0 S2_0
14015 30 -0.5 0 S2_0
14017 30 -0.5 0 S2_0
14018 30 -0.5 0 S2_0
14022 30 -0.5 2.42718363992106 S2_0
14023 30 -0.5 0 S2_0
14025 30 -0.5 0 S2_0
14027 30 -0.5 0 S2_0
14029 30 -0.5 0 S2_0
14030 30 -0.5 0 S2_0
14031 30 -0.5 0 S2_0
14032 30 -0.5 0 S2_0
14033 30 -0.5 0 S2_0
14011 31 -0.5 0 S2_0
14012 31 -0.5 0 S2_0
14013 31 -0.5 25.4743079785304 S2_0
14015 31 -0.5 0 S2_0
14017 31 -0.5 18.1026204194497 S2_0
14018 31 -0.5 0 S2_0
14022 31 -0.5 128.564105546159 S2_0
14023 31 -0.5 0 S2_0
14025 31 -0.5 0 S2_0
14027 31 -0.5 0 S2_0
14029 31 -0.5 35.6500447211173 S2_0
14030 31 -0.5 0 S2_0
14031 31 -0.5 0 S2_0
14032 31 -0.5 84.7231632244264 S2_0
14033 31 -0.5 0 S2_0
14011 1 -1.5 0 S2_0
14012 1 -1.5 0 S2_0
14013 1 -1.5 53.908184366107 S2_0
14015 1 -1.5 0 S2_0
14017 1 -1.5 26.3985784124887 S2_0
14018 1 -1.5 0 S2_0
14022 1 -1.5 220.118782879216 S2_0
14023 1 -1.5 92.4784974489808 S2_0
14025 1 -1.5 0 S2_0
14027 1 -1.5 68.0650159023695 S2_0
14029 1 -1.5 3.5231071968084 S2_0
14030 1 -1.5 0 S2_0
14031 1 -1.5 198.772159748673 S2_0
14032 1 -1.5 242.334904981216 S2_0
14033 1 -1.5 1.32913757253071 S2_0
14011 2 -1.5 0 S2_0
14012 2 -1.5 0 S2_0
14013 2 -1.5 0 S2_0
14015 2 -1.5 0 S2_0
14017 2 -1.5 0 S2_0
14018 2 -1.5 0 S2_0
14022 2 -1.5 0 S2_0
14023 2 -1.5 0 S2_0
14025 2 -1.5 0 S2_0
14027 2 -1.5 0 S2_0
14029 2 -1.5 0 S2_0
14030 2 -1.5 0 S2_0
14031 2 -1.5 1.00319398017567 S2_0
14032 2 -1.5 0 S2_0
14033 2 -1.5 0 S2_0
14011 3 -1.5 0 S2_0
14012 3 -1.5 0 S2_0
14013 3 -1.5 5.7875342726185 S2_0
14015 3 -1.5 0 S2_0
14017 3 -1.5 0 S2_0
14018 3 -1.5 0 S2_0
14022 3 -1.5 140.074743001711 S2_0
14023 3 -1.5 23.2494981865016 S2_0
14025 3 -1.5 0 S2_0
14027 3 -1.5 0 S2_0
14029 3 -1.5 0 S2_0
14030 3 -1.5 0 S2_0
14031 3 -1.5 107.480038684123 S2_0
14032 3 -1.5 83.8601684304574 S2_0
14033 3 -1.5 0 S2_0
14011 4 -1.5 0 S2_0
14012 4 -1.5 0 S2_0
14013 4 -1.5 51.4679298763942 S2_0
14015 4 -1.5 0 S2_0
14017 4 -1.5 9.09096286403605 S2_0
14018 4 -1.5 0 S2_0
14022 4 -1.5 225.099887551605 S2_0
14023 4 -1.5 98.5137910178658 S2_0
14025 4 -1.5 0 S2_0
14027 4 -1.5 51.6909922030111 S2_0
14029 4 -1.5 4.14098305175448 S2_0
14030 4 -1.5 0 S2_0
14031 4 -1.5 176.022424431446 S2_0
14032 4 -1.5 228.735634981658 S2_0
14033 4 -1.5 0 S2_0
14011 5 -1.5 0 S2_0
14012 5 -1.5 0 S2_0
14013 5 -1.5 0 S2_0
14015 5 -1.5 0 S2_0
14017 5 -1.5 0 S2_0
14018 5 -1.5 0 S2_0
14022 5 -1.5 0 S2_0
14023 5 -1.5 0 S2_0
14025 5 -1.5 0 S2_0
14027 5 -1.5 0 S2_0
14029 5 -1.5 0 S2_0
14030 5 -1.5 0 S2_0
14031 5 -1.5 0 S2_0
14032 5 -1.5 0 S2_0
14033 5 -1.5 0 S2_0
14011 6 -1.5 1.01315027159067 S2_0
14012 6 -1.5 6.09273173908039 S2_0
14013 6 -1.5 114.650240547421 S2_0
14015 6 -1.5 0 S2_0
14017 6 -1.5 77.360826012197 S2_0
14018 6 -1.5 1.82335429477144 S2_0
14022 6 -1.5 293.895977345694 S2_0
14023 6 -1.5 156.645455042702 S2_0
14025 6 -1.5 4.25869670089448 S2_0
14027 6 -1.5 95.9949830033308 S2_0
14029 6 -1.5 80.3819257262348 S2_0
14030 6 -1.5 1.02033262586566 S2_0
14031 6 -1.5 252.767978463582 S2_0
14032 6 -1.5 312.099010205261 S2_0
14033 6 -1.5 4.23086397161485 S2_0
14011 7 -1.5 0 S2_0
14012 7 -1.5 0 S2_0
14013 7 -1.5 0 S2_0
14015 7 -1.5 0 S2_0
14017 7 -1.5 0 S2_0
14018 7 -1.5 0 S2_0
14022 7 -1.5 0 S2_0
14023 7 -1.5 0 S2_0
14025 7 -1.5 0 S2_0
14027 7 -1.5 0 S2_0
14029 7 -1.5 0 S2_0
14030 7 -1.5 0 S2_0
14031 7 -1.5 1.20687099055535 S2_0
14032 7 -1.5 0 S2_0
14033 7 -1.5 0 S2_0
14011 8 -1.5 0 S2_0
14012 8 -1.5 7.3896428399237 S2_0
14013 8 -1.5 94.652842671744 S2_0
14015 8 -1.5 0 S2_0
14017 8 -1.5 59.6833017382896 S2_0
14018 8 -1.5 0 S2_0
14022 8 -1.5 261.666657084355 S2_0
14023 8 -1.5 133.58605798033 S2_0
14025 8 -1.5 1.23952625244323 S2_0
14027 8 -1.5 102.005039102115 S2_0
14029 8 -1.5 27.2601731618082 S2_0
14030 8 -1.5 0 S2_0
14031 8 -1.5 245.588425369401 S2_0
14032 8 -1.5 302.297174180905 S2_0
14033 8 -1.5 6.50472842449398 S2_0
14011 9 -1.5 0 S2_0
14012 9 -1.5 0 S2_0
14013 9 -1.5 74.9597938884567 S2_0
14015 9 -1.5 0 S2_0
14017 9 -1.5 17.3004462679185 S2_0
14018 9 -1.5 0 S2_0
14022 9 -1.5 248.896218249691 S2_0
14023 9 -1.5 120.045374056693 S2_0
14025 9 -1.5 0 S2_0
14027 9 -1.5 62.0892148407699 S2_0
14029 9 -1.5 19.2182129634325 S2_0
14030 9 -1.5 0 S2_0
14031 9 -1.5 198.624174056371 S2_0
14032 9 -1.5 248.689030386887 S2_0
14033 9 -1.5 0 S2_0
14011 10 -1.5 0 S2_0
14012 10 -1.5 6.31237813868474 S2_0
14013 10 -1.5 94.3846256863656 S2_0
14015 10 -1.5 0 S2_0
14017 10 -1.5 74.7553900564308 S2_0
14018 10 -1.5 0 S2_0
14022 10 -1.5 266.844681579625 S2_0
14023 10 -1.5 135.091263662382 S2_0
14025 10 -1.5 1.11671361625888 S2_0
14027 10 -1.5 98.834394062892 S2_0
14029 10 -1.5 32.3430029319109 S2_0
14030 10 -1.5 0 S2_0
14031 10 -1.5 241.858170616664 S2_0
14032 10 -1.5 302.929740065484 S2_0
14033 10 -1.5 6.22694622046248 S2_0
14011 11 -1.5 0 S2_0
14012 11 -1.5 0 S2_0
14013 11 -1.5 1.07542977736316 S2_0
14015 11 -1.5 0 S2_0
14017 11 -1.5 0 S2_0
14018 11 -1.5 0 S2_0
14022 11 -1.5 124.517269516863 S2_0
14023 11 -1.5 11.6143808298819 S2_0
14025 11 -1.5 0 S2_0
14027 11 -1.5 5.06486152153668 S2_0
14029 11 -1.5 0 S2_0
14030 11 -1.5 0 S2_0
14031 11 -1.5 99.7873613775504 S2_0
14032 11 -1.5 127.93774157319 S2_0
14033 11 -1.5 0 S2_0
14011 12 -1.5 0 S2_0
14012 12 -1.5 0 S2_0
14013 12 -1.5 1.26054372363007 S2_0
14015 12 -1.5 0 S2_0
14017 12 -1.5 0 S2_0
14018 12 -1.5 0 S2_0
14022 12 -1.5 123.723227205406 S2_0
14023 12 -1.5 12.6250413616469 S2_0
14025 12 -1.5 0 S2_0
14027 12 -1.5 6.23709919152116 S2_0
14029 12 -1.5 0 S2_0
14030 12 -1.5 0 S2_0
14031 12 -1.5 103.21580539992 S2_0
14032 12 -1.5 128.343405390759 S2_0
14033 12 -1.5 0 S2_0
14011 13 -1.5 0 S2_0
14012 13 -1.5 0 S2_0
14013 13 -1.5 13.2468879725966 S2_0
14015 13 -1.5 0 S2_0
14017 13 -1.5 0 S2_0
14018 13 -1.5 0 S2_0
14022 13 -1.5 163.818317095285 S2_0
14023 13 -1.5 61.2432556581194 S2_0
14025 13 -1.5 0 S2_0
14027 13 -1.5 7.07852050053054 S2_0
14029 13 -1.5 0 S2_0
14030 13 -1.5 0 S2_0
14031 13 -1.5 122.499048766857 S2_0
14032 13 -1.5 136.198697102609 S2_0
14033 13 -1.5 0 S2_0
14011 14 -1.5 0 S2_0
14012 14 -1.5 0 S2_0
14013 14 -1.5 0 S2_0
14015 14 -1.5 0 S2_0
14017 14 -1.5 0 S2_0
14018 14 -1.5 0 S2_0
14022 14 -1.5 57.6377136932699 S2_0
14023 14 -1.5 0 S2_0
14025 14 -1.5 0 S2_0
14027 14 -1.5 0 S2_0
14029 14 -1.5 0 S2_0
14030 14 -1.5 0 S2_0
14031 14 -1.5 87.6644578182635 S2_0
14032 14 -1.5 2.07800506626487 S2_0
14033 14 -1.5 0 S2_0
14011 15 -1.5 19.687728961471 S2_0
14012 15 -1.5 48.9949445440673 S2_0
14013 15 -1.5 164.836684555548 S2_0
14015 15 -1.5 3.22516127419508 S2_0
14017 15 -1.5 222.494682037426 S2_0
14018 15 -1.5 8.91315841703404 S2_0
14022 15 -1.5 348.017468092464 S2_0
14023 15 -1.5 199.520298102397 S2_0
14025 15 -1.5 37.4709539228541 S2_0
14027 15 -1.5 164.490178945172 S2_0
14029 15 -1.5 133.640124226242 S2_0
14030 15 -1.5 9.09806531283708 S2_0
14031 15 -1.5 347.879540985511 S2_0
14032 15 -1.5 427.986187522301 S2_0
14033 15 -1.5 40.5335443491115 S2_0
14011 16 -1.5 2.89425064468004 S2_0
14012 16 -1.5 19.7307261266849 S2_0
14013 16 -1.5 116.972747667709 S2_0
14015 16 -1.5 0 S2_0
14017 16 -1.5 118.878736660139 S2_0
14018 16 -1.5 0 S2_0
14022 16 -1.5 286.112625415011 S2_0
14023 16 -1.5 152.622982472638 S2_0
14025 16 -1.5 6.94628102714282 S2_0
14027 16 -1.5 124.734721381898 S2_0
14029 16 -1.5 59.7335274086813 S2_0
14030 16 -1.5 0 S2_0
14031 16 -1.5 284.237754771374 S2_0
14032 16 -1.5 340.388372552523 S2_0
14033 16 -1.5 16.4528315219002 S2_0
14011 17 -1.5 0 S2_0
14012 17 -1.5 0 S2_0
14013 17 -1.5 83.0570010189785 S2_0
14015 17 -1.5 0 S2_0
14017 17 -1.5 8.26949278786971 S2_0
14018 17 -1.5 0 S2_0
14022 17 -1.5 243.631002461995 S2_0
14023 17 -1.5 120.815093269282 S2_0
14025 17 -1.5 0 S2_0
14027 17 -1.5 56.8545576308634 S2_0
14029 17 -1.5 33.3923766668589 S2_0
14030 17 -1.5 0 S2_0
14031 17 -1.5 205.228154218336 S2_0
14032 17 -1.5 231.048586426806 S2_0
14033 17 -1.5 0 S2_0
14011 18 -1.5 0 S2_0
14012 18 -1.5 0 S2_0
14013 18 -1.5 29.3193472687586 S2_0
14015 18 -1.5 0 S2_0
14017 18 -1.5 4.05242095207519 S2_0
14018 18 -1.5 0 S2_0
14022 18 -1.5 191.506271648814 S2_0
14023 18 -1.5 68.0444508827342 S2_0
14025 18 -1.5 0 S2_0
14027 18 -1.5 49.2901044265611 S2_0
14029 18 -1.5 0 S2_0
14030 18 -1.5 0 S2_0
14031 18 -1.5 171.283916204043 S2_0
14032 18 -1.5 207.262319795474 S2_0
14033 18 -1.5 0 S2_0
14011 19 -1.5 0 S2_0
14012 19 -1.5 5.86093423613037 S2_0
14013 19 -1.5 94.8135765623279 S2_0
14015 19 -1.5 0 S2_0
14017 19 -1.5 68.0462249296437 S2_0
14018 19 -1.5 0 S2_0
14022 19 -1.5 268.218747310802 S2_0
14023 19 -1.5 136.555263202894 S2_0
14025 19 -1.5 1.17696584508037 S2_0
14027 19 -1.5 97.150124294218 S2_0
14029 19 -1.5 33.6082605860848 S2_0
14030 19 -1.5 0 S2_0
14031 19 -1.5 239.454926492501 S2_0
14032 19 -1.5 302.188320415268 S2_0
14033 19 -1.5 5.64337686587635 S2_0
14011 20 -1.5 10.6257231520487 S2_0
14012 20 -1.5 37.9790538831351 S2_0
14013 20 -1.5 144.363655295863 S2_0
14015 20 -1.5 0 S2_0
14017 20 -1.5 176.600455070826 S2_0
14018 20 -1.5 2.13571795079549 S2_0
14022 20 -1.5 318.875714391405 S2_0
14023 20 -1.5 178.443080435044 S2_0
14025 20 -1.5 24.6919416098964 S2_0
14027 20 -1.5 149.489414111776 S2_0
14029 20 -1.5 102.399661284752 S2_0
14030 20 -1.5 2.60252839198716 S2_0
14031 20 -1.5 323.428071226848 S2_0
14032 20 -1.5 389.624970513102 S2_0
14033 20 -1.5 30.5019133589106 S2_0
14011 21 -1.5 0 S2_0
14012 21 -1.5 2.84624551861703 S2_0
14013 21 -1.5 81.7185822201953 S2_0
14015 21 -1.5 0 S2_0
14017 21 -1.5 51.70040623015 S2_0
14018 21 -1.5 0 S2_0
14022 21 -1.5 254.761466415015 S2_0
14023 21 -1.5 124.384697710873 S2_0
14025 21 -1.5 0 S2_0
14027 21 -1.5 85.1324140967889 S2_0
14029 21 -1.5 19.9698877659961 S2_0
14030 21 -1.5 0 S2_0
14031 21 -1.5 221.262258687567 S2_0
14032 21 -1.5 281.765507117521 S2_0
14033 21 -1.5 3.22013779778774 S2_0
14011 22 -1.5 0 S2_0
14012 22 -1.5 7.28616338691973 S2_0
14013 22 -1.5 93.9400077656802 S2_0
14015 22 -1.5 0 S2_0
14017 22 -1.5 99.5595020817517 S2_0
14018 22 -1.5 0 S2_0
14022 22 -1.5 263.265073217591 S2_0
14023 22 -1.5 131.705673614962 S2_0
14025 22 -1.5 0 S2_0
14027 22 -1.5 102.220346438586 S2_0
14029 22 -1.5 33.5856168135239 S2_0
14030 22 -1.5 0 S2_0
14031 22 -1.5 250.129924000101 S2_0
14032 22 -1.5 302.747759066973 S2_0
14033 22 -1.5 7.49522664864282 S2_0
14011 23 -1.5 0 S2_0
14012 23 -1.5 3.7009463430407 S2_0
14013 23 -1.5 96.6808728700375 S2_0
14015 23 -1.5 0 S2_0
14017 23 -1.5 76.2091725461089 S2_0
14018 23 -1.5 0 S2_0
14022 23 -1.5 275.804438089722 S2_0
14023 23 -1.5 141.617979241914 S2_0
14025 23 -1.5 1.1727607809064 S2_0
14027 23 -1.5 88.3295965857417 S2_0
14029 23 -1.5 50.5718435962365 S2_0
14030 23 -1.5 0 S2_0
14031 23 -1.5 231.58802556345 S2_0
14032 23 -1.5 297.059959159054 S2_0
14033 23 -1.5 3.57369296280018 S2_0
14011 24 -1.5 0 S2_0
14012 24 -1.5 4.67537036780465 S2_0
14013 24 -1.5 89.2713074823361 S2_0
14015 24 -1.5 0 S2_0
14017 24 -1.5 75.8689347994104 S2_0
14018 24 -1.5 0 S2_0
14022 24 -1.5 262.048355455517 S2_0
14023 24 -1.5 130.585689340048 S2_0
14025 24 -1.5 0 S2_0
14027 24 -1.5 93.6675411205013 S2_0
14029 24 -1.5 29.2287555040515 S2_0
14030 24 -1.5 0 S2_0
14031 24 -1.5 234.011013362296 S2_0
14032 24 -1.5 295.084592704697 S2_0
14033 24 -1.5 4.96004259954061 S2_0
14011 25 -1.5 0 S2_0
14012 25 -1.5 0 S2_0
14013 25 -1.5 0 S2_0
14015 25 -1.5 0 S2_0
14017 25 -1.5 0 S2_0
14018 25 -1.5 0 S2_0
14022 25 -1.5 52.3748633082919 S2_0
14023 25 -1.5 0 S2_0
14025 25 -1.5 0 S2_0
14027 25 -1.5 0 S2_0
14029 25 -1.5 0 S2_0
14030 25 -1.5 0 S2_0
14031 25 -1.5 79.2243781550067 S2_0
14032 25 -1.5 1.51371554677935 S2_0
14033 25 -1.5 0 S2_0
14011 26 -1.5 2.0302896820055 S2_0
14012 26 -1.5 16.3046715171643 S2_0
14013 26 -1.5 112.469378543272 S2_0
14015 26 -1.5 0 S2_0
14017 26 -1.5 123.818330465957 S2_0
14018 26 -1.5 0 S2_0
14022 26 -1.5 283.650249451496 S2_0
14023 26 -1.5 149.209037541811 S2_0
14025 26 -1.5 4.87427617724827 S2_0
14027 26 -1.5 119.434779935556 S2_0
14029 26 -1.5 57.1184033909392 S2_0
14030 26 -1.5 0 S2_0
14031 26 -1.5 276.425602401246 S2_0
14032 26 -1.5 333.518903321608 S2_0
14033 26 -1.5 14.5703232662492 S2_0
14011 27 -1.5 0 S2_0
14012 27 -1.5 0 S2_0
14013 27 -1.5 0 S2_0
14015 27 -1.5 0 S2_0
14017 27 -1.5 0 S2_0
14018 27 -1.5 0 S2_0
14022 27 -1.5 0 S2_0
14023 27 -1.5 0 S2_0
14025 27 -1.5 0 S2_0
14027 27 -1.5 0 S2_0
14029 27 -1.5 0 S2_0
14030 27 -1.5 0 S2_0
14031 27 -1.5 0 S2_0
14032 27 -1.5 0 S2_0
14033 27 -1.5 0 S2_0
14011 28 -1.5 3.93211663299891 S2_0
14012 28 -1.5 23.624114662306 S2_0
14013 28 -1.5 123.844205822554 S2_0
14015 28 -1.5 0 S2_0
14017 28 -1.5 156.62218597398 S2_0
14018 28 -1.5 0 S2_0
14022 28 -1.5 296.725048954102 S2_0
14023 28 -1.5 159.716756833645 S2_0
14025 28 -1.5 10.3789636062757 S2_0
14027 28 -1.5 130.023115234571 S2_0
14029 28 -1.5 77.9059312018729 S2_0
14030 28 -1.5 1.81534510097072 S2_0
14031 28 -1.5 294.496763444611 S2_0
14032 28 -1.5 353.070451747416 S2_0
14033 28 -1.5 20.5711943316161 S2_0
14011 29 -1.5 0 S2_0
14012 29 -1.5 0 S2_0
14013 29 -1.5 23.7547086578564 S2_0
14015 29 -1.5 0 S2_0
14017 29 -1.5 1.03367236537902 S2_0
14018 29 -1.5 0 S2_0
14022 29 -1.5 191.264089772491 S2_0
14023 29 -1.5 73.3639448708082 S2_0
14025 29 -1.5 0 S2_0
14027 29 -1.5 22.6761551721415 S2_0
14029 29 -1.5 0 S2_0
14030 29 -1.5 0 S2_0
14031 29 -1.5 140.889386833533 S2_0
14032 29 -1.5 178.318623987696 S2_0
14033 29 -1.5 0 S2_0
14011 30 -1.5 0 S2_0
14012 30 -1.5 0 S2_0
14013 30 -1.5 0 S2_0
14015 30 -1.5 0 S2_0
14017 30 -1.5 0 S2_0
14018 30 -1.5 0 S2_0
14022 30 -1.5 49.0435872320524 S2_0
14023 30 -1.5 0 S2_0
14025 30 -1.5 0 S2_0
14027 30 -1.5 0 S2_0
14029 30 -1.5 0 S2_0
14030 30 -1.5 0 S2_0
14031 30 -1.5 78.1458049783682 S2_0
14032 30 -1.5 1.29103373672014 S2_0
14033 30 -1.5 0 S2_0
14011 31 -1.5 0 S2_0
14012 31 -1.5 0 S2_0
14013 31 -1.5 15.0634581217514 S2_0
14015 31 -1.5 0 S2_0
14017 31 -1.5 1.30044157987942 S2_0
14018 31 -1.5 0 S2_0
14022 31 -1.5 158.143047111318 S2_0
14023 31 -1.5 41.2908758040856 S2_0
14025 31 -1.5 0 S2_0
14027 31 -1.5 0 S2_0
14029 31 -1.5 2.73357461527491 S2_0
14030 31 -1.5 0 S2_0
14031 31 -1.5 125.464861572743 S2_0
14032 31 -1.5 110.737511842313 S2_0
14033 31 -1.5 0 S2_0
14011 1 -3 0 S2_0
14012 1 -3 0 S2_0
14013 1 -3 0 S2_0
14015 1 -3 0 S2_0
14017 1 -3 0 S2_0
14018 1 -3 0 S2_0
14022 1 -3 25.0697487957127 S2_0
14023 1 -3 0 S2_0
14025 1 -3 0 S2_0
14027 1 -3 0 S2_0
14029 1 -3 0 S2_0
14030 1 -3 0 S2_0
14031 1 -3 11.4524301810879 S2_0
14032 1 -3 22.9819058040658 S2_0
14033 1 -3 0 S2_0
14011 2 -3 0 S2_0
14012 2 -3 0 S2_0
14013 2 -3 0 S2_0
14015 2 -3 0 S2_0
14017 2 -3 0 S2_0
14018 2 -3 0 S2_0
14022 2 -3 0 S2_0
14023 2 -3 0 S2_0
14025 2 -3 0 S2_0
14027 2 -3 0 S2_0
14029 2 -3 0 S2_0
14030 2 -3 0 S2_0
14031 2 -3 0 S2_0
14032 2 -3 0 S2_0
14033 2 -3 0 S2_0
14011 3 -3 0 S2_0
14012 3 -3 0 S2_0
14013 3 -3 0 S2_0
14015 3 -3 0 S2_0
14017 3 -3 0 S2_0
14018 3 -3 0 S2_0
14022 3 -3 45.5154007874765 S2_0
14023 3 -3 0 S2_0
14025 3 -3 0 S2_0
14027 3 -3 0 S2_0
14029 3 -3 0 S2_0
14030 3 -3 0 S2_0
14031 3 -3 11.6577072579559 S2_0
14032 3 -3 2.00652757823514 S2_0
14033 3 -3 0 S2_0
14011 4 -3 0 S2_0
14012 4 -3 0 S2_0
14013 4 -3 0 S2_0
14015 4 -3 0 S2_0
14017 4 -3 0 S2_0
14018 4 -3 0 S2_0
14022 4 -3 58.5925939036875 S2_0
14023 4 -3 0 S2_0
14025 4 -3 0 S2_0
14027 4 -3 0 S2_0
14029 4 -3 0 S2_0
14030 4 -3 0 S2_0
14031 4 -3 21.673559605212 S2_0
14032 4 -3 42.9803754996211 S2_0
14033 4 -3 0 S2_0
14011 5 -3 0 S2_0
14012 5 -3 0 S2_0
14013 5 -3 0 S2_0
14015 5 -3 0 S2_0
14017 5 -3 0 S2_0
14018 5 -3 0 S2_0
14022 5 -3 0 S2_0
14023 5 -3 0 S2_0
14025 5 -3 0 S2_0
14027 5 -3 0 S2_0
14029 5 -3 0 S2_0
14030 5 -3 0 S2_0
14031 5 -3 0 S2_0
14032 5 -3 0 S2_0
14033 5 -3 0 S2_0
14011 6 -3 0 S2_0
14012 6 -3 0 S2_0
14013 6 -3 49.6208252192795 S2_0
14015 6 -3 0 S2_0
14017 6 -3 5.09985747517698 S2_0
14018 6 -3 0 S2_0
14022 6 -3 216.372880929913 S2_0
14023 6 -3 92.789441468885 S2_0
14025 6 -3 1.28412579074509 S2_0
14027 6 -3 42.289292626051 S2_0
14029 6 -3 4.36115630422148 S2_0
14030 6 -3 0 S2_0
14031 6 -3 167.025168979505 S2_0
14032 6 -3 208.677334106023 S2_0
14033 6 -3 0 S2_0
14011 7 -3 0 S2_0
14012 7 -3 0 S2_0
14013 7 -3 0 S2_0
14015 7 -3 0 S2_0
14017 7 -3 0 S2_0
14018 7 -3 0 S2_0
14022 7 -3 0 S2_0
14023 7 -3 0 S2_0
14025 7 -3 0 S2_0
14027 7 -3 0 S2_0
14029 7 -3 0 S2_0
14030 7 -3 0 S2_0
14031 7 -3 0 S2_0
14032 7 -3 0 S2_0
14033 7 -3 0 S2_0
14011 8 -3 0 S2_0
14012 8 -3 0 S2_0
14013 8 -3 1.65103886139655 S2_0
14015 8 -3 0 S2_0
14017 8 -3 0 S2_0
14018 8 -3 0 S2_0
14022 8 -3 122.891442570389 S2_0
14023 8 -3 18.1000470282806 S2_0
14025 8 -3 0 S2_0
14027 8 -3 6.75664569346219 S2_0
14029 8 -3 0 S2_0
14030 8 -3 0 S2_0
14031 8 -3 97.6918463769251 S2_0
14032 8 -3 127.325085414153 S2_0
14033 8 -3 0 S2_0
14011 9 -3 0 S2_0
14012 9 -3 0 S2_0
14013 9 -3 0 S2_0
14015 9 -3 0 S2_0
14017 9 -3 0 S2_0
14018 9 -3 0 S2_0
14022 9 -3 125.280203071254 S2_0
14023 9 -3 17.1756812466234 S2_0
14025 9 -3 0 S2_0
14027 9 -3 0 S2_0
14029 9 -3 0 S2_0
14030 9 -3 0 S2_0
14031 9 -3 77.5132559999459 S2_0
14032 9 -3 103.813865399719 S2_0
14033 9 -3 0 S2_0
14011 10 -3 0 S2_0
14012 10 -3 0 S2_0
14013 10 -3 0 S2_0
14015 10 -3 0 S2_0
14017 10 -3 0 S2_0
14018 10 -3 0 S2_0
14022 10 -3 114.693010476074 S2_0
14023 10 -3 11.911265337342 S2_0
14025 10 -3 0 S2_0
14027 10 -3 3.20209286859798 S2_0
14029 10 -3 0 S2_0
14030 10 -3 0 S2_0
14031 10 -3 85.7162482367155 S2_0
14032 10 -3 116.532213302434 S2_0
14033 10 -3 0 S2_0
14011 11 -3 0 S2_0
14012 11 -3 0 S2_0
14013 11 -3 0 S2_0
14015 11 -3 0 S2_0
14017 11 -3 0 S2_0
14018 11 -3 0 S2_0
14022 11 -3 0 S2_0
14023 11 -3 0 S2_0
14025 11 -3 0 S2_0
14027 11 -3 0 S2_0
14029 11 -3 0 S2_0
14030 11 -3 0 S2_0
14031 11 -3 0 S2_0
14032 11 -3 0 S2_0
14033 11 -3 0 S2_0
14011 12 -3 0 S2_0
14012 12 -3 0 S2_0
14013 12 -3 0 S2_0
14015 12 -3 0 S2_0
14017 12 -3 0 S2_0
14018 12 -3 0 S2_0
14022 12 -3 0 S2_0
14023 12 -3 0 S2_0
14025 12 -3 0 S2_0
14027 12 -3 0 S2_0
14029 12 -3 0 S2_0
14030 12 -3 0 S2_0
14031 12 -3 0 S2_0
14032 12 -3 0 S2_0
14033 12 -3 0 S2_0
14011 13 -3 0 S2_0
14012 13 -3 0 S2_0
14013 13 -3 0 S2_0
14015 13 -3 0 S2_0
14017 13 -3 0 S2_0
14018 13 -3 0 S2_0
14022 13 -3 77.3871368852795 S2_0
14023 13 -3 1.36679549398688 S2_0
14025 13 -3 0 S2_0
14027 13 -3 0 S2_0
14029 13 -3 0 S2_0
14030 13 -3 0 S2_0
14031 13 -3 33.3565648577664 S2_0
14032 13 -3 34.3393489515151 S2_0
14033 13 -3 0 S2_0
14011 14 -3 0 S2_0
14012 14 -3 0 S2_0
14013 14 -3 0 S2_0
14015 14 -3 0 S2_0
14017 14 -3 0 S2_0
14018 14 -3 0 S2_0
14022 14 -3 35.6976199648687 S2_0
14023 14 -3 0 S2_0
14025 14 -3 0 S2_0
14027 14 -3 0 S2_0
14029 14 -3 0 S2_0
14030 14 -3 0 S2_0
14031 14 -3 56.4944033517419 S2_0
14032 14 -3 0 S2_0
14033 14 -3 0 S2_0
14011 15 -3 0 S2_0
14012 15 -3 10.0048841558264 S2_0
14013 15 -3 100.317473422392 S2_0
14015 15 -3 0 S2_0
14017 15 -3 101.819798932385 S2_0
14018 15 -3 0 S2_0
14022 15 -3 271.572797665942 S2_0
14023 15 -3 134.591829725472 S2_0
14025 15 -3 29.9739102411419 S2_0
14027 15 -3 104.089904428563 S2_0
14029 15 -3 49.5217422787948 S2_0
14030 15 -3 0 S2_0
14031 15 -3 252.2503682435 S2_0
14032 15 -3 313.2737110601 S2_0
14033 15 -3 10.2340075236602 S2_0
14011 16 -3 0 S2_0
14012 16 -3 0 S2_0
14013 16 -3 12.0160888836557 S2_0
14015 16 -3 0 S2_0
14017 16 -3 1.34638670614612 S2_0
14018 16 -3 0 S2_0
14022 16 -3 157.170231104898 S2_0
14023 16 -3 47.2428034336191 S2_0
14025 16 -3 0 S2_0
14027 16 -3 30.5065413936847 S2_0
14029 16 -3 0 S2_0
14030 16 -3 0 S2_0
14031 16 -3 138.455877008769 S2_0
14032 16 -3 171.036943221976 S2_0
14033 16 -3 0 S2_0
14011 17 -3 0 S2_0
14012 17 -3 0 S2_0
14013 17 -3 32.3025354943441 S2_0
14015 17 -3 0 S2_0
14017 17 -3 0 S2_0
14018 17 -3 0 S2_0
14022 17 -3 193.628195507223 S2_0
14023 17 -3 77.1702314732658 S2_0
14025 17 -3 0 S2_0
14027 17 -3 17.395815165822 S2_0
14029 17 -3 1.8178559835657 S2_0
14030 17 -3 0 S2_0
14031 17 -3 146.511275174442 S2_0
14032 17 -3 162.652908494616 S2_0
14033 17 -3 0 S2_0
14011 18 -3 0 S2_0
14012 18 -3 0 S2_0
14013 18 -3 0 S2_0
14015 18 -3 0 S2_0
14017 18 -3 0 S2_0
14018 18 -3 0 S2_0
14022 18 -3 4.51005265020058 S2_0
14023 18 -3 0 S2_0
14025 18 -3 0 S2_0
14027 18 -3 0 S2_0
14029 18 -3 0 S2_0
14030 18 -3 0 S2_0
14031 18 -3 1.36913454722379 S2_0
14032 18 -3 3.21816944303434 S2_0
14033 18 -3 0 S2_0
14011 19 -3 0 S2_0
14012 19 -3 0 S2_0
14013 19 -3 1.32830850478073 S2_0
14015 19 -3 0 S2_0
14017 19 -3 0 S2_0
14018 19 -3 0 S2_0
14022 19 -3 122.968084225029 S2_0
14023 19 -3 17.310495845794 S2_0
14025 19 -3 0 S2_0
14027 19 -3 4.26473941194703 S2_0
14029 19 -3 0 S2_0
14030 19 -3 0 S2_0
14031 19 -3 90.631836950539 S2_0
14032 19 -3 123.437352019403 S2_0
14033 19 -3 0 S2_0
14011 20 -3 0 S2_0
14012 20 -3 1.61554873846323 S2_0
14013 20 -3 63.2033182525173 S2_0
14015 20 -3 0 S2_0
14017 20 -3 23.6871496331716 S2_0
14018 20 -3 0 S2_0
14022 20 -3 219.700826274088 S2_0
14023 20 -3 97.0336607253041 S2_0
14025 20 -3 5.65911743402265 S2_0
14027 20 -3 74.0135984768197 S2_0
14029 20 -3 5.20932971892816 S2_0
14030 20 -3 0 S2_0
14031 20 -3 203.592903540368 S2_0
14032 20 -3 249.318940733571 S2_0
14033 20 -3 2.3180751371234 S2_0
14011 21 -3 0 S2_0
14012 21 -3 0 S2_0
14013 21 -3 0 S2_0
14015 21 -3 0 S2_0
14017 21 -3 0 S2_0
14018 21 -3 0 S2_0
14022 21 -3 92.9517519927163 S2_0
14023 21 -3 3.33350951339041 S2_0
14025 21 -3 0 S2_0
14027 21 -3 0 S2_0
14029 21 -3 0 S2_0
14030 21 -3 0 S2_0
14031 21 -3 61.6534784080133 S2_0
14032 21 -3 89.947603113282 S2_0
14033 21 -3 0 S2_0
14011 22 -3 0 S2_0
14012 22 -3 0 S2_0
14013 22 -3 0 S2_0
14015 22 -3 0 S2_0
14017 22 -3 0 S2_0
14018 22 -3 0 S2_0
14022 22 -3 97.6136459018137 S2_0
14023 22 -3 4.669629227955 S2_0
14025 22 -3 0 S2_0
14027 22 -3 1.6888442198158 S2_0
14029 22 -3 0 S2_0
14030 22 -3 0 S2_0
14031 22 -3 77.742525792419 S2_0
14032 22 -3 101.990124177682 S2_0
14033 22 -3 0 S2_0
14011 23 -3 0 S2_0
14012 23 -3 0 S2_0
14013 23 -3 3.07080088517735 S2_0
14015 23 -3 0 S2_0
14017 23 -3 0 S2_0
14018 23 -3 0 S2_0
14022 23 -3 142.481534495354 S2_0
14023 23 -3 32.9056602504686 S2_0
14025 23 -3 0 S2_0
14027 23 -3 5.21205451275107 S2_0
14029 23 -3 0 S2_0
14030 23 -3 0 S2_0
14031 23 -3 98.4241546836657 S2_0
14032 23 -3 135.225313714196 S2_0
14033 23 -3 0 S2_0
14011 24 -3 0 S2_0
14012 24 -3 0 S2_0
14013 24 -3 0 S2_0
14015 24 -3 0 S2_0
14017 24 -3 0 S2_0
14018 24 -3 0 S2_0
14022 24 -3 100.730542066734 S2_0
14023 24 -3 5.5169307264884 S2_0
14025 24 -3 0 S2_0
14027 24 -3 1.24869300778756 S2_0
14029 24 -3 0 S2_0
14030 24 -3 0 S2_0
14031 24 -3 71.8872153261005 S2_0
14032 24 -3 101.162980402547 S2_0
14033 24 -3 0 S2_0
14011 25 -3 0 S2_0
14012 25 -3 0 S2_0
14013 25 -3 0 S2_0
14015 25 -3 0 S2_0
14017 25 -3 0 S2_0
14018 25 -3 0 S2_0
14022 25 -3 16.4477847085288 S2_0
14023 25 -3 0 S2_0
14025 25 -3 0 S2_0
14027 25 -3 0 S2_0
14029 25 -3 0 S2_0
14030 25 -3 0 S2_0
14031 25 -3 33.6200353062984 S2_0
14032 25 -3 0 S2_0
14033 25 -3 0 S2_0
14011 26 -3 0 S2_0
14012 26 -3 0 S2_0
14013 26 -3 4.80546040381213 S2_0
14015 26 -3 0 S2_0
14017 26 -3 0 S2_0
14018 26 -3 0 S2_0
14022 26 -3 140.031499602969 S2_0
14023 26 -3 31.7978807801091 S2_0
14025 26 -3 0 S2_0
14027 26 -3 17.2533226707701 S2_0
14029 26 -3 0 S2_0
14030 26 -3 0 S2_0
14031 26 -3 119.356275438055 S2_0
14032 26 -3 150.483783587856 S2_0
14033 26 -3 0 S2_0
14011 27 -3 0 S2_0
14012 27 -3 0 S2_0
14013 27 -3 0 S2_0
14015 27 -3 0 S2_0
14017 27 -3 0 S2_0
14018 27 -3 0 S2_0
14022 27 -3 0 S2_0
14023 27 -3 0 S2_0
14025 27 -3 0 S2_0
14027 27 -3 0 S2_0
14029 27 -3 0 S2_0
14030 27 -3 0 S2_0
14031 27 -3 0 S2_0
14032 27 -3 0 S2_0
14033 27 -3 0 S2_0
14011 28 -3 0 S2_0
14012 28 -3 0 S2_0
14013 28 -3 13.7194324832071 S2_0
14015 28 -3 0 S2_0
14017 28 -3 2.65919030875069 S2_0
14018 28 -3 0 S2_0
14022 28 -3 159.774739122124 S2_0
14023 28 -3 49.2961362963357 S2_0
14025 28 -3 0 S2_0
14027 28 -3 31.9953574779603 S2_0
14029 28 -3 0 S2_0
14030 28 -3 0 S2_0
14031 28 -3 141.008744661765 S2_0
14032 28 -3 175.135471954011 S2_0
14033 28 -3 0 S2_0
14011 29 -3 0 S2_0
14012 29 -3 0 S2_0
14013 29 -3 0 S2_0
14015 29 -3 0 S2_0
14017 29 -3 0 S2_0
14018 29 -3 0 S2_0
14022 29 -3 42.6703057189585 S2_0
14023 29 -3 0 S2_0
14025 29 -3 0 S2_0
14027 29 -3 0 S2_0
14029 29 -3 0 S2_0
14030 29 -3 0 S2_0
14031 29 -3 7.54666392584853 S2_0
14032 29 -3 17.010003129596 S2_0
14033 29 -3 0 S2_0
14011 30 -3 0 S2_0
14012 30 -3 0 S2_0
14013 30 -3 0 S2_0
14015 30 -3 0 S2_0
14017 30 -3 0 S2_0
14018 30 -3 0 S2_0
14022 30 -3 19.4215939937692 S2_0
14023 30 -3 0 S2_0
14025 30 -3 0 S2_0
14027 30 -3 0 S2_0
14029 30 -3 0 S2_0
14030 30 -3 0 S2_0
14031 30 -3 39.270399497614 S2_0
14032 30 -3 0 S2_0
14033 30 -3 0 S2_0
14011 31 -3 0 S2_0
14012 31 -3 0 S2_0
14013 31 -3 0 S2_0
14015 31 -3 0 S2_0
14017 31 -3 0 S2_0
14018 31 -3 0 S2_0
14022 31 -3 70.5886545885158 S2_0
14023 31 -3 0 S2_0
14025 31 -3 0 S2_0
14027 31 -3 0 S2_0
14029 31 -3 0 S2_0
14030 31 -3 0 S2_0
14031 31 -3 30.9145360688008 S2_0
14032 31 -3 11.4225360246602 S2_0
14033 31 -3 0 S2_0
14011 1 -5 0 S2_0
14012 1 -5 0 S2_0
14013 1 -5 0 S2_0
14015 1 -5 0 S2_0
14017 1 -5 0 S2_0
14018 1 -5 0 S2_0
14022 1 -5 0 S2_0
14023 1 -5 0 S2_0
14025 1 -5 0 S2_0
14027 1 -5 0 S2_0
14029 1 -5 0 S2_0
14030 1 -5 0 S2_0
14031 1 -5 0 S2_0
14032 1 -5 0 S2_0
14033 1 -5 0 S2_0
14011 2 -5 0 S2_0
14012 2 -5 0 S2_0
14013 2 -5 0 S2_0
14015 2 -5 0 S2_0
14017 2 -5 0 S2_0
14018 2 -5 0 S2_0
14022 2 -5 0 S2_0
14023 2 -5 0 S2_0
14025 2 -5 0 S2_0
14027 2 -5 0 S2_0
14029 2 -5 0 S2_0
14030 2 -5 0 S2_0
14031 2 -5 0 S2_0
14032 2 -5 0 S2_0
14033 2 -5 0 S2_0
14011 3 -5 0 S2_0
14012 3 -5 0 S2_0
14013 3 -5 0 S2_0
14015 3 -5 0 S2_0
14017 3 -5 0 S2_0
14018 3 -5 0 S2_0
14022 3 -5 0 S2_0
14023 3 -5 0 S2_0
14025 3 -5 0 S2_0
14027 3 -5 0 S2_0
14029 3 -5 0 S2_0
14030 3 -5 0 S2_0
14031 3 -5 0 S2_0
14032 3 -5 0 S2_0
14033 3 -5 0 S2_0
14011 4 -5 0 S2_0
14012 4 -5 0 S2_0
14013 4 -5 0 S2_0
14015 4 -5 0 S2_0
14017 4 -5 0 S2_0
14018 4 -5 0 S2_0
14022 4 -5 0 S2_0
14023 4 -5 0 S2_0
14025 4 -5 0 S2_0
14027 4 -5 0 S2_0
14029 4 -5 0 S2_0
14030 4 -5 0 S2_0
14031 4 -5 0 S2_0
14032 4 -5 0 S2_0
14033 4 -5 0 S2_0
14011 5 -5 0 S2_0
14012 5 -5 0 S2_0
14013 5 -5 0 S2_0
14015 5 -5 0 S2_0
14017 5 -5 0 S2_0
14018 5 -5 0 S2_0
14022 5 -5 0 S2_0
14023 5 -5 0 S2_0
14025 5 -5 0 S2_0
14027 5 -5 0 S2_0
14029 5 -5 0 S2_0
14030 5 -5 0 S2_0
14031 5 -5 0 S2_0
14032 5 -5 0 S2_0
14033 5 -5 0 S2_0
14011 6 -5 0 S2_0
14012 6 -5 0 S2_0
14013 6 -5 0 S2_0
14015 6 -5 0 S2_0
14017 6 -5 0 S2_0
14018 6 -5 0 S2_0
14022 6 -5 117.182032626168 S2_0
14023 6 -5 14.2570301307946 S2_0
14025 6 -5 0 S2_0
14027 6 -5 0 S2_0
14029 6 -5 0 S2_0
14030 6 -5 0 S2_0
14031 6 -5 72.0710418768503 S2_0
14032 6 -5 97.4790615039214 S2_0
14033 6 -5 0 S2_0
14011 7 -5 0 S2_0
14012 7 -5 0 S2_0
14013 7 -5 0 S2_0
14015 7 -5 0 S2_0
14017 7 -5 0 S2_0
14018 7 -5 0 S2_0
14022 7 -5 0 S2_0
14023 7 -5 0 S2_0
14025 7 -5 0 S2_0
14027 7 -5 0 S2_0
14029 7 -5 0 S2_0
14030 7 -5 0 S2_0
14031 7 -5 0 S2_0
14032 7 -5 0 S2_0
14033 7 -5 0 S2_0
14011 8 -5 0 S2_0
14012 8 -5 0 S2_0
14013 8 -5 0 S2_0
14015 8 -5 0 S2_0
14017 8 -5 0 S2_0
14018 8 -5 0 S2_0
14022 8 -5 1.29261510959992 S2_0
14023 8 -5 0 S2_0
14025 8 -5 0 S2_0
14027 8 -5 0 S2_0
14029 8 -5 0 S2_0
14030 8 -5 0 S2_0
14031 8 -5 0 S2_0
14032 8 -5 0 S2_0
14033 8 -5 0 S2_0
14011 9 -5 0 S2_0
14012 9 -5 0 S2_0
14013 9 -5 0 S2_0
14015 9 -5 0 S2_0
14017 9 -5 0 S2_0
14018 9 -5 0 S2_0
14022 9 -5 3.45186997883209 S2_0
14023 9 -5 0 S2_0
14025 9 -5 0 S2_0
14027 9 -5 0 S2_0
14029 9 -5 0 S2_0
14030 9 -5 0 S2_0
14031 9 -5 0 S2_0
14032 9 -5 0 S2_0
14033 9 -5 0 S2_0
14011 10 -5 0 S2_0
14012 10 -5 0 S2_0
14013 10 -5 0 S2_0
14015 10 -5 0 S2_0
14017 10 -5 0 S2_0
14018 10 -5 0 S2_0
14022 10 -5 0 S2_0
14023 10 -5 0 S2_0
14025 10 -5 0 S2_0
14027 10 -5 0 S2_0
14029 10 -5 0 S2_0
14030 10 -5 0 S2_0
14031 10 -5 0 S2_0
14032 10 -5 0 S2_0
14033 10 -5 0 S2_0
14011 11 -5 0 S2_0
14012 11 -5 0 S2_0
14013 11 -5 0 S2_0
14015 11 -5 0 S2_0
14017 11 -5 0 S2_0
14018 11 -5 0 S2_0
14022 11 -5 0 S2_0
14023 11 -5 0 S2_0
14025 11 -5 0 S2_0
14027 11 -5 0 S2_0
14029 11 -5 0 S2_0
14030 11 -5 0 S2_0
14031 11 -5 0 S2_0
14032 11 -5 0 S2_0
14033 11 -5 0 S2_0
14011 12 -5 0 S2_0
14012 12 -5 0 S2_0
14013 12 -5 0 S2_0
14015 12 -5 0 S2_0
14017 12 -5 0 S2_0
14018 12 -5 0 S2_0
14022 12 -5 0 S2_0
14023 12 -5 0 S2_0
14025 12 -5 0 S2_0
14027 12 -5 0 S2_0
14029 12 -5 0 S2_0
14030 12 -5 0 S2_0
14031 12 -5 0 S2_0
14032 12 -5 0 S2_0
14033 12 -5 0 S2_0
14011 13 -5 0 S2_0
14012 13 -5 0 S2_0
14013 13 -5 0 S2_0
14015 13 -5 0 S2_0
14017 13 -5 0 S2_0
14018 13 -5 0 S2_0
14022 13 -5 0 S2_0
14023 13 -5 0 S2_0
14025 13 -5 0 S2_0
14027 13 -5 0 S2_0
14029 13 -5 0 S2_0
14030 13 -5 0 S2_0
14031 13 -5 0 S2_0
14032 13 -5 0 S2_0
14033 13 -5 0 S2_0
14011 14 -5 0 S2_0
14012 14 -5 0 S2_0
14013 14 -5 0 S2_0
14015 14 -5 0 S2_0
14017 14 -5 0 S2_0
14018 14 -5 0 S2_0
14022 14 -5 5.95463800910987 S2_0
14023 14 -5 0 S2_0
14025 14 -5 0 S2_0
14027 14 -5 0 S2_0
14029 14 -5 0 S2_0
14030 14 -5 0 S2_0
14031 14 -5 14.4511500650896 S2_0
14032 14 -5 0 S2_0
14033 14 -5 0 S2_0
14011 15 -5 0 S2_0
14012 15 -5 0 S2_0
14013 15 -5 22.4413853101122 S2_0
14015 15 -5 0 S2_0
14017 15 -5 3.56198197882803 S2_0
14018 15 -5 0 S2_0
14022 15 -5 169.646638805761 S2_0
14023 15 -5 61.9294802021513 S2_0
14025 15 -5 1.35048425338899 S2_0
14027 15 -5 37.4256034869388 S2_0
14029 15 -5 0 S2_0
14030 15 -5 0 S2_0
14031 15 -5 143.845142174903 S2_0
14032 15 -5 187.107731296545 S2_0
14033 15 -5 0 S2_0
14011 16 -5 0 S2_0
14012 16 -5 0 S2_0
14013 16 -5 0 S2_0
14015 16 -5 0 S2_0
14017 16 -5 0 S2_0
14018 16 -5 0 S2_0
14022 16 -5 20.7044196302564 S2_0
14023 16 -5 0 S2_0
14025 16 -5 0 S2_0
14027 16 -5 0 S2_0
14029 16 -5 0 S2_0
14030 16 -5 0 S2_0
14031 16 -5 7.59124431037942 S2_0
14032 16 -5 16.3005274101441 S2_0
14033 16 -5 0 S2_0
14011 17 -5 0 S2_0
14012 17 -5 0 S2_0
14013 17 -5 1.08397035849672 S2_0
14015 17 -5 0 S2_0
14017 17 -5 0 S2_0
14018 17 -5 0 S2_0
14022 17 -5 121.851234889525 S2_0
14023 17 -5 16.0487396712489 S2_0
14025 17 -5 0 S2_0
14027 17 -5 0 S2_0
14029 17 -5 0 S2_0
14030 17 -5 0 S2_0
14031 17 -5 75.5619163022852 S2_0
14032 17 -5 84.3495712163477 S2_0
14033 17 -5 0 S2_0
14011 18 -5 0 S2_0
14012 18 -5 0 S2_0
14013 18 -5 0 S2_0
14015 18 -5 0 S2_0
14017 18 -5 0 S2_0
14018 18 -5 0 S2_0
14022 18 -5 0 S2_0
14023 18 -5 0 S2_0
14025 18 -5 0 S2_0
14027 18 -5 0 S2_0
14029 18 -5 0 S2_0
14030 18 -5 0 S2_0
14031 18 -5 0 S2_0
14032 18 -5 0 S2_0
14033 18 -5 0 S2_0
14011 19 -5 0 S2_0
14012 19 -5 0 S2_0
14013 19 -5 0 S2_0
14015 19 -5 0 S2_0
14017 19 -5 0 S2_0
14018 19 -5 0 S2_0
14022 19 -5 0 S2_0
14023 19 -5 0 S2_0
14025 19 -5 0 S2_0
14027 19 -5 0 S2_0
14029 19 -5 0 S2_0
14030 19 -5 0 S2_0
14031 19 -5 0 S2_0
14032 19 -5 0 S2_0
14033 19 -5 0 S2_0
14011 20 -5 0 S2_0
14012 20 -5 0 S2_0
14013 20 -5 0 S2_0
14015 20 -5 0 S2_0
14017 20 -5 0 S2_0
14018 20 -5 0 S2_0
14022 20 -5 101.835277703363 S2_0
14023 20 -5 7.52401197069537 S2_0
14025 20 -5 0 S2_0
14027 20 -5 2.68575887745048 S2_0
14029 20 -5 0 S2_0
14030 20 -5 0 S2_0
14031 20 -5 80.6838130977129 S2_0
14032 20 -5 106.711562964066 S2_0
14033 20 -5 0 S2_0
14011 21 -5 0 S2_0
14012 21 -5 0 S2_0
14013 21 -5 0 S2_0
14015 21 -5 0 S2_0
14017 21 -5 0 S2_0
14018 21 -5 0 S2_0
14022 21 -5 0 S2_0
14023 21 -5 0 S2_0
14025 21 -5 0 S2_0
14027 21 -5 0 S2_0
14029 21 -5 0 S2_0
14030 21 -5 0 S2_0
14031 21 -5 0 S2_0
14032 21 -5 0 S2_0
14033 21 -5 0 S2_0
14011 22 -5 0 S2_0
14012 22 -5 0 S2_0
14013 22 -5 0 S2_0
14015 22 -5 0 S2_0
14017 22 -5 0 S2_0
14018 22 -5 0 S2_0
14022 22 -5 0 S2_0
14023 22 -5 0 S2_0
14025 22 -5 0 S2_0
14027 22 -5 0 S2_0
14029 22 -5 0 S2_0
14030 22 -5 0 S2_0
14031 22 -5 0 S2_0
14032 22 -5 0 S2_0
14033 22 -5 0 S2_0
14011 23 -5 0 S2_0
14012 23 -5 0 S2_0
14013 23 -5 0 S2_0
14015 23 -5 0 S2_0
14017 23 -5 0 S2_0
14018 23 -5 0 S2_0
14022 23 -5 7.75777154117012 S2_0
14023 23 -5 0 S2_0
14025 23 -5 0 S2_0
14027 23 -5 0 S2_0
14029 23 -5 0 S2_0
14030 23 -5 0 S2_0
14031 23 -5 0 S2_0
14032 23 -5 2.04487247880872 S2_0
14033 23 -5 0 S2_0
14011 24 -5 0 S2_0
14012 24 -5 0 S2_0
14013 24 -5 0 S2_0
14015 24 -5 0 S2_0
14017 24 -5 0 S2_0
14018 24 -5 0 S2_0
14022 24 -5 0 S2_0
14023 24 -5 0 S2_0
14025 24 -5 0 S2_0
14027 24 -5 0 S2_0
14029 24 -5 0 S2_0
14030 24 -5 0 S2_0
14031 24 -5 0 S2_0
14032 24 -5 0 S2_0
14033 24 -5 0 S2_0
14011 25 -5 0 S2_0
14012 25 -5 0 S2_0
14013 25 -5 0 S2_0
14015 25 -5 0 S2_0
14017 25 -5 0 S2_0
14018 25 -5 0 S2_0
14022 25 -5 0 S2_0
14023 25 -5 0 S2_0
14025 25 -5 0 S2_0
14027 25 -5 0 S2_0
14029 25 -5 0 S2_0
14030 25 -5 0 S2_0
14031 25 -5 0 S2_0
14032 25 -5 0 S2_0
14033 25 -5 0 S2_0
14011 26 -5 0 S2_0
14012 26 -5 0 S2_0
14013 26 -5 0 S2_0
14015 26 -5 0 S2_0
14017 26 -5 0 S2_0
14018 26 -5 0 S2_0
14022 26 -5 3.94190248103615 S2_0
14023 26 -5 0 S2_0
14025 26 -5 0 S2_0
14027 26 -5 0 S2_0
14029 26 -5 0 S2_0
14030 26 -5 0 S2_0
14031 26 -5 0 S2_0
14032 26 -5 2.48542439723447 S2_0
14033 26 -5 0 S2_0
14011 27 -5 0 S2_0
14012 27 -5 0 S2_0
14013 27 -5 0 S2_0
14015 27 -5 0 S2_0
14017 27 -5 0 S2_0
14018 27 -5 0 S2_0
14022 27 -5 0 S2_0
14023 27 -5 0 S2_0
14025 27 -5 0 S2_0
14027 27 -5 0 S2_0
14029 27 -5 0 S2_0
14030 27 -5 0 S2_0
14031 27 -5 0 S2_0
14032 27 -5 0 S2_0
14033 27 -5 0 S2_0
14011 28 -5 0 S2_0
14012 28 -5 0 S2_0
14013 28 -5 0 S2_0
14015 28 -5 0 S2_0
14017 28 -5 0 S2_0
14018 28 -5 0 S2_0
14022 28 -5 18.632974776685 S2_0
14023 28 -5 0 S2_0
14025 28 -5 0 S2_0
14027 28 -5 0 S2_0
14029 28 -5 0 S2_0
14030 28 -5 0 S2_0
14031 28 -5 6.51428615898816 S2_0
14032 28 -5 15.0874952912989 S2_0
14033 28 -5 0 S2_0
14011 29 -5 0 S2_0
14012 29 -5 0 S2_0
14013 29 -5 0 S2_0
14015 29 -5 0 S2_0
14017 29 -5 0 S2_0
14018 29 -5 0 S2_0
14022 29 -5 0 S2_0
14023 29 -5 0 S2_0
14025 29 -5 0 S2_0
14027 29 -5 0 S2_0
14029 29 -5 0 S2_0
14030 29 -5 0 S2_0
14031 29 -5 0 S2_0
14032 29 -5 0 S2_0
14033 29 -5 0 S2_0
14011 30 -5 0 S2_0
14012 30 -5 0 S2_0
14013 30 -5 0 S2_0
14015 30 -5 0 S2_0
14017 30 -5 0 S2_0
14018 30 -5 0 S2_0
14022 30 -5 1.14674072245261 S2_0
14023 30 -5 0 S2_0
14025 30 -5 0 S2_0
14027 30 -5 0 S2_0
14029 30 -5 0 S2_0
14030 30 -5 0 S2_0
14031 30 -5 2.33909670311058 S2_0
14032 30 -5 0 S2_0
14033 30 -5 0 S2_0
14011 31 -5 0 S2_0
14012 31 -5 0 S2_0
14013 31 -5 0 S2_0
14015 31 -5 0 S2_0
14017 31 -5 0 S2_0
14018 31 -5 0 S2_0
14022 31 -5 0 S2_0
14023 31 -5 0 S2_0
14025 31 -5 0 S2_0
14027 31 -5 0 S2_0
14029 31 -5 0 S2_0
14030 31 -5 0 S2_0
14031 31 -5 0 S2_0
14032 31 -5 0 S2_0
14033 31 -5 0 S2_0
