speciesID lakeID variable value scenario
15042 1 -0.5 92.1630529380363 S2_0
15045 1 -0.5 0 S2_0
15048 1 -0.5 33.2176641833647 S2_0
15049 1 -0.5 29.2309076239367 S2_0
15051 1 -0.5 485.225141524286 S2_0
15053 1 -0.5 602.966651692676 S2_0
15054 1 -0.5 0 S2_0
15055 1 -0.5 0 S2_0
15056 1 -0.5 0 S2_0
15057 1 -0.5 0 S2_0
15059 1 -0.5 299.424348052855 S2_0
15060 1 -0.5 0 S2_0
15063 1 -0.5 45.9662133345483 S2_0
15066 1 -0.5 0 S2_0
15069 1 -0.5 331.326747492209 S2_0
15042 2 -0.5 0 S2_0
15045 2 -0.5 0 S2_0
15048 2 -0.5 0 S2_0
15049 2 -0.5 0 S2_0
15051 2 -0.5 0 S2_0
15053 2 -0.5 0 S2_0
15054 2 -0.5 0 S2_0
15055 2 -0.5 0 S2_0
15056 2 -0.5 0 S2_0
15057 2 -0.5 0 S2_0
15059 2 -0.5 0 S2_0
15060 2 -0.5 0 S2_0
15063 2 -0.5 0 S2_0
15066 2 -0.5 0 S2_0
15069 2 -0.5 0 S2_0
15042 3 -0.5 0 S2_0
15045 3 -0.5 0 S2_0
15048 3 -0.5 0 S2_0
15049 3 -0.5 0 S2_0
15051 3 -0.5 0 S2_0
15053 3 -0.5 0 S2_0
15054 3 -0.5 0 S2_0
15055 3 -0.5 0 S2_0
15056 3 -0.5 0 S2_0
15057 3 -0.5 0 S2_0
15059 3 -0.5 0 S2_0
15060 3 -0.5 0 S2_0
15063 3 -0.5 0 S2_0
15066 3 -0.5 0 S2_0
15069 3 -0.5 0 S2_0
15042 4 -0.5 14.7744753593247 S2_0
15045 4 -0.5 0 S2_0
15048 4 -0.5 18.4152888303222 S2_0
15049 4 -0.5 0 S2_0
15051 4 -0.5 84.5675411830115 S2_0
15053 4 -0.5 76.588509021639 S2_0
15054 4 -0.5 0 S2_0
15055 4 -0.5 0 S2_0
15056 4 -0.5 0 S2_0
15057 4 -0.5 0 S2_0
15059 4 -0.5 99.2074716575194 S2_0
15060 4 -0.5 0 S2_0
15063 4 -0.5 1.16043354945494 S2_0
15066 4 -0.5 0 S2_0
15069 4 -0.5 23.1903521689516 S2_0
15042 5 -0.5 0 S2_0
15045 5 -0.5 0 S2_0
15048 5 -0.5 0 S2_0
15049 5 -0.5 0 S2_0
15051 5 -0.5 0 S2_0
15053 5 -0.5 0 S2_0
15054 5 -0.5 0 S2_0
15055 5 -0.5 0 S2_0
15056 5 -0.5 0 S2_0
15057 5 -0.5 0 S2_0
15059 5 -0.5 0 S2_0
15060 5 -0.5 0 S2_0
15063 5 -0.5 0 S2_0
15066 5 -0.5 0 S2_0
15069 5 -0.5 0 S2_0
15042 6 -0.5 5.11181179417079 S2_0
15045 6 -0.5 0 S2_0
15048 6 -0.5 25.9063285589409 S2_0
15049 6 -0.5 0 S2_0
15051 6 -0.5 50.430715929206 S2_0
15053 6 -0.5 15.9711542858234 S2_0
15054 6 -0.5 0 S2_0
15055 6 -0.5 0 S2_0
15056 6 -0.5 0 S2_0
15057 6 -0.5 0 S2_0
15059 6 -0.5 48.1478632799888 S2_0
15060 6 -0.5 0 S2_0
15063 6 -0.5 0 S2_0
15066 6 -0.5 0 S2_0
15069 6 -0.5 0 S2_0
15042 7 -0.5 0 S2_0
15045 7 -0.5 0 S2_0
15048 7 -0.5 0 S2_0
15049 7 -0.5 0 S2_0
15051 7 -0.5 0 S2_0
15053 7 -0.5 0 S2_0
15054 7 -0.5 0 S2_0
15055 7 -0.5 0 S2_0
15056 7 -0.5 0 S2_0
15057 7 -0.5 0 S2_0
15059 7 -0.5 0 S2_0
15060 7 -0.5 0 S2_0
15063 7 -0.5 0 S2_0
15066 7 -0.5 0 S2_0
15069 7 -0.5 0 S2_0
15042 8 -0.5 79.5503906117725 S2_0
15045 8 -0.5 0 S2_0
15048 8 -0.5 16.8547611407572 S2_0
15049 8 -0.5 0 S2_0
15051 8 -0.5 249.375930378992 S2_0
15053 8 -0.5 318.450051503342 S2_0
15054 8 -0.5 0 S2_0
15055 8 -0.5 0 S2_0
15056 8 -0.5 0 S2_0
15057 8 -0.5 0 S2_0
15059 8 -0.5 235.071139478289 S2_0
15060 8 -0.5 0 S2_0
15063 8 -0.5 23.2575872533084 S2_0
15066 8 -0.5 0 S2_0
15069 8 -0.5 221.946313270094 S2_0
15042 9 -0.5 2.60337348707042 S2_0
15045 9 -0.5 0 S2_0
15048 9 -0.5 17.1536741310168 S2_0
15049 9 -0.5 0 S2_0
15051 9 -0.5 37.3005494454469 S2_0
15053 9 -0.5 9.10715913014981 S2_0
15054 9 -0.5 0 S2_0
15055 9 -0.5 0 S2_0
15056 9 -0.5 0 S2_0
15057 9 -0.5 0 S2_0
15059 9 -0.5 37.0079736704582 S2_0
15060 9 -0.5 0 S2_0
15063 9 -0.5 0 S2_0
15066 9 -0.5 0 S2_0
15069 9 -0.5 0 S2_0
15042 10 -0.5 79.9814275176621 S2_0
15045 10 -0.5 0 S2_0
15048 10 -0.5 31.6255559591024 S2_0
15049 10 -0.5 0 S2_0
15051 10 -0.5 228.098971678053 S2_0
15053 10 -0.5 281.028620877436 S2_0
15054 10 -0.5 0 S2_0
15055 10 -0.5 0 S2_0
15056 10 -0.5 0 S2_0
15057 10 -0.5 0 S2_0
15059 10 -0.5 227.809699479711 S2_0
15060 10 -0.5 0 S2_0
15063 10 -0.5 24.9242809980962 S2_0
15066 10 -0.5 0 S2_0
15069 10 -0.5 200.133660874379 S2_0
15042 11 -0.5 57.7123482698102 S2_0
15045 11 -0.5 0 S2_0
15048 11 -0.5 6.78882094466092 S2_0
15049 11 -0.5 5.278237353791 S2_0
15051 11 -0.5 408.402053545103 S2_0
15053 11 -0.5 534.468688210823 S2_0
15054 11 -0.5 0 S2_0
15055 11 -0.5 0 S2_0
15056 11 -0.5 0 S2_0
15057 11 -0.5 0 S2_0
15059 11 -0.5 264.112664512466 S2_0
15060 11 -0.5 0 S2_0
15063 11 -0.5 16.2869048929398 S2_0
15066 11 -0.5 0 S2_0
15069 11 -0.5 289.945000491928 S2_0
15042 12 -0.5 50.33691924336 S2_0
15045 12 -0.5 0 S2_0
15048 12 -0.5 0 S2_0
15049 12 -0.5 3.81455856891411 S2_0
15051 12 -0.5 454.97171082558 S2_0
15053 12 -0.5 554.567644926792 S2_0
15054 12 -0.5 0 S2_0
15055 12 -0.5 0 S2_0
15056 12 -0.5 0 S2_0
15057 12 -0.5 0 S2_0
15059 12 -0.5 250.513771834181 S2_0
15060 12 -0.5 0 S2_0
15063 12 -0.5 11.7148023397024 S2_0
15066 12 -0.5 0 S2_0
15069 12 -0.5 281.65436483817 S2_0
15042 13 -0.5 0 S2_0
15045 13 -0.5 0 S2_0
15048 13 -0.5 0 S2_0
15049 13 -0.5 0 S2_0
15051 13 -0.5 0 S2_0
15053 13 -0.5 0 S2_0
15054 13 -0.5 0 S2_0
15055 13 -0.5 0 S2_0
15056 13 -0.5 0 S2_0
15057 13 -0.5 0 S2_0
15059 13 -0.5 0 S2_0
15060 13 -0.5 0 S2_0
15063 13 -0.5 0 S2_0
15066 13 -0.5 0 S2_0
15069 13 -0.5 0 S2_0
15042 14 -0.5 0 S2_0
15045 14 -0.5 0 S2_0
15048 14 -0.5 0 S2_0
15049 14 -0.5 0 S2_0
15051 14 -0.5 0 S2_0
15053 14 -0.5 0 S2_0
15054 14 -0.5 0 S2_0
15055 14 -0.5 0 S2_0
15056 14 -0.5 0 S2_0
15057 14 -0.5 0 S2_0
15059 14 -0.5 0 S2_0
15060 14 -0.5 0 S2_0
15063 14 -0.5 0 S2_0
15066 14 -0.5 0 S2_0
15069 14 -0.5 0 S2_0
15042 15 -0.5 106.040467307957 S2_0
15045 15 -0.5 0 S2_0
15048 15 -0.5 51.1307658220123 S2_0
15049 15 -0.5 0 S2_0
15051 15 -0.5 255.399991329559 S2_0
15053 15 -0.5 306.43227507376 S2_0
15054 15 -0.5 0 S2_0
15055 15 -0.5 0 S2_0
15056 15 -0.5 0 S2_0
15057 15 -0.5 0 S2_0
15059 15 -0.5 249.756092754684 S2_0
15060 15 -0.5 0 S2_0
15063 15 -0.5 49.0919704175251 S2_0
15066 15 -0.5 0 S2_0
15069 15 -0.5 223.63025900676 S2_0
15042 16 -0.5 103.01188901841 S2_0
15045 16 -0.5 0 S2_0
15048 16 -0.5 28.8680853256573 S2_0
15049 16 -0.5 19.2281078790864 S2_0
15051 16 -0.5 390.680722000595 S2_0
15053 16 -0.5 504.664418823256 S2_0
15054 16 -0.5 0 S2_0
15055 16 -0.5 0 S2_0
15056 16 -0.5 0 S2_0
15057 16 -0.5 0 S2_0
15059 16 -0.5 289.178007331634 S2_0
15060 16 -0.5 0 S2_0
15063 16 -0.5 50.5017460019177 S2_0
15066 16 -0.5 0 S2_0
15069 16 -0.5 311.256558357293 S2_0
15042 17 -0.5 0 S2_0
15045 17 -0.5 0 S2_0
15048 17 -0.5 1.32246243354392 S2_0
15049 17 -0.5 0 S2_0
15051 17 -0.5 1.05375417636291 S2_0
15053 17 -0.5 0 S2_0
15054 17 -0.5 0 S2_0
15055 17 -0.5 0 S2_0
15056 17 -0.5 0 S2_0
15057 17 -0.5 0 S2_0
15059 17 -0.5 0 S2_0
15060 17 -0.5 0 S2_0
15063 17 -0.5 0 S2_0
15066 17 -0.5 0 S2_0
15069 17 -0.5 0 S2_0
15042 18 -0.5 74.6388784475419 S2_0
15045 18 -0.5 0 S2_0
15048 18 -0.5 7.91086508831055 S2_0
15049 18 -0.5 12.6860734469242 S2_0
15051 18 -0.5 448.903571635812 S2_0
15053 18 -0.5 563.324468407428 S2_0
15054 18 -0.5 0 S2_0
15055 18 -0.5 0 S2_0
15056 18 -0.5 0 S2_0
15057 18 -0.5 0 S2_0
15059 18 -0.5 273.710897038564 S2_0
15060 18 -0.5 0 S2_0
15063 18 -0.5 27.6190880509641 S2_0
15066 18 -0.5 0 S2_0
15069 18 -0.5 305.086802147017 S2_0
15042 19 -0.5 68.0844132522225 S2_0
15045 19 -0.5 0 S2_0
15048 19 -0.5 28.2960778424897 S2_0
15049 19 -0.5 0 S2_0
15051 19 -0.5 186.174772912957 S2_0
15053 19 -0.5 219.455130459586 S2_0
15054 19 -0.5 0 S2_0
15055 19 -0.5 0 S2_0
15056 19 -0.5 0 S2_0
15057 19 -0.5 0 S2_0
15059 19 -0.5 197.36789949936 S2_0
15060 19 -0.5 0 S2_0
15063 19 -0.5 15.3053102861943 S2_0
15066 19 -0.5 0 S2_0
15069 19 -0.5 155.708077822673 S2_0
15042 20 -0.5 108.855825288191 S2_0
15045 20 -0.5 0 S2_0
15048 20 -0.5 37.205482278962 S2_0
15049 20 -0.5 5.07092074439797 S2_0
15051 20 -0.5 336.871155470249 S2_0
15053 20 -0.5 431.751847057804 S2_0
15054 20 -0.5 0 S2_0
15055 20 -0.5 0 S2_0
15056 20 -0.5 0 S2_0
15057 20 -0.5 0 S2_0
15059 20 -0.5 282.00904801713 S2_0
15060 20 -0.5 0 S2_0
15063 20 -0.5 53.9510862472132 S2_0
15066 20 -0.5 0 S2_0
15069 20 -0.5 288.997684456421 S2_0
15042 21 -0.5 66.417547580283 S2_0
15045 21 -0.5 0 S2_0
15048 21 -0.5 31.7185075749088 S2_0
15049 21 -0.5 0 S2_0
15051 21 -0.5 185.809657801439 S2_0
15053 21 -0.5 219.08510694045 S2_0
15054 21 -0.5 0 S2_0
15055 21 -0.5 0 S2_0
15056 21 -0.5 0 S2_0
15057 21 -0.5 0 S2_0
15059 21 -0.5 197.839895589415 S2_0
15060 21 -0.5 0 S2_0
15063 21 -0.5 14.98385027573 S2_0
15066 21 -0.5 0 S2_0
15069 21 -0.5 154.987864690449 S2_0
15042 22 -0.5 105.428451393678 S2_0
15045 22 -0.5 0 S2_0
15048 22 -0.5 43.0171103297513 S2_0
15049 22 -0.5 37.675720457001 S2_0
15051 22 -0.5 465.421020346346 S2_0
15053 22 -0.5 586.685866772631 S2_0
15054 22 -0.5 0 S2_0
15055 22 -0.5 0 S2_0
15056 22 -0.5 0 S2_0
15057 22 -0.5 0 S2_0
15059 22 -0.5 308.082055193471 S2_0
15060 22 -0.5 0 S2_0
15063 22 -0.5 57.5861347625282 S2_0
15066 22 -0.5 0 S2_0
15069 22 -0.5 337.907090301318 S2_0
15042 23 -0.5 30.6145830253372 S2_0
15045 23 -0.5 0 S2_0
15048 23 -0.5 38.3076528836357 S2_0
15049 23 -0.5 0 S2_0
15051 23 -0.5 104.16435293801 S2_0
15053 23 -0.5 95.4253279414649 S2_0
15054 23 -0.5 0 S2_0
15055 23 -0.5 0 S2_0
15056 23 -0.5 0 S2_0
15057 23 -0.5 0 S2_0
15059 23 -0.5 116.409171948206 S2_0
15060 23 -0.5 0 S2_0
15063 23 -0.5 3.1630357877084 S2_0
15066 23 -0.5 0 S2_0
15069 23 -0.5 40.0522744205833 S2_0
15042 24 -0.5 81.3471832562767 S2_0
15045 24 -0.5 0 S2_0
15048 24 -0.5 37.7320888694018 S2_0
15049 24 -0.5 0 S2_0
15051 24 -0.5 231.336937048054 S2_0
15053 24 -0.5 284.244739687935 S2_0
15054 24 -0.5 0 S2_0
15055 24 -0.5 0 S2_0
15056 24 -0.5 0 S2_0
15057 24 -0.5 0 S2_0
15059 24 -0.5 231.189203547187 S2_0
15060 24 -0.5 0 S2_0
15063 24 -0.5 26.9344186556809 S2_0
15066 24 -0.5 0 S2_0
15069 24 -0.5 202.550632957613 S2_0
15042 25 -0.5 0 S2_0
15045 25 -0.5 0 S2_0
15048 25 -0.5 0 S2_0
15049 25 -0.5 0 S2_0
15051 25 -0.5 0 S2_0
15053 25 -0.5 0 S2_0
15054 25 -0.5 0 S2_0
15055 25 -0.5 0 S2_0
15056 25 -0.5 0 S2_0
15057 25 -0.5 0 S2_0
15059 25 -0.5 0 S2_0
15060 25 -0.5 0 S2_0
15063 25 -0.5 0 S2_0
15066 25 -0.5 0 S2_0
15069 25 -0.5 0 S2_0
15042 26 -0.5 106.325341998371 S2_0
15045 26 -0.5 0 S2_0
15048 26 -0.5 38.6117448261468 S2_0
15049 26 -0.5 24.5374357792887 S2_0
15051 26 -0.5 404.233764506677 S2_0
15053 26 -0.5 520.701911065019 S2_0
15054 26 -0.5 0 S2_0
15055 26 -0.5 0 S2_0
15056 26 -0.5 0 S2_0
15057 26 -0.5 0 S2_0
15059 26 -0.5 298.351036886843 S2_0
15060 26 -0.5 0 S2_0
15063 26 -0.5 55.6194166611522 S2_0
15066 26 -0.5 0 S2_0
15069 26 -0.5 320.139170380888 S2_0
15042 27 -0.5 0 S2_0
15045 27 -0.5 0 S2_0
15048 27 -0.5 0 S2_0
15049 27 -0.5 0 S2_0
15051 27 -0.5 0 S2_0
15053 27 -0.5 0 S2_0
15054 27 -0.5 0 S2_0
15055 27 -0.5 0 S2_0
15056 27 -0.5 0 S2_0
15057 27 -0.5 0 S2_0
15059 27 -0.5 0 S2_0
15060 27 -0.5 0 S2_0
15063 27 -0.5 0 S2_0
15066 27 -0.5 0 S2_0
15069 27 -0.5 0 S2_0
15042 28 -0.5 114.784995480315 S2_0
15045 28 -0.5 0 S2_0
15048 28 -0.5 46.9615096052953 S2_0
15049 28 -0.5 45.8393055260815 S2_0
15051 28 -0.5 473.058443998747 S2_0
15053 28 -0.5 593.614954547157 S2_0
15054 28 -0.5 0 S2_0
15055 28 -0.5 0 S2_0
15056 28 -0.5 0 S2_0
15057 28 -0.5 0 S2_0
15059 28 -0.5 314.578628193346 S2_0
15060 28 -0.5 0 S2_0
15063 28 -0.5 66.2018342661581 S2_0
15066 28 -0.5 0 S2_0
15069 28 -0.5 345.452320052519 S2_0
15042 29 -0.5 0 S2_0
15045 29 -0.5 0 S2_0
15048 29 -0.5 0 S2_0
15049 29 -0.5 0 S2_0
15051 29 -0.5 13.4886958085739 S2_0
15053 29 -0.5 2.40327890185702 S2_0
15054 29 -0.5 0 S2_0
15055 29 -0.5 0 S2_0
15056 29 -0.5 0 S2_0
15057 29 -0.5 0 S2_0
15059 29 -0.5 14.7580220369528 S2_0
15060 29 -0.5 0 S2_0
15063 29 -0.5 0 S2_0
15066 29 -0.5 0 S2_0
15069 29 -0.5 0 S2_0
15042 30 -0.5 0 S2_0
15045 30 -0.5 0 S2_0
15048 30 -0.5 0 S2_0
15049 30 -0.5 0 S2_0
15051 30 -0.5 0 S2_0
15053 30 -0.5 0 S2_0
15054 30 -0.5 0 S2_0
15055 30 -0.5 0 S2_0
15056 30 -0.5 0 S2_0
15057 30 -0.5 0 S2_0
15059 30 -0.5 0 S2_0
15060 30 -0.5 0 S2_0
15063 30 -0.5 0 S2_0
15066 30 -0.5 0 S2_0
15069 30 -0.5 0 S2_0
15042 31 -0.5 0 S2_0
15045 31 -0.5 0 S2_0
15048 31 -0.5 3.53479780448021 S2_0
15049 31 -0.5 0 S2_0
15051 31 -0.5 0 S2_0
15053 31 -0.5 0 S2_0
15054 31 -0.5 0 S2_0
15055 31 -0.5 0 S2_0
15056 31 -0.5 0 S2_0
15057 31 -0.5 0 S2_0
15059 31 -0.5 0 S2_0
15060 31 -0.5 0 S2_0
15063 31 -0.5 0 S2_0
15066 31 -0.5 0 S2_0
15069 31 -0.5 0 S2_0
15042 1 -1.5 1.12708425229812 S2_0
15045 1 -1.5 13.8720347845486 S2_0
15048 1 -1.5 424.386260119934 S2_0
15049 1 -1.5 0 S2_0
15051 1 -1.5 242.392147321547 S2_0
15053 1 -1.5 342.789526089607 S2_0
15054 1 -1.5 0 S2_0
15055 1 -1.5 0 S2_0
15056 1 -1.5 0 S2_0
15057 1 -1.5 43.8099717466204 S2_0
15059 1 -1.5 192.331288274608 S2_0
15060 1 -1.5 119.055324648963 S2_0
15063 1 -1.5 0 S2_0
15066 1 -1.5 138.825618577814 S2_0
15069 1 -1.5 173.468191821719 S2_0
15042 2 -1.5 0 S2_0
15045 2 -1.5 0 S2_0
15048 2 -1.5 173.654183425379 S2_0
15049 2 -1.5 0 S2_0
15051 2 -1.5 0 S2_0
15053 2 -1.5 0 S2_0
15054 2 -1.5 0 S2_0
15055 2 -1.5 0 S2_0
15056 2 -1.5 0 S2_0
15057 2 -1.5 0 S2_0
15059 2 -1.5 0 S2_0
15060 2 -1.5 0 S2_0
15063 2 -1.5 0 S2_0
15066 2 -1.5 0 S2_0
15069 2 -1.5 0 S2_0
15042 3 -1.5 0 S2_0
15045 3 -1.5 0 S2_0
15048 3 -1.5 398.68569032162 S2_0
15049 3 -1.5 0 S2_0
15051 3 -1.5 0 S2_0
15053 3 -1.5 0 S2_0
15054 3 -1.5 0 S2_0
15055 3 -1.5 0 S2_0
15056 3 -1.5 0 S2_0
15057 3 -1.5 0 S2_0
15059 3 -1.5 0 S2_0
15060 3 -1.5 0 S2_0
15063 3 -1.5 0 S2_0
15066 3 -1.5 0 S2_0
15069 3 -1.5 0 S2_0
15042 4 -1.5 0 S2_0
15045 4 -1.5 0 S2_0
15048 4 -1.5 444.341625302759 S2_0
15049 4 -1.5 0 S2_0
15051 4 -1.5 5.8853593827715 S2_0
15053 4 -1.5 2.39281876911901 S2_0
15054 4 -1.5 0 S2_0
15055 4 -1.5 0 S2_0
15056 4 -1.5 0 S2_0
15057 4 -1.5 8.92946942205287 S2_0
15059 4 -1.5 50.2576654702663 S2_0
15060 4 -1.5 0 S2_0
15063 4 -1.5 0 S2_0
15066 4 -1.5 3.66605870635174 S2_0
15069 4 -1.5 0 S2_0
15042 5 -1.5 0 S2_0
15045 5 -1.5 0 S2_0
15048 5 -1.5 0 S2_0
15049 5 -1.5 0 S2_0
15051 5 -1.5 0 S2_0
15053 5 -1.5 0 S2_0
15054 5 -1.5 0 S2_0
15055 5 -1.5 0 S2_0
15056 5 -1.5 0 S2_0
15057 5 -1.5 0 S2_0
15059 5 -1.5 0 S2_0
15060 5 -1.5 0 S2_0
15063 5 -1.5 0 S2_0
15066 5 -1.5 0 S2_0
15069 5 -1.5 0 S2_0
15042 6 -1.5 0 S2_0
15045 6 -1.5 5.05537149820152 S2_0
15048 6 -1.5 589.099159807697 S2_0
15049 6 -1.5 0 S2_0
15051 6 -1.5 20.3091228587805 S2_0
15053 6 -1.5 2.56625098093781 S2_0
15054 6 -1.5 4.57344869704015 S2_0
15055 6 -1.5 0 S2_0
15056 6 -1.5 0 S2_0
15057 6 -1.5 28.4999641146175 S2_0
15059 6 -1.5 60.0990921812942 S2_0
15060 6 -1.5 0 S2_0
15063 6 -1.5 0 S2_0
15066 6 -1.5 3.96966118782468 S2_0
15069 6 -1.5 0 S2_0
15042 7 -1.5 0 S2_0
15045 7 -1.5 0 S2_0
15048 7 -1.5 178.899546662626 S2_0
15049 7 -1.5 0 S2_0
15051 7 -1.5 0 S2_0
15053 7 -1.5 0 S2_0
15054 7 -1.5 0 S2_0
15055 7 -1.5 0 S2_0
15056 7 -1.5 0 S2_0
15057 7 -1.5 0 S2_0
15059 7 -1.5 0 S2_0
15060 7 -1.5 0 S2_0
15063 7 -1.5 0 S2_0
15066 7 -1.5 0 S2_0
15069 7 -1.5 0 S2_0
15042 8 -1.5 6.36614735296816 S2_0
15045 8 -1.5 32.6797012771919 S2_0
15048 8 -1.5 506.097832690446 S2_0
15049 8 -1.5 0 S2_0
15051 8 -1.5 148.47339824714 S2_0
15053 8 -1.5 191.827221289018 S2_0
15054 8 -1.5 0 S2_0
15055 8 -1.5 0 S2_0
15056 8 -1.5 2.17926088217548 S2_0
15057 8 -1.5 78.0437305755602 S2_0
15059 8 -1.5 200.669284644957 S2_0
15060 8 -1.5 89.3949636644329 S2_0
15063 8 -1.5 0 S2_0
15066 8 -1.5 175.373835508883 S2_0
15069 8 -1.5 153.169057398473 S2_0
15042 9 -1.5 0 S2_0
15045 9 -1.5 0 S2_0
15048 9 -1.5 510.503703851983 S2_0
15049 9 -1.5 0 S2_0
15051 9 -1.5 2.43354631744064 S2_0
15053 9 -1.5 0 S2_0
15054 9 -1.5 0 S2_0
15055 9 -1.5 0 S2_0
15056 9 -1.5 0 S2_0
15057 9 -1.5 5.03116863445867 S2_0
15059 9 -1.5 22.4030270794404 S2_0
15060 9 -1.5 0 S2_0
15063 9 -1.5 0 S2_0
15066 9 -1.5 0 S2_0
15069 9 -1.5 0 S2_0
15042 10 -1.5 4.70868245622821 S2_0
15045 10 -1.5 26.5919824638463 S2_0
15048 10 -1.5 526.001567919781 S2_0
15049 10 -1.5 0 S2_0
15051 10 -1.5 124.869355715477 S2_0
15053 10 -1.5 154.105807128158 S2_0
15054 10 -1.5 0 S2_0
15055 10 -1.5 0 S2_0
15056 10 -1.5 1.72133049430265 S2_0
15057 10 -1.5 73.9165412577493 S2_0
15059 10 -1.5 182.698270627432 S2_0
15060 10 -1.5 65.180615599767 S2_0
15063 10 -1.5 0 S2_0
15066 10 -1.5 161.111756068445 S2_0
15069 10 -1.5 127.687086252025 S2_0
15042 11 -1.5 0 S2_0
15045 11 -1.5 0 S2_0
15048 11 -1.5 153.504171139248 S2_0
15049 11 -1.5 0 S2_0
15051 11 -1.5 84.3248783041726 S2_0
15053 11 -1.5 116.756404586562 S2_0
15054 11 -1.5 0 S2_0
15055 11 -1.5 0 S2_0
15056 11 -1.5 0 S2_0
15057 11 -1.5 0 S2_0
15059 11 -1.5 73.4811346819302 S2_0
15060 11 -1.5 10.1943068180521 S2_0
15063 11 -1.5 0 S2_0
15066 11 -1.5 9.31789531551114 S2_0
15069 11 -1.5 65.6138400778859 S2_0
15042 12 -1.5 0 S2_0
15045 12 -1.5 0 S2_0
15048 12 -1.5 156.81552770175 S2_0
15049 12 -1.5 0 S2_0
15051 12 -1.5 112.908931893528 S2_0
15053 12 -1.5 139.254164086639 S2_0
15054 12 -1.5 0 S2_0
15055 12 -1.5 0 S2_0
15056 12 -1.5 0 S2_0
15057 12 -1.5 0 S2_0
15059 12 -1.5 77.6559392426721 S2_0
15060 12 -1.5 17.4063041899387 S2_0
15063 12 -1.5 0 S2_0
15066 12 -1.5 9.08397743660091 S2_0
15069 12 -1.5 71.9738364224167 S2_0
15042 13 -1.5 0 S2_0
15045 13 -1.5 0 S2_0
15048 13 -1.5 371.281944056475 S2_0
15049 13 -1.5 0 S2_0
15051 13 -1.5 0 S2_0
15053 13 -1.5 0 S2_0
15054 13 -1.5 0 S2_0
15055 13 -1.5 0 S2_0
15056 13 -1.5 0 S2_0
15057 13 -1.5 0 S2_0
15059 13 -1.5 0 S2_0
15060 13 -1.5 0 S2_0
15063 13 -1.5 0 S2_0
15066 13 -1.5 0 S2_0
15069 13 -1.5 0 S2_0
15042 14 -1.5 0 S2_0
15045 14 -1.5 0 S2_0
15048 14 -1.5 376.206228781137 S2_0
15049 14 -1.5 0 S2_0
15051 14 -1.5 0 S2_0
15053 14 -1.5 0 S2_0
15054 14 -1.5 0 S2_0
15055 14 -1.5 0 S2_0
15056 14 -1.5 0 S2_0
15057 14 -1.5 0 S2_0
15059 14 -1.5 0 S2_0
15060 14 -1.5 0 S2_0
15063 14 -1.5 0 S2_0
15066 14 -1.5 0 S2_0
15069 14 -1.5 0 S2_0
15042 15 -1.5 63.020226103513 S2_0
15045 15 -1.5 111.173495983628 S2_0
15048 15 -1.5 664.73488851932 S2_0
15049 15 -1.5 0 S2_0
15051 15 -1.5 213.276924466313 S2_0
15053 15 -1.5 248.787246908977 S2_0
15054 15 -1.5 19.5202652479347 S2_0
15055 15 -1.5 4.87937496325004 S2_0
15056 15 -1.5 42.3958729327864 S2_0
15057 15 -1.5 142.461512984977 S2_0
15059 15 -1.5 268.886818271574 S2_0
15060 15 -1.5 153.730114422991 S2_0
15063 15 -1.5 15.2704064827026 S2_0
15066 15 -1.5 282.820207746925 S2_0
15069 15 -1.5 207.302683847053 S2_0
15042 16 -1.5 25.8731991180651 S2_0
15045 16 -1.5 75.8694565108933 S2_0
15048 16 -1.5 556.320272800206 S2_0
15049 16 -1.5 4.04214783986103 S2_0
15051 16 -1.5 280.700008872252 S2_0
15053 16 -1.5 373.873993874386 S2_0
15054 16 -1.5 1.58126112668928 S2_0
15055 16 -1.5 0 S2_0
15056 16 -1.5 13.2028586769428 S2_0
15057 16 -1.5 103.814562536892 S2_0
15059 16 -1.5 272.712443777339 S2_0
15060 16 -1.5 181.070518025284 S2_0
15063 16 -1.5 3.49154440213806 S2_0
15066 16 -1.5 242.691595158896 S2_0
15069 16 -1.5 246.972512153573 S2_0
15042 17 -1.5 0 S2_0
15045 17 -1.5 0 S2_0
15048 17 -1.5 524.670709639782 S2_0
15049 17 -1.5 0 S2_0
15051 17 -1.5 0 S2_0
15053 17 -1.5 0 S2_0
15054 17 -1.5 1.57242308923398 S2_0
15055 17 -1.5 0 S2_0
15056 17 -1.5 0 S2_0
15057 17 -1.5 0 S2_0
15059 17 -1.5 0 S2_0
15060 17 -1.5 0 S2_0
15063 17 -1.5 0 S2_0
15066 17 -1.5 0 S2_0
15069 17 -1.5 0 S2_0
15042 18 -1.5 0 S2_0
15045 18 -1.5 3.23711140430658 S2_0
15048 18 -1.5 334.390952549926 S2_0
15049 18 -1.5 0 S2_0
15051 18 -1.5 190.273681017157 S2_0
15053 18 -1.5 274.971543319904 S2_0
15054 18 -1.5 0 S2_0
15055 18 -1.5 0 S2_0
15056 18 -1.5 0 S2_0
15057 18 -1.5 22.6398728320481 S2_0
15059 18 -1.5 151.578446700877 S2_0
15060 18 -1.5 87.2188403312422 S2_0
15063 18 -1.5 0 S2_0
15066 18 -1.5 94.3068739906609 S2_0
15069 18 -1.5 140.615668315269 S2_0
15042 19 -1.5 3.24999516876161 S2_0
15045 19 -1.5 19.195828050502 S2_0
15048 19 -1.5 527.08932278253 S2_0
15049 19 -1.5 0 S2_0
15051 19 -1.5 99.1626909266988 S2_0
15053 19 -1.5 116.493853528138 S2_0
15054 19 -1.5 0 S2_0
15055 19 -1.5 0 S2_0
15056 19 -1.5 1.26910926198212 S2_0
15057 19 -1.5 69.0968067273248 S2_0
15059 19 -1.5 158.548095108974 S2_0
15060 19 -1.5 33.2642366965223 S2_0
15063 19 -1.5 0 S2_0
15066 19 -1.5 137.867018669013 S2_0
15069 19 -1.5 96.6945367988235 S2_0
15042 20 -1.5 51.1605339958928 S2_0
15045 20 -1.5 102.427973730296 S2_0
15048 20 -1.5 612.617401118705 S2_0
15049 20 -1.5 2.93528178595946 S2_0
15051 20 -1.5 266.474534109779 S2_0
15053 20 -1.5 341.376158343864 S2_0
15054 20 -1.5 7.49637408714132 S2_0
15055 20 -1.5 3.84193056081767 S2_0
15056 20 -1.5 31.5771942270987 S2_0
15057 20 -1.5 129.440087984092 S2_0
15059 20 -1.5 290.301379554753 S2_0
15060 20 -1.5 189.14635334006 S2_0
15063 20 -1.5 10.7253830172168 S2_0
15066 20 -1.5 284.019480181469 S2_0
15069 20 -1.5 253.461363096811 S2_0
15042 21 -1.5 1.53224835442501 S2_0
15045 21 -1.5 10.3825240393221 S2_0
15048 21 -1.5 504.826585218446 S2_0
15049 21 -1.5 0 S2_0
15051 21 -1.5 85.4315440989711 S2_0
15053 21 -1.5 101.584774062176 S2_0
15054 21 -1.5 0 S2_0
15055 21 -1.5 0 S2_0
15056 21 -1.5 0 S2_0
15057 21 -1.5 56.2630518986191 S2_0
15059 21 -1.5 142.70186654245 S2_0
15060 21 -1.5 20.3970239198557 S2_0
15063 21 -1.5 0 S2_0
15066 21 -1.5 118.176078184151 S2_0
15069 21 -1.5 83.7221340630922 S2_0
15042 22 -1.5 10.661178635034 S2_0
15045 22 -1.5 53.6050014114713 S2_0
15048 22 -1.5 529.21058695272 S2_0
15049 22 -1.5 2.60438656358329 S2_0
15051 22 -1.5 296.141962661796 S2_0
15053 22 -1.5 400.801477241901 S2_0
15054 22 -1.5 0 S2_0
15055 22 -1.5 0 S2_0
15056 22 -1.5 4.48322199592608 S2_0
15057 22 -1.5 80.9369858879912 S2_0
15059 22 -1.5 253.366152489658 S2_0
15060 22 -1.5 166.990356091985 S2_0
15063 22 -1.5 1.23620530275824 S2_0
15066 22 -1.5 207.713452230521 S2_0
15069 22 -1.5 230.798835761495 S2_0
15042 23 -1.5 0 S2_0
15045 23 -1.5 5.85548072872642 S2_0
15048 23 -1.5 559.741621627297 S2_0
15049 23 -1.5 0 S2_0
15051 23 -1.5 39.6005060129418 S2_0
15053 23 -1.5 23.4446258498678 S2_0
15054 23 -1.5 0 S2_0
15055 23 -1.5 0 S2_0
15056 23 -1.5 0 S2_0
15057 23 -1.5 43.4881169453588 S2_0
15059 23 -1.5 93.2136878851442 S2_0
15060 23 -1.5 0 S2_0
15063 23 -1.5 0 S2_0
15066 23 -1.5 42.6467339290785 S2_0
15069 23 -1.5 8.2030796610483 S2_0
15042 24 -1.5 3.61753582158997 S2_0
15045 24 -1.5 22.5413134228056 S2_0
15048 24 -1.5 523.110910511542 S2_0
15049 24 -1.5 0 S2_0
15051 24 -1.5 119.443135722156 S2_0
15053 24 -1.5 147.449826814059 S2_0
15054 24 -1.5 0 S2_0
15055 24 -1.5 0 S2_0
15056 24 -1.5 1.25958765130765 S2_0
15057 24 -1.5 68.8335204706463 S2_0
15059 24 -1.5 176.02827420764 S2_0
15060 24 -1.5 59.8125327379759 S2_0
15063 24 -1.5 0 S2_0
15066 24 -1.5 154.83358734903 S2_0
15069 24 -1.5 122.215088798335 S2_0
15042 25 -1.5 0 S2_0
15045 25 -1.5 0 S2_0
15048 25 -1.5 363.508997174034 S2_0
15049 25 -1.5 0 S2_0
15051 25 -1.5 0 S2_0
15053 25 -1.5 0 S2_0
15054 25 -1.5 0 S2_0
15055 25 -1.5 0 S2_0
15056 25 -1.5 0 S2_0
15057 25 -1.5 0 S2_0
15059 25 -1.5 0 S2_0
15060 25 -1.5 0 S2_0
15063 25 -1.5 0 S2_0
15066 25 -1.5 0 S2_0
15069 25 -1.5 0 S2_0
15042 26 -1.5 21.9508598178613 S2_0
15045 26 -1.5 70.7626469546892 S2_0
15048 26 -1.5 561.159729762256 S2_0
15049 26 -1.5 3.36942096262174 S2_0
15051 26 -1.5 276.765450909828 S2_0
15053 26 -1.5 373.244903500576 S2_0
15054 26 -1.5 1.09578512183115 S2_0
15055 26 -1.5 0 S2_0
15056 26 -1.5 10.9031397958696 S2_0
15057 26 -1.5 98.708091026648 S2_0
15059 26 -1.5 269.713692276758 S2_0
15060 26 -1.5 175.064159526102 S2_0
15063 26 -1.5 2.86543056610693 S2_0
15066 26 -1.5 236.505359552464 S2_0
15069 26 -1.5 242.106828861311 S2_0
15042 27 -1.5 0 S2_0
15045 27 -1.5 0 S2_0
15048 27 -1.5 124.643061409626 S2_0
15049 27 -1.5 0 S2_0
15051 27 -1.5 0 S2_0
15053 27 -1.5 0 S2_0
15054 27 -1.5 0 S2_0
15055 27 -1.5 0 S2_0
15056 27 -1.5 0 S2_0
15057 27 -1.5 0 S2_0
15059 27 -1.5 0 S2_0
15060 27 -1.5 0 S2_0
15063 27 -1.5 0 S2_0
15066 27 -1.5 0 S2_0
15069 27 -1.5 0 S2_0
15042 28 -1.5 34.9187164757812 S2_0
15045 28 -1.5 89.1943383008434 S2_0
15048 28 -1.5 590.991285185359 S2_0
15049 28 -1.5 13.3180111927371 S2_0
15051 28 -1.5 350.314520672646 S2_0
15053 28 -1.5 453.255683394911 S2_0
15054 28 -1.5 2.02161310452953 S2_0
15055 28 -1.5 2.62655376100305 S2_0
15056 28 -1.5 20.421354431109 S2_0
15057 28 -1.5 110.100574674329 S2_0
15059 28 -1.5 295.460192265908 S2_0
15060 28 -1.5 212.745707948891 S2_0
15063 28 -1.5 6.69533973901668 S2_0
15066 28 -1.5 265.34064147645 S2_0
15069 28 -1.5 274.842514335433 S2_0
15042 29 -1.5 0 S2_0
15045 29 -1.5 0 S2_0
15048 29 -1.5 378.120531974408 S2_0
15049 29 -1.5 0 S2_0
15051 29 -1.5 0 S2_0
15053 29 -1.5 0 S2_0
15054 29 -1.5 0 S2_0
15055 29 -1.5 0 S2_0
15056 29 -1.5 0 S2_0
15057 29 -1.5 0 S2_0
15059 29 -1.5 2.10371851803491 S2_0
15060 29 -1.5 0 S2_0
15063 29 -1.5 0 S2_0
15066 29 -1.5 0 S2_0
15069 29 -1.5 0 S2_0
15042 30 -1.5 0 S2_0
15045 30 -1.5 0 S2_0
15048 30 -1.5 357.474821837765 S2_0
15049 30 -1.5 0 S2_0
15051 30 -1.5 0 S2_0
15053 30 -1.5 0 S2_0
15054 30 -1.5 0 S2_0
15055 30 -1.5 0 S2_0
15056 30 -1.5 0 S2_0
15057 30 -1.5 0 S2_0
15059 30 -1.5 0 S2_0
15060 30 -1.5 0 S2_0
15063 30 -1.5 0 S2_0
15066 30 -1.5 0 S2_0
15069 30 -1.5 0 S2_0
15042 31 -1.5 0 S2_0
15045 31 -1.5 0 S2_0
15048 31 -1.5 479.853282013564 S2_0
15049 31 -1.5 0 S2_0
15051 31 -1.5 0 S2_0
15053 31 -1.5 0 S2_0
15054 31 -1.5 0 S2_0
15055 31 -1.5 0 S2_0
15056 31 -1.5 0 S2_0
15057 31 -1.5 0 S2_0
15059 31 -1.5 0 S2_0
15060 31 -1.5 0 S2_0
15063 31 -1.5 0 S2_0
15066 31 -1.5 0 S2_0
15069 31 -1.5 0 S2_0
15042 1 -3 0 S2_0
15045 1 -3 0 S2_0
15048 1 -3 31.3243057460676 S2_0
15049 1 -3 0 S2_0
15051 1 -3 5.47084703892855 S2_0
15053 1 -3 16.0913524750003 S2_0
15054 1 -3 0 S2_0
15055 1 -3 0 S2_0
15056 1 -3 0 S2_0
15057 1 -3 0 S2_0
15059 1 -3 2.12031689782884 S2_0
15060 1 -3 0 S2_0
15063 1 -3 0 S2_0
15066 1 -3 0 S2_0
15069 1 -3 1.44840994075143 S2_0
15042 2 -3 0 S2_0
15045 2 -3 0 S2_0
15048 2 -3 134.717668457401 S2_0
15049 2 -3 0 S2_0
15051 2 -3 0 S2_0
15053 2 -3 0 S2_0
15054 2 -3 0 S2_0
15055 2 -3 0 S2_0
15056 2 -3 0 S2_0
15057 2 -3 0 S2_0
15059 2 -3 0 S2_0
15060 2 -3 0 S2_0
15063 2 -3 0 S2_0
15066 2 -3 0 S2_0
15069 2 -3 0 S2_0
15042 3 -3 0 S2_0
15045 3 -3 0 S2_0
15048 3 -3 138.754589502955 S2_0
15049 3 -3 0 S2_0
15051 3 -3 0 S2_0
15053 3 -3 0 S2_0
15054 3 -3 0 S2_0
15055 3 -3 0 S2_0
15056 3 -3 0 S2_0
15057 3 -3 0 S2_0
15059 3 -3 0 S2_0
15060 3 -3 0 S2_0
15063 3 -3 0 S2_0
15066 3 -3 0 S2_0
15069 3 -3 0 S2_0
15042 4 -3 0 S2_0
15045 4 -3 0 S2_0
15048 4 -3 81.1167778271768 S2_0
15049 4 -3 0 S2_0
15051 4 -3 0 S2_0
15053 4 -3 0 S2_0
15054 4 -3 0 S2_0
15055 4 -3 0 S2_0
15056 4 -3 0 S2_0
15057 4 -3 0 S2_0
15059 4 -3 0 S2_0
15060 4 -3 0 S2_0
15063 4 -3 0 S2_0
15066 4 -3 0 S2_0
15069 4 -3 0 S2_0
15042 5 -3 0 S2_0
15045 5 -3 0 S2_0
15048 5 -3 0 S2_0
15049 5 -3 0 S2_0
15051 5 -3 0 S2_0
15053 5 -3 0 S2_0
15054 5 -3 0 S2_0
15055 5 -3 0 S2_0
15056 5 -3 0 S2_0
15057 5 -3 0 S2_0
15059 5 -3 0 S2_0
15060 5 -3 0 S2_0
15063 5 -3 0 S2_0
15066 5 -3 0 S2_0
15069 5 -3 0 S2_0
15042 6 -3 0 S2_0
15045 6 -3 0 S2_0
15048 6 -3 399.823469238291 S2_0
15049 6 -3 0 S2_0
15051 6 -3 0 S2_0
15053 6 -3 0 S2_0
15054 6 -3 0 S2_0
15055 6 -3 0 S2_0
15056 6 -3 0 S2_0
15057 6 -3 1.812831429224 S2_0
15059 6 -3 7.53463314492772 S2_0
15060 6 -3 0 S2_0
15063 6 -3 0 S2_0
15066 6 -3 0 S2_0
15069 6 -3 0 S2_0
15042 7 -3 0 S2_0
15045 7 -3 0 S2_0
15048 7 -3 143.229304950619 S2_0
15049 7 -3 0 S2_0
15051 7 -3 0 S2_0
15053 7 -3 0 S2_0
15054 7 -3 0 S2_0
15055 7 -3 0 S2_0
15056 7 -3 0 S2_0
15057 7 -3 0 S2_0
15059 7 -3 0 S2_0
15060 7 -3 0 S2_0
15063 7 -3 0 S2_0
15066 7 -3 0 S2_0
15069 7 -3 0 S2_0
15042 8 -3 0 S2_0
15045 8 -3 0 S2_0
15048 8 -3 171.629893235392 S2_0
15049 8 -3 0 S2_0
15051 8 -3 17.2942905167395 S2_0
15053 8 -3 40.1139546000561 S2_0
15054 8 -3 0 S2_0
15055 8 -3 0 S2_0
15056 8 -3 0 S2_0
15057 8 -3 1.12115455231384 S2_0
15059 8 -3 54.764284196279 S2_0
15060 8 -3 0 S2_0
15063 8 -3 0 S2_0
15066 8 -3 4.27108425480526 S2_0
15069 8 -3 26.9070710388104 S2_0
15042 9 -3 0 S2_0
15045 9 -3 0 S2_0
15048 9 -3 195.073983214327 S2_0
15049 9 -3 0 S2_0
15051 9 -3 0 S2_0
15053 9 -3 0 S2_0
15054 9 -3 0 S2_0
15055 9 -3 0 S2_0
15056 9 -3 0 S2_0
15057 9 -3 0 S2_0
15059 9 -3 0 S2_0
15060 9 -3 0 S2_0
15063 9 -3 0 S2_0
15066 9 -3 0 S2_0
15069 9 -3 0 S2_0
15042 10 -3 0 S2_0
15045 10 -3 0 S2_0
15048 10 -3 156.555936413067 S2_0
15049 10 -3 0 S2_0
15051 10 -3 3.76533198232593 S2_0
15053 10 -3 11.407874229861 S2_0
15054 10 -3 0 S2_0
15055 10 -3 0 S2_0
15056 10 -3 0 S2_0
15057 10 -3 0 S2_0
15059 10 -3 35.511980084367 S2_0
15060 10 -3 0 S2_0
15063 10 -3 0 S2_0
15066 10 -3 1.46190324693445 S2_0
15069 10 -3 7.36285820572296 S2_0
15042 11 -3 0 S2_0
15045 11 -3 0 S2_0
15048 11 -3 0 S2_0
15049 11 -3 0 S2_0
15051 11 -3 0 S2_0
15053 11 -3 0 S2_0
15054 11 -3 0 S2_0
15055 11 -3 0 S2_0
15056 11 -3 0 S2_0
15057 11 -3 0 S2_0
15059 11 -3 0 S2_0
15060 11 -3 0 S2_0
15063 11 -3 0 S2_0
15066 11 -3 0 S2_0
15069 11 -3 0 S2_0
15042 12 -3 0 S2_0
15045 12 -3 0 S2_0
15048 12 -3 0 S2_0
15049 12 -3 0 S2_0
15051 12 -3 0 S2_0
15053 12 -3 0 S2_0
15054 12 -3 0 S2_0
15055 12 -3 0 S2_0
15056 12 -3 0 S2_0
15057 12 -3 0 S2_0
15059 12 -3 0 S2_0
15060 12 -3 0 S2_0
15063 12 -3 0 S2_0
15066 12 -3 0 S2_0
15069 12 -3 0 S2_0
15042 13 -3 0 S2_0
15045 13 -3 0 S2_0
15048 13 -3 156.783718082804 S2_0
15049 13 -3 0 S2_0
15051 13 -3 0 S2_0
15053 13 -3 0 S2_0
15054 13 -3 0 S2_0
15055 13 -3 0 S2_0
15056 13 -3 0 S2_0
15057 13 -3 0 S2_0
15059 13 -3 0 S2_0
15060 13 -3 0 S2_0
15063 13 -3 0 S2_0
15066 13 -3 0 S2_0
15069 13 -3 0 S2_0
15042 14 -3 0 S2_0
15045 14 -3 0 S2_0
15048 14 -3 300.576799915676 S2_0
15049 14 -3 0 S2_0
15051 14 -3 0 S2_0
15053 14 -3 0 S2_0
15054 14 -3 0 S2_0
15055 14 -3 0 S2_0
15056 14 -3 0 S2_0
15057 14 -3 0 S2_0
15059 14 -3 0 S2_0
15060 14 -3 0 S2_0
15063 14 -3 0 S2_0
15066 14 -3 0 S2_0
15069 14 -3 0 S2_0
15042 15 -3 8.20799572438775 S2_0
15045 15 -3 38.0573588176661 S2_0
15048 15 -3 488.936140934858 S2_0
15049 15 -3 0 S2_0
15051 15 -3 135.024997159391 S2_0
15053 15 -3 161.020544978101 S2_0
15054 15 -3 0 S2_0
15055 15 -3 16.2498282205323 S2_0
15056 15 -3 37.4012289963348 S2_0
15057 15 -3 87.5083285265569 S2_0
15059 15 -3 182.070895094278 S2_0
15060 15 -3 84.9389382243346 S2_0
15063 15 -3 0 S2_0
15066 15 -3 175.197528830366 S2_0
15069 15 -3 136.297913035205 S2_0
15042 16 -3 0 S2_0
15045 16 -3 0 S2_0
15048 16 -3 231.065892950586 S2_0
15049 16 -3 0 S2_0
15051 16 -3 108.323931844103 S2_0
15053 16 -3 145.137212031468 S2_0
15054 16 -3 0 S2_0
15055 16 -3 0 S2_0
15056 16 -3 0 S2_0
15057 16 -3 10.2653052982599 S2_0
15059 16 -3 109.77164555605 S2_0
15060 16 -3 42.9483586260916 S2_0
15063 16 -3 0 S2_0
15066 16 -3 52.7206834434668 S2_0
15069 16 -3 99.6161099855584 S2_0
15042 17 -3 0 S2_0
15045 17 -3 0 S2_0
15048 17 -3 395.299970316097 S2_0
15049 17 -3 0 S2_0
15051 17 -3 0 S2_0
15053 17 -3 0 S2_0
15054 17 -3 0 S2_0
15055 17 -3 0 S2_0
15056 17 -3 0 S2_0
15057 17 -3 0 S2_0
15059 17 -3 0 S2_0
15060 17 -3 0 S2_0
15063 17 -3 0 S2_0
15066 17 -3 0 S2_0
15069 17 -3 0 S2_0
15042 18 -3 0 S2_0
15045 18 -3 0 S2_0
15048 18 -3 4.25052233525196 S2_0
15049 18 -3 0 S2_0
15051 18 -3 0 S2_0
15053 18 -3 1.77587023799792 S2_0
15054 18 -3 0 S2_0
15055 18 -3 0 S2_0
15056 18 -3 0 S2_0
15057 18 -3 0 S2_0
15059 18 -3 0 S2_0
15060 18 -3 0 S2_0
15063 18 -3 0 S2_0
15066 18 -3 0 S2_0
15069 18 -3 0 S2_0
15042 19 -3 0 S2_0
15045 19 -3 0 S2_0
15048 19 -3 171.040466227504 S2_0
15049 19 -3 0 S2_0
15051 19 -3 1.37650176723845 S2_0
15053 19 -3 3.02524689329525 S2_0
15054 19 -3 0 S2_0
15055 19 -3 0 S2_0
15056 19 -3 0 S2_0
15057 19 -3 0 S2_0
15059 19 -3 27.7365096936525 S2_0
15060 19 -3 0 S2_0
15063 19 -3 0 S2_0
15066 19 -3 0 S2_0
15069 19 -3 2.08579584483292 S2_0
15042 20 -3 1.45998198749107 S2_0
15045 20 -3 12.37256043654 S2_0
15048 20 -3 375.325850261478 S2_0
15049 20 -3 0 S2_0
15051 20 -3 143.807044486805 S2_0
15053 20 -3 185.667502088639 S2_0
15054 20 -3 0 S2_0
15055 20 -3 4.64150705611205 S2_0
15056 20 -3 12.1851655524066 S2_0
15057 20 -3 55.3447986819483 S2_0
15059 20 -3 164.635886797105 S2_0
15060 20 -3 89.5576477240567 S2_0
15063 20 -3 0 S2_0
15066 20 -3 137.684728040555 S2_0
15069 20 -3 143.274083912424 S2_0
15042 21 -3 0 S2_0
15045 21 -3 0 S2_0
15048 21 -3 124.66756078047 S2_0
15049 21 -3 0 S2_0
15051 21 -3 0 S2_0
15053 21 -3 0 S2_0
15054 21 -3 0 S2_0
15055 21 -3 0 S2_0
15056 21 -3 0 S2_0
15057 21 -3 0 S2_0
15059 21 -3 7.33766557429614 S2_0
15060 21 -3 0 S2_0
15063 21 -3 0 S2_0
15066 21 -3 0 S2_0
15069 21 -3 0 S2_0
15042 22 -3 0 S2_0
15045 22 -3 0 S2_0
15048 22 -3 130.669214781949 S2_0
15049 22 -3 0 S2_0
15051 22 -3 65.3747325192891 S2_0
15053 22 -3 91.435658891814 S2_0
15054 22 -3 0 S2_0
15055 22 -3 0 S2_0
15056 22 -3 0 S2_0
15057 22 -3 0 S2_0
15059 22 -3 54.2592914078691 S2_0
15060 22 -3 4.80491737453602 S2_0
15063 22 -3 0 S2_0
15066 22 -3 3.30625629419442 S2_0
15069 22 -3 48.5099458495826 S2_0
15042 23 -3 0 S2_0
15045 23 -3 0 S2_0
15048 23 -3 213.742860124302 S2_0
15049 23 -3 0 S2_0
15051 23 -3 0 S2_0
15053 23 -3 0 S2_0
15054 23 -3 0 S2_0
15055 23 -3 0 S2_0
15056 23 -3 0 S2_0
15057 23 -3 0 S2_0
15059 23 -3 3.55319383436898 S2_0
15060 23 -3 0 S2_0
15063 23 -3 0 S2_0
15066 23 -3 0 S2_0
15069 23 -3 0 S2_0
15042 24 -3 0 S2_0
15045 24 -3 0 S2_0
15048 24 -3 135.671621811434 S2_0
15049 24 -3 0 S2_0
15051 24 -3 1.49907344644089 S2_0
15053 24 -3 5.11561676821233 S2_0
15054 24 -3 0 S2_0
15055 24 -3 0 S2_0
15056 24 -3 0 S2_0
15057 24 -3 0 S2_0
15059 24 -3 23.3587809663121 S2_0
15060 24 -3 0 S2_0
15063 24 -3 0 S2_0
15066 24 -3 0 S2_0
15069 24 -3 3.22913614959043 S2_0
15042 25 -3 0 S2_0
15045 25 -3 0 S2_0
15048 25 -3 245.146263153037 S2_0
15049 25 -3 0 S2_0
15051 25 -3 0 S2_0
15053 25 -3 0 S2_0
15054 25 -3 0 S2_0
15055 25 -3 0 S2_0
15056 25 -3 0 S2_0
15057 25 -3 0 S2_0
15059 25 -3 0 S2_0
15060 25 -3 0 S2_0
15063 25 -3 0 S2_0
15066 25 -3 0 S2_0
15069 25 -3 0 S2_0
15042 26 -3 0 S2_0
15045 26 -3 0 S2_0
15048 26 -3 197.805949771951 S2_0
15049 26 -3 0 S2_0
15051 26 -3 89.9740621601858 S2_0
15053 26 -3 123.289930343942 S2_0
15054 26 -3 0 S2_0
15055 26 -3 0 S2_0
15056 26 -3 0 S2_0
15057 26 -3 4.08704721931002 S2_0
15059 26 -3 91.8607513841481 S2_0
15060 26 -3 24.5834694704371 S2_0
15063 26 -3 0 S2_0
15066 26 -3 30.3768962298959 S2_0
15069 26 -3 82.2013109072534 S2_0
15042 27 -3 0 S2_0
15045 27 -3 0 S2_0
15048 27 -3 36.5405754296241 S2_0
15049 27 -3 0 S2_0
15051 27 -3 0 S2_0
15053 27 -3 0 S2_0
15054 27 -3 0 S2_0
15055 27 -3 0 S2_0
15056 27 -3 0 S2_0
15057 27 -3 0 S2_0
15059 27 -3 0 S2_0
15060 27 -3 0 S2_0
15063 27 -3 0 S2_0
15066 27 -3 0 S2_0
15069 27 -3 0 S2_0
15042 28 -3 0 S2_0
15045 28 -3 0 S2_0
15048 28 -3 235.495822104784 S2_0
15049 28 -3 0 S2_0
15051 28 -3 135.255472389532 S2_0
15053 28 -3 170.540688459632 S2_0
15054 28 -3 0 S2_0
15055 28 -3 0 S2_0
15056 28 -3 0 S2_0
15057 28 -3 11.8091527162917 S2_0
15059 28 -3 116.210165921314 S2_0
15060 28 -3 62.7768462222247 S2_0
15063 28 -3 0 S2_0
15066 28 -3 65.6810415024207 S2_0
15069 28 -3 110.392394287276 S2_0
15042 29 -3 0 S2_0
15045 29 -3 0 S2_0
15048 29 -3 68.5856751513663 S2_0
15049 29 -3 0 S2_0
15051 29 -3 0 S2_0
15053 29 -3 0 S2_0
15054 29 -3 0 S2_0
15055 29 -3 0 S2_0
15056 29 -3 0 S2_0
15057 29 -3 0 S2_0
15059 29 -3 0 S2_0
15060 29 -3 0 S2_0
15063 29 -3 0 S2_0
15066 29 -3 0 S2_0
15069 29 -3 0 S2_0
15042 30 -3 0 S2_0
15045 30 -3 0 S2_0
15048 30 -3 259.9982026606 S2_0
15049 30 -3 0 S2_0
15051 30 -3 0 S2_0
15053 30 -3 0 S2_0
15054 30 -3 0 S2_0
15055 30 -3 0 S2_0
15056 30 -3 0 S2_0
15057 30 -3 0 S2_0
15059 30 -3 0 S2_0
15060 30 -3 0 S2_0
15063 30 -3 0 S2_0
15066 30 -3 0 S2_0
15069 30 -3 0 S2_0
15042 31 -3 0 S2_0
15045 31 -3 0 S2_0
15048 31 -3 204.597784067524 S2_0
15049 31 -3 0 S2_0
15051 31 -3 0 S2_0
15053 31 -3 0 S2_0
15054 31 -3 0 S2_0
15055 31 -3 0 S2_0
15056 31 -3 0 S2_0
15057 31 -3 0 S2_0
15059 31 -3 0 S2_0
15060 31 -3 0 S2_0
15063 31 -3 0 S2_0
15066 31 -3 0 S2_0
15069 31 -3 0 S2_0
15042 1 -5 0 S2_0
15045 1 -5 0 S2_0
15048 1 -5 0 S2_0
15049 1 -5 0 S2_0
15051 1 -5 0 S2_0
15053 1 -5 0 S2_0
15054 1 -5 0 S2_0
15055 1 -5 0 S2_0
15056 1 -5 0 S2_0
15057 1 -5 0 S2_0
15059 1 -5 0 S2_0
15060 1 -5 0 S2_0
15063 1 -5 0 S2_0
15066 1 -5 0 S2_0
15069 1 -5 0 S2_0
15042 2 -5 0 S2_0
15045 2 -5 0 S2_0
15048 2 -5 72.1336647145686 S2_0
15049 2 -5 0 S2_0
15051 2 -5 0 S2_0
15053 2 -5 0 S2_0
15054 2 -5 0 S2_0
15055 2 -5 0 S2_0
15056 2 -5 0 S2_0
15057 2 -5 0 S2_0
15059 2 -5 0 S2_0
15060 2 -5 0 S2_0
15063 2 -5 0 S2_0
15066 2 -5 0 S2_0
15069 2 -5 0 S2_0
15042 3 -5 0 S2_0
15045 3 -5 0 S2_0
15048 3 -5 0 S2_0
15049 3 -5 0 S2_0
15051 3 -5 0 S2_0
15053 3 -5 0 S2_0
15054 3 -5 0 S2_0
15055 3 -5 0 S2_0
15056 3 -5 0 S2_0
15057 3 -5 0 S2_0
15059 3 -5 0 S2_0
15060 3 -5 0 S2_0
15063 3 -5 0 S2_0
15066 3 -5 0 S2_0
15069 3 -5 0 S2_0
15042 4 -5 0 S2_0
15045 4 -5 0 S2_0
15048 4 -5 0 S2_0
15049 4 -5 0 S2_0
15051 4 -5 0 S2_0
15053 4 -5 0 S2_0
15054 4 -5 0 S2_0
15055 4 -5 0 S2_0
15056 4 -5 0 S2_0
15057 4 -5 0 S2_0
15059 4 -5 0 S2_0
15060 4 -5 0 S2_0
15063 4 -5 0 S2_0
15066 4 -5 0 S2_0
15069 4 -5 0 S2_0
15042 5 -5 0 S2_0
15045 5 -5 0 S2_0
15048 5 -5 0 S2_0
15049 5 -5 0 S2_0
15051 5 -5 0 S2_0
15053 5 -5 0 S2_0
15054 5 -5 0 S2_0
15055 5 -5 0 S2_0
15056 5 -5 0 S2_0
15057 5 -5 0 S2_0
15059 5 -5 0 S2_0
15060 5 -5 0 S2_0
15063 5 -5 0 S2_0
15066 5 -5 0 S2_0
15069 5 -5 0 S2_0
15042 6 -5 0 S2_0
15045 6 -5 0 S2_0
15048 6 -5 183.085818128147 S2_0
15049 6 -5 0 S2_0
15051 6 -5 0 S2_0
15053 6 -5 0 S2_0
15054 6 -5 0 S2_0
15055 6 -5 0 S2_0
15056 6 -5 0 S2_0
15057 6 -5 0 S2_0
15059 6 -5 0 S2_0
15060 6 -5 0 S2_0
15063 6 -5 0 S2_0
15066 6 -5 0 S2_0
15069 6 -5 0 S2_0
15042 7 -5 0 S2_0
15045 7 -5 0 S2_0
15048 7 -5 85.0030806133758 S2_0
15049 7 -5 0 S2_0
15051 7 -5 0 S2_0
15053 7 -5 0 S2_0
15054 7 -5 0 S2_0
15055 7 -5 0 S2_0
15056 7 -5 0 S2_0
15057 7 -5 0 S2_0
15059 7 -5 0 S2_0
15060 7 -5 0 S2_0
15063 7 -5 0 S2_0
15066 7 -5 0 S2_0
15069 7 -5 0 S2_0
15042 8 -5 0 S2_0
15045 8 -5 0 S2_0
15048 8 -5 0 S2_0
15049 8 -5 0 S2_0
15051 8 -5 0 S2_0
15053 8 -5 0 S2_0
15054 8 -5 0 S2_0
15055 8 -5 0 S2_0
15056 8 -5 0 S2_0
15057 8 -5 0 S2_0
15059 8 -5 0 S2_0
15060 8 -5 0 S2_0
15063 8 -5 0 S2_0
15066 8 -5 0 S2_0
15069 8 -5 0 S2_0
15042 9 -5 0 S2_0
15045 9 -5 0 S2_0
15048 9 -5 5.26408758448718 S2_0
15049 9 -5 0 S2_0
15051 9 -5 0 S2_0
15053 9 -5 0 S2_0
15054 9 -5 0 S2_0
15055 9 -5 0 S2_0
15056 9 -5 0 S2_0
15057 9 -5 0 S2_0
15059 9 -5 0 S2_0
15060 9 -5 0 S2_0
15063 9 -5 0 S2_0
15066 9 -5 0 S2_0
15069 9 -5 0 S2_0
15042 10 -5 0 S2_0
15045 10 -5 0 S2_0
15048 10 -5 0 S2_0
15049 10 -5 0 S2_0
15051 10 -5 0 S2_0
15053 10 -5 0 S2_0
15054 10 -5 0 S2_0
15055 10 -5 0 S2_0
15056 10 -5 0 S2_0
15057 10 -5 0 S2_0
15059 10 -5 0 S2_0
15060 10 -5 0 S2_0
15063 10 -5 0 S2_0
15066 10 -5 0 S2_0
15069 10 -5 0 S2_0
15042 11 -5 0 S2_0
15045 11 -5 0 S2_0
15048 11 -5 0 S2_0
15049 11 -5 0 S2_0
15051 11 -5 0 S2_0
15053 11 -5 0 S2_0
15054 11 -5 0 S2_0
15055 11 -5 0 S2_0
15056 11 -5 0 S2_0
15057 11 -5 0 S2_0
15059 11 -5 0 S2_0
15060 11 -5 0 S2_0
15063 11 -5 0 S2_0
15066 11 -5 0 S2_0
15069 11 -5 0 S2_0
15042 12 -5 0 S2_0
15045 12 -5 0 S2_0
15048 12 -5 0 S2_0
15049 12 -5 0 S2_0
15051 12 -5 0 S2_0
15053 12 -5 0 S2_0
15054 12 -5 0 S2_0
15055 12 -5 0 S2_0
15056 12 -5 0 S2_0
15057 12 -5 0 S2_0
15059 12 -5 0 S2_0
15060 12 -5 0 S2_0
15063 12 -5 0 S2_0
15066 12 -5 0 S2_0
15069 12 -5 0 S2_0
15042 13 -5 0 S2_0
15045 13 -5 0 S2_0
15048 13 -5 2.84411233395259 S2_0
15049 13 -5 0 S2_0
15051 13 -5 0 S2_0
15053 13 -5 0 S2_0
15054 13 -5 0 S2_0
15055 13 -5 0 S2_0
15056 13 -5 0 S2_0
15057 13 -5 0 S2_0
15059 13 -5 0 S2_0
15060 13 -5 0 S2_0
15063 13 -5 0 S2_0
15066 13 -5 0 S2_0
15069 13 -5 0 S2_0
15042 14 -5 0 S2_0
15045 14 -5 0 S2_0
15048 14 -5 197.868921793398 S2_0
15049 14 -5 0 S2_0
15051 14 -5 0 S2_0
15053 14 -5 0 S2_0
15054 14 -5 0 S2_0
15055 14 -5 0 S2_0
15056 14 -5 0 S2_0
15057 14 -5 0 S2_0
15059 14 -5 0 S2_0
15060 14 -5 0 S2_0
15063 14 -5 0 S2_0
15066 14 -5 0 S2_0
15069 14 -5 0 S2_0
15042 15 -5 0 S2_0
15045 15 -5 0 S2_0
15048 15 -5 254.301028316033 S2_0
15049 15 -5 0 S2_0
15051 15 -5 47.4384221260796 S2_0
15053 15 -5 67.6577256073223 S2_0
15054 15 -5 0 S2_0
15055 15 -5 0 S2_0
15056 15 -5 1.07440165256397 S2_0
15057 15 -5 13.6054923654101 S2_0
15059 15 -5 91.5663197132941 S2_0
15060 15 -5 4.32965551344093 S2_0
15063 15 -5 0 S2_0
15066 15 -5 43.1817584389996 S2_0
15069 15 -5 54.6701288234896 S2_0
15042 16 -5 0 S2_0
15045 16 -5 0 S2_0
15048 16 -5 22.503826609486 S2_0
15049 16 -5 0 S2_0
15051 16 -5 0 S2_0
15053 16 -5 2.64918228898248 S2_0
15054 16 -5 0 S2_0
15055 16 -5 0 S2_0
15056 16 -5 0 S2_0
15057 16 -5 0 S2_0
15059 16 -5 0 S2_0
15060 16 -5 0 S2_0
15063 16 -5 0 S2_0
15066 16 -5 0 S2_0
15069 16 -5 0 S2_0
15042 17 -5 0 S2_0
15045 17 -5 0 S2_0
15048 17 -5 225.605274245496 S2_0
15049 17 -5 0 S2_0
15051 17 -5 0 S2_0
15053 17 -5 0 S2_0
15054 17 -5 0 S2_0
15055 17 -5 0 S2_0
15056 17 -5 0 S2_0
15057 17 -5 0 S2_0
15059 17 -5 0 S2_0
15060 17 -5 0 S2_0
15063 17 -5 0 S2_0
15066 17 -5 0 S2_0
15069 17 -5 0 S2_0
15042 18 -5 0 S2_0
15045 18 -5 0 S2_0
15048 18 -5 0 S2_0
15049 18 -5 0 S2_0
15051 18 -5 0 S2_0
15053 18 -5 0 S2_0
15054 18 -5 0 S2_0
15055 18 -5 0 S2_0
15056 18 -5 0 S2_0
15057 18 -5 0 S2_0
15059 18 -5 0 S2_0
15060 18 -5 0 S2_0
15063 18 -5 0 S2_0
15066 18 -5 0 S2_0
15069 18 -5 0 S2_0
15042 19 -5 0 S2_0
15045 19 -5 0 S2_0
15048 19 -5 0 S2_0
15049 19 -5 0 S2_0
15051 19 -5 0 S2_0
15053 19 -5 0 S2_0
15054 19 -5 0 S2_0
15055 19 -5 0 S2_0
15056 19 -5 0 S2_0
15057 19 -5 0 S2_0
15059 19 -5 0 S2_0
15060 19 -5 0 S2_0
15063 19 -5 0 S2_0
15066 19 -5 0 S2_0
15069 19 -5 0 S2_0
15042 20 -5 0 S2_0
15045 20 -5 0 S2_0
15048 20 -5 140.338226310654 S2_0
15049 20 -5 0 S2_0
15051 20 -5 26.5634884721698 S2_0
15053 20 -5 54.0241709725048 S2_0
15054 20 -5 0 S2_0
15055 20 -5 0 S2_0
15056 20 -5 0 S2_0
15057 20 -5 0 S2_0
15059 20 -5 48.927647081646 S2_0
15060 20 -5 0 S2_0
15063 20 -5 0 S2_0
15066 20 -5 2.58722580576636 S2_0
15069 20 -5 32.714135106553 S2_0
15042 21 -5 0 S2_0
15045 21 -5 0 S2_0
15048 21 -5 0 S2_0
15049 21 -5 0 S2_0
15051 21 -5 0 S2_0
15053 21 -5 0 S2_0
15054 21 -5 0 S2_0
15055 21 -5 0 S2_0
15056 21 -5 0 S2_0
15057 21 -5 0 S2_0
15059 21 -5 0 S2_0
15060 21 -5 0 S2_0
15063 21 -5 0 S2_0
15066 21 -5 0 S2_0
15069 21 -5 0 S2_0
15042 22 -5 0 S2_0
15045 22 -5 0 S2_0
15048 22 -5 0 S2_0
15049 22 -5 0 S2_0
15051 22 -5 0 S2_0
15053 22 -5 0 S2_0
15054 22 -5 0 S2_0
15055 22 -5 0 S2_0
15056 22 -5 0 S2_0
15057 22 -5 0 S2_0
15059 22 -5 0 S2_0
15060 22 -5 0 S2_0
15063 22 -5 0 S2_0
15066 22 -5 0 S2_0
15069 22 -5 0 S2_0
15042 23 -5 0 S2_0
15045 23 -5 0 S2_0
15048 23 -5 9.66587988620275 S2_0
15049 23 -5 0 S2_0
15051 23 -5 0 S2_0
15053 23 -5 0 S2_0
15054 23 -5 0 S2_0
15055 23 -5 0 S2_0
15056 23 -5 0 S2_0
15057 23 -5 0 S2_0
15059 23 -5 0 S2_0
15060 23 -5 0 S2_0
15063 23 -5 0 S2_0
15066 23 -5 0 S2_0
15069 23 -5 0 S2_0
15042 24 -5 0 S2_0
15045 24 -5 0 S2_0
15048 24 -5 0 S2_0
15049 24 -5 0 S2_0
15051 24 -5 0 S2_0
15053 24 -5 0 S2_0
15054 24 -5 0 S2_0
15055 24 -5 0 S2_0
15056 24 -5 0 S2_0
15057 24 -5 0 S2_0
15059 24 -5 0 S2_0
15060 24 -5 0 S2_0
15063 24 -5 0 S2_0
15066 24 -5 0 S2_0
15069 24 -5 0 S2_0
15042 25 -5 0 S2_0
15045 25 -5 0 S2_0
15048 25 -5 116.197691006702 S2_0
15049 25 -5 0 S2_0
15051 25 -5 0 S2_0
15053 25 -5 0 S2_0
15054 25 -5 0 S2_0
15055 25 -5 0 S2_0
15056 25 -5 0 S2_0
15057 25 -5 0 S2_0
15059 25 -5 0 S2_0
15060 25 -5 0 S2_0
15063 25 -5 0 S2_0
15066 25 -5 0 S2_0
15069 25 -5 0 S2_0
15042 26 -5 0 S2_0
15045 26 -5 0 S2_0
15048 26 -5 3.21616254562189 S2_0
15049 26 -5 0 S2_0
15051 26 -5 0 S2_0
15053 26 -5 0 S2_0
15054 26 -5 0 S2_0
15055 26 -5 0 S2_0
15056 26 -5 0 S2_0
15057 26 -5 0 S2_0
15059 26 -5 0 S2_0
15060 26 -5 0 S2_0
15063 26 -5 0 S2_0
15066 26 -5 0 S2_0
15069 26 -5 0 S2_0
15042 27 -5 0 S2_0
15045 27 -5 0 S2_0
15048 27 -5 0 S2_0
15049 27 -5 0 S2_0
15051 27 -5 0 S2_0
15053 27 -5 0 S2_0
15054 27 -5 0 S2_0
15055 27 -5 0 S2_0
15056 27 -5 0 S2_0
15057 27 -5 0 S2_0
15059 27 -5 0 S2_0
15060 27 -5 0 S2_0
15063 27 -5 0 S2_0
15066 27 -5 0 S2_0
15069 27 -5 0 S2_0
15042 28 -5 0 S2_0
15045 28 -5 0 S2_0
15048 28 -5 20.5680170505557 S2_0
15049 28 -5 0 S2_0
15051 28 -5 1.35271513641543 S2_0
15053 28 -5 5.94818733109548 S2_0
15054 28 -5 0 S2_0
15055 28 -5 0 S2_0
15056 28 -5 0 S2_0
15057 28 -5 0 S2_0
15059 28 -5 0 S2_0
15060 28 -5 0 S2_0
15063 28 -5 0 S2_0
15066 28 -5 0 S2_0
15069 28 -5 0 S2_0
15042 29 -5 0 S2_0
15045 29 -5 0 S2_0
15048 29 -5 0 S2_0
15049 29 -5 0 S2_0
15051 29 -5 0 S2_0
15053 29 -5 0 S2_0
15054 29 -5 0 S2_0
15055 29 -5 0 S2_0
15056 29 -5 0 S2_0
15057 29 -5 0 S2_0
15059 29 -5 0 S2_0
15060 29 -5 0 S2_0
15063 29 -5 0 S2_0
15066 29 -5 0 S2_0
15069 29 -5 0 S2_0
15042 30 -5 0 S2_0
15045 30 -5 0 S2_0
15048 30 -5 143.65324107486 S2_0
15049 30 -5 0 S2_0
15051 30 -5 0 S2_0
15053 30 -5 0 S2_0
15054 30 -5 0 S2_0
15055 30 -5 0 S2_0
15056 30 -5 0 S2_0
15057 30 -5 0 S2_0
15059 30 -5 0 S2_0
15060 30 -5 0 S2_0
15063 30 -5 0 S2_0
15066 30 -5 0 S2_0
15069 30 -5 0 S2_0
15042 31 -5 0 S2_0
15045 31 -5 0 S2_0
15048 31 -5 12.0705461789967 S2_0
15049 31 -5 0 S2_0
15051 31 -5 0 S2_0
15053 31 -5 0 S2_0
15054 31 -5 0 S2_0
15055 31 -5 0 S2_0
15056 31 -5 0 S2_0
15057 31 -5 0 S2_0
15059 31 -5 0 S2_0
15060 31 -5 0 S2_0
15063 31 -5 0 S2_0
15066 31 -5 0 S2_0
15069 31 -5 0 S2_0
