speciesID lakeID variable value scenario
14063 1 -0.5 0 S2_2
14064 1 -0.5 43.1396624911585 S2_2
14065 1 -0.5 22.9577111572689 S2_2
14066 1 -0.5 0 S2_2
14072 1 -0.5 0 S2_2
14073 1 -0.5 172.789139802845 S2_2
14074 1 -0.5 0 S2_2
14075 1 -0.5 0 S2_2
14077 1 -0.5 0 S2_2
14078 1 -0.5 17.6399890282119 S2_2
14085 1 -0.5 0 S2_2
14086 1 -0.5 163.470474304105 S2_2
14087 1 -0.5 0 S2_2
14088 1 -0.5 0 S2_2
14089 1 -0.5 0 S2_2
14063 2 -0.5 0 S2_2
14064 2 -0.5 32.8273700181129 S2_2
14065 2 -0.5 1.76510399697613 S2_2
14066 2 -0.5 0 S2_2
14072 2 -0.5 0 S2_2
14073 2 -0.5 108.837305657247 S2_2
14074 2 -0.5 0 S2_2
14075 2 -0.5 0 S2_2
14077 2 -0.5 0 S2_2
14078 2 -0.5 0 S2_2
14085 2 -0.5 0 S2_2
14086 2 -0.5 71.3742973646251 S2_2
14087 2 -0.5 0 S2_2
14088 2 -0.5 0 S2_2
14089 2 -0.5 0 S2_2
14063 3 -0.5 0 S2_2
14064 3 -0.5 55.6765613990751 S2_2
14065 3 -0.5 29.7256761907832 S2_2
14066 3 -0.5 0 S2_2
14072 3 -0.5 0 S2_2
14073 3 -0.5 174.824707337355 S2_2
14074 3 -0.5 0 S2_2
14075 3 -0.5 0 S2_2
14077 3 -0.5 0 S2_2
14078 3 -0.5 10.00111471506 S2_2
14085 3 -0.5 0 S2_2
14086 3 -0.5 175.980558073461 S2_2
14087 3 -0.5 0 S2_2
14088 3 -0.5 0 S2_2
14089 3 -0.5 0 S2_2
14063 4 -0.5 0 S2_2
14064 4 -0.5 48.4686021077885 S2_2
14065 4 -0.5 25.8843192517048 S2_2
14066 4 -0.5 0 S2_2
14072 4 -0.5 0 S2_2
14073 4 -0.5 170.846728439293 S2_2
14074 4 -0.5 0 S2_2
14075 4 -0.5 0 S2_2
14077 4 -0.5 0 S2_2
14078 4 -0.5 17.0913064346135 S2_2
14085 4 -0.5 0 S2_2
14086 4 -0.5 162.180639814809 S2_2
14087 4 -0.5 0 S2_2
14088 4 -0.5 0 S2_2
14089 4 -0.5 0 S2_2
14063 5 -0.5 0 S2_2
14064 5 -0.5 0 S2_2
14065 5 -0.5 0 S2_2
14066 5 -0.5 0 S2_2
14072 5 -0.5 0 S2_2
14073 5 -0.5 0 S2_2
14074 5 -0.5 0 S2_2
14075 5 -0.5 0 S2_2
14077 5 -0.5 0 S2_2
14078 5 -0.5 0 S2_2
14085 5 -0.5 0 S2_2
14086 5 -0.5 0 S2_2
14087 5 -0.5 0 S2_2
14088 5 -0.5 0 S2_2
14089 5 -0.5 0 S2_2
14063 6 -0.5 9.21463250675215 S2_2
14064 6 -0.5 74.4077116368056 S2_2
14065 6 -0.5 53.4646390436356 S2_2
14066 6 -0.5 0 S2_2
14072 6 -0.5 0 S2_2
14073 6 -0.5 191.854483080555 S2_2
14074 6 -0.5 0 S2_2
14075 6 -0.5 0 S2_2
14077 6 -0.5 6.38889926434299 S2_2
14078 6 -0.5 46.7553072821682 S2_2
14085 6 -0.5 0 S2_2
14086 6 -0.5 207.524586848505 S2_2
14087 6 -0.5 0 S2_2
14088 6 -0.5 0 S2_2
14089 6 -0.5 0 S2_2
14063 7 -0.5 0 S2_2
14064 7 -0.5 34.5281030745692 S2_2
14065 7 -0.5 2.22153661950034 S2_2
14066 7 -0.5 0 S2_2
14072 7 -0.5 0 S2_2
14073 7 -0.5 111.345613713322 S2_2
14074 7 -0.5 0 S2_2
14075 7 -0.5 0 S2_2
14077 7 -0.5 0 S2_2
14078 7 -0.5 0 S2_2
14085 7 -0.5 0 S2_2
14086 7 -0.5 78.2054962932169 S2_2
14087 7 -0.5 0 S2_2
14088 7 -0.5 0 S2_2
14089 7 -0.5 0 S2_2
14063 8 -0.5 0 S2_2
14064 8 -0.5 55.340945443701 S2_2
14065 8 -0.5 32.624168059335 S2_2
14066 8 -0.5 0 S2_2
14072 8 -0.5 0 S2_2
14073 8 -0.5 168.928253523043 S2_2
14074 8 -0.5 0 S2_2
14075 8 -0.5 0 S2_2
14077 8 -0.5 0 S2_2
14078 8 -0.5 27.1708879399814 S2_2
14085 8 -0.5 0 S2_2
14086 8 -0.5 163.992401615151 S2_2
14087 8 -0.5 0 S2_2
14088 8 -0.5 0 S2_2
14089 8 -0.5 0 S2_2
14063 9 -0.5 1.74439463979068 S2_2
14064 9 -0.5 60.6369038090664 S2_2
14065 9 -0.5 37.9367843376937 S2_2
14066 9 -0.5 0 S2_2
14072 9 -0.5 0 S2_2
14073 9 -0.5 179.398610601884 S2_2
14074 9 -0.5 0 S2_2
14075 9 -0.5 0 S2_2
14077 9 -0.5 1.54703150354194 S2_2
14078 9 -0.5 28.5324612232533 S2_2
14085 9 -0.5 0 S2_2
14086 9 -0.5 182.397616874522 S2_2
14087 9 -0.5 0 S2_2
14088 9 -0.5 0 S2_2
14089 9 -0.5 0 S2_2
14063 10 -0.5 2.59116875127043 S2_2
14064 10 -0.5 58.294049436559 S2_2
14065 10 -0.5 37.2030854733193 S2_2
14066 10 -0.5 0 S2_2
14072 10 -0.5 0 S2_2
14073 10 -0.5 181.441843308265 S2_2
14074 10 -0.5 0 S2_2
14075 10 -0.5 0 S2_2
14077 10 -0.5 1.82694499023669 S2_2
14078 10 -0.5 32.7563131709729 S2_2
14085 10 -0.5 0 S2_2
14086 10 -0.5 183.300582167132 S2_2
14087 10 -0.5 0 S2_2
14088 10 -0.5 0 S2_2
14089 10 -0.5 0 S2_2
14063 11 -0.5 0 S2_2
14064 11 -0.5 12.5890343195665 S2_2
14065 11 -0.5 1.25003882513962 S2_2
14066 11 -0.5 0 S2_2
14072 11 -0.5 0 S2_2
14073 11 -0.5 135.113350852734 S2_2
14074 11 -0.5 0 S2_2
14075 11 -0.5 0 S2_2
14077 11 -0.5 0 S2_2
14078 11 -0.5 0 S2_2
14085 11 -0.5 0 S2_2
14086 11 -0.5 75.4376320208841 S2_2
14087 11 -0.5 0 S2_2
14088 11 -0.5 0 S2_2
14089 11 -0.5 0 S2_2
14063 12 -0.5 0 S2_2
14064 12 -0.5 11.0312251845423 S2_2
14065 12 -0.5 0 S2_2
14066 12 -0.5 0 S2_2
14072 12 -0.5 0 S2_2
14073 12 -0.5 120.515240256386 S2_2
14074 12 -0.5 0 S2_2
14075 12 -0.5 0 S2_2
14077 12 -0.5 0 S2_2
14078 12 -0.5 0 S2_2
14085 12 -0.5 0 S2_2
14086 12 -0.5 50.1910737229683 S2_2
14087 12 -0.5 0 S2_2
14088 12 -0.5 0 S2_2
14089 12 -0.5 0 S2_2
14063 13 -0.5 0 S2_2
14064 13 -0.5 37.3382627020738 S2_2
14065 13 -0.5 8.9878758807567 S2_2
14066 13 -0.5 0 S2_2
14072 13 -0.5 0 S2_2
14073 13 -0.5 122.83457444227 S2_2
14074 13 -0.5 0 S2_2
14075 13 -0.5 0 S2_2
14077 13 -0.5 0 S2_2
14078 13 -0.5 2.50322479209393 S2_2
14085 13 -0.5 0 S2_2
14086 13 -0.5 75.3780785371209 S2_2
14087 13 -0.5 0 S2_2
14088 13 -0.5 0 S2_2
14089 13 -0.5 0 S2_2
14063 14 -0.5 0 S2_2
14064 14 -0.5 66.0174779310968 S2_2
14065 14 -0.5 36.7704272852282 S2_2
14066 14 -0.5 0 S2_2
14072 14 -0.5 0 S2_2
14073 14 -0.5 172.580128801056 S2_2
14074 14 -0.5 0 S2_2
14075 14 -0.5 0 S2_2
14077 14 -0.5 0 S2_2
14078 14 -0.5 6.77723492572295 S2_2
14085 14 -0.5 0 S2_2
14086 14 -0.5 184.956353593476 S2_2
14087 14 -0.5 0 S2_2
14088 14 -0.5 0 S2_2
14089 14 -0.5 0 S2_2
14063 15 -0.5 28.2941487210912 S2_2
14064 15 -0.5 81.7728824366901 S2_2
14065 15 -0.5 64.6852722926469 S2_2
14066 15 -0.5 0 S2_2
14072 15 -0.5 0 S2_2
14073 15 -0.5 205.931939119788 S2_2
14074 15 -0.5 0 S2_2
14075 15 -0.5 0 S2_2
14077 15 -0.5 16.9545997057116 S2_2
14078 15 -0.5 62.9496882032417 S2_2
14085 15 -0.5 0 S2_2
14086 15 -0.5 229.753300516275 S2_2
14087 15 -0.5 0 S2_2
14088 15 -0.5 0 S2_2
14089 15 -0.5 0 S2_2
14063 16 -0.5 2.72332752211387 S2_2
14064 16 -0.5 62.9064819431568 S2_2
14065 16 -0.5 41.6243239524859 S2_2
14066 16 -0.5 0 S2_2
14072 16 -0.5 0 S2_2
14073 16 -0.5 180.833585105327 S2_2
14074 16 -0.5 0 S2_2
14075 16 -0.5 0 S2_2
14077 16 -0.5 2.21680046458364 S2_2
14078 16 -0.5 38.8260590883804 S2_2
14085 16 -0.5 0 S2_2
14086 16 -0.5 185.18046674331 S2_2
14087 16 -0.5 0 S2_2
14088 16 -0.5 0 S2_2
14089 16 -0.5 0 S2_2
14063 17 -0.5 0 S2_2
14064 17 -0.5 67.9784381253674 S2_2
14065 17 -0.5 43.5362264794398 S2_2
14066 17 -0.5 0 S2_2
14072 17 -0.5 0 S2_2
14073 17 -0.5 171.145726244895 S2_2
14074 17 -0.5 0 S2_2
14075 17 -0.5 0 S2_2
14077 17 -0.5 1.22506777199743 S2_2
14078 17 -0.5 30.8523871609918 S2_2
14085 17 -0.5 0 S2_2
14086 17 -0.5 177.606764105094 S2_2
14087 17 -0.5 0 S2_2
14088 17 -0.5 0 S2_2
14089 17 -0.5 0 S2_2
14063 18 -0.5 0 S2_2
14064 18 -0.5 31.5423868702839 S2_2
14065 18 -0.5 9.83038349092748 S2_2
14066 18 -0.5 0 S2_2
14072 18 -0.5 0 S2_2
14073 18 -0.5 149.92219174803 S2_2
14074 18 -0.5 0 S2_2
14075 18 -0.5 0 S2_2
14077 18 -0.5 0 S2_2
14078 18 -0.5 5.99541625988392 S2_2
14085 18 -0.5 0 S2_2
14086 18 -0.5 116.875274196269 S2_2
14087 18 -0.5 0 S2_2
14088 18 -0.5 0 S2_2
14089 18 -0.5 0 S2_2
14063 19 -0.5 2.1846626431154 S2_2
14064 19 -0.5 59.0001840378586 S2_2
14065 19 -0.5 37.4849493391998 S2_2
14066 19 -0.5 0 S2_2
14072 19 -0.5 0 S2_2
14073 19 -0.5 180.101370673402 S2_2
14074 19 -0.5 0 S2_2
14075 19 -0.5 0 S2_2
14077 19 -0.5 1.71244915471089 S2_2
14078 19 -0.5 32.5301962307149 S2_2
14085 19 -0.5 0 S2_2
14086 19 -0.5 181.850367993558 S2_2
14087 19 -0.5 0 S2_2
14088 19 -0.5 0 S2_2
14089 19 -0.5 0 S2_2
14063 20 -0.5 9.99506192379665 S2_2
14064 20 -0.5 72.611146659425 S2_2
14065 20 -0.5 52.8441071514577 S2_2
14066 20 -0.5 0 S2_2
14072 20 -0.5 0 S2_2
14073 20 -0.5 191.479612584899 S2_2
14074 20 -0.5 0 S2_2
14075 20 -0.5 0 S2_2
14077 20 -0.5 6.51137212575121 S2_2
14078 20 -0.5 51.3953864853856 S2_2
14085 20 -0.5 0 S2_2
14086 20 -0.5 205.308068165527 S2_2
14087 20 -0.5 0 S2_2
14088 20 -0.5 0 S2_2
14089 20 -0.5 0 S2_2
14063 21 -0.5 2.16444629244788 S2_2
14064 21 -0.5 55.3306760268 S2_2
14065 21 -0.5 34.2954970943459 S2_2
14066 21 -0.5 0 S2_2
14072 21 -0.5 0 S2_2
14073 21 -0.5 180.354453440008 S2_2
14074 21 -0.5 0 S2_2
14075 21 -0.5 0 S2_2
14077 21 -0.5 1.46968691002105 S2_2
14078 21 -0.5 28.7849468881657 S2_2
14085 21 -0.5 0 S2_2
14086 21 -0.5 180.231866128483 S2_2
14087 21 -0.5 0 S2_2
14088 21 -0.5 0 S2_2
14089 21 -0.5 0 S2_2
14063 22 -0.5 5.60739136475318 S2_2
14064 22 -0.5 57.2861399784281 S2_2
14065 22 -0.5 37.9991517546322 S2_2
14066 22 -0.5 0 S2_2
14072 22 -0.5 0 S2_2
14073 22 -0.5 186.30003974127 S2_2
14074 22 -0.5 0 S2_2
14075 22 -0.5 0 S2_2
14077 22 -0.5 2.78411896775947 S2_2
14078 22 -0.5 35.0182345363324 S2_2
14085 22 -0.5 0 S2_2
14086 22 -0.5 191.331217170915 S2_2
14087 22 -0.5 0 S2_2
14088 22 -0.5 0 S2_2
14089 22 -0.5 0 S2_2
14063 23 -0.5 9.33039187791757 S2_2
14064 23 -0.5 65.3574859401006 S2_2
14065 23 -0.5 45.4635165438592 S2_2
14066 23 -0.5 0 S2_2
14072 23 -0.5 0 S2_2
14073 23 -0.5 191.958802786801 S2_2
14074 23 -0.5 0 S2_2
14075 23 -0.5 0 S2_2
14077 23 -0.5 4.91394292686339 S2_2
14078 23 -0.5 40.1328655763083 S2_2
14085 23 -0.5 0 S2_2
14086 23 -0.5 202.796185779058 S2_2
14087 23 -0.5 0 S2_2
14088 23 -0.5 0 S2_2
14089 23 -0.5 0 S2_2
14063 24 -0.5 4.00023966125715 S2_2
14064 24 -0.5 57.3736203298377 S2_2
14065 24 -0.5 37.2081977340966 S2_2
14066 24 -0.5 0 S2_2
14072 24 -0.5 0 S2_2
14073 24 -0.5 184.429594710335 S2_2
14074 24 -0.5 0 S2_2
14075 24 -0.5 0 S2_2
14077 24 -0.5 2.24911495630491 S2_2
14078 24 -0.5 32.8986051875705 S2_2
14085 24 -0.5 0 S2_2
14086 24 -0.5 187.719682226422 S2_2
14087 24 -0.5 0 S2_2
14088 24 -0.5 0 S2_2
14089 24 -0.5 0 S2_2
14063 25 -0.5 0 S2_2
14064 25 -0.5 64.3996985892636 S2_2
14065 25 -0.5 36.0302759467614 S2_2
14066 25 -0.5 0 S2_2
14072 25 -0.5 0 S2_2
14073 25 -0.5 177.769769771717 S2_2
14074 25 -0.5 0 S2_2
14075 25 -0.5 0 S2_2
14077 25 -0.5 0 S2_2
14078 25 -0.5 6.57863282706619 S2_2
14085 25 -0.5 0 S2_2
14086 25 -0.5 191.475892467217 S2_2
14087 25 -0.5 0 S2_2
14088 25 -0.5 0 S2_2
14089 25 -0.5 0 S2_2
14063 26 -0.5 5.92053010132756 S2_2
14064 26 -0.5 62.9481290355692 S2_2
14065 26 -0.5 42.8891883709464 S2_2
14066 26 -0.5 0 S2_2
14072 26 -0.5 0 S2_2
14073 26 -0.5 187.50551948908 S2_2
14074 26 -0.5 0 S2_2
14075 26 -0.5 0 S2_2
14077 26 -0.5 3.45342954492667 S2_2
14078 26 -0.5 40.5451932724506 S2_2
14085 26 -0.5 0 S2_2
14086 26 -0.5 194.539587627351 S2_2
14087 26 -0.5 0 S2_2
14088 26 -0.5 0 S2_2
14089 26 -0.5 0 S2_2
14063 27 -0.5 0 S2_2
14064 27 -0.5 20.7283459083544 S2_2
14065 27 -0.5 0 S2_2
14066 27 -0.5 0 S2_2
14072 27 -0.5 0 S2_2
14073 27 -0.5 98.2487286121697 S2_2
14074 27 -0.5 0 S2_2
14075 27 -0.5 0 S2_2
14077 27 -0.5 0 S2_2
14078 27 -0.5 0 S2_2
14085 27 -0.5 0 S2_2
14086 27 -0.5 44.9931729660988 S2_2
14087 27 -0.5 0 S2_2
14088 27 -0.5 0 S2_2
14089 27 -0.5 0 S2_2
14063 28 -0.5 13.0365009790972 S2_2
14064 28 -0.5 67.1024318950159 S2_2
14065 28 -0.5 48.4525167189706 S2_2
14066 28 -0.5 0 S2_2
14072 28 -0.5 0 S2_2
14073 28 -0.5 194.497326173147 S2_2
14074 28 -0.5 0 S2_2
14075 28 -0.5 0 S2_2
14077 28 -0.5 6.66948163722836 S2_2
14078 28 -0.5 47.2398645509733 S2_2
14085 28 -0.5 0 S2_2
14086 28 -0.5 207.242579184966 S2_2
14087 28 -0.5 0 S2_2
14088 28 -0.5 0 S2_2
14089 28 -0.5 0 S2_2
14063 29 -0.5 0 S2_2
14064 29 -0.5 39.3753090441786 S2_2
14065 29 -0.5 14.1079063579615 S2_2
14066 29 -0.5 0 S2_2
14072 29 -0.5 0 S2_2
14073 29 -0.5 147.240378985092 S2_2
14074 29 -0.5 0 S2_2
14075 29 -0.5 0 S2_2
14077 29 -0.5 0 S2_2
14078 29 -0.5 5.9128994645976 S2_2
14085 29 -0.5 0 S2_2
14086 29 -0.5 120.25105702985 S2_2
14087 29 -0.5 0 S2_2
14088 29 -0.5 0 S2_2
14089 29 -0.5 0 S2_2
14063 30 -0.5 0 S2_2
14064 30 -0.5 62.018785756068 S2_2
14065 30 -0.5 32.1422249198041 S2_2
14066 30 -0.5 0 S2_2
14072 30 -0.5 0 S2_2
14073 30 -0.5 167.62558748611 S2_2
14074 30 -0.5 0 S2_2
14075 30 -0.5 0 S2_2
14077 30 -0.5 0 S2_2
14078 30 -0.5 4.50486634418995 S2_2
14085 30 -0.5 0 S2_2
14086 30 -0.5 175.762029611056 S2_2
14087 30 -0.5 0 S2_2
14088 30 -0.5 0 S2_2
14089 30 -0.5 0 S2_2
14063 31 -0.5 2.32823477879395 S2_2
14064 31 -0.5 53.4355600943274 S2_2
14065 31 -0.5 31.7470528780436 S2_2
14066 31 -0.5 0 S2_2
14072 31 -0.5 0 S2_2
14073 31 -0.5 211.445358927586 S2_2
14074 31 -0.5 0 S2_2
14075 31 -0.5 0 S2_2
14077 31 -0.5 0 S2_2
14078 31 -0.5 18.2481453193719 S2_2
14085 31 -0.5 0 S2_2
14086 31 -0.5 206.141201576349 S2_2
14087 31 -0.5 0 S2_2
14088 31 -0.5 0 S2_2
14089 31 -0.5 0 S2_2
14063 1 -1.5 61.8420298894698 S2_2
14064 1 -1.5 0 S2_2
14065 1 -1.5 0 S2_2
14066 1 -1.5 0 S2_2
14072 1 -1.5 13.1562148753074 S2_2
14073 1 -1.5 1.83136074299074 S2_2
14074 1 -1.5 0 S2_2
14075 1 -1.5 0 S2_2
14077 1 -1.5 18.3670016468639 S2_2
14078 1 -1.5 0 S2_2
14085 1 -1.5 0 S2_2
14086 1 -1.5 0 S2_2
14087 1 -1.5 0 S2_2
14088 1 -1.5 0 S2_2
14089 1 -1.5 0 S2_2
14063 2 -1.5 112.206421700091 S2_2
14064 2 -1.5 10.394604934163 S2_2
14065 2 -1.5 52.2528207452648 S2_2
14066 2 -1.5 0 S2_2
14072 2 -1.5 55.3545315145863 S2_2
14073 2 -1.5 90.5287488330271 S2_2
14074 2 -1.5 50.5674520128395 S2_2
14075 2 -1.5 0 S2_2
14077 2 -1.5 60.2346606176108 S2_2
14078 2 -1.5 1.30148231784949 S2_2
14085 2 -1.5 0 S2_2
14086 2 -1.5 83.8032000231322 S2_2
14087 2 -1.5 0 S2_2
14088 2 -1.5 40.9360699624618 S2_2
14089 2 -1.5 0 S2_2
14063 3 -1.5 140.648765891267 S2_2
14064 3 -1.5 0 S2_2
14065 3 -1.5 20.4756125088464 S2_2
14066 3 -1.5 0 S2_2
14072 3 -1.5 109.865251524247 S2_2
14073 3 -1.5 57.2154670703085 S2_2
14074 3 -1.5 22.4616087819363 S2_2
14075 3 -1.5 0 S2_2
14077 3 -1.5 74.6386619441243 S2_2
14078 3 -1.5 1.06563716455033 S2_2
14085 3 -1.5 0 S2_2
14086 3 -1.5 34.2963118998691 S2_2
14087 3 -1.5 0 S2_2
14088 3 -1.5 26.8564082874247 S2_2
14089 3 -1.5 0 S2_2
14063 4 -1.5 97.6706808984807 S2_2
14064 4 -1.5 0 S2_2
14065 4 -1.5 1.9436073462505 S2_2
14066 4 -1.5 0 S2_2
14072 4 -1.5 35.4467286231949 S2_2
14073 4 -1.5 12.9493164938477 S2_2
14074 4 -1.5 2.28875057607329 S2_2
14075 4 -1.5 0 S2_2
14077 4 -1.5 41.6103732268245 S2_2
14078 4 -1.5 0 S2_2
14085 4 -1.5 0 S2_2
14086 4 -1.5 2.93158115802367 S2_2
14087 4 -1.5 0 S2_2
14088 4 -1.5 5.06360877663602 S2_2
14089 4 -1.5 0 S2_2
14063 5 -1.5 0 S2_2
14064 5 -1.5 0 S2_2
14065 5 -1.5 0 S2_2
14066 5 -1.5 0 S2_2
14072 5 -1.5 0 S2_2
14073 5 -1.5 0 S2_2
14074 5 -1.5 0 S2_2
14075 5 -1.5 0 S2_2
14077 5 -1.5 0 S2_2
14078 5 -1.5 0 S2_2
14085 5 -1.5 0 S2_2
14086 5 -1.5 0 S2_2
14087 5 -1.5 0 S2_2
14088 5 -1.5 0 S2_2
14089 5 -1.5 0 S2_2
14063 6 -1.5 237.109023108206 S2_2
14064 6 -1.5 26.1646621063313 S2_2
14065 6 -1.5 89.9448639585018 S2_2
14066 6 -1.5 0 S2_2
14072 6 -1.5 274.634552418377 S2_2
14073 6 -1.5 128.774081351768 S2_2
14074 6 -1.5 96.6282136534507 S2_2
14075 6 -1.5 0 S2_2
14077 6 -1.5 137.38398026126 S2_2
14078 6 -1.5 55.4439760917456 S2_2
14085 6 -1.5 0 S2_2
14086 6 -1.5 166.9392002622 S2_2
14087 6 -1.5 0 S2_2
14088 6 -1.5 117.69778838708 S2_2
14089 6 -1.5 5.84197438583855 S2_2
14063 7 -1.5 117.118990681222 S2_2
14064 7 -1.5 12.9853906247277 S2_2
14065 7 -1.5 56.5301519968839 S2_2
14066 7 -1.5 0 S2_2
14072 7 -1.5 67.7785925017406 S2_2
14073 7 -1.5 95.2161209159795 S2_2
14074 7 -1.5 54.9468790593218 S2_2
14075 7 -1.5 0 S2_2
14077 7 -1.5 63.1491676983079 S2_2
14078 7 -1.5 1.7135929298482 S2_2
14085 7 -1.5 0 S2_2
14086 7 -1.5 95.5018242907557 S2_2
14087 7 -1.5 0 S2_2
14088 7 -1.5 45.6446464279589 S2_2
14089 7 -1.5 0 S2_2
14063 8 -1.5 144.43015494487 S2_2
14064 8 -1.5 0 S2_2
14065 8 -1.5 21.8932703187524 S2_2
14066 8 -1.5 0 S2_2
14072 8 -1.5 107.815697554597 S2_2
14073 8 -1.5 50.1257566236829 S2_2
14074 8 -1.5 23.3453211523651 S2_2
14075 8 -1.5 0 S2_2
14077 8 -1.5 77.6105360615913 S2_2
14078 8 -1.5 3.15151643234385 S2_2
14085 8 -1.5 0 S2_2
14086 8 -1.5 22.4225517080881 S2_2
14087 8 -1.5 0 S2_2
14088 8 -1.5 40.3449975769065 S2_2
14089 8 -1.5 0 S2_2
14063 9 -1.5 162.583662915692 S2_2
14064 9 -1.5 1.09823587299726 S2_2
14065 9 -1.5 33.0747864865346 S2_2
14066 9 -1.5 0 S2_2
14072 9 -1.5 153.167234690662 S2_2
14073 9 -1.5 67.2519726139625 S2_2
14074 9 -1.5 36.6340805599684 S2_2
14075 9 -1.5 0 S2_2
14077 9 -1.5 89.7891730712608 S2_2
14078 9 -1.5 5.44289504381008 S2_2
14085 9 -1.5 0 S2_2
14086 9 -1.5 49.2095649077087 S2_2
14087 9 -1.5 0 S2_2
14088 9 -1.5 50.5615371054609 S2_2
14089 9 -1.5 0 S2_2
14063 10 -1.5 142.871926233092 S2_2
14064 10 -1.5 0 S2_2
14065 10 -1.5 17.751224428952 S2_2
14066 10 -1.5 0 S2_2
14072 10 -1.5 124.599931761307 S2_2
14073 10 -1.5 47.4846676268249 S2_2
14074 10 -1.5 19.991730284133 S2_2
14075 10 -1.5 0 S2_2
14077 10 -1.5 75.1138000576409 S2_2
14078 10 -1.5 2.22051823044152 S2_2
14085 10 -1.5 0 S2_2
14086 10 -1.5 23.6564650158081 S2_2
14087 10 -1.5 0 S2_2
14088 10 -1.5 35.4332740297196 S2_2
14089 10 -1.5 0 S2_2
14063 11 -1.5 0 S2_2
14064 11 -1.5 0 S2_2
14065 11 -1.5 0 S2_2
14066 11 -1.5 0 S2_2
14072 11 -1.5 0 S2_2
14073 11 -1.5 0 S2_2
14074 11 -1.5 0 S2_2
14075 11 -1.5 0 S2_2
14077 11 -1.5 0 S2_2
14078 11 -1.5 0 S2_2
14085 11 -1.5 0 S2_2
14086 11 -1.5 0 S2_2
14087 11 -1.5 0 S2_2
14088 11 -1.5 0 S2_2
14089 11 -1.5 0 S2_2
14063 12 -1.5 0 S2_2
14064 12 -1.5 0 S2_2
14065 12 -1.5 0 S2_2
14066 12 -1.5 0 S2_2
14072 12 -1.5 0 S2_2
14073 12 -1.5 0 S2_2
14074 12 -1.5 0 S2_2
14075 12 -1.5 0 S2_2
14077 12 -1.5 0 S2_2
14078 12 -1.5 0 S2_2
14085 12 -1.5 0 S2_2
14086 12 -1.5 0 S2_2
14087 12 -1.5 0 S2_2
14088 12 -1.5 0 S2_2
14089 12 -1.5 0 S2_2
14063 13 -1.5 118.853158964859 S2_2
14064 13 -1.5 0 S2_2
14065 13 -1.5 15.8811120619276 S2_2
14066 13 -1.5 0 S2_2
14072 13 -1.5 25.8333141939204 S2_2
14073 13 -1.5 37.5459779147411 S2_2
14074 13 -1.5 14.1089673734015 S2_2
14075 13 -1.5 0 S2_2
14077 13 -1.5 64.3031405281296 S2_2
14078 13 -1.5 1.13434637575866 S2_2
14085 13 -1.5 0 S2_2
14086 13 -1.5 6.83632968232938 S2_2
14087 13 -1.5 0 S2_2
14088 13 -1.5 24.5389799948689 S2_2
14089 13 -1.5 0 S2_2
14063 14 -1.5 215.507443852318 S2_2
14064 14 -1.5 36.8254574797696 S2_2
14065 14 -1.5 95.695395596222 S2_2
14066 14 -1.5 0 S2_2
14072 14 -1.5 242.435714852297 S2_2
14073 14 -1.5 141.31874818153 S2_2
14074 14 -1.5 98.5988262727162 S2_2
14075 14 -1.5 0 S2_2
14077 14 -1.5 123.094506130444 S2_2
14078 14 -1.5 37.0455012120771 S2_2
14085 14 -1.5 0 S2_2
14086 14 -1.5 187.907685874071 S2_2
14087 14 -1.5 0 S2_2
14088 14 -1.5 102.07668395602 S2_2
14089 14 -1.5 4.54549333083706 S2_2
14063 15 -1.5 266.58917683599 S2_2
14064 15 -1.5 38.5672149631316 S2_2
14065 15 -1.5 108.838560233453 S2_2
14066 15 -1.5 0 S2_2
14072 15 -1.5 329.342323542994 S2_2
14073 15 -1.5 149.585449222011 S2_2
14074 15 -1.5 117.214618250903 S2_2
14075 15 -1.5 1.55947119116301 S2_2
14077 15 -1.5 154.338496672607 S2_2
14078 15 -1.5 78.1153455944778 S2_2
14085 15 -1.5 0 S2_2
14086 15 -1.5 204.527535364876 S2_2
14087 15 -1.5 1.1903084298731 S2_2
14088 15 -1.5 146.002402947259 S2_2
14089 15 -1.5 19.4579569597033 S2_2
14063 16 -1.5 174.285333553719 S2_2
14064 16 -1.5 1.90337121663848 S2_2
14065 16 -1.5 41.6577980471298 S2_2
14066 16 -1.5 0 S2_2
14072 16 -1.5 176.916648142077 S2_2
14073 16 -1.5 75.0033382859321 S2_2
14074 16 -1.5 46.2158018455834 S2_2
14075 16 -1.5 0 S2_2
14077 16 -1.5 97.7522084773274 S2_2
14078 16 -1.5 12.8393400316088 S2_2
14085 16 -1.5 0 S2_2
14086 16 -1.5 63.0414407579743 S2_2
14087 16 -1.5 0 S2_2
14088 16 -1.5 65.6231398145214 S2_2
14089 16 -1.5 0 S2_2
14063 17 -1.5 230.381017659185 S2_2
14064 17 -1.5 30.546063122674 S2_2
14065 17 -1.5 94.6768188328795 S2_2
14066 17 -1.5 0 S2_2
14072 17 -1.5 248.995494645803 S2_2
14073 17 -1.5 128.286761813565 S2_2
14074 17 -1.5 97.8865025890984 S2_2
14075 17 -1.5 0 S2_2
14077 17 -1.5 134.194633863866 S2_2
14078 17 -1.5 54.9880296273386 S2_2
14085 17 -1.5 0 S2_2
14086 17 -1.5 161.142846604061 S2_2
14087 17 -1.5 0 S2_2
14088 17 -1.5 117.888617801127 S2_2
14089 17 -1.5 4.98390268586179 S2_2
14063 18 -1.5 29.7976351575313 S2_2
14064 18 -1.5 0 S2_2
14065 18 -1.5 0 S2_2
14066 18 -1.5 0 S2_2
14072 18 -1.5 1.16526113812522 S2_2
14073 18 -1.5 0 S2_2
14074 18 -1.5 0 S2_2
14075 18 -1.5 0 S2_2
14077 18 -1.5 4.80999515567875 S2_2
14078 18 -1.5 0 S2_2
14085 18 -1.5 0 S2_2
14086 18 -1.5 0 S2_2
14087 18 -1.5 0 S2_2
14088 18 -1.5 0 S2_2
14089 18 -1.5 0 S2_2
14063 19 -1.5 149.608995539131 S2_2
14064 19 -1.5 0 S2_2
14065 19 -1.5 22.7753224135239 S2_2
14066 19 -1.5 0 S2_2
14072 19 -1.5 133.303667762214 S2_2
14073 19 -1.5 53.7832513654803 S2_2
14074 19 -1.5 25.3754517034362 S2_2
14075 19 -1.5 0 S2_2
14077 19 -1.5 80.3430535154165 S2_2
14078 19 -1.5 3.27518666115764 S2_2
14085 19 -1.5 0 S2_2
14086 19 -1.5 30.0672604504521 S2_2
14087 19 -1.5 0 S2_2
14088 19 -1.5 41.4781078339524 S2_2
14089 19 -1.5 0 S2_2
14063 20 -1.5 223.762712357289 S2_2
14064 20 -1.5 16.8652359386624 S2_2
14065 20 -1.5 78.2283290490911 S2_2
14066 20 -1.5 0 S2_2
14072 20 -1.5 259.058664922975 S2_2
14073 20 -1.5 115.390376584987 S2_2
14074 20 -1.5 85.3233196866976 S2_2
14075 20 -1.5 0 S2_2
14077 20 -1.5 129.253714729625 S2_2
14078 20 -1.5 49.1739522595844 S2_2
14085 20 -1.5 0 S2_2
14086 20 -1.5 143.821419444115 S2_2
14087 20 -1.5 0 S2_2
14088 20 -1.5 109.389276024488 S2_2
14089 20 -1.5 2.7369128689015 S2_2
14063 21 -1.5 125.779563674496 S2_2
14064 21 -1.5 0 S2_2
14065 21 -1.5 8.38328548954037 S2_2
14066 21 -1.5 0 S2_2
14072 21 -1.5 93.5726639651856 S2_2
14073 21 -1.5 32.7048659528819 S2_2
14074 21 -1.5 9.66218705921677 S2_2
14075 21 -1.5 0 S2_2
14077 21 -1.5 61.8773956007447 S2_2
14078 21 -1.5 0 S2_2
14085 21 -1.5 0 S2_2
14086 21 -1.5 11.6630377748092 S2_2
14087 21 -1.5 0 S2_2
14088 21 -1.5 20.5754696363799 S2_2
14089 21 -1.5 0 S2_2
14063 22 -1.5 130.252634864256 S2_2
14064 22 -1.5 0 S2_2
14065 22 -1.5 9.50199051933124 S2_2
14066 22 -1.5 0 S2_2
14072 22 -1.5 119.660871989342 S2_2
14073 22 -1.5 36.0328937704697 S2_2
14074 22 -1.5 11.4225440644847 S2_2
14075 22 -1.5 0 S2_2
14077 22 -1.5 64.7376285972816 S2_2
14078 22 -1.5 1.00588805339092 S2_2
14085 22 -1.5 0 S2_2
14086 22 -1.5 16.0537008049721 S2_2
14087 22 -1.5 0 S2_2
14088 22 -1.5 24.5782856080475 S2_2
14089 22 -1.5 0 S2_2
14063 23 -1.5 174.337699714037 S2_2
14064 23 -1.5 1.51458735308124 S2_2
14065 23 -1.5 38.2755197200694 S2_2
14066 23 -1.5 0 S2_2
14072 23 -1.5 193.466688187348 S2_2
14073 23 -1.5 75.3292141383779 S2_2
14074 23 -1.5 44.0057446645676 S2_2
14075 23 -1.5 0 S2_2
14077 23 -1.5 96.8007116404516 S2_2
14078 23 -1.5 9.13828985022236 S2_2
14085 23 -1.5 0 S2_2
14086 23 -1.5 71.3318253235623 S2_2
14087 23 -1.5 0 S2_2
14088 23 -1.5 59.7977878986004 S2_2
14089 23 -1.5 0 S2_2
14063 24 -1.5 132.957939753598 S2_2
14064 24 -1.5 0 S2_2
14065 24 -1.5 11.171356868308 S2_2
14066 24 -1.5 0 S2_2
14072 24 -1.5 116.420195532226 S2_2
14073 24 -1.5 38.5614047138184 S2_2
14074 24 -1.5 13.0650677605141 S2_2
14075 24 -1.5 0 S2_2
14077 24 -1.5 67.0679666913444 S2_2
14078 24 -1.5 1.15536475090109 S2_2
14085 24 -1.5 0 S2_2
14086 24 -1.5 16.9977007190393 S2_2
14087 24 -1.5 0 S2_2
14088 24 -1.5 26.2181686347815 S2_2
14089 24 -1.5 0 S2_2
14063 25 -1.5 196.068575255635 S2_2
14064 25 -1.5 21.7615423229898 S2_2
14065 25 -1.5 75.0064038801964 S2_2
14066 25 -1.5 0 S2_2
14072 25 -1.5 222.722242 S2_2
14073 25 -1.5 123.574794354836 S2_2
14074 25 -1.5 80.1264972990991 S2_2
14075 25 -1.5 0 S2_2
14077 25 -1.5 110.974391503996 S2_2
14078 25 -1.5 18.5157613422017 S2_2
14085 25 -1.5 0 S2_2
14086 25 -1.5 160.626995304923 S2_2
14087 25 -1.5 0 S2_2
14088 25 -1.5 80.4436670932675 S2_2
14089 25 -1.5 1.30208860353595 S2_2
14063 26 -1.5 164.005736357355 S2_2
14064 26 -1.5 0 S2_2
14065 26 -1.5 31.6309042975037 S2_2
14066 26 -1.5 0 S2_2
14072 26 -1.5 171.281245181956 S2_2
14073 26 -1.5 65.5973732027204 S2_2
14074 26 -1.5 36.0697443891518 S2_2
14075 26 -1.5 0 S2_2
14077 26 -1.5 89.9545949624481 S2_2
14078 26 -1.5 6.97556958172814 S2_2
14085 26 -1.5 0 S2_2
14086 26 -1.5 50.7078917010728 S2_2
14087 26 -1.5 0 S2_2
14088 26 -1.5 54.2475682039975 S2_2
14089 26 -1.5 0 S2_2
14063 27 -1.5 64.085084175253 S2_2
14064 27 -1.5 0 S2_2
14065 27 -1.5 9.34263699498292 S2_2
14066 27 -1.5 0 S2_2
14072 27 -1.5 6.89859489873798 S2_2
14073 27 -1.5 43.7923834127761 S2_2
14074 27 -1.5 7.66747496055781 S2_2
14075 27 -1.5 0 S2_2
14077 27 -1.5 25.3543543751301 S2_2
14078 27 -1.5 0 S2_2
14085 27 -1.5 0 S2_2
14086 27 -1.5 11.2748803363862 S2_2
14087 27 -1.5 0 S2_2
14088 27 -1.5 3.09992870801764 S2_2
14089 27 -1.5 0 S2_2
14063 28 -1.5 181.796587566704 S2_2
14064 28 -1.5 2.08991232755755 S2_2
14065 28 -1.5 43.2522894921687 S2_2
14066 28 -1.5 0 S2_2
14072 28 -1.5 209.646958875805 S2_2
14073 28 -1.5 80.3566980873369 S2_2
14074 28 -1.5 49.8420632868907 S2_2
14075 28 -1.5 0 S2_2
14077 28 -1.5 101.736136209548 S2_2
14078 28 -1.5 14.9284319289299 S2_2
14085 28 -1.5 0 S2_2
14086 28 -1.5 82.5177603970019 S2_2
14087 28 -1.5 0 S2_2
14088 28 -1.5 69.0564550573811 S2_2
14089 28 -1.5 0 S2_2
14063 29 -1.5 82.4711373010493 S2_2
14064 29 -1.5 0 S2_2
14065 29 -1.5 1.20341740519931 S2_2
14066 29 -1.5 0 S2_2
14072 29 -1.5 10.205387273458 S2_2
14073 29 -1.5 7.31578158899381 S2_2
14074 29 -1.5 1.28646150018177 S2_2
14075 29 -1.5 0 S2_2
14077 29 -1.5 33.6597447586582 S2_2
14078 29 -1.5 0 S2_2
14085 29 -1.5 0 S2_2
14086 29 -1.5 1.25113245164279 S2_2
14087 29 -1.5 0 S2_2
14088 29 -1.5 2.50530198918966 S2_2
14089 29 -1.5 0 S2_2
14063 30 -1.5 196.745267454724 S2_2
14064 30 -1.5 25.354202481093 S2_2
14065 30 -1.5 80.0214737729503 S2_2
14066 30 -1.5 0 S2_2
14072 30 -1.5 211.241874989359 S2_2
14073 30 -1.5 124.930629467614 S2_2
14074 30 -1.5 83.2585500337284 S2_2
14075 30 -1.5 0 S2_2
14077 30 -1.5 112.083173591735 S2_2
14078 30 -1.5 21.9253114791474 S2_2
14085 30 -1.5 0 S2_2
14086 30 -1.5 159.195123072826 S2_2
14087 30 -1.5 0 S2_2
14088 30 -1.5 84.9102470143887 S2_2
14089 30 -1.5 1.44608660768805 S2_2
14063 31 -1.5 188.028392027917 S2_2
14064 31 -1.5 0 S2_2
14065 31 -1.5 34.9974768110562 S2_2
14066 31 -1.5 0 S2_2
14072 31 -1.5 236.499770256278 S2_2
14073 31 -1.5 95.7986972700981 S2_2
14074 31 -1.5 48.3578587250323 S2_2
14075 31 -1.5 0 S2_2
14077 31 -1.5 86.2577957341988 S2_2
14078 31 -1.5 4.70359221860027 S2_2
14085 31 -1.5 0 S2_2
14086 31 -1.5 95.6862111420855 S2_2
14087 31 -1.5 0 S2_2
14088 31 -1.5 52.912338448075 S2_2
14089 31 -1.5 0 S2_2
14063 1 -3 0 S2_2
14064 1 -3 0 S2_2
14065 1 -3 0 S2_2
14066 1 -3 0 S2_2
14072 1 -3 0 S2_2
14073 1 -3 0 S2_2
14074 1 -3 0 S2_2
14075 1 -3 0 S2_2
14077 1 -3 0 S2_2
14078 1 -3 0 S2_2
14085 1 -3 0 S2_2
14086 1 -3 0 S2_2
14087 1 -3 0 S2_2
14088 1 -3 0 S2_2
14089 1 -3 0 S2_2
14063 2 -3 65.1451387044496 S2_2
14064 2 -3 0 S2_2
14065 2 -3 10.7077300848496 S2_2
14066 2 -3 0 S2_2
14072 2 -3 8.20558385362836 S2_2
14073 2 -3 44.6935559013863 S2_2
14074 2 -3 8.7295902845493 S2_2
14075 2 -3 0 S2_2
14077 2 -3 27.6359367747781 S2_2
14078 2 -3 0 S2_2
14085 2 -3 0 S2_2
14086 2 -3 12.4030678648851 S2_2
14087 2 -3 0 S2_2
14088 2 -3 7.58090635051873 S2_2
14089 2 -3 1.22610711994131 S2_2
14063 3 -3 0 S2_2
14064 3 -3 0 S2_2
14065 3 -3 0 S2_2
14066 3 -3 0 S2_2
14072 3 -3 0 S2_2
14073 3 -3 0 S2_2
14074 3 -3 0 S2_2
14075 3 -3 0 S2_2
14077 3 -3 0 S2_2
14078 3 -3 0 S2_2
14085 3 -3 0 S2_2
14086 3 -3 0 S2_2
14087 3 -3 0 S2_2
14088 3 -3 0 S2_2
14089 3 -3 0 S2_2
14063 4 -3 0 S2_2
14064 4 -3 0 S2_2
14065 4 -3 0 S2_2
14066 4 -3 0 S2_2
14072 4 -3 0 S2_2
14073 4 -3 0 S2_2
14074 4 -3 0 S2_2
14075 4 -3 0 S2_2
14077 4 -3 0 S2_2
14078 4 -3 0 S2_2
14085 4 -3 0 S2_2
14086 4 -3 0 S2_2
14087 4 -3 0 S2_2
14088 4 -3 0 S2_2
14089 4 -3 0 S2_2
14063 5 -3 0 S2_2
14064 5 -3 0 S2_2
14065 5 -3 0 S2_2
14066 5 -3 0 S2_2
14072 5 -3 0 S2_2
14073 5 -3 0 S2_2
14074 5 -3 0 S2_2
14075 5 -3 0 S2_2
14077 5 -3 0 S2_2
14078 5 -3 0 S2_2
14085 5 -3 0 S2_2
14086 5 -3 0 S2_2
14087 5 -3 0 S2_2
14088 5 -3 0 S2_2
14089 5 -3 0 S2_2
14063 6 -3 109.472770669269 S2_2
14064 6 -3 0 S2_2
14065 6 -3 7.46147129209255 S2_2
14066 6 -3 0 S2_2
14072 6 -3 68.3652777958256 S2_2
14073 6 -3 29.9190831426696 S2_2
14074 6 -3 8.15577795309962 S2_2
14075 6 -3 0 S2_2
14077 6 -3 55.0155277509296 S2_2
14078 6 -3 0 S2_2
14085 6 -3 0 S2_2
14086 6 -3 8.97511693087412 S2_2
14087 6 -3 0 S2_2
14088 6 -3 24.0814410500293 S2_2
14089 6 -3 2.15162334715715 S2_2
14063 7 -3 73.1131526023472 S2_2
14064 7 -3 0 S2_2
14065 7 -3 16.1666203912679 S2_2
14066 7 -3 0 S2_2
14072 7 -3 13.0878505765339 S2_2
14073 7 -3 52.0888865640699 S2_2
14074 7 -3 13.6589850696453 S2_2
14075 7 -3 0 S2_2
14077 7 -3 33.8107713584504 S2_2
14078 7 -3 0 S2_2
14085 7 -3 0 S2_2
14086 7 -3 19.6154497927282 S2_2
14087 7 -3 0 S2_2
14088 7 -3 12.3125819968705 S2_2
14089 7 -3 2.06560089988554 S2_2
14063 8 -3 0 S2_2
14064 8 -3 0 S2_2
14065 8 -3 0 S2_2
14066 8 -3 0 S2_2
14072 8 -3 0 S2_2
14073 8 -3 0 S2_2
14074 8 -3 0 S2_2
14075 8 -3 0 S2_2
14077 8 -3 0 S2_2
14078 8 -3 0 S2_2
14085 8 -3 0 S2_2
14086 8 -3 0 S2_2
14087 8 -3 0 S2_2
14088 8 -3 0 S2_2
14089 8 -3 0 S2_2
14063 9 -3 2.2833675475976 S2_2
14064 9 -3 0 S2_2
14065 9 -3 0 S2_2
14066 9 -3 0 S2_2
14072 9 -3 0 S2_2
14073 9 -3 0 S2_2
14074 9 -3 0 S2_2
14075 9 -3 0 S2_2
14077 9 -3 0 S2_2
14078 9 -3 0 S2_2
14085 9 -3 0 S2_2
14086 9 -3 0 S2_2
14087 9 -3 0 S2_2
14088 9 -3 0 S2_2
14089 9 -3 0 S2_2
14063 10 -3 0 S2_2
14064 10 -3 0 S2_2
14065 10 -3 0 S2_2
14066 10 -3 0 S2_2
14072 10 -3 0 S2_2
14073 10 -3 0 S2_2
14074 10 -3 0 S2_2
14075 10 -3 0 S2_2
14077 10 -3 0 S2_2
14078 10 -3 0 S2_2
14085 10 -3 0 S2_2
14086 10 -3 0 S2_2
14087 10 -3 0 S2_2
14088 10 -3 0 S2_2
14089 10 -3 0 S2_2
14063 11 -3 0 S2_2
14064 11 -3 0 S2_2
14065 11 -3 0 S2_2
14066 11 -3 0 S2_2
14072 11 -3 0 S2_2
14073 11 -3 0 S2_2
14074 11 -3 0 S2_2
14075 11 -3 0 S2_2
14077 11 -3 0 S2_2
14078 11 -3 0 S2_2
14085 11 -3 0 S2_2
14086 11 -3 0 S2_2
14087 11 -3 0 S2_2
14088 11 -3 0 S2_2
14089 11 -3 0 S2_2
14063 12 -3 0 S2_2
14064 12 -3 0 S2_2
14065 12 -3 0 S2_2
14066 12 -3 0 S2_2
14072 12 -3 0 S2_2
14073 12 -3 0 S2_2
14074 12 -3 0 S2_2
14075 12 -3 0 S2_2
14077 12 -3 0 S2_2
14078 12 -3 0 S2_2
14085 12 -3 0 S2_2
14086 12 -3 0 S2_2
14087 12 -3 0 S2_2
14088 12 -3 0 S2_2
14089 12 -3 0 S2_2
14063 13 -3 0 S2_2
14064 13 -3 0 S2_2
14065 13 -3 0 S2_2
14066 13 -3 0 S2_2
14072 13 -3 0 S2_2
14073 13 -3 0 S2_2
14074 13 -3 0 S2_2
14075 13 -3 0 S2_2
14077 13 -3 0 S2_2
14078 13 -3 0 S2_2
14085 13 -3 0 S2_2
14086 13 -3 0 S2_2
14087 13 -3 0 S2_2
14088 13 -3 0 S2_2
14089 13 -3 0 S2_2
14063 14 -3 139.892244071466 S2_2
14064 14 -3 3.08434838253924 S2_2
14065 14 -3 38.7561709901984 S2_2
14066 14 -3 0 S2_2
14072 14 -3 123.099109191233 S2_2
14073 14 -3 76.6450179484561 S2_2
14074 14 -3 41.2297091060267 S2_2
14075 14 -3 1.70890789503041 S2_2
14077 14 -3 76.372386426949 S2_2
14078 14 -3 1.96998219887558 S2_2
14085 14 -3 0 S2_2
14086 14 -3 74.3285333873048 S2_2
14087 14 -3 0 S2_2
14088 14 -3 49.1712404378755 S2_2
14089 14 -3 17.5042747810392 S2_2
14063 15 -3 145.249800531186 S2_2
14064 15 -3 0 S2_2
14065 15 -3 28.0867321077531 S2_2
14066 15 -3 0 S2_2
14072 15 -3 161.315376600716 S2_2
14073 15 -3 57.3900927786936 S2_2
14074 15 -3 32.1090657862646 S2_2
14075 15 -3 1.30606625415847 S2_2
14077 15 -3 77.3943746164816 S2_2
14078 15 -3 5.24049885335166 S2_2
14085 15 -3 0 S2_2
14086 15 -3 45.4018179907333 S2_2
14087 15 -3 0 S2_2
14088 15 -3 57.8821346059412 S2_2
14089 15 -3 13.9392917232211 S2_2
14063 16 -3 7.17513094548913 S2_2
14064 16 -3 0 S2_2
14065 16 -3 0 S2_2
14066 16 -3 0 S2_2
14072 16 -3 0 S2_2
14073 16 -3 0 S2_2
14074 16 -3 0 S2_2
14075 16 -3 0 S2_2
14077 16 -3 0 S2_2
14078 16 -3 0 S2_2
14085 16 -3 0 S2_2
14086 16 -3 0 S2_2
14087 16 -3 0 S2_2
14088 16 -3 0 S2_2
14089 16 -3 0 S2_2
14063 17 -3 130.981591636837 S2_2
14064 17 -3 0 S2_2
14065 17 -3 24.1642165710752 S2_2
14066 17 -3 0 S2_2
14072 17 -3 85.7031444385031 S2_2
14073 17 -3 50.9451539873591 S2_2
14074 17 -3 24.5963692699608 S2_2
14075 17 -3 0 S2_2
14077 17 -3 70.9535442088543 S2_2
14078 17 -3 2.19639028237311 S2_2
14085 17 -3 0 S2_2
14086 17 -3 23.1224760656118 S2_2
14087 17 -3 0 S2_2
14088 17 -3 45.4969694149742 S2_2
14089 17 -3 8.31006226253879 S2_2
14063 18 -3 0 S2_2
14064 18 -3 0 S2_2
14065 18 -3 0 S2_2
14066 18 -3 0 S2_2
14072 18 -3 0 S2_2
14073 18 -3 0 S2_2
14074 18 -3 0 S2_2
14075 18 -3 0 S2_2
14077 18 -3 0 S2_2
14078 18 -3 0 S2_2
14085 18 -3 0 S2_2
14086 18 -3 0 S2_2
14087 18 -3 0 S2_2
14088 18 -3 0 S2_2
14089 18 -3 0 S2_2
14063 19 -3 0 S2_2
14064 19 -3 0 S2_2
14065 19 -3 0 S2_2
14066 19 -3 0 S2_2
14072 19 -3 0 S2_2
14073 19 -3 0 S2_2
14074 19 -3 0 S2_2
14075 19 -3 0 S2_2
14077 19 -3 0 S2_2
14078 19 -3 0 S2_2
14085 19 -3 0 S2_2
14086 19 -3 0 S2_2
14087 19 -3 0 S2_2
14088 19 -3 0 S2_2
14089 19 -3 0 S2_2
14063 20 -3 80.3634809783399 S2_2
14064 20 -3 0 S2_2
14065 20 -3 1.11774270252844 S2_2
14066 20 -3 0 S2_2
14072 20 -3 24.6255126249957 S2_2
14073 20 -3 7.59722551687971 S2_2
14074 20 -3 1.32857483763083 S2_2
14075 20 -3 0 S2_2
14077 20 -3 34.5772352071554 S2_2
14078 20 -3 0 S2_2
14085 20 -3 0 S2_2
14086 20 -3 1.64951020858856 S2_2
14087 20 -3 0 S2_2
14088 20 -3 6.88839407641143 S2_2
14089 20 -3 0 S2_2
14063 21 -3 0 S2_2
14064 21 -3 0 S2_2
14065 21 -3 0 S2_2
14066 21 -3 0 S2_2
14072 21 -3 0 S2_2
14073 21 -3 0 S2_2
14074 21 -3 0 S2_2
14075 21 -3 0 S2_2
14077 21 -3 0 S2_2
14078 21 -3 0 S2_2
14085 21 -3 0 S2_2
14086 21 -3 0 S2_2
14087 21 -3 0 S2_2
14088 21 -3 0 S2_2
14089 21 -3 0 S2_2
14063 22 -3 0 S2_2
14064 22 -3 0 S2_2
14065 22 -3 0 S2_2
14066 22 -3 0 S2_2
14072 22 -3 0 S2_2
14073 22 -3 0 S2_2
14074 22 -3 0 S2_2
14075 22 -3 0 S2_2
14077 22 -3 0 S2_2
14078 22 -3 0 S2_2
14085 22 -3 0 S2_2
14086 22 -3 0 S2_2
14087 22 -3 0 S2_2
14088 22 -3 0 S2_2
14089 22 -3 0 S2_2
14063 23 -3 3.63179637642254 S2_2
14064 23 -3 0 S2_2
14065 23 -3 0 S2_2
14066 23 -3 0 S2_2
14072 23 -3 0 S2_2
14073 23 -3 0 S2_2
14074 23 -3 0 S2_2
14075 23 -3 0 S2_2
14077 23 -3 0 S2_2
14078 23 -3 0 S2_2
14085 23 -3 0 S2_2
14086 23 -3 0 S2_2
14087 23 -3 0 S2_2
14088 23 -3 0 S2_2
14089 23 -3 0 S2_2
14063 24 -3 0 S2_2
14064 24 -3 0 S2_2
14065 24 -3 0 S2_2
14066 24 -3 0 S2_2
14072 24 -3 0 S2_2
14073 24 -3 0 S2_2
14074 24 -3 0 S2_2
14075 24 -3 0 S2_2
14077 24 -3 0 S2_2
14078 24 -3 0 S2_2
14085 24 -3 0 S2_2
14086 24 -3 0 S2_2
14087 24 -3 0 S2_2
14088 24 -3 0 S2_2
14089 24 -3 0 S2_2
14063 25 -3 92.0107903435323 S2_2
14064 25 -3 0 S2_2
14065 25 -3 5.10580560669229 S2_2
14066 25 -3 0 S2_2
14072 25 -3 40.7038716055714 S2_2
14073 25 -3 35.053977811995 S2_2
14074 25 -3 5.57993364360637 S2_2
14075 25 -3 0 S2_2
14077 25 -3 44.5244069078301 S2_2
14078 25 -3 0 S2_2
14085 25 -3 0 S2_2
14086 25 -3 12.4085999934124 S2_2
14087 25 -3 0 S2_2
14088 25 -3 7.6375801625797 S2_2
14089 25 -3 1.15636949100761 S2_2
14063 26 -3 1.15868460274147 S2_2
14064 26 -3 0 S2_2
14065 26 -3 0 S2_2
14066 26 -3 0 S2_2
14072 26 -3 0 S2_2
14073 26 -3 0 S2_2
14074 26 -3 0 S2_2
14075 26 -3 0 S2_2
14077 26 -3 0 S2_2
14078 26 -3 0 S2_2
14085 26 -3 0 S2_2
14086 26 -3 0 S2_2
14087 26 -3 0 S2_2
14088 26 -3 0 S2_2
14089 26 -3 0 S2_2
14063 27 -3 0 S2_2
14064 27 -3 0 S2_2
14065 27 -3 0 S2_2
14066 27 -3 0 S2_2
14072 27 -3 0 S2_2
14073 27 -3 0 S2_2
14074 27 -3 0 S2_2
14075 27 -3 0 S2_2
14077 27 -3 0 S2_2
14078 27 -3 0 S2_2
14085 27 -3 0 S2_2
14086 27 -3 0 S2_2
14087 27 -3 0 S2_2
14088 27 -3 0 S2_2
14089 27 -3 0 S2_2
14063 28 -3 6.83319163215792 S2_2
14064 28 -3 0 S2_2
14065 28 -3 0 S2_2
14066 28 -3 0 S2_2
14072 28 -3 0 S2_2
14073 28 -3 0 S2_2
14074 28 -3 0 S2_2
14075 28 -3 0 S2_2
14077 28 -3 0 S2_2
14078 28 -3 0 S2_2
14085 28 -3 0 S2_2
14086 28 -3 0 S2_2
14087 28 -3 0 S2_2
14088 28 -3 0 S2_2
14089 28 -3 0 S2_2
14063 29 -3 0 S2_2
14064 29 -3 0 S2_2
14065 29 -3 0 S2_2
14066 29 -3 0 S2_2
14072 29 -3 0 S2_2
14073 29 -3 0 S2_2
14074 29 -3 0 S2_2
14075 29 -3 0 S2_2
14077 29 -3 0 S2_2
14078 29 -3 0 S2_2
14085 29 -3 0 S2_2
14086 29 -3 0 S2_2
14087 29 -3 0 S2_2
14088 29 -3 0 S2_2
14089 29 -3 0 S2_2
14063 30 -3 106.672475002155 S2_2
14064 30 -3 0 S2_2
14065 30 -3 13.7088810779248 S2_2
14066 30 -3 0 S2_2
14072 30 -3 50.8865094827676 S2_2
14073 30 -3 48.581614856027 S2_2
14074 30 -3 13.7895770284163 S2_2
14075 30 -3 0 S2_2
14077 30 -3 55.3499402709607 S2_2
14078 30 -3 0 S2_2
14085 30 -3 0 S2_2
14086 30 -3 22.5327960781083 S2_2
14087 30 -3 0 S2_2
14088 30 -3 18.8997668319853 S2_2
14089 30 -3 3.22497146530375 S2_2
14063 31 -3 9.7743061898404 S2_2
14064 31 -3 0 S2_2
14065 31 -3 0 S2_2
14066 31 -3 0 S2_2
14072 31 -3 1.5504559249684 S2_2
14073 31 -3 0 S2_2
14074 31 -3 0 S2_2
14075 31 -3 0 S2_2
14077 31 -3 0 S2_2
14078 31 -3 0 S2_2
14085 31 -3 0 S2_2
14086 31 -3 0 S2_2
14087 31 -3 0 S2_2
14088 31 -3 0 S2_2
14089 31 -3 0 S2_2
14063 1 -5 0 S2_2
14064 1 -5 0 S2_2
14065 1 -5 0 S2_2
14066 1 -5 0 S2_2
14072 1 -5 0 S2_2
14073 1 -5 0 S2_2
14074 1 -5 0 S2_2
14075 1 -5 0 S2_2
14077 1 -5 0 S2_2
14078 1 -5 0 S2_2
14085 1 -5 0 S2_2
14086 1 -5 0 S2_2
14087 1 -5 0 S2_2
14088 1 -5 0 S2_2
14089 1 -5 0 S2_2
14063 2 -5 7.04968575031774 S2_2
14064 2 -5 0 S2_2
14065 2 -5 0 S2_2
14066 2 -5 0 S2_2
14072 2 -5 0 S2_2
14073 2 -5 1.85129006069008 S2_2
14074 2 -5 0 S2_2
14075 2 -5 0 S2_2
14077 2 -5 1.273134045168 S2_2
14078 2 -5 0 S2_2
14085 2 -5 0 S2_2
14086 2 -5 0 S2_2
14087 2 -5 0 S2_2
14088 2 -5 0 S2_2
14089 2 -5 0 S2_2
14063 3 -5 0 S2_2
14064 3 -5 0 S2_2
14065 3 -5 0 S2_2
14066 3 -5 0 S2_2
14072 3 -5 0 S2_2
14073 3 -5 0 S2_2
14074 3 -5 0 S2_2
14075 3 -5 0 S2_2
14077 3 -5 0 S2_2
14078 3 -5 0 S2_2
14085 3 -5 0 S2_2
14086 3 -5 0 S2_2
14087 3 -5 0 S2_2
14088 3 -5 0 S2_2
14089 3 -5 0 S2_2
14063 4 -5 0 S2_2
14064 4 -5 0 S2_2
14065 4 -5 0 S2_2
14066 4 -5 0 S2_2
14072 4 -5 0 S2_2
14073 4 -5 0 S2_2
14074 4 -5 0 S2_2
14075 4 -5 0 S2_2
14077 4 -5 0 S2_2
14078 4 -5 0 S2_2
14085 4 -5 0 S2_2
14086 4 -5 0 S2_2
14087 4 -5 0 S2_2
14088 4 -5 0 S2_2
14089 4 -5 0 S2_2
14063 5 -5 0 S2_2
14064 5 -5 0 S2_2
14065 5 -5 0 S2_2
14066 5 -5 0 S2_2
14072 5 -5 0 S2_2
14073 5 -5 0 S2_2
14074 5 -5 0 S2_2
14075 5 -5 0 S2_2
14077 5 -5 0 S2_2
14078 5 -5 0 S2_2
14085 5 -5 0 S2_2
14086 5 -5 0 S2_2
14087 5 -5 0 S2_2
14088 5 -5 0 S2_2
14089 5 -5 0 S2_2
14063 6 -5 1.52842154419197 S2_2
14064 6 -5 0 S2_2
14065 6 -5 0 S2_2
14066 6 -5 0 S2_2
14072 6 -5 0 S2_2
14073 6 -5 0 S2_2
14074 6 -5 0 S2_2
14075 6 -5 0 S2_2
14077 6 -5 0 S2_2
14078 6 -5 0 S2_2
14085 6 -5 0 S2_2
14086 6 -5 0 S2_2
14087 6 -5 0 S2_2
14088 6 -5 0 S2_2
14089 6 -5 0 S2_2
14063 7 -5 14.4752175613185 S2_2
14064 7 -5 0 S2_2
14065 7 -5 0 S2_2
14066 7 -5 0 S2_2
14072 7 -5 0 S2_2
14073 7 -5 4.46560904354533 S2_2
14074 7 -5 0 S2_2
14075 7 -5 0 S2_2
14077 7 -5 2.67159839547436 S2_2
14078 7 -5 0 S2_2
14085 7 -5 0 S2_2
14086 7 -5 0 S2_2
14087 7 -5 0 S2_2
14088 7 -5 0 S2_2
14089 7 -5 0 S2_2
14063 8 -5 0 S2_2
14064 8 -5 0 S2_2
14065 8 -5 0 S2_2
14066 8 -5 0 S2_2
14072 8 -5 0 S2_2
14073 8 -5 0 S2_2
14074 8 -5 0 S2_2
14075 8 -5 0 S2_2
14077 8 -5 0 S2_2
14078 8 -5 0 S2_2
14085 8 -5 0 S2_2
14086 8 -5 0 S2_2
14087 8 -5 0 S2_2
14088 8 -5 0 S2_2
14089 8 -5 0 S2_2
14063 9 -5 0 S2_2
14064 9 -5 0 S2_2
14065 9 -5 0 S2_2
14066 9 -5 0 S2_2
14072 9 -5 0 S2_2
14073 9 -5 0 S2_2
14074 9 -5 0 S2_2
14075 9 -5 0 S2_2
14077 9 -5 0 S2_2
14078 9 -5 0 S2_2
14085 9 -5 0 S2_2
14086 9 -5 0 S2_2
14087 9 -5 0 S2_2
14088 9 -5 0 S2_2
14089 9 -5 0 S2_2
14063 10 -5 0 S2_2
14064 10 -5 0 S2_2
14065 10 -5 0 S2_2
14066 10 -5 0 S2_2
14072 10 -5 0 S2_2
14073 10 -5 0 S2_2
14074 10 -5 0 S2_2
14075 10 -5 0 S2_2
14077 10 -5 0 S2_2
14078 10 -5 0 S2_2
14085 10 -5 0 S2_2
14086 10 -5 0 S2_2
14087 10 -5 0 S2_2
14088 10 -5 0 S2_2
14089 10 -5 0 S2_2
14063 11 -5 0 S2_2
14064 11 -5 0 S2_2
14065 11 -5 0 S2_2
14066 11 -5 0 S2_2
14072 11 -5 0 S2_2
14073 11 -5 0 S2_2
14074 11 -5 0 S2_2
14075 11 -5 0 S2_2
14077 11 -5 0 S2_2
14078 11 -5 0 S2_2
14085 11 -5 0 S2_2
14086 11 -5 0 S2_2
14087 11 -5 0 S2_2
14088 11 -5 0 S2_2
14089 11 -5 0 S2_2
14063 12 -5 0 S2_2
14064 12 -5 0 S2_2
14065 12 -5 0 S2_2
14066 12 -5 0 S2_2
14072 12 -5 0 S2_2
14073 12 -5 0 S2_2
14074 12 -5 0 S2_2
14075 12 -5 0 S2_2
14077 12 -5 0 S2_2
14078 12 -5 0 S2_2
14085 12 -5 0 S2_2
14086 12 -5 0 S2_2
14087 12 -5 0 S2_2
14088 12 -5 0 S2_2
14089 12 -5 0 S2_2
14063 13 -5 0 S2_2
14064 13 -5 0 S2_2
14065 13 -5 0 S2_2
14066 13 -5 0 S2_2
14072 13 -5 0 S2_2
14073 13 -5 0 S2_2
14074 13 -5 0 S2_2
14075 13 -5 0 S2_2
14077 13 -5 0 S2_2
14078 13 -5 0 S2_2
14085 13 -5 0 S2_2
14086 13 -5 0 S2_2
14087 13 -5 0 S2_2
14088 13 -5 0 S2_2
14089 13 -5 0 S2_2
14063 14 -5 56.6250599128729 S2_2
14064 14 -5 0 S2_2
14065 14 -5 0 S2_2
14066 14 -5 0 S2_2
14072 14 -5 4.89772197699052 S2_2
14073 14 -5 7.62864591977904 S2_2
14074 14 -5 0 S2_2
14075 14 -5 0 S2_2
14077 14 -5 19.8644076198499 S2_2
14078 14 -5 0 S2_2
14085 14 -5 0 S2_2
14086 14 -5 1.44204359299124 S2_2
14087 14 -5 0 S2_2
14088 14 -5 0 S2_2
14089 14 -5 0 S2_2
14063 15 -5 24.1208500104181 S2_2
14064 15 -5 0 S2_2
14065 15 -5 0 S2_2
14066 15 -5 0 S2_2
14072 15 -5 1.43935214759509 S2_2
14073 15 -5 0 S2_2
14074 15 -5 0 S2_2
14075 15 -5 0 S2_2
14077 15 -5 3.28063634196911 S2_2
14078 15 -5 0 S2_2
14085 15 -5 0 S2_2
14086 15 -5 0 S2_2
14087 15 -5 0 S2_2
14088 15 -5 0 S2_2
14089 15 -5 0 S2_2
14063 16 -5 0 S2_2
14064 16 -5 0 S2_2
14065 16 -5 0 S2_2
14066 16 -5 0 S2_2
14072 16 -5 0 S2_2
14073 16 -5 0 S2_2
14074 16 -5 0 S2_2
14075 16 -5 0 S2_2
14077 16 -5 0 S2_2
14078 16 -5 0 S2_2
14085 16 -5 0 S2_2
14086 16 -5 0 S2_2
14087 16 -5 0 S2_2
14088 16 -5 0 S2_2
14089 16 -5 0 S2_2
14063 17 -5 25.3860110065926 S2_2
14064 17 -5 0 S2_2
14065 17 -5 0 S2_2
14066 17 -5 0 S2_2
14072 17 -5 0 S2_2
14073 17 -5 0 S2_2
14074 17 -5 0 S2_2
14075 17 -5 0 S2_2
14077 17 -5 4.48404864651805 S2_2
14078 17 -5 0 S2_2
14085 17 -5 0 S2_2
14086 17 -5 0 S2_2
14087 17 -5 0 S2_2
14088 17 -5 0 S2_2
14089 17 -5 0 S2_2
14063 18 -5 0 S2_2
14064 18 -5 0 S2_2
14065 18 -5 0 S2_2
14066 18 -5 0 S2_2
14072 18 -5 0 S2_2
14073 18 -5 0 S2_2
14074 18 -5 0 S2_2
14075 18 -5 0 S2_2
14077 18 -5 0 S2_2
14078 18 -5 0 S2_2
14085 18 -5 0 S2_2
14086 18 -5 0 S2_2
14087 18 -5 0 S2_2
14088 18 -5 0 S2_2
14089 18 -5 0 S2_2
14063 19 -5 0 S2_2
14064 19 -5 0 S2_2
14065 19 -5 0 S2_2
14066 19 -5 0 S2_2
14072 19 -5 0 S2_2
14073 19 -5 0 S2_2
14074 19 -5 0 S2_2
14075 19 -5 0 S2_2
14077 19 -5 0 S2_2
14078 19 -5 0 S2_2
14085 19 -5 0 S2_2
14086 19 -5 0 S2_2
14087 19 -5 0 S2_2
14088 19 -5 0 S2_2
14089 19 -5 0 S2_2
14063 20 -5 0 S2_2
14064 20 -5 0 S2_2
14065 20 -5 0 S2_2
14066 20 -5 0 S2_2
14072 20 -5 0 S2_2
14073 20 -5 0 S2_2
14074 20 -5 0 S2_2
14075 20 -5 0 S2_2
14077 20 -5 0 S2_2
14078 20 -5 0 S2_2
14085 20 -5 0 S2_2
14086 20 -5 0 S2_2
14087 20 -5 0 S2_2
14088 20 -5 0 S2_2
14089 20 -5 0 S2_2
14063 21 -5 0 S2_2
14064 21 -5 0 S2_2
14065 21 -5 0 S2_2
14066 21 -5 0 S2_2
14072 21 -5 0 S2_2
14073 21 -5 0 S2_2
14074 21 -5 0 S2_2
14075 21 -5 0 S2_2
14077 21 -5 0 S2_2
14078 21 -5 0 S2_2
14085 21 -5 0 S2_2
14086 21 -5 0 S2_2
14087 21 -5 0 S2_2
14088 21 -5 0 S2_2
14089 21 -5 0 S2_2
14063 22 -5 0 S2_2
14064 22 -5 0 S2_2
14065 22 -5 0 S2_2
14066 22 -5 0 S2_2
14072 22 -5 0 S2_2
14073 22 -5 0 S2_2
14074 22 -5 0 S2_2
14075 22 -5 0 S2_2
14077 22 -5 0 S2_2
14078 22 -5 0 S2_2
14085 22 -5 0 S2_2
14086 22 -5 0 S2_2
14087 22 -5 0 S2_2
14088 22 -5 0 S2_2
14089 22 -5 0 S2_2
14063 23 -5 0 S2_2
14064 23 -5 0 S2_2
14065 23 -5 0 S2_2
14066 23 -5 0 S2_2
14072 23 -5 0 S2_2
14073 23 -5 0 S2_2
14074 23 -5 0 S2_2
14075 23 -5 0 S2_2
14077 23 -5 0 S2_2
14078 23 -5 0 S2_2
14085 23 -5 0 S2_2
14086 23 -5 0 S2_2
14087 23 -5 0 S2_2
14088 23 -5 0 S2_2
14089 23 -5 0 S2_2
14063 24 -5 0 S2_2
14064 24 -5 0 S2_2
14065 24 -5 0 S2_2
14066 24 -5 0 S2_2
14072 24 -5 0 S2_2
14073 24 -5 0 S2_2
14074 24 -5 0 S2_2
14075 24 -5 0 S2_2
14077 24 -5 0 S2_2
14078 24 -5 0 S2_2
14085 24 -5 0 S2_2
14086 24 -5 0 S2_2
14087 24 -5 0 S2_2
14088 24 -5 0 S2_2
14089 24 -5 0 S2_2
14063 25 -5 1.25336868666891 S2_2
14064 25 -5 0 S2_2
14065 25 -5 0 S2_2
14066 25 -5 0 S2_2
14072 25 -5 0 S2_2
14073 25 -5 0 S2_2
14074 25 -5 0 S2_2
14075 25 -5 0 S2_2
14077 25 -5 0 S2_2
14078 25 -5 0 S2_2
14085 25 -5 0 S2_2
14086 25 -5 0 S2_2
14087 25 -5 0 S2_2
14088 25 -5 0 S2_2
14089 25 -5 0 S2_2
14063 26 -5 0 S2_2
14064 26 -5 0 S2_2
14065 26 -5 0 S2_2
14066 26 -5 0 S2_2
14072 26 -5 0 S2_2
14073 26 -5 0 S2_2
14074 26 -5 0 S2_2
14075 26 -5 0 S2_2
14077 26 -5 0 S2_2
14078 26 -5 0 S2_2
14085 26 -5 0 S2_2
14086 26 -5 0 S2_2
14087 26 -5 0 S2_2
14088 26 -5 0 S2_2
14089 26 -5 0 S2_2
14063 27 -5 0 S2_2
14064 27 -5 0 S2_2
14065 27 -5 0 S2_2
14066 27 -5 0 S2_2
14072 27 -5 0 S2_2
14073 27 -5 0 S2_2
14074 27 -5 0 S2_2
14075 27 -5 0 S2_2
14077 27 -5 0 S2_2
14078 27 -5 0 S2_2
14085 27 -5 0 S2_2
14086 27 -5 0 S2_2
14087 27 -5 0 S2_2
14088 27 -5 0 S2_2
14089 27 -5 0 S2_2
14063 28 -5 0 S2_2
14064 28 -5 0 S2_2
14065 28 -5 0 S2_2
14066 28 -5 0 S2_2
14072 28 -5 0 S2_2
14073 28 -5 0 S2_2
14074 28 -5 0 S2_2
14075 28 -5 0 S2_2
14077 28 -5 0 S2_2
14078 28 -5 0 S2_2
14085 28 -5 0 S2_2
14086 28 -5 0 S2_2
14087 28 -5 0 S2_2
14088 28 -5 0 S2_2
14089 28 -5 0 S2_2
14063 29 -5 0 S2_2
14064 29 -5 0 S2_2
14065 29 -5 0 S2_2
14066 29 -5 0 S2_2
14072 29 -5 0 S2_2
14073 29 -5 0 S2_2
14074 29 -5 0 S2_2
14075 29 -5 0 S2_2
14077 29 -5 0 S2_2
14078 29 -5 0 S2_2
14085 29 -5 0 S2_2
14086 29 -5 0 S2_2
14087 29 -5 0 S2_2
14088 29 -5 0 S2_2
14089 29 -5 0 S2_2
14063 30 -5 9.77773446171473 S2_2
14064 30 -5 0 S2_2
14065 30 -5 0 S2_2
14066 30 -5 0 S2_2
14072 30 -5 0 S2_2
14073 30 -5 0 S2_2
14074 30 -5 0 S2_2
14075 30 -5 0 S2_2
14077 30 -5 1.34792080960979 S2_2
14078 30 -5 0 S2_2
14085 30 -5 0 S2_2
14086 30 -5 0 S2_2
14087 30 -5 0 S2_2
14088 30 -5 0 S2_2
14089 30 -5 0 S2_2
14063 31 -5 0 S2_2
14064 31 -5 0 S2_2
14065 31 -5 0 S2_2
14066 31 -5 0 S2_2
14072 31 -5 0 S2_2
14073 31 -5 0 S2_2
14074 31 -5 0 S2_2
14075 31 -5 0 S2_2
14077 31 -5 0 S2_2
14078 31 -5 0 S2_2
14085 31 -5 0 S2_2
14086 31 -5 0 S2_2
14087 31 -5 0 S2_2
14088 31 -5 0 S2_2
14089 31 -5 0 S2_2
