speciesID lakeID variable value scenario
16064 1 -0.5 0 S2_2
16065 1 -0.5 0 S2_2
16066 1 -0.5 0 S2_2
16067 1 -0.5 50.8528610418512 S2_2
16068 1 -0.5 0 S2_2
15001 1 -0.5 34.27189085899 S2_2
15002 1 -0.5 397.571964665557 S2_2
15003 1 -0.5 418.582380703951 S2_2
15007 1 -0.5 0 S2_2
15008 1 -0.5 0 S2_2
15011 1 -0.5 0 S2_2
15014 1 -0.5 0 S2_2
15018 1 -0.5 826.174012320861 S2_2
15020 1 -0.5 733.437789658504 S2_2
15022 1 -0.5 0 S2_2
16064 2 -0.5 0 S2_2
16065 2 -0.5 0 S2_2
16066 2 -0.5 0 S2_2
16067 2 -0.5 0 S2_2
16068 2 -0.5 0 S2_2
15001 2 -0.5 0 S2_2
15002 2 -0.5 0 S2_2
15003 2 -0.5 232.311952399736 S2_2
15007 2 -0.5 0 S2_2
15008 2 -0.5 0 S2_2
15011 2 -0.5 0 S2_2
15014 2 -0.5 0 S2_2
15018 2 -0.5 476.659435146285 S2_2
15020 2 -0.5 25.9280211008698 S2_2
15022 2 -0.5 0 S2_2
16064 3 -0.5 0 S2_2
16065 3 -0.5 0 S2_2
16066 3 -0.5 0 S2_2
16067 3 -0.5 0 S2_2
16068 3 -0.5 0 S2_2
15001 3 -0.5 0 S2_2
15002 3 -0.5 16.6264949795078 S2_2
15003 3 -0.5 370.684915586461 S2_2
15007 3 -0.5 0 S2_2
15008 3 -0.5 0 S2_2
15011 3 -0.5 0 S2_2
15014 3 -0.5 0 S2_2
15018 3 -0.5 694.119477980303 S2_2
15020 3 -0.5 331.563458562359 S2_2
15022 3 -0.5 0 S2_2
16064 4 -0.5 0 S2_2
16065 4 -0.5 0 S2_2
16066 4 -0.5 0 S2_2
16067 4 -0.5 4.66081445545213 S2_2
16068 4 -0.5 0 S2_2
15001 4 -0.5 8.25393470960702 S2_2
15002 4 -0.5 254.396004312949 S2_2
15003 4 -0.5 402.298218067113 S2_2
15007 4 -0.5 0 S2_2
15008 4 -0.5 0 S2_2
15011 4 -0.5 0 S2_2
15014 4 -0.5 0 S2_2
15018 4 -0.5 767.822345216739 S2_2
15020 4 -0.5 602.118586223387 S2_2
15022 4 -0.5 0 S2_2
16064 5 -0.5 0 S2_2
16065 5 -0.5 0 S2_2
16066 5 -0.5 0 S2_2
16067 5 -0.5 0 S2_2
16068 5 -0.5 0 S2_2
15001 5 -0.5 0 S2_2
15002 5 -0.5 0 S2_2
15003 5 -0.5 0 S2_2
15007 5 -0.5 0 S2_2
15008 5 -0.5 0 S2_2
15011 5 -0.5 0 S2_2
15014 5 -0.5 0 S2_2
15018 5 -0.5 0 S2_2
15020 5 -0.5 0 S2_2
15022 5 -0.5 0 S2_2
16064 6 -0.5 0 S2_2
16065 6 -0.5 0 S2_2
16066 6 -0.5 0 S2_2
16067 6 -0.5 13.1320383682233 S2_2
16068 6 -0.5 0 S2_2
15001 6 -0.5 16.5905147630929 S2_2
15002 6 -0.5 233.457463438179 S2_2
15003 6 -0.5 429.239813979172 S2_2
15007 6 -0.5 0 S2_2
15008 6 -0.5 0 S2_2
15011 6 -0.5 0 S2_2
15014 6 -0.5 0 S2_2
15018 6 -0.5 776.397346786115 S2_2
15020 6 -0.5 568.534574822446 S2_2
15022 6 -0.5 0 S2_2
16064 7 -0.5 0 S2_2
16065 7 -0.5 0 S2_2
16066 7 -0.5 0 S2_2
16067 7 -0.5 0 S2_2
16068 7 -0.5 0 S2_2
15001 7 -0.5 0 S2_2
15002 7 -0.5 0 S2_2
15003 7 -0.5 235.989020774282 S2_2
15007 7 -0.5 0 S2_2
15008 7 -0.5 0 S2_2
15011 7 -0.5 0 S2_2
15014 7 -0.5 0 S2_2
15018 7 -0.5 482.409948060455 S2_2
15020 7 -0.5 28.7215199784144 S2_2
15022 7 -0.5 0 S2_2
16064 8 -0.5 0 S2_2
16065 8 -0.5 0 S2_2
16066 8 -0.5 0 S2_2
16067 8 -0.5 23.8697694897014 S2_2
16068 8 -0.5 0 S2_2
15001 8 -0.5 31.2786897278481 S2_2
15002 8 -0.5 360.639386235442 S2_2
15003 8 -0.5 404.756560997912 S2_2
15007 8 -0.5 0 S2_2
15008 8 -0.5 0 S2_2
15011 8 -0.5 0 S2_2
15014 8 -0.5 0 S2_2
15018 8 -0.5 761.418251745372 S2_2
15020 8 -0.5 662.230744267733 S2_2
15022 8 -0.5 0 S2_2
16064 9 -0.5 0 S2_2
16065 9 -0.5 0 S2_2
16066 9 -0.5 0 S2_2
16067 9 -0.5 5.0213948709816 S2_2
16068 9 -0.5 0 S2_2
15001 9 -0.5 6.15646463524832 S2_2
15002 9 -0.5 210.902314554788 S2_2
15003 9 -0.5 409.198294729293 S2_2
15007 9 -0.5 0 S2_2
15008 9 -0.5 0 S2_2
15011 9 -0.5 0 S2_2
15014 9 -0.5 0 S2_2
15018 9 -0.5 758.028618279927 S2_2
15020 9 -0.5 550.662594034951 S2_2
15022 9 -0.5 0 S2_2
16064 10 -0.5 0 S2_2
16065 10 -0.5 0 S2_2
16066 10 -0.5 0 S2_2
16067 10 -0.5 30.1471002539569 S2_2
16068 10 -0.5 0 S2_2
15001 10 -0.5 35.5322920255271 S2_2
15002 10 -0.5 367.448248771261 S2_2
15003 10 -0.5 427.831833556262 S2_2
15007 10 -0.5 0 S2_2
15008 10 -0.5 0 S2_2
15011 10 -0.5 0 S2_2
15014 10 -0.5 0 S2_2
15018 10 -0.5 809.198756645566 S2_2
15020 10 -0.5 697.466431078802 S2_2
15022 10 -0.5 0 S2_2
16064 11 -0.5 0 S2_2
16065 11 -0.5 0 S2_2
16066 11 -0.5 0 S2_2
16067 11 -0.5 5.71620185259583 S2_2
16068 11 -0.5 0 S2_2
15001 11 -0.5 4.95505142017719 S2_2
15002 11 -0.5 327.741289835389 S2_2
15003 11 -0.5 353.182362792524 S2_2
15007 11 -0.5 0 S2_2
15008 11 -0.5 0 S2_2
15011 11 -0.5 0 S2_2
15014 11 -0.5 0 S2_2
15018 11 -0.5 756.816904621911 S2_2
15020 11 -0.5 673.407057791277 S2_2
15022 11 -0.5 0 S2_2
16064 12 -0.5 0 S2_2
16065 12 -0.5 0 S2_2
16066 12 -0.5 0 S2_2
16067 12 -0.5 5.14179423893981 S2_2
16068 12 -0.5 0 S2_2
15001 12 -0.5 2.55884829482922 S2_2
15002 12 -0.5 306.193451854905 S2_2
15003 12 -0.5 325.823743735135 S2_2
15007 12 -0.5 0 S2_2
15008 12 -0.5 0 S2_2
15011 12 -0.5 0 S2_2
15014 12 -0.5 0 S2_2
15018 12 -0.5 696.670543634653 S2_2
15020 12 -0.5 619.092746331408 S2_2
15022 12 -0.5 0 S2_2
16064 13 -0.5 0 S2_2
16065 13 -0.5 0 S2_2
16066 13 -0.5 0 S2_2
16067 13 -0.5 0 S2_2
16068 13 -0.5 0 S2_2
15001 13 -0.5 0 S2_2
15002 13 -0.5 77.6952711547562 S2_2
15003 13 -0.5 301.456755527606 S2_2
15007 13 -0.5 0 S2_2
15008 13 -0.5 0 S2_2
15011 13 -0.5 0 S2_2
15014 13 -0.5 0 S2_2
15018 13 -0.5 562.66674527805 S2_2
15020 13 -0.5 347.022002750387 S2_2
15022 13 -0.5 0 S2_2
16064 14 -0.5 0 S2_2
16065 14 -0.5 0 S2_2
16066 14 -0.5 0 S2_2
16067 14 -0.5 0 S2_2
16068 14 -0.5 0 S2_2
15001 14 -0.5 0 S2_2
15002 14 -0.5 0 S2_2
15003 14 -0.5 340.05908281156 S2_2
15007 14 -0.5 0 S2_2
15008 14 -0.5 0 S2_2
15011 14 -0.5 0 S2_2
15014 14 -0.5 0 S2_2
15018 14 -0.5 625.607667592404 S2_2
15020 14 -0.5 201.059465844989 S2_2
15022 14 -0.5 0 S2_2
16064 15 -0.5 0 S2_2
16065 15 -0.5 0 S2_2
16066 15 -0.5 0 S2_2
16067 15 -0.5 76.0757064600109 S2_2
16068 15 -0.5 0 S2_2
15001 15 -0.5 62.3153345634752 S2_2
15002 15 -0.5 409.741287676771 S2_2
15003 15 -0.5 468.296071059132 S2_2
15007 15 -0.5 0 S2_2
15008 15 -0.5 0 S2_2
15011 15 -0.5 0 S2_2
15014 15 -0.5 0 S2_2
15018 15 -0.5 856.551815443076 S2_2
15020 15 -0.5 738.381661973999 S2_2
15022 15 -0.5 0 S2_2
16064 16 -0.5 0 S2_2
16065 16 -0.5 0 S2_2
16066 16 -0.5 0 S2_2
16067 16 -0.5 60.6419107598299 S2_2
16068 16 -0.5 0 S2_2
15001 16 -0.5 47.1277800375748 S2_2
15002 16 -0.5 405.962064929426 S2_2
15003 16 -0.5 427.577223845495 S2_2
15007 16 -0.5 0 S2_2
15008 16 -0.5 0 S2_2
15011 16 -0.5 0 S2_2
15014 16 -0.5 0 S2_2
15018 16 -0.5 801.014892590351 S2_2
15020 16 -0.5 709.730001599312 S2_2
15022 16 -0.5 0 S2_2
16064 17 -0.5 0 S2_2
16065 17 -0.5 0 S2_2
16066 17 -0.5 0 S2_2
16067 17 -0.5 2.14337424724011 S2_2
16068 17 -0.5 0 S2_2
15001 17 -0.5 0 S2_2
15002 17 -0.5 137.328841593499 S2_2
15003 17 -0.5 382.189788911423 S2_2
15007 17 -0.5 0 S2_2
15008 17 -0.5 0 S2_2
15011 17 -0.5 0 S2_2
15014 17 -0.5 0 S2_2
15018 17 -0.5 683.634345465937 S2_2
15020 17 -0.5 437.545120108679 S2_2
15022 17 -0.5 0 S2_2
16064 18 -0.5 0 S2_2
16065 18 -0.5 0 S2_2
16066 18 -0.5 0 S2_2
16067 18 -0.5 21.6375638786345 S2_2
16068 18 -0.5 0 S2_2
15001 18 -0.5 17.9959176897551 S2_2
15002 18 -0.5 356.923172776101 S2_2
15003 18 -0.5 375.520865459534 S2_2
15007 18 -0.5 0 S2_2
15008 18 -0.5 0 S2_2
15011 18 -0.5 0 S2_2
15014 18 -0.5 0 S2_2
15018 18 -0.5 750.102496794605 S2_2
15020 18 -0.5 667.178445742012 S2_2
15022 18 -0.5 0 S2_2
16064 19 -0.5 0 S2_2
16065 19 -0.5 0 S2_2
16066 19 -0.5 0 S2_2
16067 19 -0.5 22.6772908243977 S2_2
16068 19 -0.5 0 S2_2
15001 19 -0.5 31.2229904890888 S2_2
15002 19 -0.5 345.48004369568 S2_2
15003 19 -0.5 423.372797900553 S2_2
15007 19 -0.5 0 S2_2
15008 19 -0.5 0 S2_2
15011 19 -0.5 0 S2_2
15014 19 -0.5 0 S2_2
15018 19 -0.5 796.223821023598 S2_2
15020 19 -0.5 674.960745039087 S2_2
15022 19 -0.5 0 S2_2
16064 20 -0.5 0 S2_2
16065 20 -0.5 0 S2_2
16066 20 -0.5 0 S2_2
16067 20 -0.5 70.1504570047434 S2_2
16068 20 -0.5 0 S2_2
15001 20 -0.5 55.8720027271896 S2_2
15002 20 -0.5 414.771330375497 S2_2
15003 20 -0.5 444.76660246458 S2_2
15007 20 -0.5 0 S2_2
15008 20 -0.5 0 S2_2
15011 20 -0.5 0 S2_2
15014 20 -0.5 0 S2_2
15018 20 -0.5 820.368269252144 S2_2
15020 20 -0.5 722.356499424196 S2_2
15022 20 -0.5 0 S2_2
16064 21 -0.5 0 S2_2
16065 21 -0.5 0 S2_2
16066 21 -0.5 0 S2_2
16067 21 -0.5 20.9558988348443 S2_2
16068 21 -0.5 0 S2_2
15001 21 -0.5 29.3214056277496 S2_2
15002 21 -0.5 344.519953252751 S2_2
15003 21 -0.5 425.381856477128 S2_2
15007 21 -0.5 0 S2_2
15008 21 -0.5 0 S2_2
15011 21 -0.5 0 S2_2
15014 21 -0.5 0 S2_2
15018 21 -0.5 808.946078281086 S2_2
15020 21 -0.5 685.200382296798 S2_2
15022 21 -0.5 0 S2_2
16064 22 -0.5 0 S2_2
16065 22 -0.5 0 S2_2
16066 22 -0.5 0 S2_2
16067 22 -0.5 71.7191436542391 S2_2
16068 22 -0.5 0 S2_2
15001 22 -0.5 47.8440674429589 S2_2
15002 22 -0.5 420.293175792781 S2_2
15003 22 -0.5 441.271728741077 S2_2
15007 22 -0.5 0 S2_2
15008 22 -0.5 0 S2_2
15011 22 -0.5 0 S2_2
15014 22 -0.5 0 S2_2
15018 22 -0.5 848.40057036214 S2_2
15020 22 -0.5 751.836632930888 S2_2
15022 22 -0.5 0 S2_2
16064 23 -0.5 0 S2_2
16065 23 -0.5 0 S2_2
16066 23 -0.5 0 S2_2
16067 23 -0.5 18.7375697039023 S2_2
16068 23 -0.5 0 S2_2
15001 23 -0.5 25.5131750216288 S2_2
15002 23 -0.5 288.508689942954 S2_2
15003 23 -0.5 439.094396652623 S2_2
15007 23 -0.5 0 S2_2
15008 23 -0.5 0 S2_2
15011 23 -0.5 0 S2_2
15014 23 -0.5 0 S2_2
15018 23 -0.5 818.368205013472 S2_2
15020 23 -0.5 643.513092978061 S2_2
15022 23 -0.5 0 S2_2
16064 24 -0.5 0 S2_2
16065 24 -0.5 0 S2_2
16066 24 -0.5 0 S2_2
16067 24 -0.5 32.9467200087361 S2_2
16068 24 -0.5 0 S2_2
15001 24 -0.5 36.6413127422312 S2_2
15002 24 -0.5 371.810801551246 S2_2
15003 24 -0.5 434.50002764165 S2_2
15007 24 -0.5 0 S2_2
15008 24 -0.5 0 S2_2
15011 24 -0.5 0 S2_2
15014 24 -0.5 0 S2_2
15018 24 -0.5 827.336211200424 S2_2
15020 24 -0.5 712.09842105821 S2_2
15022 24 -0.5 0 S2_2
16064 25 -0.5 0 S2_2
16065 25 -0.5 0 S2_2
16066 25 -0.5 0 S2_2
16067 25 -0.5 0 S2_2
16068 25 -0.5 0 S2_2
15001 25 -0.5 0 S2_2
15002 25 -0.5 0 S2_2
15003 25 -0.5 347.094053230459 S2_2
15007 25 -0.5 0 S2_2
15008 25 -0.5 0 S2_2
15011 25 -0.5 0 S2_2
15014 25 -0.5 0 S2_2
15018 25 -0.5 647.431410352511 S2_2
15020 25 -0.5 202.634358936472 S2_2
15022 25 -0.5 0 S2_2
16064 26 -0.5 0 S2_2
16065 26 -0.5 0 S2_2
16066 26 -0.5 0 S2_2
16067 26 -0.5 67.9090145075213 S2_2
16068 26 -0.5 0 S2_2
15001 26 -0.5 50.0449703192827 S2_2
15002 26 -0.5 417.660086859376 S2_2
15003 26 -0.5 441.192136329635 S2_2
15007 26 -0.5 0 S2_2
15008 26 -0.5 0 S2_2
15011 26 -0.5 0 S2_2
15014 26 -0.5 0 S2_2
15018 26 -0.5 833.833346914187 S2_2
15020 26 -0.5 738.900669476135 S2_2
15022 26 -0.5 0 S2_2
16064 27 -0.5 0 S2_2
16065 27 -0.5 0 S2_2
16066 27 -0.5 0 S2_2
16067 27 -0.5 0 S2_2
16068 27 -0.5 0 S2_2
15001 27 -0.5 0 S2_2
15002 27 -0.5 0 S2_2
15003 27 -0.5 214.424648709796 S2_2
15007 27 -0.5 0 S2_2
15008 27 -0.5 0 S2_2
15011 27 -0.5 0 S2_2
15014 27 -0.5 0 S2_2
15018 27 -0.5 461.09728741917 S2_2
15020 27 -0.5 12.7119443441338 S2_2
15022 27 -0.5 0 S2_2
16064 28 -0.5 0 S2_2
16065 28 -0.5 0 S2_2
16066 28 -0.5 0 S2_2
16067 28 -0.5 87.7838018332332 S2_2
16068 28 -0.5 0 S2_2
15001 28 -0.5 57.5752390704744 S2_2
15002 28 -0.5 434.775998774601 S2_2
15003 28 -0.5 454.110032650774 S2_2
15007 28 -0.5 0 S2_2
15008 28 -0.5 0 S2_2
15011 28 -0.5 0 S2_2
15014 28 -0.5 0 S2_2
15018 28 -0.5 857.397952107031 S2_2
15020 28 -0.5 760.412797593702 S2_2
15022 28 -0.5 0 S2_2
16064 29 -0.5 0 S2_2
16065 29 -0.5 0 S2_2
16066 29 -0.5 0 S2_2
16067 29 -0.5 0 S2_2
16068 29 -0.5 0 S2_2
15001 29 -0.5 0 S2_2
15002 29 -0.5 166.216863175412 S2_2
15003 29 -0.5 353.104092836663 S2_2
15007 29 -0.5 0 S2_2
15008 29 -0.5 0 S2_2
15011 29 -0.5 0 S2_2
15014 29 -0.5 0 S2_2
15018 29 -0.5 673.628266752493 S2_2
15020 29 -0.5 482.878360796225 S2_2
15022 29 -0.5 0 S2_2
16064 30 -0.5 0 S2_2
16065 30 -0.5 0 S2_2
16066 30 -0.5 0 S2_2
16067 30 -0.5 0 S2_2
16068 30 -0.5 0 S2_2
15001 30 -0.5 0 S2_2
15002 30 -0.5 0 S2_2
15003 30 -0.5 332.166656968558 S2_2
15007 30 -0.5 0 S2_2
15008 30 -0.5 0 S2_2
15011 30 -0.5 0 S2_2
15014 30 -0.5 0 S2_2
15018 30 -0.5 615.439803698145 S2_2
15020 30 -0.5 193.840487093437 S2_2
15022 30 -0.5 0 S2_2
16064 31 -0.5 0 S2_2
16065 31 -0.5 0 S2_2
16066 31 -0.5 0 S2_2
16067 31 -0.5 1.21563791555187 S2_2
16068 31 -0.5 0 S2_2
15001 31 -0.5 0 S2_2
15002 31 -0.5 29.0232416492634 S2_2
15003 31 -0.5 414.170951710984 S2_2
15007 31 -0.5 0 S2_2
15008 31 -0.5 0 S2_2
15011 31 -0.5 0 S2_2
15014 31 -0.5 0 S2_2
15018 31 -0.5 788.985695761871 S2_2
15020 31 -0.5 384.379869277892 S2_2
15022 31 -0.5 0 S2_2
16064 1 -1.5 8.24392871613936 S2_2
16065 1 -1.5 148.802665995758 S2_2
16066 1 -1.5 0 S2_2
16067 1 -1.5 0 S2_2
16068 1 -1.5 0 S2_2
15001 1 -1.5 1.8074178676187 S2_2
15002 1 -1.5 86.3862244157645 S2_2
15003 1 -1.5 98.3666149176185 S2_2
15007 1 -1.5 12.1515795310679 S2_2
15008 1 -1.5 1.48309320109318 S2_2
15011 1 -1.5 0 S2_2
15014 1 -1.5 125.811118093344 S2_2
15018 1 -1.5 202.903232002937 S2_2
15020 1 -1.5 152.603197847705 S2_2
15022 1 -1.5 0 S2_2
16064 2 -1.5 8.6576984734155 S2_2
16065 2 -1.5 11.1478247653159 S2_2
16066 2 -1.5 0 S2_2
16067 2 -1.5 0 S2_2
16068 2 -1.5 0 S2_2
15001 2 -1.5 0 S2_2
15002 2 -1.5 0 S2_2
15003 2 -1.5 234.785740086432 S2_2
15007 2 -1.5 118.733858090229 S2_2
15008 2 -1.5 101.847044639541 S2_2
15011 2 -1.5 0 S2_2
15014 2 -1.5 164.943320750505 S2_2
15018 2 -1.5 388.20018629552 S2_2
15020 2 -1.5 4.68976196791653 S2_2
15022 2 -1.5 0 S2_2
16064 3 -1.5 0 S2_2
16065 3 -1.5 21.7313692001529 S2_2
16066 3 -1.5 0 S2_2
16067 3 -1.5 0 S2_2
16068 3 -1.5 0 S2_2
15001 3 -1.5 0 S2_2
15002 3 -1.5 0 S2_2
15003 3 -1.5 212.361905196626 S2_2
15007 3 -1.5 61.2977130069958 S2_2
15008 3 -1.5 42.5727314568222 S2_2
15011 3 -1.5 0 S2_2
15014 3 -1.5 218.455233818344 S2_2
15018 3 -1.5 392.494324381935 S2_2
15020 3 -1.5 121.923433383656 S2_2
15022 3 -1.5 0 S2_2
16064 4 -1.5 0 S2_2
16065 4 -1.5 55.741624071242 S2_2
16066 4 -1.5 0 S2_2
16067 4 -1.5 0 S2_2
16068 4 -1.5 0 S2_2
15001 4 -1.5 2.11272478664497 S2_2
15002 4 -1.5 60.0218000935307 S2_2
15003 4 -1.5 139.693767578893 S2_2
15007 4 -1.5 29.1048539206196 S2_2
15008 4 -1.5 10.4405082648614 S2_2
15011 4 -1.5 0 S2_2
15014 4 -1.5 165.807519639012 S2_2
15018 4 -1.5 303.563797636146 S2_2
15020 4 -1.5 176.244223468445 S2_2
15022 4 -1.5 0 S2_2
16064 5 -1.5 0 S2_2
16065 5 -1.5 0 S2_2
16066 5 -1.5 0 S2_2
16067 5 -1.5 0 S2_2
16068 5 -1.5 0 S2_2
15001 5 -1.5 0 S2_2
15002 5 -1.5 0 S2_2
15003 5 -1.5 0 S2_2
15007 5 -1.5 0 S2_2
15008 5 -1.5 0 S2_2
15011 5 -1.5 0 S2_2
15014 5 -1.5 0 S2_2
15018 5 -1.5 0 S2_2
15020 5 -1.5 0 S2_2
15022 5 -1.5 0 S2_2
16064 6 -1.5 46.5881444764175 S2_2
16065 6 -1.5 195.917948889728 S2_2
16066 6 -1.5 1.63235330101312 S2_2
16067 6 -1.5 7.82282439582181 S2_2
16068 6 -1.5 0 S2_2
15001 6 -1.5 77.3575821963158 S2_2
15002 6 -1.5 173.323797439641 S2_2
15003 6 -1.5 397.024389133372 S2_2
15007 6 -1.5 158.887267641304 S2_2
15008 6 -1.5 111.026685798506 S2_2
15011 6 -1.5 0 S2_2
15014 6 -1.5 430.498431907598 S2_2
15018 6 -1.5 602.363690206591 S2_2
15020 6 -1.5 415.404746948456 S2_2
15022 6 -1.5 0 S2_2
16064 7 -1.5 10.9648821694551 S2_2
16065 7 -1.5 14.4929251175969 S2_2
16066 7 -1.5 0 S2_2
16067 7 -1.5 0 S2_2
16068 7 -1.5 0 S2_2
15001 7 -1.5 0 S2_2
15002 7 -1.5 0 S2_2
15003 7 -1.5 242.302085468933 S2_2
15007 7 -1.5 124.6234395512 S2_2
15008 7 -1.5 106.642603232255 S2_2
15011 7 -1.5 0 S2_2
15014 7 -1.5 172.877660544399 S2_2
15018 7 -1.5 397.65354467591 S2_2
15020 7 -1.5 6.40156863121562 S2_2
15022 7 -1.5 0 S2_2
16064 8 -1.5 23.1624556192941 S2_2
16065 8 -1.5 200.55328581217 S2_2
16066 8 -1.5 0 S2_2
16067 8 -1.5 0 S2_2
16068 8 -1.5 0 S2_2
15001 8 -1.5 39.5703686433462 S2_2
15002 8 -1.5 173.937297079634 S2_2
15003 8 -1.5 240.800426061148 S2_2
15007 8 -1.5 76.3951392188174 S2_2
15008 8 -1.5 41.4791049298144 S2_2
15011 8 -1.5 0 S2_2
15014 8 -1.5 249.791837310593 S2_2
15018 8 -1.5 442.77596171148 S2_2
15020 8 -1.5 356.225979886694 S2_2
15022 8 -1.5 0 S2_2
16064 9 -1.5 6.17062801500363 S2_2
16065 9 -1.5 104.474203866017 S2_2
16066 9 -1.5 0 S2_2
16067 9 -1.5 0 S2_2
16068 9 -1.5 0 S2_2
15001 9 -1.5 21.2476559110423 S2_2
15002 9 -1.5 91.8673163453747 S2_2
15003 9 -1.5 267.899604987324 S2_2
15007 9 -1.5 83.9570209586881 S2_2
15008 9 -1.5 53.0136460007729 S2_2
15011 9 -1.5 0 S2_2
15014 9 -1.5 283.495182105453 S2_2
15018 9 -1.5 469.00629117959 S2_2
15020 9 -1.5 285.89412029913 S2_2
15022 9 -1.5 0 S2_2
16064 10 -1.5 15.7470097205231 S2_2
16065 10 -1.5 174.684597439247 S2_2
16066 10 -1.5 0 S2_2
16067 10 -1.5 0 S2_2
16068 10 -1.5 0 S2_2
15001 10 -1.5 33.5731267044721 S2_2
15002 10 -1.5 160.760922089222 S2_2
15003 10 -1.5 234.85044856396 S2_2
15007 10 -1.5 72.6375774239663 S2_2
15008 10 -1.5 37.7233184896406 S2_2
15011 10 -1.5 0 S2_2
15014 10 -1.5 251.170488693838 S2_2
15018 10 -1.5 457.872023144791 S2_2
15020 10 -1.5 357.956449556573 S2_2
15022 10 -1.5 0 S2_2
16064 11 -1.5 0 S2_2
16065 11 -1.5 1.18015002698958 S2_2
16066 11 -1.5 0 S2_2
16067 11 -1.5 0 S2_2
16068 11 -1.5 0 S2_2
15001 11 -1.5 0 S2_2
15002 11 -1.5 0 S2_2
15003 11 -1.5 0 S2_2
15007 11 -1.5 0 S2_2
15008 11 -1.5 0 S2_2
15011 11 -1.5 0 S2_2
15014 11 -1.5 0 S2_2
15018 11 -1.5 7.59688663907144 S2_2
15020 11 -1.5 6.3346340805377 S2_2
15022 11 -1.5 0 S2_2
16064 12 -1.5 0 S2_2
16065 12 -1.5 6.20518606070646 S2_2
16066 12 -1.5 0 S2_2
16067 12 -1.5 0 S2_2
16068 12 -1.5 0 S2_2
15001 12 -1.5 0 S2_2
15002 12 -1.5 0 S2_2
15003 12 -1.5 1.42423282670031 S2_2
15007 12 -1.5 0 S2_2
15008 12 -1.5 0 S2_2
15011 12 -1.5 0 S2_2
15014 12 -1.5 0 S2_2
15018 12 -1.5 11.1678996087056 S2_2
15020 12 -1.5 10.0909857748663 S2_2
15022 12 -1.5 0 S2_2
16064 13 -1.5 0 S2_2
16065 13 -1.5 31.2559776500176 S2_2
16066 13 -1.5 0 S2_2
16067 13 -1.5 0 S2_2
16068 13 -1.5 0 S2_2
15001 13 -1.5 1.3792235339042 S2_2
15002 13 -1.5 6.03316760795369 S2_2
15003 13 -1.5 187.838663096861 S2_2
15007 13 -1.5 46.601347098157 S2_2
15008 13 -1.5 34.9993312079968 S2_2
15011 13 -1.5 0 S2_2
15014 13 -1.5 188.72998071833 S2_2
15018 13 -1.5 319.230559610388 S2_2
15020 13 -1.5 155.367971817645 S2_2
15022 13 -1.5 0 S2_2
16064 14 -1.5 26.3589918535516 S2_2
16065 14 -1.5 86.4571123473055 S2_2
16066 14 -1.5 0 S2_2
16067 14 -1.5 1.17968901684636 S2_2
16068 14 -1.5 0 S2_2
15001 14 -1.5 2.20061340144385 S2_2
15002 14 -1.5 0 S2_2
15003 14 -1.5 340.929495344664 S2_2
15007 14 -1.5 153.776602461104 S2_2
15008 14 -1.5 126.501662657035 S2_2
15011 14 -1.5 0 S2_2
15014 14 -1.5 324.888809501301 S2_2
15018 14 -1.5 512.10716732371 S2_2
15020 14 -1.5 145.267813393125 S2_2
15022 14 -1.5 0 S2_2
16064 15 -1.5 95.109567373239 S2_2
16065 15 -1.5 366.277198344971 S2_2
16066 15 -1.5 103.476807384778 S2_2
16067 15 -1.5 65.9136896589897 S2_2
16068 15 -1.5 4.38693190475114 S2_2
15001 15 -1.5 132.815284167346 S2_2
15002 15 -1.5 358.330098417709 S2_2
15003 15 -1.5 456.802923391888 S2_2
15007 15 -1.5 199.297293616744 S2_2
15008 15 -1.5 131.811362775711 S2_2
15011 15 -1.5 22.468725271724 S2_2
15014 15 -1.5 504.399872921926 S2_2
15018 15 -1.5 694.412678170115 S2_2
15020 15 -1.5 590.002596964874 S2_2
15022 15 -1.5 0 S2_2
16064 16 -1.5 62.1039190257439 S2_2
16065 16 -1.5 345.143510709891 S2_2
16066 16 -1.5 39.1093830514652 S2_2
16067 16 -1.5 5.5275335475515 S2_2
16068 16 -1.5 0 S2_2
15001 16 -1.5 67.2627458875941 S2_2
15002 16 -1.5 242.670414454278 S2_2
15003 16 -1.5 303.739101768873 S2_2
15007 16 -1.5 107.025366566892 S2_2
15008 16 -1.5 61.3841518224817 S2_2
15011 16 -1.5 1.53576615250936 S2_2
15014 16 -1.5 323.212199491487 S2_2
15018 16 -1.5 526.413007701484 S2_2
15020 16 -1.5 446.425914767719 S2_2
15022 16 -1.5 0 S2_2
16064 17 -1.5 37.7679201806164 S2_2
16065 17 -1.5 155.810385262007 S2_2
16066 17 -1.5 0 S2_2
16067 17 -1.5 3.53570328588797 S2_2
16068 17 -1.5 0 S2_2
15001 17 -1.5 58.3930260743959 S2_2
15002 17 -1.5 106.308180983227 S2_2
15003 17 -1.5 371.468910828748 S2_2
15007 17 -1.5 153.030610686497 S2_2
15008 17 -1.5 115.808889516063 S2_2
15011 17 -1.5 0 S2_2
15014 17 -1.5 390.390197639192 S2_2
15018 17 -1.5 544.412699161476 S2_2
15020 17 -1.5 326.721086683652 S2_2
15022 17 -1.5 0 S2_2
16064 18 -1.5 1.70562975159599 S2_2
16065 18 -1.5 95.2168379141512 S2_2
16066 18 -1.5 0 S2_2
16067 18 -1.5 0 S2_2
16068 18 -1.5 0 S2_2
15001 18 -1.5 0 S2_2
15002 18 -1.5 49.5026745433721 S2_2
15003 18 -1.5 65.5891976474814 S2_2
15007 18 -1.5 1.73080197985677 S2_2
15008 18 -1.5 0 S2_2
15011 18 -1.5 0 S2_2
15014 18 -1.5 75.4998039605956 S2_2
15018 18 -1.5 128.127436834671 S2_2
15020 18 -1.5 103.317476964552 S2_2
15022 18 -1.5 0 S2_2
16064 19 -1.5 14.7863410594573 S2_2
16065 19 -1.5 162.105376908811 S2_2
16066 19 -1.5 0 S2_2
16067 19 -1.5 0 S2_2
16068 19 -1.5 0 S2_2
15001 19 -1.5 35.4938694730901 S2_2
15002 19 -1.5 158.470144945536 S2_2
15003 19 -1.5 248.954813655501 S2_2
15007 19 -1.5 77.7755799177335 S2_2
15008 19 -1.5 42.7804087639978 S2_2
15011 19 -1.5 0 S2_2
15014 19 -1.5 263.875449744113 S2_2
15018 19 -1.5 466.199426818042 S2_2
15020 19 -1.5 357.834250767077 S2_2
15022 19 -1.5 0 S2_2
16064 20 -1.5 84.900451285053 S2_2
16065 20 -1.5 375.549330013298 S2_2
16066 20 -1.5 82.8584011734635 S2_2
16067 20 -1.5 31.4661680253423 S2_2
16068 20 -1.5 4.73713310256403 S2_2
15001 20 -1.5 105.497248344944 S2_2
15002 20 -1.5 323.074171660212 S2_2
15003 20 -1.5 391.639011792391 S2_2
15007 20 -1.5 157.693254425365 S2_2
15008 20 -1.5 98.7756238933576 S2_2
15011 20 -1.5 12.5619510856671 S2_2
15014 20 -1.5 424.894561937765 S2_2
15018 20 -1.5 618.821301588252 S2_2
15020 20 -1.5 533.19743088008 S2_2
15022 20 -1.5 0 S2_2
16064 21 -1.5 5.11466507753951 S2_2
16065 21 -1.5 126.638240978889 S2_2
16066 21 -1.5 0 S2_2
16067 21 -1.5 0 S2_2
16068 21 -1.5 0 S2_2
15001 21 -1.5 18.0694163971906 S2_2
15002 21 -1.5 127.757535906187 S2_2
15003 21 -1.5 193.971066833216 S2_2
15007 21 -1.5 56.2131004675702 S2_2
15008 21 -1.5 26.022950984052 S2_2
15011 21 -1.5 0 S2_2
15014 21 -1.5 216.485375755561 S2_2
15018 21 -1.5 411.551233041438 S2_2
15020 21 -1.5 301.581193987146 S2_2
15022 21 -1.5 0 S2_2
16064 22 -1.5 39.8446510979758 S2_2
16065 22 -1.5 318.579150957941 S2_2
16066 22 -1.5 25.7369405320302 S2_2
16067 22 -1.5 0 S2_2
16068 22 -1.5 0 S2_2
15001 22 -1.5 31.9216055872237 S2_2
15002 22 -1.5 167.317574003036 S2_2
15003 22 -1.5 205.575381661908 S2_2
15007 22 -1.5 65.1707222792963 S2_2
15008 22 -1.5 28.6140814407183 S2_2
15011 22 -1.5 0 S2_2
15014 22 -1.5 232.198732013145 S2_2
15018 22 -1.5 451.892844145211 S2_2
15020 22 -1.5 364.103234535591 S2_2
15022 22 -1.5 0 S2_2
16064 23 -1.5 14.7311025766603 S2_2
16065 23 -1.5 146.723653129611 S2_2
16066 23 -1.5 0 S2_2
16067 23 -1.5 0 S2_2
16068 23 -1.5 0 S2_2
15001 23 -1.5 39.4115321864734 S2_2
15002 23 -1.5 142.504415593654 S2_2
15003 23 -1.5 297.020141668441 S2_2
15007 23 -1.5 96.661810882504 S2_2
15008 23 -1.5 58.7966882907459 S2_2
15011 23 -1.5 0 S2_2
15014 23 -1.5 329.603545130632 S2_2
15018 23 -1.5 528.056571290676 S2_2
15020 23 -1.5 367.767999306995 S2_2
15022 23 -1.5 0 S2_2
16064 24 -1.5 10.3459130099424 S2_2
16065 24 -1.5 157.165048827273 S2_2
16066 24 -1.5 0 S2_2
16067 24 -1.5 0 S2_2
16068 24 -1.5 0 S2_2
15001 24 -1.5 25.6836900160178 S2_2
15002 24 -1.5 146.942379303137 S2_2
15003 24 -1.5 210.800151761743 S2_2
15007 24 -1.5 63.6447596209695 S2_2
15008 24 -1.5 30.4482153952217 S2_2
15011 24 -1.5 0 S2_2
15014 24 -1.5 233.853448301673 S2_2
15018 24 -1.5 442.626161743386 S2_2
15020 24 -1.5 338.247707685307 S2_2
15022 24 -1.5 0 S2_2
16064 25 -1.5 13.4377809839541 S2_2
16065 25 -1.5 62.4626918953688 S2_2
16066 25 -1.5 0 S2_2
16067 25 -1.5 0 S2_2
16068 25 -1.5 0 S2_2
15001 25 -1.5 0 S2_2
15002 25 -1.5 0 S2_2
15003 25 -1.5 313.927913529616 S2_2
15007 25 -1.5 131.844677415937 S2_2
15008 25 -1.5 105.067644154482 S2_2
15011 25 -1.5 0 S2_2
15014 25 -1.5 299.613734408471 S2_2
15018 25 -1.5 496.330222358184 S2_2
15020 25 -1.5 121.790763720704 S2_2
15022 25 -1.5 0 S2_2
16064 26 -1.5 52.9434864216063 S2_2
16065 26 -1.5 336.138622882123 S2_2
16066 26 -1.5 41.8276094601726 S2_2
16067 26 -1.5 3.38172456677528 S2_2
16068 26 -1.5 0 S2_2
15001 26 -1.5 57.1152110629874 S2_2
15002 26 -1.5 221.14157547783 S2_2
15003 26 -1.5 283.840114974362 S2_2
15007 26 -1.5 95.7744752337547 S2_2
15008 26 -1.5 52.0576845018782 S2_2
15011 26 -1.5 0 S2_2
15014 26 -1.5 306.1705517152 S2_2
15018 26 -1.5 523.068709404364 S2_2
15020 26 -1.5 438.725876473938 S2_2
15022 26 -1.5 0 S2_2
16064 27 -1.5 0 S2_2
16065 27 -1.5 0 S2_2
16066 27 -1.5 0 S2_2
16067 27 -1.5 0 S2_2
16068 27 -1.5 0 S2_2
15001 27 -1.5 0 S2_2
15002 27 -1.5 0 S2_2
15003 27 -1.5 154.370213602079 S2_2
15007 27 -1.5 59.461557345481 S2_2
15008 27 -1.5 51.7616750614416 S2_2
15011 27 -1.5 0 S2_2
15014 27 -1.5 85.7053914285115 S2_2
15018 27 -1.5 296.409061891709 S2_2
15020 27 -1.5 0 S2_2
15022 27 -1.5 0 S2_2
16064 28 -1.5 75.6915535450843 S2_2
16065 28 -1.5 421.302069556275 S2_2
16066 28 -1.5 91.6041746721438 S2_2
16067 28 -1.5 10.8231176135182 S2_2
16068 28 -1.5 10.0279479535563 S2_2
15001 28 -1.5 71.4132450919949 S2_2
15002 28 -1.5 261.646637314712 S2_2
15003 28 -1.5 321.569408891014 S2_2
15007 28 -1.5 113.862262123406 S2_2
15008 28 -1.5 63.946552767611 S2_2
15011 28 -1.5 2.09791161584403 S2_2
15014 28 -1.5 357.898092094816 S2_2
15018 28 -1.5 574.218446216147 S2_2
15020 28 -1.5 487.994027029294 S2_2
15022 28 -1.5 0 S2_2
16064 29 -1.5 0 S2_2
16065 29 -1.5 18.2609925080878 S2_2
16066 29 -1.5 0 S2_2
16067 29 -1.5 0 S2_2
16068 29 -1.5 0 S2_2
15001 29 -1.5 0 S2_2
15002 29 -1.5 14.0951775388824 S2_2
15003 29 -1.5 122.826396643787 S2_2
15007 29 -1.5 16.1913695549465 S2_2
15008 29 -1.5 6.40528991167533 S2_2
15011 29 -1.5 0 S2_2
15014 29 -1.5 138.450853669538 S2_2
15018 29 -1.5 235.434001527507 S2_2
15020 29 -1.5 129.880478818876 S2_2
15022 29 -1.5 0 S2_2
16064 30 -1.5 15.3953217211805 S2_2
16065 30 -1.5 64.1185464542802 S2_2
16066 30 -1.5 0 S2_2
16067 30 -1.5 0 S2_2
16068 30 -1.5 0 S2_2
15001 30 -1.5 0 S2_2
15002 30 -1.5 0 S2_2
15003 30 -1.5 314.263830128221 S2_2
15007 30 -1.5 134.474796719839 S2_2
15008 30 -1.5 109.760450375847 S2_2
15011 30 -1.5 0 S2_2
15014 30 -1.5 295.986537723608 S2_2
15018 30 -1.5 483.071220816664 S2_2
15020 30 -1.5 125.430162092455 S2_2
15022 30 -1.5 0 S2_2
16064 31 -1.5 0 S2_2
16065 31 -1.5 65.233685181521 S2_2
16066 31 -1.5 0 S2_2
16067 31 -1.5 0 S2_2
16068 31 -1.5 0 S2_2
15001 31 -1.5 0 S2_2
15002 31 -1.5 0 S2_2
15003 31 -1.5 284.461525636099 S2_2
15007 31 -1.5 94.6544043666175 S2_2
15008 31 -1.5 55.6744616823469 S2_2
15011 31 -1.5 0 S2_2
15014 31 -1.5 331.646149297945 S2_2
15018 31 -1.5 519.966168751045 S2_2
15020 31 -1.5 173.003151947701 S2_2
15022 31 -1.5 0 S2_2
16064 1 -3 0 S2_2
16065 1 -3 0 S2_2
16066 1 -3 0 S2_2
16067 1 -3 0 S2_2
16068 1 -3 0 S2_2
15001 1 -3 0 S2_2
15002 1 -3 0 S2_2
15003 1 -3 0 S2_2
15007 1 -3 0 S2_2
15008 1 -3 0 S2_2
15011 1 -3 0 S2_2
15014 1 -3 0 S2_2
15018 1 -3 0 S2_2
15020 1 -3 0 S2_2
15022 1 -3 0 S2_2
16064 2 -3 0 S2_2
16065 2 -3 0 S2_2
16066 2 -3 0 S2_2
16067 2 -3 0 S2_2
16068 2 -3 0 S2_2
15001 2 -3 0 S2_2
15002 2 -3 0 S2_2
15003 2 -3 152.439576007495 S2_2
15007 2 -3 62.9399530927022 S2_2
15008 2 -3 59.0884722117407 S2_2
15011 2 -3 0 S2_2
15014 2 -3 161.995651542704 S2_2
15018 2 -3 267.509443668825 S2_2
15020 2 -3 0 S2_2
15022 2 -3 0 S2_2
16064 3 -3 0 S2_2
16065 3 -3 0 S2_2
16066 3 -3 0 S2_2
16067 3 -3 0 S2_2
16068 3 -3 0 S2_2
15001 3 -3 0 S2_2
15002 3 -3 0 S2_2
15003 3 -3 2.28726796905481 S2_2
15007 3 -3 0 S2_2
15008 3 -3 0 S2_2
15011 3 -3 0 S2_2
15014 3 -3 15.4292932854925 S2_2
15018 3 -3 15.684357720568 S2_2
15020 3 -3 0 S2_2
15022 3 -3 0 S2_2
16064 4 -3 0 S2_2
16065 4 -3 0 S2_2
16066 4 -3 0 S2_2
16067 4 -3 0 S2_2
16068 4 -3 0 S2_2
15001 4 -3 0 S2_2
15002 4 -3 0 S2_2
15003 4 -3 0 S2_2
15007 4 -3 0 S2_2
15008 4 -3 0 S2_2
15011 4 -3 0 S2_2
15014 4 -3 0 S2_2
15018 4 -3 0 S2_2
15020 4 -3 0 S2_2
15022 4 -3 0 S2_2
16064 5 -3 0 S2_2
16065 5 -3 0 S2_2
16066 5 -3 0 S2_2
16067 5 -3 0 S2_2
16068 5 -3 0 S2_2
15001 5 -3 0 S2_2
15002 5 -3 0 S2_2
15003 5 -3 0 S2_2
15007 5 -3 0 S2_2
15008 5 -3 0 S2_2
15011 5 -3 0 S2_2
15014 5 -3 0 S2_2
15018 5 -3 0 S2_2
15020 5 -3 0 S2_2
15022 5 -3 0 S2_2
16064 6 -3 0 S2_2
16065 6 -3 51.6840882740244 S2_2
16066 6 -3 2.36475831493022 S2_2
16067 6 -3 0 S2_2
16068 6 -3 0 S2_2
15001 6 -3 3.41105184764946 S2_2
15002 6 -3 48.5032895762514 S2_2
15003 6 -3 158.190236307214 S2_2
15007 6 -3 45.8673139707498 S2_2
15008 6 -3 28.0313120536593 S2_2
15011 6 -3 0 S2_2
15014 6 -3 286.428289804711 S2_2
15018 6 -3 266.772362033512 S2_2
15020 6 -3 167.614504276265 S2_2
15022 6 -3 0 S2_2
16064 7 -3 0 S2_2
16065 7 -3 1.03534298266528 S2_2
16066 7 -3 0 S2_2
16067 7 -3 0 S2_2
16068 7 -3 0 S2_2
15001 7 -3 0 S2_2
15002 7 -3 0 S2_2
15003 7 -3 164.324629655817 S2_2
15007 7 -3 72.7880067692091 S2_2
15008 7 -3 66.7376413621686 S2_2
15011 7 -3 0 S2_2
15014 7 -3 176.258849244327 S2_2
15018 7 -3 284.927407124217 S2_2
15020 7 -3 0 S2_2
15022 7 -3 0 S2_2
16064 8 -3 0 S2_2
16065 8 -3 0 S2_2
16066 8 -3 0 S2_2
16067 8 -3 0 S2_2
16068 8 -3 0 S2_2
15001 8 -3 0 S2_2
15002 8 -3 0 S2_2
15003 8 -3 3.02706299731988 S2_2
15007 8 -3 0 S2_2
15008 8 -3 0 S2_2
15011 8 -3 0 S2_2
15014 8 -3 21.9942989419257 S2_2
15018 8 -3 18.6784099456236 S2_2
15020 8 -3 15.5952420754499 S2_2
15022 8 -3 0 S2_2
16064 9 -3 0 S2_2
16065 9 -3 0 S2_2
16066 9 -3 0 S2_2
16067 9 -3 0 S2_2
16068 9 -3 0 S2_2
15001 9 -3 0 S2_2
15002 9 -3 0 S2_2
15003 9 -3 13.8728835589708 S2_2
15007 9 -3 0 S2_2
15008 9 -3 0 S2_2
15011 9 -3 0 S2_2
15014 9 -3 58.3851197897159 S2_2
15018 9 -3 46.8604250437689 S2_2
15020 9 -3 16.7049423934666 S2_2
15022 9 -3 0 S2_2
16064 10 -3 0 S2_2
16065 10 -3 0 S2_2
16066 10 -3 0 S2_2
16067 10 -3 0 S2_2
16068 10 -3 0 S2_2
15001 10 -3 0 S2_2
15002 10 -3 0 S2_2
15003 10 -3 0 S2_2
15007 10 -3 0 S2_2
15008 10 -3 0 S2_2
15011 10 -3 0 S2_2
15014 10 -3 9.72013647517972 S2_2
15018 10 -3 7.12244515255392 S2_2
15020 10 -3 5.18361505003162 S2_2
15022 10 -3 0 S2_2
16064 11 -3 0 S2_2
16065 11 -3 0 S2_2
16066 11 -3 0 S2_2
16067 11 -3 0 S2_2
16068 11 -3 0 S2_2
15001 11 -3 0 S2_2
15002 11 -3 0 S2_2
15003 11 -3 0 S2_2
15007 11 -3 0 S2_2
15008 11 -3 0 S2_2
15011 11 -3 0 S2_2
15014 11 -3 0 S2_2
15018 11 -3 0 S2_2
15020 11 -3 0 S2_2
15022 11 -3 0 S2_2
16064 12 -3 0 S2_2
16065 12 -3 0 S2_2
16066 12 -3 0 S2_2
16067 12 -3 0 S2_2
16068 12 -3 0 S2_2
15001 12 -3 0 S2_2
15002 12 -3 0 S2_2
15003 12 -3 0 S2_2
15007 12 -3 0 S2_2
15008 12 -3 0 S2_2
15011 12 -3 0 S2_2
15014 12 -3 0 S2_2
15018 12 -3 0 S2_2
15020 12 -3 0 S2_2
15022 12 -3 0 S2_2
16064 13 -3 0 S2_2
16065 13 -3 0 S2_2
16066 13 -3 0 S2_2
16067 13 -3 0 S2_2
16068 13 -3 0 S2_2
15001 13 -3 0 S2_2
15002 13 -3 0 S2_2
15003 13 -3 6.84714905204806 S2_2
15007 13 -3 0 S2_2
15008 13 -3 0 S2_2
15011 13 -3 0 S2_2
15014 13 -3 23.2298919522106 S2_2
15018 13 -3 27.1869275880083 S2_2
15020 13 -3 2.06271662764886 S2_2
15022 13 -3 0 S2_2
16064 14 -3 1.56409815353599 S2_2
16065 14 -3 12.7729035223762 S2_2
16066 14 -3 0 S2_2
16067 14 -3 0 S2_2
16068 14 -3 0 S2_2
15001 14 -3 0 S2_2
15002 14 -3 0 S2_2
15003 14 -3 210.938300437026 S2_2
15007 14 -3 84.5988737121876 S2_2
15008 14 -3 71.9819377708635 S2_2
15011 14 -3 0 S2_2
15014 14 -3 305.397507418776 S2_2
15018 14 -3 343.573242390788 S2_2
15020 14 -3 73.5354753793467 S2_2
15022 14 -3 0 S2_2
16064 15 -3 24.1586218326904 S2_2
16065 15 -3 175.981253874418 S2_2
16066 15 -3 112.516286454985 S2_2
16067 15 -3 1.07833658430448 S2_2
16068 15 -3 46.2238472380398 S2_2
15001 15 -3 46.221271358089 S2_2
15002 15 -3 178.021906259908 S2_2
15003 15 -3 216.573384442006 S2_2
15007 15 -3 87.9761980070241 S2_2
15008 15 -3 53.3388798154791 S2_2
15011 15 -3 0 S2_2
15014 15 -3 405.581389233726 S2_2
15018 15 -3 393.581454659094 S2_2
15020 15 -3 304.15536398394 S2_2
15022 15 -3 0 S2_2
16064 16 -3 0 S2_2
16065 16 -3 24.9709503797454 S2_2
16066 16 -3 0 S2_2
16067 16 -3 0 S2_2
16068 16 -3 0 S2_2
15001 16 -3 0 S2_2
15002 16 -3 14.6162448163973 S2_2
15003 16 -3 32.0278337921248 S2_2
15007 16 -3 0 S2_2
15008 16 -3 0 S2_2
15011 16 -3 0 S2_2
15014 16 -3 90.2759547270408 S2_2
15018 16 -3 77.6632757917844 S2_2
15020 16 -3 63.3272305388297 S2_2
15022 16 -3 0 S2_2
16064 17 -3 1.38036785156105 S2_2
16065 17 -3 49.3601037290541 S2_2
16066 17 -3 1.6612574981729 S2_2
16067 17 -3 0 S2_2
16068 17 -3 0 S2_2
15001 17 -3 3.82309867338225 S2_2
15002 17 -3 17.1261568438454 S2_2
15003 17 -3 192.932247748497 S2_2
15007 17 -3 65.1061072459242 S2_2
15008 17 -3 49.0333168303886 S2_2
15011 17 -3 0 S2_2
15014 17 -3 323.465587145439 S2_2
15018 17 -3 313.827814679964 S2_2
15020 17 -3 169.433180522491 S2_2
15022 17 -3 0 S2_2
16064 18 -3 0 S2_2
16065 18 -3 0 S2_2
16066 18 -3 0 S2_2
16067 18 -3 0 S2_2
16068 18 -3 0 S2_2
15001 18 -3 0 S2_2
15002 18 -3 0 S2_2
15003 18 -3 0 S2_2
15007 18 -3 0 S2_2
15008 18 -3 0 S2_2
15011 18 -3 0 S2_2
15014 18 -3 0 S2_2
15018 18 -3 0 S2_2
15020 18 -3 0 S2_2
15022 18 -3 0 S2_2
16064 19 -3 0 S2_2
16065 19 -3 0 S2_2
16066 19 -3 0 S2_2
16067 19 -3 0 S2_2
16068 19 -3 0 S2_2
15001 19 -3 0 S2_2
15002 19 -3 0 S2_2
15003 19 -3 2.35849216593407 S2_2
15007 19 -3 0 S2_2
15008 19 -3 0 S2_2
15011 19 -3 0 S2_2
15014 19 -3 21.8915259473238 S2_2
15018 19 -3 16.5770143786251 S2_2
15020 19 -3 11.335113955032 S2_2
15022 19 -3 0 S2_2
16064 20 -3 3.52064937561195 S2_2
16065 20 -3 116.187032940627 S2_2
16066 20 -3 24.6666557099396 S2_2
16067 20 -3 0 S2_2
16068 20 -3 13.8518610756664 S2_2
15001 20 -3 6.22437997498443 S2_2
15002 20 -3 107.51675099777 S2_2
15003 20 -3 122.413887372488 S2_2
15007 20 -3 26.99473007243 S2_2
15008 20 -3 9.01598561277448 S2_2
15011 20 -3 0 S2_2
15014 20 -3 229.567826127891 S2_2
15018 20 -3 209.067212296924 S2_2
15020 20 -3 168.90511559038 S2_2
15022 20 -3 0 S2_2
16064 21 -3 0 S2_2
16065 21 -3 0 S2_2
16066 21 -3 0 S2_2
16067 21 -3 0 S2_2
16068 21 -3 0 S2_2
15001 21 -3 0 S2_2
15002 21 -3 0 S2_2
15003 21 -3 0 S2_2
15007 21 -3 0 S2_2
15008 21 -3 0 S2_2
15011 21 -3 0 S2_2
15014 21 -3 1.00966905256408 S2_2
15018 21 -3 0 S2_2
15020 21 -3 0 S2_2
15022 21 -3 0 S2_2
16064 22 -3 0 S2_2
16065 22 -3 0 S2_2
16066 22 -3 0 S2_2
16067 22 -3 0 S2_2
16068 22 -3 0 S2_2
15001 22 -3 0 S2_2
15002 22 -3 0 S2_2
15003 22 -3 0 S2_2
15007 22 -3 0 S2_2
15008 22 -3 0 S2_2
15011 22 -3 0 S2_2
15014 22 -3 1.5483614341492 S2_2
15018 22 -3 1.0882793655835 S2_2
15020 22 -3 0 S2_2
15022 22 -3 0 S2_2
16064 23 -3 0 S2_2
16065 23 -3 0 S2_2
16066 23 -3 0 S2_2
16067 23 -3 0 S2_2
16068 23 -3 0 S2_2
15001 23 -3 0 S2_2
15002 23 -3 0 S2_2
15003 23 -3 20.032764040512 S2_2
15007 23 -3 0 S2_2
15008 23 -3 0 S2_2
15011 23 -3 0 S2_2
15014 23 -3 76.7558335427867 S2_2
15018 23 -3 60.5740901185788 S2_2
15020 23 -3 34.4630844266778 S2_2
15022 23 -3 0 S2_2
16064 24 -3 0 S2_2
16065 24 -3 0 S2_2
16066 24 -3 0 S2_2
16067 24 -3 0 S2_2
16068 24 -3 0 S2_2
15001 24 -3 0 S2_2
15002 24 -3 0 S2_2
15003 24 -3 0 S2_2
15007 24 -3 0 S2_2
15008 24 -3 0 S2_2
15011 24 -3 0 S2_2
15014 24 -3 2.31281940824844 S2_2
15018 24 -3 1.58115318422272 S2_2
15020 24 -3 0 S2_2
15022 24 -3 0 S2_2
16064 25 -3 0 S2_2
16065 25 -3 0 S2_2
16066 25 -3 0 S2_2
16067 25 -3 0 S2_2
16068 25 -3 0 S2_2
15001 25 -3 0 S2_2
15002 25 -3 0 S2_2
15003 25 -3 138.04670956133 S2_2
15007 25 -3 34.901219486753 S2_2
15008 25 -3 30.4815414565897 S2_2
15011 25 -3 0 S2_2
15014 25 -3 214.542390817769 S2_2
15018 25 -3 234.622355788898 S2_2
15020 25 -3 23.4622694611107 S2_2
15022 25 -3 0 S2_2
16064 26 -3 0 S2_2
16065 26 -3 5.64097331787055 S2_2
16066 26 -3 0 S2_2
16067 26 -3 0 S2_2
16068 26 -3 0 S2_2
15001 26 -3 0 S2_2
15002 26 -3 2.65067982381288 S2_2
15003 26 -3 9.40669993485874 S2_2
15007 26 -3 0 S2_2
15008 26 -3 0 S2_2
15011 26 -3 0 S2_2
15014 26 -3 52.2581058717533 S2_2
15018 26 -3 41.9590881311028 S2_2
15020 26 -3 34.8023271416091 S2_2
15022 26 -3 0 S2_2
16064 27 -3 0 S2_2
16065 27 -3 0 S2_2
16066 27 -3 0 S2_2
16067 27 -3 0 S2_2
16068 27 -3 0 S2_2
15001 27 -3 0 S2_2
15002 27 -3 0 S2_2
15003 27 -3 23.0289261251421 S2_2
15007 27 -3 0 S2_2
15008 27 -3 0 S2_2
15011 27 -3 0 S2_2
15014 27 -3 5.94094641161597 S2_2
15018 27 -3 84.8238889906355 S2_2
15020 27 -3 0 S2_2
15022 27 -3 0 S2_2
16064 28 -3 0 S2_2
16065 28 -3 38.5159007168725 S2_2
16066 28 -3 0 S2_2
16067 28 -3 0 S2_2
16068 28 -3 0 S2_2
15001 28 -3 0 S2_2
15002 28 -3 15.6049559193816 S2_2
15003 28 -3 30.7567571161189 S2_2
15007 28 -3 0 S2_2
15008 28 -3 0 S2_2
15011 28 -3 0 S2_2
15014 28 -3 94.6633595217964 S2_2
15018 28 -3 78.9547656079334 S2_2
15020 28 -3 63.4066346349259 S2_2
15022 28 -3 0 S2_2
16064 29 -3 0 S2_2
16065 29 -3 0 S2_2
16066 29 -3 0 S2_2
16067 29 -3 0 S2_2
16068 29 -3 0 S2_2
15001 29 -3 0 S2_2
15002 29 -3 0 S2_2
15003 29 -3 0 S2_2
15007 29 -3 0 S2_2
15008 29 -3 0 S2_2
15011 29 -3 0 S2_2
15014 29 -3 0 S2_2
15018 29 -3 0 S2_2
15020 29 -3 0 S2_2
15022 29 -3 0 S2_2
16064 30 -3 0 S2_2
16065 30 -3 1.99315672185981 S2_2
16066 30 -3 0 S2_2
16067 30 -3 0 S2_2
16068 30 -3 0 S2_2
15001 30 -3 0 S2_2
15002 30 -3 0 S2_2
15003 30 -3 161.181855780562 S2_2
15007 30 -3 50.1750084808353 S2_2
15008 30 -3 44.4054416357648 S2_2
15011 30 -3 0 S2_2
15014 30 -3 239.715512997435 S2_2
15018 30 -3 267.580854180475 S2_2
15020 30 -3 38.903061088372 S2_2
15022 30 -3 0 S2_2
16064 31 -3 0 S2_2
16065 31 -3 0 S2_2
16066 31 -3 0 S2_2
16067 31 -3 0 S2_2
16068 31 -3 0 S2_2
15001 31 -3 0 S2_2
15002 31 -3 0 S2_2
15003 31 -3 29.0515332062943 S2_2
15007 31 -3 0 S2_2
15008 31 -3 0 S2_2
15011 31 -3 0 S2_2
15014 31 -3 104.420831104458 S2_2
15018 31 -3 84.0523002731901 S2_2
15020 31 -3 2.45926404940955 S2_2
15022 31 -3 0 S2_2
16064 1 -5 0 S2_2
16065 1 -5 0 S2_2
16066 1 -5 0 S2_2
16067 1 -5 0 S2_2
16068 1 -5 0 S2_2
15001 1 -5 0 S2_2
15002 1 -5 0 S2_2
15003 1 -5 0 S2_2
15007 1 -5 0 S2_2
15008 1 -5 0 S2_2
15011 1 -5 0 S2_2
15014 1 -5 0 S2_2
15018 1 -5 0 S2_2
15020 1 -5 0 S2_2
15022 1 -5 0 S2_2
16064 2 -5 0 S2_2
16065 2 -5 0 S2_2
16066 2 -5 0 S2_2
16067 2 -5 0 S2_2
16068 2 -5 0 S2_2
15001 2 -5 0 S2_2
15002 2 -5 0 S2_2
15003 2 -5 66.5370152141429 S2_2
15007 2 -5 4.20011464794492 S2_2
15008 2 -5 6.25831912072694 S2_2
15011 2 -5 0 S2_2
15014 2 -5 58.8630065416972 S2_2
15018 2 -5 143.850144464073 S2_2
15020 2 -5 0 S2_2
15022 2 -5 0 S2_2
16064 3 -5 0 S2_2
16065 3 -5 0 S2_2
16066 3 -5 0 S2_2
16067 3 -5 0 S2_2
16068 3 -5 0 S2_2
15001 3 -5 0 S2_2
15002 3 -5 0 S2_2
15003 3 -5 0 S2_2
15007 3 -5 0 S2_2
15008 3 -5 0 S2_2
15011 3 -5 0 S2_2
15014 3 -5 0 S2_2
15018 3 -5 0 S2_2
15020 3 -5 0 S2_2
15022 3 -5 0 S2_2
16064 4 -5 0 S2_2
16065 4 -5 0 S2_2
16066 4 -5 0 S2_2
16067 4 -5 0 S2_2
16068 4 -5 0 S2_2
15001 4 -5 0 S2_2
15002 4 -5 0 S2_2
15003 4 -5 0 S2_2
15007 4 -5 0 S2_2
15008 4 -5 0 S2_2
15011 4 -5 0 S2_2
15014 4 -5 0 S2_2
15018 4 -5 0 S2_2
15020 4 -5 0 S2_2
15022 4 -5 0 S2_2
16064 5 -5 0 S2_2
16065 5 -5 0 S2_2
16066 5 -5 0 S2_2
16067 5 -5 0 S2_2
16068 5 -5 0 S2_2
15001 5 -5 0 S2_2
15002 5 -5 0 S2_2
15003 5 -5 0 S2_2
15007 5 -5 0 S2_2
15008 5 -5 0 S2_2
15011 5 -5 0 S2_2
15014 5 -5 0 S2_2
15018 5 -5 0 S2_2
15020 5 -5 0 S2_2
15022 5 -5 0 S2_2
16064 6 -5 0 S2_2
16065 6 -5 0 S2_2
16066 6 -5 0 S2_2
16067 6 -5 0 S2_2
16068 6 -5 0 S2_2
15001 6 -5 0 S2_2
15002 6 -5 0 S2_2
15003 6 -5 9.62647702743627 S2_2
15007 6 -5 0 S2_2
15008 6 -5 0 S2_2
15011 6 -5 0 S2_2
15014 6 -5 55.902927506016 S2_2
15018 6 -5 37.822833451283 S2_2
15020 6 -5 12.0616387525753 S2_2
15022 6 -5 0 S2_2
16064 7 -5 0 S2_2
16065 7 -5 0 S2_2
16066 7 -5 0 S2_2
16067 7 -5 0 S2_2
16068 7 -5 0 S2_2
15001 7 -5 0 S2_2
15002 7 -5 0 S2_2
15003 7 -5 82.0313079958785 S2_2
15007 7 -5 9.8240406415643 S2_2
15008 7 -5 13.1026255001902 S2_2
15011 7 -5 0 S2_2
15014 7 -5 82.5559291835707 S2_2
15018 7 -5 164.583679584696 S2_2
15020 7 -5 0 S2_2
15022 7 -5 0 S2_2
16064 8 -5 0 S2_2
16065 8 -5 0 S2_2
16066 8 -5 0 S2_2
16067 8 -5 0 S2_2
16068 8 -5 0 S2_2
15001 8 -5 0 S2_2
15002 8 -5 0 S2_2
15003 8 -5 0 S2_2
15007 8 -5 0 S2_2
15008 8 -5 0 S2_2
15011 8 -5 0 S2_2
15014 8 -5 0 S2_2
15018 8 -5 0 S2_2
15020 8 -5 0 S2_2
15022 8 -5 0 S2_2
16064 9 -5 0 S2_2
16065 9 -5 0 S2_2
16066 9 -5 0 S2_2
16067 9 -5 0 S2_2
16068 9 -5 0 S2_2
15001 9 -5 0 S2_2
15002 9 -5 0 S2_2
15003 9 -5 0 S2_2
15007 9 -5 0 S2_2
15008 9 -5 0 S2_2
15011 9 -5 0 S2_2
15014 9 -5 0 S2_2
15018 9 -5 0 S2_2
15020 9 -5 0 S2_2
15022 9 -5 0 S2_2
16064 10 -5 0 S2_2
16065 10 -5 0 S2_2
16066 10 -5 0 S2_2
16067 10 -5 0 S2_2
16068 10 -5 0 S2_2
15001 10 -5 0 S2_2
15002 10 -5 0 S2_2
15003 10 -5 0 S2_2
15007 10 -5 0 S2_2
15008 10 -5 0 S2_2
15011 10 -5 0 S2_2
15014 10 -5 0 S2_2
15018 10 -5 0 S2_2
15020 10 -5 0 S2_2
15022 10 -5 0 S2_2
16064 11 -5 0 S2_2
16065 11 -5 0 S2_2
16066 11 -5 0 S2_2
16067 11 -5 0 S2_2
16068 11 -5 0 S2_2
15001 11 -5 0 S2_2
15002 11 -5 0 S2_2
15003 11 -5 0 S2_2
15007 11 -5 0 S2_2
15008 11 -5 0 S2_2
15011 11 -5 0 S2_2
15014 11 -5 0 S2_2
15018 11 -5 0 S2_2
15020 11 -5 0 S2_2
15022 11 -5 0 S2_2
16064 12 -5 0 S2_2
16065 12 -5 0 S2_2
16066 12 -5 0 S2_2
16067 12 -5 0 S2_2
16068 12 -5 0 S2_2
15001 12 -5 0 S2_2
15002 12 -5 0 S2_2
15003 12 -5 0 S2_2
15007 12 -5 0 S2_2
15008 12 -5 0 S2_2
15011 12 -5 0 S2_2
15014 12 -5 0 S2_2
15018 12 -5 0 S2_2
15020 12 -5 0 S2_2
15022 12 -5 0 S2_2
16064 13 -5 0 S2_2
16065 13 -5 0 S2_2
16066 13 -5 0 S2_2
16067 13 -5 0 S2_2
16068 13 -5 0 S2_2
15001 13 -5 0 S2_2
15002 13 -5 0 S2_2
15003 13 -5 0 S2_2
15007 13 -5 0 S2_2
15008 13 -5 0 S2_2
15011 13 -5 0 S2_2
15014 13 -5 0 S2_2
15018 13 -5 0 S2_2
15020 13 -5 0 S2_2
15022 13 -5 0 S2_2
16064 14 -5 0 S2_2
16065 14 -5 0 S2_2
16066 14 -5 0 S2_2
16067 14 -5 0 S2_2
16068 14 -5 0 S2_2
15001 14 -5 0 S2_2
15002 14 -5 0 S2_2
15003 14 -5 94.0177954084303 S2_2
15007 14 -5 7.00660097063905 S2_2
15008 14 -5 7.6681133653696 S2_2
15011 14 -5 0 S2_2
15014 14 -5 159.408012291399 S2_2
15018 14 -5 162.820021155988 S2_2
15020 14 -5 3.07031117346882 S2_2
15022 14 -5 0 S2_2
16064 15 -5 0 S2_2
16065 15 -5 15.8399553354929 S2_2
16066 15 -5 2.81067849235277 S2_2
16067 15 -5 0 S2_2
16068 15 -5 0 S2_2
15001 15 -5 0 S2_2
15002 15 -5 25.8881314868713 S2_2
15003 15 -5 54.8380365117149 S2_2
15007 15 -5 0 S2_2
15008 15 -5 0 S2_2
15011 15 -5 0 S2_2
15014 15 -5 137.46320100742 S2_2
15018 15 -5 109.507749787267 S2_2
15020 15 -5 85.3137139562323 S2_2
15022 15 -5 0 S2_2
16064 16 -5 0 S2_2
16065 16 -5 0 S2_2
16066 16 -5 0 S2_2
16067 16 -5 0 S2_2
16068 16 -5 0 S2_2
15001 16 -5 0 S2_2
15002 16 -5 0 S2_2
15003 16 -5 0 S2_2
15007 16 -5 0 S2_2
15008 16 -5 0 S2_2
15011 16 -5 0 S2_2
15014 16 -5 0 S2_2
15018 16 -5 0 S2_2
15020 16 -5 0 S2_2
15022 16 -5 0 S2_2
16064 17 -5 0 S2_2
16065 17 -5 0 S2_2
16066 17 -5 0 S2_2
16067 17 -5 0 S2_2
16068 17 -5 0 S2_2
15001 17 -5 0 S2_2
15002 17 -5 0 S2_2
15003 17 -5 55.7785156475181 S2_2
15007 17 -5 0 S2_2
15008 17 -5 0 S2_2
15011 17 -5 0 S2_2
15014 17 -5 126.09281953585 S2_2
15018 17 -5 105.10201511037 S2_2
15020 17 -5 40.8669290187355 S2_2
15022 17 -5 0 S2_2
16064 18 -5 0 S2_2
16065 18 -5 0 S2_2
16066 18 -5 0 S2_2
16067 18 -5 0 S2_2
16068 18 -5 0 S2_2
15001 18 -5 0 S2_2
15002 18 -5 0 S2_2
15003 18 -5 0 S2_2
15007 18 -5 0 S2_2
15008 18 -5 0 S2_2
15011 18 -5 0 S2_2
15014 18 -5 0 S2_2
15018 18 -5 0 S2_2
15020 18 -5 0 S2_2
15022 18 -5 0 S2_2
16064 19 -5 0 S2_2
16065 19 -5 0 S2_2
16066 19 -5 0 S2_2
16067 19 -5 0 S2_2
16068 19 -5 0 S2_2
15001 19 -5 0 S2_2
15002 19 -5 0 S2_2
15003 19 -5 0 S2_2
15007 19 -5 0 S2_2
15008 19 -5 0 S2_2
15011 19 -5 0 S2_2
15014 19 -5 0 S2_2
15018 19 -5 0 S2_2
15020 19 -5 0 S2_2
15022 19 -5 0 S2_2
16064 20 -5 0 S2_2
16065 20 -5 0 S2_2
16066 20 -5 0 S2_2
16067 20 -5 0 S2_2
16068 20 -5 0 S2_2
15001 20 -5 0 S2_2
15002 20 -5 0 S2_2
15003 20 -5 0 S2_2
15007 20 -5 0 S2_2
15008 20 -5 0 S2_2
15011 20 -5 0 S2_2
15014 20 -5 5.09265789316714 S2_2
15018 20 -5 2.72650194417229 S2_2
15020 20 -5 2.42308855423932 S2_2
15022 20 -5 0 S2_2
16064 21 -5 0 S2_2
16065 21 -5 0 S2_2
16066 21 -5 0 S2_2
16067 21 -5 0 S2_2
16068 21 -5 0 S2_2
15001 21 -5 0 S2_2
15002 21 -5 0 S2_2
15003 21 -5 0 S2_2
15007 21 -5 0 S2_2
15008 21 -5 0 S2_2
15011 21 -5 0 S2_2
15014 21 -5 0 S2_2
15018 21 -5 0 S2_2
15020 21 -5 0 S2_2
15022 21 -5 0 S2_2
16064 22 -5 0 S2_2
16065 22 -5 0 S2_2
16066 22 -5 0 S2_2
16067 22 -5 0 S2_2
16068 22 -5 0 S2_2
15001 22 -5 0 S2_2
15002 22 -5 0 S2_2
15003 22 -5 0 S2_2
15007 22 -5 0 S2_2
15008 22 -5 0 S2_2
15011 22 -5 0 S2_2
15014 22 -5 0 S2_2
15018 22 -5 0 S2_2
15020 22 -5 0 S2_2
15022 22 -5 0 S2_2
16064 23 -5 0 S2_2
16065 23 -5 0 S2_2
16066 23 -5 0 S2_2
16067 23 -5 0 S2_2
16068 23 -5 0 S2_2
15001 23 -5 0 S2_2
15002 23 -5 0 S2_2
15003 23 -5 0 S2_2
15007 23 -5 0 S2_2
15008 23 -5 0 S2_2
15011 23 -5 0 S2_2
15014 23 -5 0 S2_2
15018 23 -5 0 S2_2
15020 23 -5 0 S2_2
15022 23 -5 0 S2_2
16064 24 -5 0 S2_2
16065 24 -5 0 S2_2
16066 24 -5 0 S2_2
16067 24 -5 0 S2_2
16068 24 -5 0 S2_2
15001 24 -5 0 S2_2
15002 24 -5 0 S2_2
15003 24 -5 0 S2_2
15007 24 -5 0 S2_2
15008 24 -5 0 S2_2
15011 24 -5 0 S2_2
15014 24 -5 0 S2_2
15018 24 -5 0 S2_2
15020 24 -5 0 S2_2
15022 24 -5 0 S2_2
16064 25 -5 0 S2_2
16065 25 -5 0 S2_2
16066 25 -5 0 S2_2
16067 25 -5 0 S2_2
16068 25 -5 0 S2_2
15001 25 -5 0 S2_2
15002 25 -5 0 S2_2
15003 25 -5 8.6236478259097 S2_2
15007 25 -5 0 S2_2
15008 25 -5 0 S2_2
15011 25 -5 0 S2_2
15014 25 -5 29.797126502936 S2_2
15018 25 -5 42.0465828453332 S2_2
15020 25 -5 0 S2_2
15022 25 -5 0 S2_2
16064 26 -5 0 S2_2
16065 26 -5 0 S2_2
16066 26 -5 0 S2_2
16067 26 -5 0 S2_2
16068 26 -5 0 S2_2
15001 26 -5 0 S2_2
15002 26 -5 0 S2_2
15003 26 -5 0 S2_2
15007 26 -5 0 S2_2
15008 26 -5 0 S2_2
15011 26 -5 0 S2_2
15014 26 -5 0 S2_2
15018 26 -5 0 S2_2
15020 26 -5 0 S2_2
15022 26 -5 0 S2_2
16064 27 -5 0 S2_2
16065 27 -5 0 S2_2
16066 27 -5 0 S2_2
16067 27 -5 0 S2_2
16068 27 -5 0 S2_2
15001 27 -5 0 S2_2
15002 27 -5 0 S2_2
15003 27 -5 0 S2_2
15007 27 -5 0 S2_2
15008 27 -5 0 S2_2
15011 27 -5 0 S2_2
15014 27 -5 0 S2_2
15018 27 -5 0 S2_2
15020 27 -5 0 S2_2
15022 27 -5 0 S2_2
16064 28 -5 0 S2_2
16065 28 -5 0 S2_2
16066 28 -5 0 S2_2
16067 28 -5 0 S2_2
16068 28 -5 0 S2_2
15001 28 -5 0 S2_2
15002 28 -5 0 S2_2
15003 28 -5 0 S2_2
15007 28 -5 0 S2_2
15008 28 -5 0 S2_2
15011 28 -5 0 S2_2
15014 28 -5 0 S2_2
15018 28 -5 0 S2_2
15020 28 -5 0 S2_2
15022 28 -5 0 S2_2
16064 29 -5 0 S2_2
16065 29 -5 0 S2_2
16066 29 -5 0 S2_2
16067 29 -5 0 S2_2
16068 29 -5 0 S2_2
15001 29 -5 0 S2_2
15002 29 -5 0 S2_2
15003 29 -5 0 S2_2
15007 29 -5 0 S2_2
15008 29 -5 0 S2_2
15011 29 -5 0 S2_2
15014 29 -5 0 S2_2
15018 29 -5 0 S2_2
15020 29 -5 0 S2_2
15022 29 -5 0 S2_2
16064 30 -5 0 S2_2
16065 30 -5 0 S2_2
16066 30 -5 0 S2_2
16067 30 -5 0 S2_2
16068 30 -5 0 S2_2
15001 30 -5 0 S2_2
15002 30 -5 0 S2_2
15003 30 -5 36.3427518279198 S2_2
15007 30 -5 0 S2_2
15008 30 -5 0 S2_2
15011 30 -5 0 S2_2
15014 30 -5 75.1850526481455 S2_2
15018 30 -5 86.0437547243667 S2_2
15020 30 -5 0 S2_2
15022 30 -5 0 S2_2
16064 31 -5 0 S2_2
16065 31 -5 0 S2_2
16066 31 -5 0 S2_2
16067 31 -5 0 S2_2
16068 31 -5 0 S2_2
15001 31 -5 0 S2_2
15002 31 -5 0 S2_2
15003 31 -5 0 S2_2
15007 31 -5 0 S2_2
15008 31 -5 0 S2_2
15011 31 -5 0 S2_2
15014 31 -5 0 S2_2
15018 31 -5 0 S2_2
15020 31 -5 0 S2_2
15022 31 -5 0 S2_2
