speciesID lakeID variable value scenario
14037 1 -0.5 27.3041813911441 S2_m1
14038 1 -0.5 164.70453416333 S2_m1
14039 1 -0.5 0 S2_m1
14042 1 -0.5 0 S2_m1
14043 1 -0.5 0 S2_m1
14046 1 -0.5 296.694465896848 S2_m1
14047 1 -0.5 1.19706917153692 S2_m1
14049 1 -0.5 0 S2_m1
14053 1 -0.5 164.982964949694 S2_m1
14054 1 -0.5 0 S2_m1
14055 1 -0.5 147.298712618775 S2_m1
14057 1 -0.5 39.4534664782211 S2_m1
14060 1 -0.5 160.181615869201 S2_m1
14061 1 -0.5 0 S2_m1
14062 1 -0.5 187.008968825599 S2_m1
14037 2 -0.5 0 S2_m1
14038 2 -0.5 0 S2_m1
14039 2 -0.5 0 S2_m1
14042 2 -0.5 0 S2_m1
14043 2 -0.5 0 S2_m1
14046 2 -0.5 0 S2_m1
14047 2 -0.5 0 S2_m1
14049 2 -0.5 0 S2_m1
14053 2 -0.5 0 S2_m1
14054 2 -0.5 0 S2_m1
14055 2 -0.5 0 S2_m1
14057 2 -0.5 0 S2_m1
14060 2 -0.5 0 S2_m1
14061 2 -0.5 0 S2_m1
14062 2 -0.5 0 S2_m1
14037 3 -0.5 0 S2_m1
14038 3 -0.5 0 S2_m1
14039 3 -0.5 0 S2_m1
14042 3 -0.5 0 S2_m1
14043 3 -0.5 0 S2_m1
14046 3 -0.5 0 S2_m1
14047 3 -0.5 0 S2_m1
14049 3 -0.5 0 S2_m1
14053 3 -0.5 0 S2_m1
14054 3 -0.5 0 S2_m1
14055 3 -0.5 0 S2_m1
14057 3 -0.5 0 S2_m1
14060 3 -0.5 0 S2_m1
14061 3 -0.5 0 S2_m1
14062 3 -0.5 0 S2_m1
14037 4 -0.5 0 S2_m1
14038 4 -0.5 85.6848683936018 S2_m1
14039 4 -0.5 0 S2_m1
14042 4 -0.5 0 S2_m1
14043 4 -0.5 0 S2_m1
14046 4 -0.5 121.466609103959 S2_m1
14047 4 -0.5 0 S2_m1
14049 4 -0.5 0 S2_m1
14053 4 -0.5 71.6896684845581 S2_m1
14054 4 -0.5 0 S2_m1
14055 4 -0.5 27.3710873812704 S2_m1
14057 4 -0.5 0 S2_m1
14060 4 -0.5 18.2162988100982 S2_m1
14061 4 -0.5 0 S2_m1
14062 4 -0.5 73.0611560208241 S2_m1
14037 5 -0.5 0 S2_m1
14038 5 -0.5 0 S2_m1
14039 5 -0.5 0 S2_m1
14042 5 -0.5 0 S2_m1
14043 5 -0.5 0 S2_m1
14046 5 -0.5 0 S2_m1
14047 5 -0.5 0 S2_m1
14049 5 -0.5 0 S2_m1
14053 5 -0.5 0 S2_m1
14054 5 -0.5 0 S2_m1
14055 5 -0.5 0 S2_m1
14057 5 -0.5 0 S2_m1
14060 5 -0.5 0 S2_m1
14061 5 -0.5 0 S2_m1
14062 5 -0.5 0 S2_m1
14037 6 -0.5 0 S2_m1
14038 6 -0.5 60.9773904576252 S2_m1
14039 6 -0.5 0 S2_m1
14042 6 -0.5 0 S2_m1
14043 6 -0.5 0 S2_m1
14046 6 -0.5 20.8841110242201 S2_m1
14047 6 -0.5 0 S2_m1
14049 6 -0.5 0 S2_m1
14053 6 -0.5 36.4284959604395 S2_m1
14054 6 -0.5 0 S2_m1
14055 6 -0.5 1.29910589094065 S2_m1
14057 6 -0.5 0 S2_m1
14060 6 -0.5 0 S2_m1
14061 6 -0.5 0 S2_m1
14062 6 -0.5 7.36514093718559 S2_m1
14037 7 -0.5 0 S2_m1
14038 7 -0.5 0 S2_m1
14039 7 -0.5 0 S2_m1
14042 7 -0.5 0 S2_m1
14043 7 -0.5 0 S2_m1
14046 7 -0.5 0 S2_m1
14047 7 -0.5 0 S2_m1
14049 7 -0.5 0 S2_m1
14053 7 -0.5 0 S2_m1
14054 7 -0.5 0 S2_m1
14055 7 -0.5 0 S2_m1
14057 7 -0.5 0 S2_m1
14060 7 -0.5 0 S2_m1
14061 7 -0.5 0 S2_m1
14062 7 -0.5 0 S2_m1
14037 8 -0.5 8.13837402731176 S2_m1
14038 8 -0.5 141.53340542152 S2_m1
14039 8 -0.5 0 S2_m1
14042 8 -0.5 0 S2_m1
14043 8 -0.5 0 S2_m1
14046 8 -0.5 260.398732545701 S2_m1
14047 8 -0.5 0 S2_m1
14049 8 -0.5 0 S2_m1
14053 8 -0.5 138.02092933569 S2_m1
14054 8 -0.5 0 S2_m1
14055 8 -0.5 120.19636474604 S2_m1
14057 8 -0.5 16.3552893390466 S2_m1
14060 8 -0.5 122.772977894567 S2_m1
14061 8 -0.5 0 S2_m1
14062 8 -0.5 162.035393053137 S2_m1
14037 9 -0.5 0 S2_m1
14038 9 -0.5 55.6940532321523 S2_m1
14039 9 -0.5 0 S2_m1
14042 9 -0.5 0 S2_m1
14043 9 -0.5 0 S2_m1
14046 9 -0.5 13.9563489795912 S2_m1
14047 9 -0.5 0 S2_m1
14049 9 -0.5 0 S2_m1
14053 9 -0.5 27.1963128134102 S2_m1
14054 9 -0.5 0 S2_m1
14055 9 -0.5 0 S2_m1
14057 9 -0.5 0 S2_m1
14060 9 -0.5 0 S2_m1
14061 9 -0.5 0 S2_m1
14062 9 -0.5 4.87886771648148 S2_m1
14037 10 -0.5 14.9149497756267 S2_m1
14038 10 -0.5 141.955933381543 S2_m1
14039 10 -0.5 0 S2_m1
14042 10 -0.5 0 S2_m1
14043 10 -0.5 0 S2_m1
14046 10 -0.5 266.030979208497 S2_m1
14047 10 -0.5 0 S2_m1
14049 10 -0.5 0 S2_m1
14053 10 -0.5 142.700559899112 S2_m1
14054 10 -0.5 0 S2_m1
14055 10 -0.5 116.808212547969 S2_m1
14057 10 -0.5 13.9659586470182 S2_m1
14060 10 -0.5 116.424937249276 S2_m1
14061 10 -0.5 0 S2_m1
14062 10 -0.5 167.847119438153 S2_m1
14037 11 -0.5 5.18134350153091 S2_m1
14038 11 -0.5 149.105395005143 S2_m1
14039 11 -0.5 0 S2_m1
14042 11 -0.5 0 S2_m1
14043 11 -0.5 0 S2_m1
14046 11 -0.5 275.245509405729 S2_m1
14047 11 -0.5 0 S2_m1
14049 11 -0.5 0 S2_m1
14053 11 -0.5 143.894989896638 S2_m1
14054 11 -0.5 0 S2_m1
14055 11 -0.5 130.942080070255 S2_m1
14057 11 -0.5 20.7170600213377 S2_m1
14060 11 -0.5 140.37515221787 S2_m1
14061 11 -0.5 0 S2_m1
14062 11 -0.5 163.181147562767 S2_m1
14037 12 -0.5 1.7537454948666 S2_m1
14038 12 -0.5 141.01456159277 S2_m1
14039 12 -0.5 0 S2_m1
14042 12 -0.5 0 S2_m1
14043 12 -0.5 0 S2_m1
14046 12 -0.5 253.498776343749 S2_m1
14047 12 -0.5 0 S2_m1
14049 12 -0.5 0 S2_m1
14053 12 -0.5 128.985078388921 S2_m1
14054 12 -0.5 0 S2_m1
14055 12 -0.5 122.403015115015 S2_m1
14057 12 -0.5 18.4415481825002 S2_m1
14060 12 -0.5 134.500057733988 S2_m1
14061 12 -0.5 0 S2_m1
14062 12 -0.5 146.462341440137 S2_m1
14037 13 -0.5 0 S2_m1
14038 13 -0.5 0 S2_m1
14039 13 -0.5 0 S2_m1
14042 13 -0.5 0 S2_m1
14043 13 -0.5 0 S2_m1
14046 13 -0.5 0 S2_m1
14047 13 -0.5 0 S2_m1
14049 13 -0.5 0 S2_m1
14053 13 -0.5 0 S2_m1
14054 13 -0.5 0 S2_m1
14055 13 -0.5 0 S2_m1
14057 13 -0.5 0 S2_m1
14060 13 -0.5 0 S2_m1
14061 13 -0.5 0 S2_m1
14062 13 -0.5 0 S2_m1
14037 14 -0.5 0 S2_m1
14038 14 -0.5 0 S2_m1
14039 14 -0.5 0 S2_m1
14042 14 -0.5 0 S2_m1
14043 14 -0.5 0 S2_m1
14046 14 -0.5 0 S2_m1
14047 14 -0.5 0 S2_m1
14049 14 -0.5 0 S2_m1
14053 14 -0.5 0 S2_m1
14054 14 -0.5 0 S2_m1
14055 14 -0.5 0 S2_m1
14057 14 -0.5 0 S2_m1
14060 14 -0.5 0 S2_m1
14061 14 -0.5 0 S2_m1
14062 14 -0.5 0 S2_m1
14037 15 -0.5 42.5963429967714 S2_m1
14038 15 -0.5 152.874187711713 S2_m1
14039 15 -0.5 0 S2_m1
14042 15 -0.5 0 S2_m1
14043 15 -0.5 0 S2_m1
14046 15 -0.5 281.710989848186 S2_m1
14047 15 -0.5 2.14985434429297 S2_m1
14049 15 -0.5 0 S2_m1
14053 15 -0.5 157.180438849868 S2_m1
14054 15 -0.5 0 S2_m1
14055 15 -0.5 128.269309803773 S2_m1
14057 15 -0.5 26.3241246986517 S2_m1
14060 15 -0.5 129.67429992109 S2_m1
14061 15 -0.5 0 S2_m1
14062 15 -0.5 184.394770480606 S2_m1
14037 16 -0.5 22.3161565756172 S2_m1
14038 16 -0.5 162.084843289461 S2_m1
14039 16 -0.5 0 S2_m1
14042 16 -0.5 0 S2_m1
14043 16 -0.5 0 S2_m1
14046 16 -0.5 287.216559676998 S2_m1
14047 16 -0.5 1.47974724564447 S2_m1
14049 16 -0.5 0 S2_m1
14053 16 -0.5 159.282900731703 S2_m1
14054 16 -0.5 0 S2_m1
14055 16 -0.5 145.04828879893 S2_m1
14057 16 -0.5 39.0752125710076 S2_m1
14060 16 -0.5 157.161976003441 S2_m1
14061 16 -0.5 0 S2_m1
14062 16 -0.5 183.194148634792 S2_m1
14037 17 -0.5 0 S2_m1
14038 17 -0.5 5.27692278239517 S2_m1
14039 17 -0.5 0 S2_m1
14042 17 -0.5 0 S2_m1
14043 17 -0.5 0 S2_m1
14046 17 -0.5 0 S2_m1
14047 17 -0.5 0 S2_m1
14049 17 -0.5 0 S2_m1
14053 17 -0.5 0 S2_m1
14054 17 -0.5 0 S2_m1
14055 17 -0.5 0 S2_m1
14057 17 -0.5 0 S2_m1
14060 17 -0.5 0 S2_m1
14061 17 -0.5 0 S2_m1
14062 17 -0.5 0 S2_m1
14037 18 -0.5 5.9855789352924 S2_m1
14038 18 -0.5 152.534421834579 S2_m1
14039 18 -0.5 0 S2_m1
14042 18 -0.5 0 S2_m1
14043 18 -0.5 0 S2_m1
14046 18 -0.5 271.164885134579 S2_m1
14047 18 -0.5 0 S2_m1
14049 18 -0.5 0 S2_m1
14053 18 -0.5 144.773546266926 S2_m1
14054 18 -0.5 0 S2_m1
14055 18 -0.5 134.725842187223 S2_m1
14057 18 -0.5 30.0546219747853 S2_m1
14060 18 -0.5 147.629086009322 S2_m1
14061 18 -0.5 0 S2_m1
14062 18 -0.5 165.220497803711 S2_m1
14037 19 -0.5 7.03303622600321 S2_m1
14038 19 -0.5 129.915258442073 S2_m1
14039 19 -0.5 0 S2_m1
14042 19 -0.5 0 S2_m1
14043 19 -0.5 0 S2_m1
14046 19 -0.5 240.162343534193 S2_m1
14047 19 -0.5 0 S2_m1
14049 19 -0.5 0 S2_m1
14053 19 -0.5 128.347798023333 S2_m1
14054 19 -0.5 0 S2_m1
14055 19 -0.5 98.6753512728894 S2_m1
14057 19 -0.5 6.35265256944189 S2_m1
14060 19 -0.5 95.6071402127481 S2_m1
14061 19 -0.5 0 S2_m1
14062 19 -0.5 151.687759968951 S2_m1
14037 20 -0.5 32.3273249267692 S2_m1
14038 20 -0.5 161.645933002281 S2_m1
14039 20 -0.5 0 S2_m1
14042 20 -0.5 0 S2_m1
14043 20 -0.5 0 S2_m1
14046 20 -0.5 290.52681838938 S2_m1
14047 20 -0.5 2.08262239380274 S2_m1
14049 20 -0.5 0 S2_m1
14053 20 -0.5 161.565037559663 S2_m1
14054 20 -0.5 0 S2_m1
14055 20 -0.5 143.697479674851 S2_m1
14057 20 -0.5 37.1054528327849 S2_m1
14060 20 -0.5 152.476231770557 S2_m1
14061 20 -0.5 0 S2_m1
14062 20 -0.5 187.290624488879 S2_m1
14037 21 -0.5 8.62511821002751 S2_m1
14038 21 -0.5 130.49018247646 S2_m1
14039 21 -0.5 0 S2_m1
14042 21 -0.5 0 S2_m1
14043 21 -0.5 0 S2_m1
14046 21 -0.5 243.886059617232 S2_m1
14047 21 -0.5 0 S2_m1
14049 21 -0.5 0 S2_m1
14053 21 -0.5 130.582397447291 S2_m1
14054 21 -0.5 0 S2_m1
14055 21 -0.5 99.0206231010875 S2_m1
14057 21 -0.5 6.00094991490982 S2_m1
14060 21 -0.5 95.6541156739551 S2_m1
14061 21 -0.5 0 S2_m1
14062 21 -0.5 153.843326473598 S2_m1
14037 22 -0.5 43.7633587161292 S2_m1
14038 22 -0.5 169.387013146893 S2_m1
14039 22 -0.5 0 S2_m1
14042 22 -0.5 0 S2_m1
14043 22 -0.5 0 S2_m1
14046 22 -0.5 303.747448875202 S2_m1
14047 22 -0.5 2.2789046685348 S2_m1
14049 22 -0.5 0 S2_m1
14053 22 -0.5 171.670466208843 S2_m1
14054 22 -0.5 0 S2_m1
14055 22 -0.5 152.407213304209 S2_m1
14057 22 -0.5 44.0670454916383 S2_m1
14060 22 -0.5 165.724424849217 S2_m1
14061 22 -0.5 0 S2_m1
14062 22 -0.5 195.013476493655 S2_m1
14037 23 -0.5 0 S2_m1
14038 23 -0.5 94.4791671340762 S2_m1
14039 23 -0.5 0 S2_m1
14042 23 -0.5 0 S2_m1
14043 23 -0.5 0 S2_m1
14046 23 -0.5 136.39402804575 S2_m1
14047 23 -0.5 0 S2_m1
14049 23 -0.5 0 S2_m1
14053 23 -0.5 85.2684105492863 S2_m1
14054 23 -0.5 0 S2_m1
14055 23 -0.5 38.6090844159158 S2_m1
14057 23 -0.5 0 S2_m1
14060 23 -0.5 28.4656180684309 S2_m1
14061 23 -0.5 0 S2_m1
14062 23 -0.5 91.6936562723697 S2_m1
14037 24 -0.5 21.0526806312273 S2_m1
14038 24 -0.5 143.657254910096 S2_m1
14039 24 -0.5 0 S2_m1
14042 24 -0.5 0 S2_m1
14043 24 -0.5 0 S2_m1
14046 24 -0.5 271.545669903794 S2_m1
14047 24 -0.5 0 S2_m1
14049 24 -0.5 0 S2_m1
14053 24 -0.5 146.811126343382 S2_m1
14054 24 -0.5 0 S2_m1
14055 24 -0.5 118.492741781077 S2_m1
14057 24 -0.5 14.4652265771382 S2_m1
14060 24 -0.5 117.790742372337 S2_m1
14061 24 -0.5 0 S2_m1
14062 24 -0.5 172.019839195051 S2_m1
14037 25 -0.5 0 S2_m1
14038 25 -0.5 0 S2_m1
14039 25 -0.5 0 S2_m1
14042 25 -0.5 0 S2_m1
14043 25 -0.5 0 S2_m1
14046 25 -0.5 0 S2_m1
14047 25 -0.5 0 S2_m1
14049 25 -0.5 0 S2_m1
14053 25 -0.5 0 S2_m1
14054 25 -0.5 0 S2_m1
14055 25 -0.5 0 S2_m1
14057 25 -0.5 0 S2_m1
14060 25 -0.5 0 S2_m1
14061 25 -0.5 0 S2_m1
14062 25 -0.5 0 S2_m1
14037 26 -0.5 36.1927909484493 S2_m1
14038 26 -0.5 166.732098814396 S2_m1
14039 26 -0.5 0 S2_m1
14042 26 -0.5 0 S2_m1
14043 26 -0.5 0 S2_m1
14046 26 -0.5 298.759259161587 S2_m1
14047 26 -0.5 2.09726240206826 S2_m1
14049 26 -0.5 0 S2_m1
14053 26 -0.5 167.368731668024 S2_m1
14054 26 -0.5 0 S2_m1
14055 26 -0.5 149.692219145277 S2_m1
14057 26 -0.5 41.4928926613946 S2_m1
14060 26 -0.5 161.400871576617 S2_m1
14061 26 -0.5 0 S2_m1
14062 26 -0.5 191.682156676565 S2_m1
14037 27 -0.5 0 S2_m1
14038 27 -0.5 0 S2_m1
14039 27 -0.5 0 S2_m1
14042 27 -0.5 0 S2_m1
14043 27 -0.5 0 S2_m1
14046 27 -0.5 0 S2_m1
14047 27 -0.5 0 S2_m1
14049 27 -0.5 0 S2_m1
14053 27 -0.5 0 S2_m1
14054 27 -0.5 0 S2_m1
14055 27 -0.5 0 S2_m1
14057 27 -0.5 0 S2_m1
14060 27 -0.5 0 S2_m1
14061 27 -0.5 0 S2_m1
14062 27 -0.5 0 S2_m1
14037 28 -0.5 51.9176077808452 S2_m1
14038 28 -0.5 172.896049027131 S2_m1
14039 28 -0.5 0 S2_m1
14042 28 -0.5 0 S2_m1
14043 28 -0.5 0 S2_m1
14046 28 -0.5 307.035294608929 S2_m1
14047 28 -0.5 3.34592466434708 S2_m1
14049 28 -0.5 0 S2_m1
14053 28 -0.5 174.986010412955 S2_m1
14054 28 -0.5 0 S2_m1
14055 28 -0.5 156.029553472943 S2_m1
14057 28 -0.5 48.2950700065971 S2_m1
14060 28 -0.5 170.690706352989 S2_m1
14061 28 -0.5 0 S2_m1
14062 28 -0.5 199.182476399985 S2_m1
14037 29 -0.5 0 S2_m1
14038 29 -0.5 41.5471216007247 S2_m1
14039 29 -0.5 0 S2_m1
14042 29 -0.5 0 S2_m1
14043 29 -0.5 0 S2_m1
14046 29 -0.5 4.00916759425764 S2_m1
14047 29 -0.5 0 S2_m1
14049 29 -0.5 0 S2_m1
14053 29 -0.5 8.30928530302082 S2_m1
14054 29 -0.5 0 S2_m1
14055 29 -0.5 0 S2_m1
14057 29 -0.5 0 S2_m1
14060 29 -0.5 0 S2_m1
14061 29 -0.5 0 S2_m1
14062 29 -0.5 1.39855263422779 S2_m1
14037 30 -0.5 0 S2_m1
14038 30 -0.5 0 S2_m1
14039 30 -0.5 0 S2_m1
14042 30 -0.5 0 S2_m1
14043 30 -0.5 0 S2_m1
14046 30 -0.5 0 S2_m1
14047 30 -0.5 0 S2_m1
14049 30 -0.5 0 S2_m1
14053 30 -0.5 0 S2_m1
14054 30 -0.5 0 S2_m1
14055 30 -0.5 0 S2_m1
14057 30 -0.5 0 S2_m1
14060 30 -0.5 0 S2_m1
14061 30 -0.5 0 S2_m1
14062 30 -0.5 0 S2_m1
14037 31 -0.5 0 S2_m1
14038 31 -0.5 0 S2_m1
14039 31 -0.5 0 S2_m1
14042 31 -0.5 0 S2_m1
14043 31 -0.5 0 S2_m1
14046 31 -0.5 0 S2_m1
14047 31 -0.5 0 S2_m1
14049 31 -0.5 0 S2_m1
14053 31 -0.5 0 S2_m1
14054 31 -0.5 0 S2_m1
14055 31 -0.5 0 S2_m1
14057 31 -0.5 0 S2_m1
14060 31 -0.5 0 S2_m1
14061 31 -0.5 0 S2_m1
14062 31 -0.5 0 S2_m1
14037 1 -1.5 1.44931986812202 S2_m1
14038 1 -1.5 112.101854534053 S2_m1
14039 1 -1.5 42.2266408890895 S2_m1
14042 1 -1.5 0 S2_m1
14043 1 -1.5 526.40170819116 S2_m1
14046 1 -1.5 148.906671914042 S2_m1
14047 1 -1.5 0 S2_m1
14049 1 -1.5 3.74426135653185 S2_m1
14053 1 -1.5 100.652715909329 S2_m1
14054 1 -1.5 0 S2_m1
14055 1 -1.5 57.9868474208337 S2_m1
14057 1 -1.5 0 S2_m1
14060 1 -1.5 85.749260121401 S2_m1
14061 1 -1.5 98.6757385303814 S2_m1
14062 1 -1.5 91.0158682951723 S2_m1
14037 2 -1.5 0 S2_m1
14038 2 -1.5 0 S2_m1
14039 2 -1.5 0 S2_m1
14042 2 -1.5 0 S2_m1
14043 2 -1.5 0 S2_m1
14046 2 -1.5 0 S2_m1
14047 2 -1.5 0 S2_m1
14049 2 -1.5 0 S2_m1
14053 2 -1.5 0 S2_m1
14054 2 -1.5 0 S2_m1
14055 2 -1.5 0 S2_m1
14057 2 -1.5 0 S2_m1
14060 2 -1.5 0 S2_m1
14061 2 -1.5 0 S2_m1
14062 2 -1.5 0 S2_m1
14037 3 -1.5 0 S2_m1
14038 3 -1.5 0 S2_m1
14039 3 -1.5 0 S2_m1
14042 3 -1.5 0 S2_m1
14043 3 -1.5 9.3140944096338 S2_m1
14046 3 -1.5 0 S2_m1
14047 3 -1.5 0 S2_m1
14049 3 -1.5 0 S2_m1
14053 3 -1.5 0 S2_m1
14054 3 -1.5 0 S2_m1
14055 3 -1.5 0 S2_m1
14057 3 -1.5 0 S2_m1
14060 3 -1.5 0 S2_m1
14061 3 -1.5 0 S2_m1
14062 3 -1.5 0 S2_m1
14037 4 -1.5 0 S2_m1
14038 4 -1.5 58.3299919120872 S2_m1
14039 4 -1.5 0 S2_m1
14042 4 -1.5 0 S2_m1
14043 4 -1.5 346.601651673215 S2_m1
14046 4 -1.5 34.5930157029889 S2_m1
14047 4 -1.5 0 S2_m1
14049 4 -1.5 0 S2_m1
14053 4 -1.5 38.1207769989389 S2_m1
14054 4 -1.5 0 S2_m1
14055 4 -1.5 0 S2_m1
14057 4 -1.5 0 S2_m1
14060 4 -1.5 1.36078798598854 S2_m1
14061 4 -1.5 27.7228303216556 S2_m1
14062 4 -1.5 10.1053349013232 S2_m1
14037 5 -1.5 0 S2_m1
14038 5 -1.5 0 S2_m1
14039 5 -1.5 0 S2_m1
14042 5 -1.5 0 S2_m1
14043 5 -1.5 0 S2_m1
14046 5 -1.5 0 S2_m1
14047 5 -1.5 0 S2_m1
14049 5 -1.5 0 S2_m1
14053 5 -1.5 0 S2_m1
14054 5 -1.5 0 S2_m1
14055 5 -1.5 0 S2_m1
14057 5 -1.5 0 S2_m1
14060 5 -1.5 0 S2_m1
14061 5 -1.5 0 S2_m1
14062 5 -1.5 0 S2_m1
14037 6 -1.5 0 S2_m1
14038 6 -1.5 65.8788574847962 S2_m1
14039 6 -1.5 0 S2_m1
14042 6 -1.5 0 S2_m1
14043 6 -1.5 311.974457438529 S2_m1
14046 6 -1.5 4.59022193826474 S2_m1
14047 6 -1.5 0 S2_m1
14049 6 -1.5 0 S2_m1
14053 6 -1.5 46.5518821261709 S2_m1
14054 6 -1.5 0 S2_m1
14055 6 -1.5 0 S2_m1
14057 6 -1.5 0 S2_m1
14060 6 -1.5 0 S2_m1
14061 6 -1.5 44.6626128614963 S2_m1
14062 6 -1.5 3.52693431162968 S2_m1
14037 7 -1.5 0 S2_m1
14038 7 -1.5 0 S2_m1
14039 7 -1.5 0 S2_m1
14042 7 -1.5 0 S2_m1
14043 7 -1.5 0 S2_m1
14046 7 -1.5 0 S2_m1
14047 7 -1.5 0 S2_m1
14049 7 -1.5 0 S2_m1
14053 7 -1.5 0 S2_m1
14054 7 -1.5 0 S2_m1
14055 7 -1.5 0 S2_m1
14057 7 -1.5 0 S2_m1
14060 7 -1.5 0 S2_m1
14061 7 -1.5 0 S2_m1
14062 7 -1.5 0 S2_m1
14037 8 -1.5 2.94401519099746 S2_m1
14038 8 -1.5 121.626991408131 S2_m1
14039 8 -1.5 47.2574186428232 S2_m1
14042 8 -1.5 0 S2_m1
14043 8 -1.5 521.491473336007 S2_m1
14046 8 -1.5 164.11140218825 S2_m1
14047 8 -1.5 0 S2_m1
14049 8 -1.5 9.15312828414819 S2_m1
14053 8 -1.5 116.213768733162 S2_m1
14054 8 -1.5 0 S2_m1
14055 8 -1.5 65.0617903000794 S2_m1
14057 8 -1.5 0 S2_m1
14060 8 -1.5 81.2995277341071 S2_m1
14061 8 -1.5 101.682403940416 S2_m1
14062 8 -1.5 107.284326426756 S2_m1
14037 9 -1.5 0 S2_m1
14038 9 -1.5 46.3666228096115 S2_m1
14039 9 -1.5 0 S2_m1
14042 9 -1.5 0 S2_m1
14043 9 -1.5 276.138790515694 S2_m1
14046 9 -1.5 0 S2_m1
14047 9 -1.5 0 S2_m1
14049 9 -1.5 0 S2_m1
14053 9 -1.5 17.5241285140531 S2_m1
14054 9 -1.5 0 S2_m1
14055 9 -1.5 0 S2_m1
14057 9 -1.5 0 S2_m1
14060 9 -1.5 0 S2_m1
14061 9 -1.5 18.4666612089956 S2_m1
14062 9 -1.5 0 S2_m1
14037 10 -1.5 3.81962288638195 S2_m1
14038 10 -1.5 117.436714657567 S2_m1
14039 10 -1.5 41.1829594109972 S2_m1
14042 10 -1.5 0 S2_m1
14043 10 -1.5 525.421682348818 S2_m1
14046 10 -1.5 162.735566560771 S2_m1
14047 10 -1.5 0 S2_m1
14049 10 -1.5 6.76011048038082 S2_m1
14053 10 -1.5 114.424713946202 S2_m1
14054 10 -1.5 0 S2_m1
14055 10 -1.5 59.1567959233611 S2_m1
14057 10 -1.5 0 S2_m1
14060 10 -1.5 72.2923418778928 S2_m1
14061 10 -1.5 96.6715683314773 S2_m1
14062 10 -1.5 107.294560814031 S2_m1
14037 11 -1.5 0 S2_m1
14038 11 -1.5 57.3248631349503 S2_m1
14039 11 -1.5 1.13248270423789 S2_m1
14042 11 -1.5 0 S2_m1
14043 11 -1.5 407.875413581542 S2_m1
14046 11 -1.5 64.8877074410876 S2_m1
14047 11 -1.5 0 S2_m1
14049 11 -1.5 0 S2_m1
14053 11 -1.5 27.4549656734902 S2_m1
14054 11 -1.5 0 S2_m1
14055 11 -1.5 8.15225433916691 S2_m1
14057 11 -1.5 0 S2_m1
14060 11 -1.5 32.3525180167218 S2_m1
14061 11 -1.5 33.3833491946099 S2_m1
14062 11 -1.5 14.6313550518638 S2_m1
14037 12 -1.5 0 S2_m1
14038 12 -1.5 58.1860128212033 S2_m1
14039 12 -1.5 0 S2_m1
14042 12 -1.5 0 S2_m1
14043 12 -1.5 390.827426206962 S2_m1
14046 12 -1.5 59.6337444163035 S2_m1
14047 12 -1.5 0 S2_m1
14049 12 -1.5 0 S2_m1
14053 12 -1.5 25.6233587253159 S2_m1
14054 12 -1.5 0 S2_m1
14055 12 -1.5 8.25499896820455 S2_m1
14057 12 -1.5 0 S2_m1
14060 12 -1.5 33.1200970589775 S2_m1
14061 12 -1.5 34.5269296660843 S2_m1
14062 12 -1.5 11.5922258768299 S2_m1
14037 13 -1.5 0 S2_m1
14038 13 -1.5 0 S2_m1
14039 13 -1.5 0 S2_m1
14042 13 -1.5 0 S2_m1
14043 13 -1.5 97.8163207431396 S2_m1
14046 13 -1.5 0 S2_m1
14047 13 -1.5 0 S2_m1
14049 13 -1.5 0 S2_m1
14053 13 -1.5 0 S2_m1
14054 13 -1.5 0 S2_m1
14055 13 -1.5 0 S2_m1
14057 13 -1.5 0 S2_m1
14060 13 -1.5 0 S2_m1
14061 13 -1.5 0 S2_m1
14062 13 -1.5 0 S2_m1
14037 14 -1.5 0 S2_m1
14038 14 -1.5 0 S2_m1
14039 14 -1.5 0 S2_m1
14042 14 -1.5 0 S2_m1
14043 14 -1.5 0 S2_m1
14046 14 -1.5 0 S2_m1
14047 14 -1.5 0 S2_m1
14049 14 -1.5 0 S2_m1
14053 14 -1.5 0 S2_m1
14054 14 -1.5 0 S2_m1
14055 14 -1.5 0 S2_m1
14057 14 -1.5 0 S2_m1
14060 14 -1.5 0 S2_m1
14061 14 -1.5 0 S2_m1
14062 14 -1.5 0 S2_m1
14037 15 -1.5 57.3109862832748 S2_m1
14038 15 -1.5 158.494686065147 S2_m1
14039 15 -1.5 91.7908985296593 S2_m1
14042 15 -1.5 0 S2_m1
14043 15 -1.5 627.7091004711 S2_m1
14046 15 -1.5 224.084937729842 S2_m1
14047 15 -1.5 8.00028395685951 S2_m1
14049 15 -1.5 50.4945140382344 S2_m1
14053 15 -1.5 170.117386338543 S2_m1
14054 15 -1.5 0 S2_m1
14055 15 -1.5 95.3889204297964 S2_m1
14057 15 -1.5 8.79660338180601 S2_m1
14060 15 -1.5 112.777459056475 S2_m1
14061 15 -1.5 150.924108849604 S2_m1
14062 15 -1.5 159.794646944411 S2_m1
14037 16 -1.5 10.967795862502 S2_m1
14038 16 -1.5 146.50257598915 S2_m1
14039 16 -1.5 80.492560313322 S2_m1
14042 16 -1.5 0 S2_m1
14043 16 -1.5 587.380448216288 S2_m1
14046 16 -1.5 194.853542450328 S2_m1
14047 16 -1.5 1.57873141497049 S2_m1
14049 16 -1.5 32.0675371059984 S2_m1
14053 16 -1.5 143.923488916981 S2_m1
14054 16 -1.5 0 S2_m1
14055 16 -1.5 89.5995219327609 S2_m1
14057 16 -1.5 6.53043295400326 S2_m1
14060 16 -1.5 116.862187678476 S2_m1
14061 16 -1.5 137.93755264882 S2_m1
14062 16 -1.5 133.047975134016 S2_m1
14037 17 -1.5 0 S2_m1
14038 17 -1.5 12.8522589700523 S2_m1
14039 17 -1.5 0 S2_m1
14042 17 -1.5 0 S2_m1
14043 17 -1.5 156.724213370676 S2_m1
14046 17 -1.5 0 S2_m1
14047 17 -1.5 0 S2_m1
14049 17 -1.5 0 S2_m1
14053 17 -1.5 0 S2_m1
14054 17 -1.5 0 S2_m1
14055 17 -1.5 0 S2_m1
14057 17 -1.5 0 S2_m1
14060 17 -1.5 0 S2_m1
14061 17 -1.5 2.79998102472597 S2_m1
14062 17 -1.5 0 S2_m1
14037 18 -1.5 0 S2_m1
14038 18 -1.5 96.6201004152281 S2_m1
14039 18 -1.5 19.8852048794348 S2_m1
14042 18 -1.5 0 S2_m1
14043 18 -1.5 472.515778722743 S2_m1
14046 18 -1.5 119.7293695311 S2_m1
14047 18 -1.5 0 S2_m1
14049 18 -1.5 0 S2_m1
14053 18 -1.5 76.5270902378075 S2_m1
14054 18 -1.5 0 S2_m1
14055 18 -1.5 41.8433806754169 S2_m1
14057 18 -1.5 0 S2_m1
14060 18 -1.5 69.9393378091843 S2_m1
14061 18 -1.5 78.183675099394 S2_m1
14062 18 -1.5 61.5756488665094 S2_m1
14037 19 -1.5 2.33083279430084 S2_m1
14038 19 -1.5 109.347330768317 S2_m1
14039 19 -1.5 25.1788234754118 S2_m1
14042 19 -1.5 0 S2_m1
14043 19 -1.5 496.425211866719 S2_m1
14046 19 -1.5 146.653622009014 S2_m1
14047 19 -1.5 0 S2_m1
14049 19 -1.5 2.70894621294046 S2_m1
14053 19 -1.5 105.072492671343 S2_m1
14054 19 -1.5 0 S2_m1
14055 19 -1.5 47.8816395599141 S2_m1
14057 19 -1.5 0 S2_m1
14060 19 -1.5 56.5372518412054 S2_m1
14061 19 -1.5 86.4753122676979 S2_m1
14062 19 -1.5 96.8129356671365 S2_m1
14037 20 -1.5 31.7740872068135 S2_m1
14038 20 -1.5 159.020722952858 S2_m1
14039 20 -1.5 95.7936809475715 S2_m1
14042 20 -1.5 0 S2_m1
14043 20 -1.5 621.097631013498 S2_m1
14046 20 -1.5 217.563678128383 S2_m1
14047 20 -1.5 4.66839619527154 S2_m1
14049 20 -1.5 48.7672551242328 S2_m1
14053 20 -1.5 163.371376217361 S2_m1
14054 20 -1.5 0 S2_m1
14055 20 -1.5 100.138085652347 S2_m1
14057 20 -1.5 11.7677106142078 S2_m1
14060 20 -1.5 125.371391422588 S2_m1
14061 20 -1.5 152.489296754719 S2_m1
14062 20 -1.5 152.083426614308 S2_m1
14037 21 -1.5 1.67517334326769 S2_m1
14038 21 -1.5 102.242347315991 S2_m1
14039 21 -1.5 17.8022816837138 S2_m1
14042 21 -1.5 0 S2_m1
14043 21 -1.5 486.637650021858 S2_m1
14046 21 -1.5 138.389383715291 S2_m1
14047 21 -1.5 0 S2_m1
14049 21 -1.5 1.52931476730503 S2_m1
14053 21 -1.5 96.8307198175062 S2_m1
14054 21 -1.5 0 S2_m1
14055 21 -1.5 40.9796561890508 S2_m1
14057 21 -1.5 0 S2_m1
14060 21 -1.5 50.026035446509 S2_m1
14061 21 -1.5 78.3492592014265 S2_m1
14062 21 -1.5 88.5730820085901 S2_m1
14037 22 -1.5 8.45520088963856 S2_m1
14038 22 -1.5 135.350699052392 S2_m1
14039 22 -1.5 70.4535761477341 S2_m1
14042 22 -1.5 0 S2_m1
14043 22 -1.5 580.895803010466 S2_m1
14046 22 -1.5 183.359271991901 S2_m1
14047 22 -1.5 0 S2_m1
14049 22 -1.5 20.3320238961464 S2_m1
14053 22 -1.5 131.896910316772 S2_m1
14054 22 -1.5 0 S2_m1
14055 22 -1.5 80.3410741935495 S2_m1
14057 22 -1.5 3.24836116213933 S2_m1
14060 22 -1.5 108.201829836903 S2_m1
14061 22 -1.5 127.185840698872 S2_m1
14062 22 -1.5 122.949735382318 S2_m1
14037 23 -1.5 0 S2_m1
14038 23 -1.5 81.3457020257975 S2_m1
14039 23 -1.5 0 S2_m1
14042 23 -1.5 0 S2_m1
14043 23 -1.5 401.170281788624 S2_m1
14046 23 -1.5 72.8233624698197 S2_m1
14047 23 -1.5 0 S2_m1
14049 23 -1.5 0 S2_m1
14053 23 -1.5 71.4374976842245 S2_m1
14054 23 -1.5 0 S2_m1
14055 23 -1.5 5.31212354295882 S2_m1
14057 23 -1.5 0 S2_m1
14060 23 -1.5 6.33950382679098 S2_m1
14061 23 -1.5 58.2681958309835 S2_m1
14062 23 -1.5 42.8765886601459 S2_m1
14037 24 -1.5 4.05060081387235 S2_m1
14038 24 -1.5 114.642360852711 S2_m1
14039 24 -1.5 39.4659306955389 S2_m1
14042 24 -1.5 0 S2_m1
14043 24 -1.5 525.977178817816 S2_m1
14046 24 -1.5 161.211249388607 S2_m1
14047 24 -1.5 0 S2_m1
14049 24 -1.5 5.81489884619198 S2_m1
14053 24 -1.5 112.329905343361 S2_m1
14054 24 -1.5 0 S2_m1
14055 24 -1.5 56.9480765237482 S2_m1
14057 24 -1.5 0 S2_m1
14060 24 -1.5 69.9954620206472 S2_m1
14061 24 -1.5 94.0425338208913 S2_m1
14062 24 -1.5 105.854907671641 S2_m1
14037 25 -1.5 0 S2_m1
14038 25 -1.5 0 S2_m1
14039 25 -1.5 0 S2_m1
14042 25 -1.5 0 S2_m1
14043 25 -1.5 0 S2_m1
14046 25 -1.5 0 S2_m1
14047 25 -1.5 0 S2_m1
14049 25 -1.5 0 S2_m1
14053 25 -1.5 0 S2_m1
14054 25 -1.5 0 S2_m1
14055 25 -1.5 0 S2_m1
14057 25 -1.5 0 S2_m1
14060 25 -1.5 0 S2_m1
14061 25 -1.5 0 S2_m1
14062 25 -1.5 0 S2_m1
14037 26 -1.5 13.10332706043 S2_m1
14038 26 -1.5 144.673538248733 S2_m1
14039 26 -1.5 79.8534892743892 S2_m1
14042 26 -1.5 0 S2_m1
14043 26 -1.5 595.638087135524 S2_m1
14046 26 -1.5 195.887011530253 S2_m1
14047 26 -1.5 1.44651568904096 S2_m1
14049 26 -1.5 30.9604609938463 S2_m1
14053 26 -1.5 143.450453720251 S2_m1
14054 26 -1.5 0 S2_m1
14055 26 -1.5 88.306954825142 S2_m1
14057 26 -1.5 5.54618177941956 S2_m1
14060 26 -1.5 115.17323914017 S2_m1
14061 26 -1.5 136.288610621505 S2_m1
14062 26 -1.5 133.650941144442 S2_m1
14037 27 -1.5 0 S2_m1
14038 27 -1.5 0 S2_m1
14039 27 -1.5 0 S2_m1
14042 27 -1.5 0 S2_m1
14043 27 -1.5 0 S2_m1
14046 27 -1.5 0 S2_m1
14047 27 -1.5 0 S2_m1
14049 27 -1.5 0 S2_m1
14053 27 -1.5 0 S2_m1
14054 27 -1.5 0 S2_m1
14055 27 -1.5 0 S2_m1
14057 27 -1.5 0 S2_m1
14060 27 -1.5 0 S2_m1
14061 27 -1.5 0 S2_m1
14062 27 -1.5 0 S2_m1
14037 28 -1.5 25.1170415858771 S2_m1
14038 28 -1.5 153.82056812538 S2_m1
14039 28 -1.5 91.9777426198515 S2_m1
14042 28 -1.5 0 S2_m1
14043 28 -1.5 622.309955472825 S2_m1
14046 28 -1.5 208.593490530218 S2_m1
14047 28 -1.5 2.65511639328164 S2_m1
14049 28 -1.5 41.0256565256007 S2_m1
14053 28 -1.5 155.238435631936 S2_m1
14054 28 -1.5 0 S2_m1
14055 28 -1.5 96.7668782216058 S2_m1
14057 28 -1.5 11.3222897474229 S2_m1
14060 28 -1.5 126.842844459261 S2_m1
14061 28 -1.5 151.135577546597 S2_m1
14062 28 -1.5 144.758775865779 S2_m1
14037 29 -1.5 0 S2_m1
14038 29 -1.5 19.3594943465297 S2_m1
14039 29 -1.5 0 S2_m1
14042 29 -1.5 0 S2_m1
14043 29 -1.5 220.730181599989 S2_m1
14046 29 -1.5 0 S2_m1
14047 29 -1.5 0 S2_m1
14049 29 -1.5 0 S2_m1
14053 29 -1.5 1.72306438010885 S2_m1
14054 29 -1.5 0 S2_m1
14055 29 -1.5 0 S2_m1
14057 29 -1.5 0 S2_m1
14060 29 -1.5 0 S2_m1
14061 29 -1.5 1.97658967809911 S2_m1
14062 29 -1.5 0 S2_m1
14037 30 -1.5 0 S2_m1
14038 30 -1.5 0 S2_m1
14039 30 -1.5 0 S2_m1
14042 30 -1.5 0 S2_m1
14043 30 -1.5 0 S2_m1
14046 30 -1.5 0 S2_m1
14047 30 -1.5 0 S2_m1
14049 30 -1.5 0 S2_m1
14053 30 -1.5 0 S2_m1
14054 30 -1.5 0 S2_m1
14055 30 -1.5 0 S2_m1
14057 30 -1.5 0 S2_m1
14060 30 -1.5 0 S2_m1
14061 30 -1.5 0 S2_m1
14062 30 -1.5 0 S2_m1
14037 31 -1.5 0 S2_m1
14038 31 -1.5 0 S2_m1
14039 31 -1.5 0 S2_m1
14042 31 -1.5 0 S2_m1
14043 31 -1.5 21.4847137460176 S2_m1
14046 31 -1.5 0 S2_m1
14047 31 -1.5 0 S2_m1
14049 31 -1.5 0 S2_m1
14053 31 -1.5 0 S2_m1
14054 31 -1.5 0 S2_m1
14055 31 -1.5 0 S2_m1
14057 31 -1.5 0 S2_m1
14060 31 -1.5 0 S2_m1
14061 31 -1.5 0 S2_m1
14062 31 -1.5 0 S2_m1
14037 1 -3 0 S2_m1
14038 1 -3 7.82247178185895 S2_m1
14039 1 -3 0 S2_m1
14042 1 -3 0 S2_m1
14043 1 -3 268.556243352192 S2_m1
14046 1 -3 2.84758991847509 S2_m1
14047 1 -3 0 S2_m1
14049 1 -3 0 S2_m1
14053 1 -3 0 S2_m1
14054 1 -3 0 S2_m1
14055 1 -3 0 S2_m1
14057 1 -3 0 S2_m1
14060 1 -3 1.35054447482364 S2_m1
14061 1 -3 2.08156367928704 S2_m1
14062 1 -3 0 S2_m1
14037 2 -3 0 S2_m1
14038 2 -3 0 S2_m1
14039 2 -3 0 S2_m1
14042 2 -3 0 S2_m1
14043 2 -3 0 S2_m1
14046 2 -3 0 S2_m1
14047 2 -3 0 S2_m1
14049 2 -3 0 S2_m1
14053 2 -3 0 S2_m1
14054 2 -3 0 S2_m1
14055 2 -3 0 S2_m1
14057 2 -3 0 S2_m1
14060 2 -3 0 S2_m1
14061 2 -3 0 S2_m1
14062 2 -3 0 S2_m1
14037 3 -3 0 S2_m1
14038 3 -3 0 S2_m1
14039 3 -3 0 S2_m1
14042 3 -3 0 S2_m1
14043 3 -3 0 S2_m1
14046 3 -3 0 S2_m1
14047 3 -3 0 S2_m1
14049 3 -3 0 S2_m1
14053 3 -3 0 S2_m1
14054 3 -3 0 S2_m1
14055 3 -3 0 S2_m1
14057 3 -3 0 S2_m1
14060 3 -3 0 S2_m1
14061 3 -3 0 S2_m1
14062 3 -3 0 S2_m1
14037 4 -3 0 S2_m1
14038 4 -3 0 S2_m1
14039 4 -3 0 S2_m1
14042 4 -3 0 S2_m1
14043 4 -3 195.417781599047 S2_m1
14046 4 -3 0 S2_m1
14047 4 -3 0 S2_m1
14049 4 -3 0 S2_m1
14053 4 -3 0 S2_m1
14054 4 -3 0 S2_m1
14055 4 -3 0 S2_m1
14057 4 -3 0 S2_m1
14060 4 -3 0 S2_m1
14061 4 -3 0 S2_m1
14062 4 -3 0 S2_m1
14037 5 -3 0 S2_m1
14038 5 -3 0 S2_m1
14039 5 -3 0 S2_m1
14042 5 -3 0 S2_m1
14043 5 -3 0 S2_m1
14046 5 -3 0 S2_m1
14047 5 -3 0 S2_m1
14049 5 -3 0 S2_m1
14053 5 -3 0 S2_m1
14054 5 -3 0 S2_m1
14055 5 -3 0 S2_m1
14057 5 -3 0 S2_m1
14060 5 -3 0 S2_m1
14061 5 -3 0 S2_m1
14062 5 -3 0 S2_m1
14037 6 -3 0 S2_m1
14038 6 -3 33.5568994808956 S2_m1
14039 6 -3 0 S2_m1
14042 6 -3 0 S2_m1
14043 6 -3 276.238482202487 S2_m1
14046 6 -3 0 S2_m1
14047 6 -3 0 S2_m1
14049 6 -3 0 S2_m1
14053 6 -3 6.51108081796728 S2_m1
14054 6 -3 0 S2_m1
14055 6 -3 0 S2_m1
14057 6 -3 0 S2_m1
14060 6 -3 0 S2_m1
14061 6 -3 18.2875340066603 S2_m1
14062 6 -3 0 S2_m1
14037 7 -3 0 S2_m1
14038 7 -3 0 S2_m1
14039 7 -3 0 S2_m1
14042 7 -3 0 S2_m1
14043 7 -3 0 S2_m1
14046 7 -3 0 S2_m1
14047 7 -3 0 S2_m1
14049 7 -3 0 S2_m1
14053 7 -3 0 S2_m1
14054 7 -3 0 S2_m1
14055 7 -3 0 S2_m1
14057 7 -3 0 S2_m1
14060 7 -3 0 S2_m1
14061 7 -3 0 S2_m1
14062 7 -3 0 S2_m1
14037 8 -3 0 S2_m1
14038 8 -3 48.801978565576 S2_m1
14039 8 -3 4.61514355330203 S2_m1
14042 8 -3 0 S2_m1
14043 8 -3 368.900819451745 S2_m1
14046 8 -3 54.4606463716258 S2_m1
14047 8 -3 0 S2_m1
14049 8 -3 0 S2_m1
14053 8 -3 21.9796960053819 S2_m1
14054 8 -3 0 S2_m1
14055 8 -3 4.21178114723128 S2_m1
14057 8 -3 0 S2_m1
14060 8 -3 14.0288712041665 S2_m1
14061 8 -3 32.245479547001 S2_m1
14062 8 -3 10.2442254654967 S2_m1
14037 9 -3 0 S2_m1
14038 9 -3 2.70935946018927 S2_m1
14039 9 -3 0 S2_m1
14042 9 -3 0 S2_m1
14043 9 -3 194.679692489563 S2_m1
14046 9 -3 0 S2_m1
14047 9 -3 0 S2_m1
14049 9 -3 0 S2_m1
14053 9 -3 0 S2_m1
14054 9 -3 0 S2_m1
14055 9 -3 0 S2_m1
14057 9 -3 0 S2_m1
14060 9 -3 0 S2_m1
14061 9 -3 0 S2_m1
14062 9 -3 0 S2_m1
14037 10 -3 0 S2_m1
14038 10 -3 40.6527262610248 S2_m1
14039 10 -3 1.93163986063302 S2_m1
14042 10 -3 0 S2_m1
14043 10 -3 355.476784093924 S2_m1
14046 10 -3 45.0945479067822 S2_m1
14047 10 -3 0 S2_m1
14049 10 -3 0 S2_m1
14053 10 -3 14.5407473224035 S2_m1
14054 10 -3 0 S2_m1
14055 10 -3 1.79379926879658 S2_m1
14057 10 -3 0 S2_m1
14060 10 -3 6.3804507253663 S2_m1
14061 10 -3 21.8544442813105 S2_m1
14062 10 -3 7.12825600827034 S2_m1
14037 11 -3 0 S2_m1
14038 11 -3 0 S2_m1
14039 11 -3 0 S2_m1
14042 11 -3 0 S2_m1
14043 11 -3 87.993072403425 S2_m1
14046 11 -3 0 S2_m1
14047 11 -3 0 S2_m1
14049 11 -3 0 S2_m1
14053 11 -3 0 S2_m1
14054 11 -3 0 S2_m1
14055 11 -3 0 S2_m1
14057 11 -3 0 S2_m1
14060 11 -3 0 S2_m1
14061 11 -3 0 S2_m1
14062 11 -3 0 S2_m1
14037 12 -3 0 S2_m1
14038 12 -3 0 S2_m1
14039 12 -3 0 S2_m1
14042 12 -3 0 S2_m1
14043 12 -3 96.0565309494244 S2_m1
14046 12 -3 0 S2_m1
14047 12 -3 0 S2_m1
14049 12 -3 0 S2_m1
14053 12 -3 0 S2_m1
14054 12 -3 0 S2_m1
14055 12 -3 0 S2_m1
14057 12 -3 0 S2_m1
14060 12 -3 0 S2_m1
14061 12 -3 0 S2_m1
14062 12 -3 0 S2_m1
14037 13 -3 0 S2_m1
14038 13 -3 0 S2_m1
14039 13 -3 0 S2_m1
14042 13 -3 0 S2_m1
14043 13 -3 62.1811817115787 S2_m1
14046 13 -3 0 S2_m1
14047 13 -3 0 S2_m1
14049 13 -3 0 S2_m1
14053 13 -3 0 S2_m1
14054 13 -3 0 S2_m1
14055 13 -3 0 S2_m1
14057 13 -3 0 S2_m1
14060 13 -3 0 S2_m1
14061 13 -3 0 S2_m1
14062 13 -3 0 S2_m1
14037 14 -3 0 S2_m1
14038 14 -3 0 S2_m1
14039 14 -3 0 S2_m1
14042 14 -3 0 S2_m1
14043 14 -3 0 S2_m1
14046 14 -3 0 S2_m1
14047 14 -3 0 S2_m1
14049 14 -3 0 S2_m1
14053 14 -3 0 S2_m1
14054 14 -3 0 S2_m1
14055 14 -3 0 S2_m1
14057 14 -3 0 S2_m1
14060 14 -3 0 S2_m1
14061 14 -3 0 S2_m1
14062 14 -3 0 S2_m1
14037 15 -3 6.8936586675856 S2_m1
14038 15 -3 116.601005713646 S2_m1
14039 15 -3 82.8381434868309 S2_m1
14042 15 -3 14.4304499400324 S2_m1
14043 15 -3 578.50622302387 S2_m1
14046 15 -3 159.6813634638 S2_m1
14047 15 -3 0 S2_m1
14049 15 -3 25.5405995175101 S2_m1
14053 15 -3 114.454904858021 S2_m1
14054 15 -3 5.23154954792812 S2_m1
14055 15 -3 62.0231148845233 S2_m1
14057 15 -3 0 S2_m1
14060 15 -3 77.103544848924 S2_m1
14061 15 -3 119.739917451693 S2_m1
14062 15 -3 112.799623387855 S2_m1
14037 16 -3 0 S2_m1
14038 16 -3 74.9203289603398 S2_m1
14039 16 -3 34.5145946696575 S2_m1
14042 16 -3 0 S2_m1
14043 16 -3 444.859464182954 S2_m1
14046 16 -3 89.6370061729485 S2_m1
14047 16 -3 0 S2_m1
14049 16 -3 1.11010869109092 S2_m1
14053 16 -3 54.5724950928339 S2_m1
14054 16 -3 0 S2_m1
14055 16 -3 26.2680422854657 S2_m1
14057 16 -3 0 S2_m1
14060 16 -3 51.3812137744286 S2_m1
14061 16 -3 70.7438462788476 S2_m1
14062 16 -3 41.4386392953894 S2_m1
14037 17 -3 0 S2_m1
14038 17 -3 2.28858182044027 S2_m1
14039 17 -3 0 S2_m1
14042 17 -3 0 S2_m1
14043 17 -3 147.988351019895 S2_m1
14046 17 -3 0 S2_m1
14047 17 -3 0 S2_m1
14049 17 -3 0 S2_m1
14053 17 -3 0 S2_m1
14054 17 -3 0 S2_m1
14055 17 -3 0 S2_m1
14057 17 -3 0 S2_m1
14060 17 -3 0 S2_m1
14061 17 -3 1.13199591252226 S2_m1
14062 17 -3 0 S2_m1
14037 18 -3 0 S2_m1
14038 18 -3 1.55649173892142 S2_m1
14039 18 -3 0 S2_m1
14042 18 -3 0 S2_m1
14043 18 -3 217.587568638375 S2_m1
14046 18 -3 0 S2_m1
14047 18 -3 0 S2_m1
14049 18 -3 0 S2_m1
14053 18 -3 0 S2_m1
14054 18 -3 0 S2_m1
14055 18 -3 0 S2_m1
14057 18 -3 0 S2_m1
14060 18 -3 0 S2_m1
14061 18 -3 0 S2_m1
14062 18 -3 0 S2_m1
14037 19 -3 0 S2_m1
14038 19 -3 38.4177230234191 S2_m1
14039 19 -3 1.00457439567591 S2_m1
14042 19 -3 0 S2_m1
14043 19 -3 344.548882773217 S2_m1
14046 19 -3 38.3703971514951 S2_m1
14047 19 -3 0 S2_m1
14049 19 -3 0 S2_m1
14053 19 -3 12.728883452239 S2_m1
14054 19 -3 0 S2_m1
14055 19 -3 1.05670946183505 S2_m1
14057 19 -3 0 S2_m1
14060 19 -3 3.09421268196929 S2_m1
14061 19 -3 18.0462376821507 S2_m1
14062 19 -3 5.62842163837297 S2_m1
14037 20 -3 1.24487979136761 S2_m1
14038 20 -3 103.315223071538 S2_m1
14039 20 -3 70.6678296778074 S2_m1
14042 20 -3 2.53721231420499 S2_m1
14043 20 -3 530.943303713328 S2_m1
14046 20 -3 134.252758099741 S2_m1
14047 20 -3 0 S2_m1
14049 20 -3 11.9597089298434 S2_m1
14053 20 -3 91.97838156458 S2_m1
14054 20 -3 3.0143715960037 S2_m1
14055 20 -3 54.125598778435 S2_m1
14057 20 -3 0 S2_m1
14060 20 -3 75.7983473104624 S2_m1
14061 20 -3 104.948201376798 S2_m1
14062 20 -3 89.1022091723988 S2_m1
14037 21 -3 0 S2_m1
14038 21 -3 22.7722112436472 S2_m1
14039 21 -3 0 S2_m1
14042 21 -3 0 S2_m1
14043 21 -3 309.074364097823 S2_m1
14046 21 -3 16.6559815457363 S2_m1
14047 21 -3 0 S2_m1
14049 21 -3 0 S2_m1
14053 21 -3 3.34394010008628 S2_m1
14054 21 -3 0 S2_m1
14055 21 -3 0 S2_m1
14057 21 -3 0 S2_m1
14060 21 -3 0 S2_m1
14061 21 -3 5.72268876963846 S2_m1
14062 21 -3 1.76246534761862 S2_m1
14037 22 -3 0 S2_m1
14038 22 -3 45.2691234184781 S2_m1
14039 22 -3 5.70898596465961 S2_m1
14042 22 -3 0 S2_m1
14043 22 -3 371.917770292787 S2_m1
14046 22 -3 48.5394939073989 S2_m1
14047 22 -3 0 S2_m1
14049 22 -3 0 S2_m1
14053 22 -3 16.9496783971222 S2_m1
14054 22 -3 0 S2_m1
14055 22 -3 4.06414872068024 S2_m1
14057 22 -3 0 S2_m1
14060 22 -3 23.1273640627041 S2_m1
14061 22 -3 36.3399685131786 S2_m1
14062 22 -3 8.73953702008313 S2_m1
14037 23 -3 0 S2_m1
14038 23 -3 23.2744965932851 S2_m1
14039 23 -3 0 S2_m1
14042 23 -3 0 S2_m1
14043 23 -3 289.857350181235 S2_m1
14046 23 -3 3.32423222827091 S2_m1
14047 23 -3 0 S2_m1
14049 23 -3 0 S2_m1
14053 23 -3 3.61646540517576 S2_m1
14054 23 -3 0 S2_m1
14055 23 -3 0 S2_m1
14057 23 -3 0 S2_m1
14060 23 -3 0 S2_m1
14061 23 -3 6.5277797561959 S2_m1
14062 23 -3 0 S2_m1
14037 24 -3 0 S2_m1
14038 24 -3 33.4447845853217 S2_m1
14039 24 -3 1.05426826957649 S2_m1
14042 24 -3 0 S2_m1
14043 24 -3 340.345658200389 S2_m1
14046 24 -3 35.3254592336253 S2_m1
14047 24 -3 0 S2_m1
14049 24 -3 0 S2_m1
14053 24 -3 8.70101700334732 S2_m1
14054 24 -3 0 S2_m1
14055 24 -3 0 S2_m1
14057 24 -3 0 S2_m1
14060 24 -3 3.84781936420631 S2_m1
14061 24 -3 14.4556513849462 S2_m1
14062 24 -3 4.5187391622681 S2_m1
14037 25 -3 0 S2_m1
14038 25 -3 0 S2_m1
14039 25 -3 0 S2_m1
14042 25 -3 0 S2_m1
14043 25 -3 0 S2_m1
14046 25 -3 0 S2_m1
14047 25 -3 0 S2_m1
14049 25 -3 0 S2_m1
14053 25 -3 0 S2_m1
14054 25 -3 0 S2_m1
14055 25 -3 0 S2_m1
14057 25 -3 0 S2_m1
14060 25 -3 0 S2_m1
14061 25 -3 0 S2_m1
14062 25 -3 0 S2_m1
14037 26 -3 0 S2_m1
14038 26 -3 66.161896529631 S2_m1
14039 26 -3 24.577309695531 S2_m1
14042 26 -3 0 S2_m1
14043 26 -3 427.343848860247 S2_m1
14046 26 -3 79.4454091988202 S2_m1
14047 26 -3 0 S2_m1
14049 26 -3 0 S2_m1
14053 26 -3 44.7137066868444 S2_m1
14054 26 -3 0 S2_m1
14055 26 -3 17.6729781396946 S2_m1
14057 26 -3 0 S2_m1
14060 26 -3 43.1219226232273 S2_m1
14061 26 -3 60.4650445921499 S2_m1
14062 26 -3 31.2575476380896 S2_m1
14037 27 -3 0 S2_m1
14038 27 -3 0 S2_m1
14039 27 -3 0 S2_m1
14042 27 -3 0 S2_m1
14043 27 -3 0 S2_m1
14046 27 -3 0 S2_m1
14047 27 -3 0 S2_m1
14049 27 -3 0 S2_m1
14053 27 -3 0 S2_m1
14054 27 -3 0 S2_m1
14055 27 -3 0 S2_m1
14057 27 -3 0 S2_m1
14060 27 -3 0 S2_m1
14061 27 -3 0 S2_m1
14062 27 -3 0 S2_m1
14037 28 -3 0 S2_m1
14038 28 -3 78.0414103649314 S2_m1
14039 28 -3 41.5162425902983 S2_m1
14042 28 -3 0 S2_m1
14043 28 -3 463.683574564868 S2_m1
14046 28 -3 96.5518417284744 S2_m1
14047 28 -3 0 S2_m1
14049 28 -3 1.50860248284278 S2_m1
14053 28 -3 59.9240909793016 S2_m1
14054 28 -3 0 S2_m1
14055 28 -3 30.6389131546748 S2_m1
14057 28 -3 0 S2_m1
14060 28 -3 57.6513848765144 S2_m1
14061 28 -3 77.8960279586291 S2_m1
14062 28 -3 51.4984205131402 S2_m1
14037 29 -3 0 S2_m1
14038 29 -3 0 S2_m1
14039 29 -3 0 S2_m1
14042 29 -3 0 S2_m1
14043 29 -3 115.679004347468 S2_m1
14046 29 -3 0 S2_m1
14047 29 -3 0 S2_m1
14049 29 -3 0 S2_m1
14053 29 -3 0 S2_m1
14054 29 -3 0 S2_m1
14055 29 -3 0 S2_m1
14057 29 -3 0 S2_m1
14060 29 -3 0 S2_m1
14061 29 -3 0 S2_m1
14062 29 -3 0 S2_m1
14037 30 -3 0 S2_m1
14038 30 -3 0 S2_m1
14039 30 -3 0 S2_m1
14042 30 -3 0 S2_m1
14043 30 -3 0 S2_m1
14046 30 -3 0 S2_m1
14047 30 -3 0 S2_m1
14049 30 -3 0 S2_m1
14053 30 -3 0 S2_m1
14054 30 -3 0 S2_m1
14055 30 -3 0 S2_m1
14057 30 -3 0 S2_m1
14060 30 -3 0 S2_m1
14061 30 -3 0 S2_m1
14062 30 -3 0 S2_m1
14037 31 -3 0 S2_m1
14038 31 -3 0 S2_m1
14039 31 -3 0 S2_m1
14042 31 -3 0 S2_m1
14043 31 -3 3.20999219783446 S2_m1
14046 31 -3 0 S2_m1
14047 31 -3 0 S2_m1
14049 31 -3 0 S2_m1
14053 31 -3 0 S2_m1
14054 31 -3 0 S2_m1
14055 31 -3 0 S2_m1
14057 31 -3 0 S2_m1
14060 31 -3 0 S2_m1
14061 31 -3 0 S2_m1
14062 31 -3 0 S2_m1
14037 1 -5 0 S2_m1
14038 1 -5 0 S2_m1
14039 1 -5 0 S2_m1
14042 1 -5 0 S2_m1
14043 1 -5 27.5140715323054 S2_m1
14046 1 -5 0 S2_m1
14047 1 -5 0 S2_m1
14049 1 -5 0 S2_m1
14053 1 -5 0 S2_m1
14054 1 -5 0 S2_m1
14055 1 -5 0 S2_m1
14057 1 -5 0 S2_m1
14060 1 -5 0 S2_m1
14061 1 -5 0 S2_m1
14062 1 -5 0 S2_m1
14037 2 -5 0 S2_m1
14038 2 -5 0 S2_m1
14039 2 -5 0 S2_m1
14042 2 -5 0 S2_m1
14043 2 -5 0 S2_m1
14046 2 -5 0 S2_m1
14047 2 -5 0 S2_m1
14049 2 -5 0 S2_m1
14053 2 -5 0 S2_m1
14054 2 -5 0 S2_m1
14055 2 -5 0 S2_m1
14057 2 -5 0 S2_m1
14060 2 -5 0 S2_m1
14061 2 -5 0 S2_m1
14062 2 -5 0 S2_m1
14037 3 -5 0 S2_m1
14038 3 -5 0 S2_m1
14039 3 -5 0 S2_m1
14042 3 -5 0 S2_m1
14043 3 -5 0 S2_m1
14046 3 -5 0 S2_m1
14047 3 -5 0 S2_m1
14049 3 -5 0 S2_m1
14053 3 -5 0 S2_m1
14054 3 -5 0 S2_m1
14055 3 -5 0 S2_m1
14057 3 -5 0 S2_m1
14060 3 -5 0 S2_m1
14061 3 -5 0 S2_m1
14062 3 -5 0 S2_m1
14037 4 -5 0 S2_m1
14038 4 -5 0 S2_m1
14039 4 -5 0 S2_m1
14042 4 -5 0 S2_m1
14043 4 -5 24.496083464338 S2_m1
14046 4 -5 0 S2_m1
14047 4 -5 0 S2_m1
14049 4 -5 0 S2_m1
14053 4 -5 0 S2_m1
14054 4 -5 0 S2_m1
14055 4 -5 0 S2_m1
14057 4 -5 0 S2_m1
14060 4 -5 0 S2_m1
14061 4 -5 0 S2_m1
14062 4 -5 0 S2_m1
14037 5 -5 0 S2_m1
14038 5 -5 0 S2_m1
14039 5 -5 0 S2_m1
14042 5 -5 0 S2_m1
14043 5 -5 0 S2_m1
14046 5 -5 0 S2_m1
14047 5 -5 0 S2_m1
14049 5 -5 0 S2_m1
14053 5 -5 0 S2_m1
14054 5 -5 0 S2_m1
14055 5 -5 0 S2_m1
14057 5 -5 0 S2_m1
14060 5 -5 0 S2_m1
14061 5 -5 0 S2_m1
14062 5 -5 0 S2_m1
14037 6 -5 0 S2_m1
14038 6 -5 2.26836967867683 S2_m1
14039 6 -5 0 S2_m1
14042 6 -5 0 S2_m1
14043 6 -5 181.638430115333 S2_m1
14046 6 -5 0 S2_m1
14047 6 -5 0 S2_m1
14049 6 -5 0 S2_m1
14053 6 -5 0 S2_m1
14054 6 -5 0 S2_m1
14055 6 -5 0 S2_m1
14057 6 -5 0 S2_m1
14060 6 -5 0 S2_m1
14061 6 -5 0 S2_m1
14062 6 -5 0 S2_m1
14037 7 -5 0 S2_m1
14038 7 -5 0 S2_m1
14039 7 -5 0 S2_m1
14042 7 -5 0 S2_m1
14043 7 -5 0 S2_m1
14046 7 -5 0 S2_m1
14047 7 -5 0 S2_m1
14049 7 -5 0 S2_m1
14053 7 -5 0 S2_m1
14054 7 -5 0 S2_m1
14055 7 -5 0 S2_m1
14057 7 -5 0 S2_m1
14060 7 -5 0 S2_m1
14061 7 -5 0 S2_m1
14062 7 -5 0 S2_m1
14037 8 -5 0 S2_m1
14038 8 -5 0 S2_m1
14039 8 -5 0 S2_m1
14042 8 -5 0 S2_m1
14043 8 -5 158.141116247696 S2_m1
14046 8 -5 0 S2_m1
14047 8 -5 0 S2_m1
14049 8 -5 0 S2_m1
14053 8 -5 0 S2_m1
14054 8 -5 0 S2_m1
14055 8 -5 0 S2_m1
14057 8 -5 0 S2_m1
14060 8 -5 0 S2_m1
14061 8 -5 0 S2_m1
14062 8 -5 0 S2_m1
14037 9 -5 0 S2_m1
14038 9 -5 0 S2_m1
14039 9 -5 0 S2_m1
14042 9 -5 0 S2_m1
14043 9 -5 71.7428535522405 S2_m1
14046 9 -5 0 S2_m1
14047 9 -5 0 S2_m1
14049 9 -5 0 S2_m1
14053 9 -5 0 S2_m1
14054 9 -5 0 S2_m1
14055 9 -5 0 S2_m1
14057 9 -5 0 S2_m1
14060 9 -5 0 S2_m1
14061 9 -5 0 S2_m1
14062 9 -5 0 S2_m1
14037 10 -5 0 S2_m1
14038 10 -5 0 S2_m1
14039 10 -5 0 S2_m1
14042 10 -5 0 S2_m1
14043 10 -5 137.309521547848 S2_m1
14046 10 -5 0 S2_m1
14047 10 -5 0 S2_m1
14049 10 -5 0 S2_m1
14053 10 -5 0 S2_m1
14054 10 -5 0 S2_m1
14055 10 -5 0 S2_m1
14057 10 -5 0 S2_m1
14060 10 -5 0 S2_m1
14061 10 -5 0 S2_m1
14062 10 -5 0 S2_m1
14037 11 -5 0 S2_m1
14038 11 -5 0 S2_m1
14039 11 -5 0 S2_m1
14042 11 -5 0 S2_m1
14043 11 -5 0 S2_m1
14046 11 -5 0 S2_m1
14047 11 -5 0 S2_m1
14049 11 -5 0 S2_m1
14053 11 -5 0 S2_m1
14054 11 -5 0 S2_m1
14055 11 -5 0 S2_m1
14057 11 -5 0 S2_m1
14060 11 -5 0 S2_m1
14061 11 -5 0 S2_m1
14062 11 -5 0 S2_m1
14037 12 -5 0 S2_m1
14038 12 -5 0 S2_m1
14039 12 -5 0 S2_m1
14042 12 -5 0 S2_m1
14043 12 -5 0 S2_m1
14046 12 -5 0 S2_m1
14047 12 -5 0 S2_m1
14049 12 -5 0 S2_m1
14053 12 -5 0 S2_m1
14054 12 -5 0 S2_m1
14055 12 -5 0 S2_m1
14057 12 -5 0 S2_m1
14060 12 -5 0 S2_m1
14061 12 -5 0 S2_m1
14062 12 -5 0 S2_m1
14037 13 -5 0 S2_m1
14038 13 -5 0 S2_m1
14039 13 -5 0 S2_m1
14042 13 -5 0 S2_m1
14043 13 -5 2.13106595738913 S2_m1
14046 13 -5 0 S2_m1
14047 13 -5 0 S2_m1
14049 13 -5 0 S2_m1
14053 13 -5 0 S2_m1
14054 13 -5 0 S2_m1
14055 13 -5 0 S2_m1
14057 13 -5 0 S2_m1
14060 13 -5 0 S2_m1
14061 13 -5 0 S2_m1
14062 13 -5 0 S2_m1
14037 14 -5 0 S2_m1
14038 14 -5 0 S2_m1
14039 14 -5 0 S2_m1
14042 14 -5 0 S2_m1
14043 14 -5 0 S2_m1
14046 14 -5 0 S2_m1
14047 14 -5 0 S2_m1
14049 14 -5 0 S2_m1
14053 14 -5 0 S2_m1
14054 14 -5 0 S2_m1
14055 14 -5 0 S2_m1
14057 14 -5 0 S2_m1
14060 14 -5 0 S2_m1
14061 14 -5 0 S2_m1
14062 14 -5 0 S2_m1
14037 15 -5 0 S2_m1
14038 15 -5 69.7690786507962 S2_m1
14039 15 -5 31.2409613855255 S2_m1
14042 15 -5 2.58023639926243 S2_m1
14043 15 -5 422.230790142125 S2_m1
14046 15 -5 89.1709279035023 S2_m1
14047 15 -5 0 S2_m1
14049 15 -5 1.07449619331357 S2_m1
14053 15 -5 55.4276007012193 S2_m1
14054 15 -5 35.021249478559 S2_m1
14055 15 -5 18.3396854937103 S2_m1
14057 15 -5 0 S2_m1
14060 15 -5 32.6330207742186 S2_m1
14061 15 -5 60.8153688662834 S2_m1
14062 15 -5 46.987999496908 S2_m1
14037 16 -5 0 S2_m1
14038 16 -5 4.91887706841915 S2_m1
14039 16 -5 0 S2_m1
14042 16 -5 0 S2_m1
14043 16 -5 225.403953001872 S2_m1
14046 16 -5 1.50820349085754 S2_m1
14047 16 -5 0 S2_m1
14049 16 -5 0 S2_m1
14053 16 -5 0 S2_m1
14054 16 -5 0 S2_m1
14055 16 -5 0 S2_m1
14057 16 -5 0 S2_m1
14060 16 -5 0 S2_m1
14061 16 -5 0 S2_m1
14062 16 -5 0 S2_m1
14037 17 -5 0 S2_m1
14038 17 -5 0 S2_m1
14039 17 -5 0 S2_m1
14042 17 -5 0 S2_m1
14043 17 -5 99.6604279085279 S2_m1
14046 17 -5 0 S2_m1
14047 17 -5 0 S2_m1
14049 17 -5 0 S2_m1
14053 17 -5 0 S2_m1
14054 17 -5 0 S2_m1
14055 17 -5 0 S2_m1
14057 17 -5 0 S2_m1
14060 17 -5 0 S2_m1
14061 17 -5 0 S2_m1
14062 17 -5 0 S2_m1
14037 18 -5 0 S2_m1
14038 18 -5 0 S2_m1
14039 18 -5 0 S2_m1
14042 18 -5 0 S2_m1
14043 18 -5 2.56763748851947 S2_m1
14046 18 -5 0 S2_m1
14047 18 -5 0 S2_m1
14049 18 -5 0 S2_m1
14053 18 -5 0 S2_m1
14054 18 -5 0 S2_m1
14055 18 -5 0 S2_m1
14057 18 -5 0 S2_m1
14060 18 -5 0 S2_m1
14061 18 -5 0 S2_m1
14062 18 -5 0 S2_m1
14037 19 -5 0 S2_m1
14038 19 -5 0 S2_m1
14039 19 -5 0 S2_m1
14042 19 -5 0 S2_m1
14043 19 -5 140.480162759407 S2_m1
14046 19 -5 0 S2_m1
14047 19 -5 0 S2_m1
14049 19 -5 0 S2_m1
14053 19 -5 0 S2_m1
14054 19 -5 0 S2_m1
14055 19 -5 0 S2_m1
14057 19 -5 0 S2_m1
14060 19 -5 0 S2_m1
14061 19 -5 0 S2_m1
14062 19 -5 0 S2_m1
14037 20 -5 0 S2_m1
14038 20 -5 44.2518092362916 S2_m1
14039 20 -5 6.8795497622096 S2_m1
14042 20 -5 0 S2_m1
14043 20 -5 339.468110992582 S2_m1
14046 20 -5 46.9526812064978 S2_m1
14047 20 -5 0 S2_m1
14049 20 -5 0 S2_m1
14053 20 -5 16.1403657075406 S2_m1
14054 20 -5 9.51146950957098 S2_m1
14055 20 -5 3.53989297464726 S2_m1
14057 20 -5 0 S2_m1
14060 20 -5 16.1807241794984 S2_m1
14061 20 -5 30.4066609833062 S2_m1
14062 20 -5 7.69225292709776 S2_m1
14037 21 -5 0 S2_m1
14038 21 -5 0 S2_m1
14039 21 -5 0 S2_m1
14042 21 -5 0 S2_m1
14043 21 -5 97.4375443637221 S2_m1
14046 21 -5 0 S2_m1
14047 21 -5 0 S2_m1
14049 21 -5 0 S2_m1
14053 21 -5 0 S2_m1
14054 21 -5 0 S2_m1
14055 21 -5 0 S2_m1
14057 21 -5 0 S2_m1
14060 21 -5 0 S2_m1
14061 21 -5 0 S2_m1
14062 21 -5 0 S2_m1
14037 22 -5 0 S2_m1
14038 22 -5 0 S2_m1
14039 22 -5 0 S2_m1
14042 22 -5 0 S2_m1
14043 22 -5 127.454518166904 S2_m1
14046 22 -5 0 S2_m1
14047 22 -5 0 S2_m1
14049 22 -5 0 S2_m1
14053 22 -5 0 S2_m1
14054 22 -5 0 S2_m1
14055 22 -5 0 S2_m1
14057 22 -5 0 S2_m1
14060 22 -5 0 S2_m1
14061 22 -5 0 S2_m1
14062 22 -5 0 S2_m1
14037 23 -5 0 S2_m1
14038 23 -5 0 S2_m1
14039 23 -5 0 S2_m1
14042 23 -5 0 S2_m1
14043 23 -5 126.960494740073 S2_m1
14046 23 -5 0 S2_m1
14047 23 -5 0 S2_m1
14049 23 -5 0 S2_m1
14053 23 -5 0 S2_m1
14054 23 -5 0 S2_m1
14055 23 -5 0 S2_m1
14057 23 -5 0 S2_m1
14060 23 -5 0 S2_m1
14061 23 -5 0 S2_m1
14062 23 -5 0 S2_m1
14037 24 -5 0 S2_m1
14038 24 -5 0 S2_m1
14039 24 -5 0 S2_m1
14042 24 -5 0 S2_m1
14043 24 -5 116.698929986609 S2_m1
14046 24 -5 0 S2_m1
14047 24 -5 0 S2_m1
14049 24 -5 0 S2_m1
14053 24 -5 0 S2_m1
14054 24 -5 0 S2_m1
14055 24 -5 0 S2_m1
14057 24 -5 0 S2_m1
14060 24 -5 0 S2_m1
14061 24 -5 0 S2_m1
14062 24 -5 0 S2_m1
14037 25 -5 0 S2_m1
14038 25 -5 0 S2_m1
14039 25 -5 0 S2_m1
14042 25 -5 0 S2_m1
14043 25 -5 0 S2_m1
14046 25 -5 0 S2_m1
14047 25 -5 0 S2_m1
14049 25 -5 0 S2_m1
14053 25 -5 0 S2_m1
14054 25 -5 0 S2_m1
14055 25 -5 0 S2_m1
14057 25 -5 0 S2_m1
14060 25 -5 0 S2_m1
14061 25 -5 0 S2_m1
14062 25 -5 0 S2_m1
14037 26 -5 0 S2_m1
14038 26 -5 1.12687455065488 S2_m1
14039 26 -5 0 S2_m1
14042 26 -5 0 S2_m1
14043 26 -5 194.302398042367 S2_m1
14046 26 -5 0 S2_m1
14047 26 -5 0 S2_m1
14049 26 -5 0 S2_m1
14053 26 -5 0 S2_m1
14054 26 -5 0 S2_m1
14055 26 -5 0 S2_m1
14057 26 -5 0 S2_m1
14060 26 -5 0 S2_m1
14061 26 -5 0 S2_m1
14062 26 -5 0 S2_m1
14037 27 -5 0 S2_m1
14038 27 -5 0 S2_m1
14039 27 -5 0 S2_m1
14042 27 -5 0 S2_m1
14043 27 -5 0 S2_m1
14046 27 -5 0 S2_m1
14047 27 -5 0 S2_m1
14049 27 -5 0 S2_m1
14053 27 -5 0 S2_m1
14054 27 -5 0 S2_m1
14055 27 -5 0 S2_m1
14057 27 -5 0 S2_m1
14060 27 -5 0 S2_m1
14061 27 -5 0 S2_m1
14062 27 -5 0 S2_m1
14037 28 -5 0 S2_m1
14038 28 -5 5.05459880929602 S2_m1
14039 28 -5 0 S2_m1
14042 28 -5 0 S2_m1
14043 28 -5 230.518303777761 S2_m1
14046 28 -5 1.72498518651875 S2_m1
14047 28 -5 0 S2_m1
14049 28 -5 0 S2_m1
14053 28 -5 0 S2_m1
14054 28 -5 0 S2_m1
14055 28 -5 0 S2_m1
14057 28 -5 0 S2_m1
14060 28 -5 0 S2_m1
14061 28 -5 1.16971960535216 S2_m1
14062 28 -5 0 S2_m1
14037 29 -5 0 S2_m1
14038 29 -5 0 S2_m1
14039 29 -5 0 S2_m1
14042 29 -5 0 S2_m1
14043 29 -5 1.40891672497702 S2_m1
14046 29 -5 0 S2_m1
14047 29 -5 0 S2_m1
14049 29 -5 0 S2_m1
14053 29 -5 0 S2_m1
14054 29 -5 0 S2_m1
14055 29 -5 0 S2_m1
14057 29 -5 0 S2_m1
14060 29 -5 0 S2_m1
14061 29 -5 0 S2_m1
14062 29 -5 0 S2_m1
14037 30 -5 0 S2_m1
14038 30 -5 0 S2_m1
14039 30 -5 0 S2_m1
14042 30 -5 0 S2_m1
14043 30 -5 0 S2_m1
14046 30 -5 0 S2_m1
14047 30 -5 0 S2_m1
14049 30 -5 0 S2_m1
14053 30 -5 0 S2_m1
14054 30 -5 0 S2_m1
14055 30 -5 0 S2_m1
14057 30 -5 0 S2_m1
14060 30 -5 0 S2_m1
14061 30 -5 0 S2_m1
14062 30 -5 0 S2_m1
14037 31 -5 0 S2_m1
14038 31 -5 0 S2_m1
14039 31 -5 0 S2_m1
14042 31 -5 0 S2_m1
14043 31 -5 0 S2_m1
14046 31 -5 0 S2_m1
14047 31 -5 0 S2_m1
14049 31 -5 0 S2_m1
14053 31 -5 0 S2_m1
14054 31 -5 0 S2_m1
14055 31 -5 0 S2_m1
14057 31 -5 0 S2_m1
14060 31 -5 0 S2_m1
14061 31 -5 0 S2_m1
14062 31 -5 0 S2_m1
