speciesID lakeID variable value scenario
15042 1 -0.5 90.0673705908821 S2_Nm1_T0
15045 1 -0.5 0 S2_Nm1_T0
15048 1 -0.5 33.1419957531747 S2_Nm1_T0
15049 1 -0.5 18.4503933882198 S2_Nm1_T0
15051 1 -0.5 413.441155126428 S2_Nm1_T0
15053 1 -0.5 535.411235451516 S2_Nm1_T0
15054 1 -0.5 0 S2_Nm1_T0
15055 1 -0.5 0 S2_Nm1_T0
15056 1 -0.5 0 S2_Nm1_T0
15057 1 -0.5 0 S2_Nm1_T0
15059 1 -0.5 291.463564659991 S2_Nm1_T0
15060 1 -0.5 0 S2_Nm1_T0
15063 1 -0.5 42.0086965221166 S2_Nm1_T0
15066 1 -0.5 0 S2_Nm1_T0
15069 1 -0.5 314.963703677359 S2_Nm1_T0
15042 2 -0.5 0 S2_Nm1_T0
15045 2 -0.5 0 S2_Nm1_T0
15048 2 -0.5 0 S2_Nm1_T0
15049 2 -0.5 0 S2_Nm1_T0
15051 2 -0.5 0 S2_Nm1_T0
15053 2 -0.5 0 S2_Nm1_T0
15054 2 -0.5 0 S2_Nm1_T0
15055 2 -0.5 0 S2_Nm1_T0
15056 2 -0.5 0 S2_Nm1_T0
15057 2 -0.5 0 S2_Nm1_T0
15059 2 -0.5 0 S2_Nm1_T0
15060 2 -0.5 0 S2_Nm1_T0
15063 2 -0.5 0 S2_Nm1_T0
15066 2 -0.5 0 S2_Nm1_T0
15069 2 -0.5 0 S2_Nm1_T0
15042 3 -0.5 0 S2_Nm1_T0
15045 3 -0.5 0 S2_Nm1_T0
15048 3 -0.5 0 S2_Nm1_T0
15049 3 -0.5 0 S2_Nm1_T0
15051 3 -0.5 0 S2_Nm1_T0
15053 3 -0.5 0 S2_Nm1_T0
15054 3 -0.5 0 S2_Nm1_T0
15055 3 -0.5 0 S2_Nm1_T0
15056 3 -0.5 0 S2_Nm1_T0
15057 3 -0.5 0 S2_Nm1_T0
15059 3 -0.5 0 S2_Nm1_T0
15060 3 -0.5 0 S2_Nm1_T0
15063 3 -0.5 0 S2_Nm1_T0
15066 3 -0.5 0 S2_Nm1_T0
15069 3 -0.5 0 S2_Nm1_T0
15042 4 -0.5 0 S2_Nm1_T0
15045 4 -0.5 0 S2_Nm1_T0
15048 4 -0.5 0 S2_Nm1_T0
15049 4 -0.5 0 S2_Nm1_T0
15051 4 -0.5 0 S2_Nm1_T0
15053 4 -0.5 0 S2_Nm1_T0
15054 4 -0.5 0 S2_Nm1_T0
15055 4 -0.5 0 S2_Nm1_T0
15056 4 -0.5 0 S2_Nm1_T0
15057 4 -0.5 0 S2_Nm1_T0
15059 4 -0.5 0 S2_Nm1_T0
15060 4 -0.5 0 S2_Nm1_T0
15063 4 -0.5 0 S2_Nm1_T0
15066 4 -0.5 0 S2_Nm1_T0
15069 4 -0.5 0 S2_Nm1_T0
15042 5 -0.5 0 S2_Nm1_T0
15045 5 -0.5 0 S2_Nm1_T0
15048 5 -0.5 0 S2_Nm1_T0
15049 5 -0.5 0 S2_Nm1_T0
15051 5 -0.5 0 S2_Nm1_T0
15053 5 -0.5 0 S2_Nm1_T0
15054 5 -0.5 0 S2_Nm1_T0
15055 5 -0.5 0 S2_Nm1_T0
15056 5 -0.5 0 S2_Nm1_T0
15057 5 -0.5 0 S2_Nm1_T0
15059 5 -0.5 0 S2_Nm1_T0
15060 5 -0.5 0 S2_Nm1_T0
15063 5 -0.5 0 S2_Nm1_T0
15066 5 -0.5 0 S2_Nm1_T0
15069 5 -0.5 0 S2_Nm1_T0
15042 6 -0.5 0 S2_Nm1_T0
15045 6 -0.5 0 S2_Nm1_T0
15048 6 -0.5 0 S2_Nm1_T0
15049 6 -0.5 0 S2_Nm1_T0
15051 6 -0.5 0 S2_Nm1_T0
15053 6 -0.5 0 S2_Nm1_T0
15054 6 -0.5 0 S2_Nm1_T0
15055 6 -0.5 0 S2_Nm1_T0
15056 6 -0.5 0 S2_Nm1_T0
15057 6 -0.5 0 S2_Nm1_T0
15059 6 -0.5 0 S2_Nm1_T0
15060 6 -0.5 0 S2_Nm1_T0
15063 6 -0.5 0 S2_Nm1_T0
15066 6 -0.5 0 S2_Nm1_T0
15069 6 -0.5 0 S2_Nm1_T0
15042 7 -0.5 0 S2_Nm1_T0
15045 7 -0.5 0 S2_Nm1_T0
15048 7 -0.5 0 S2_Nm1_T0
15049 7 -0.5 0 S2_Nm1_T0
15051 7 -0.5 0 S2_Nm1_T0
15053 7 -0.5 0 S2_Nm1_T0
15054 7 -0.5 0 S2_Nm1_T0
15055 7 -0.5 0 S2_Nm1_T0
15056 7 -0.5 0 S2_Nm1_T0
15057 7 -0.5 0 S2_Nm1_T0
15059 7 -0.5 0 S2_Nm1_T0
15060 7 -0.5 0 S2_Nm1_T0
15063 7 -0.5 0 S2_Nm1_T0
15066 7 -0.5 0 S2_Nm1_T0
15069 7 -0.5 0 S2_Nm1_T0
15042 8 -0.5 28.6299782863077 S2_Nm1_T0
15045 8 -0.5 0 S2_Nm1_T0
15048 8 -0.5 13.0320632328133 S2_Nm1_T0
15049 8 -0.5 0 S2_Nm1_T0
15051 8 -0.5 109.32225672866 S2_Nm1_T0
15053 8 -0.5 113.344577123594 S2_Nm1_T0
15054 8 -0.5 0 S2_Nm1_T0
15055 8 -0.5 0 S2_Nm1_T0
15056 8 -0.5 0 S2_Nm1_T0
15057 8 -0.5 0 S2_Nm1_T0
15059 8 -0.5 125.739405877039 S2_Nm1_T0
15060 8 -0.5 0 S2_Nm1_T0
15063 8 -0.5 2.3970459570209 S2_Nm1_T0
15066 8 -0.5 0 S2_Nm1_T0
15069 8 -0.5 61.7291820180285 S2_Nm1_T0
15042 9 -0.5 0 S2_Nm1_T0
15045 9 -0.5 0 S2_Nm1_T0
15048 9 -0.5 0 S2_Nm1_T0
15049 9 -0.5 0 S2_Nm1_T0
15051 9 -0.5 0 S2_Nm1_T0
15053 9 -0.5 0 S2_Nm1_T0
15054 9 -0.5 0 S2_Nm1_T0
15055 9 -0.5 0 S2_Nm1_T0
15056 9 -0.5 0 S2_Nm1_T0
15057 9 -0.5 0 S2_Nm1_T0
15059 9 -0.5 0 S2_Nm1_T0
15060 9 -0.5 0 S2_Nm1_T0
15063 9 -0.5 0 S2_Nm1_T0
15066 9 -0.5 0 S2_Nm1_T0
15069 9 -0.5 0 S2_Nm1_T0
15042 10 -0.5 14.8619568726474 S2_Nm1_T0
15045 10 -0.5 0 S2_Nm1_T0
15048 10 -0.5 25.5621682788529 S2_Nm1_T0
15049 10 -0.5 0 S2_Nm1_T0
15051 10 -0.5 81.2851478469782 S2_Nm1_T0
15053 10 -0.5 66.6259034428954 S2_Nm1_T0
15054 10 -0.5 0 S2_Nm1_T0
15055 10 -0.5 0 S2_Nm1_T0
15056 10 -0.5 0 S2_Nm1_T0
15057 10 -0.5 0 S2_Nm1_T0
15059 10 -0.5 92.6834993653153 S2_Nm1_T0
15060 10 -0.5 0 S2_Nm1_T0
15063 10 -0.5 1.24242676786962 S2_Nm1_T0
15066 10 -0.5 0 S2_Nm1_T0
15069 10 -0.5 12.9704881714511 S2_Nm1_T0
15042 11 -0.5 53.046974499287 S2_Nm1_T0
15045 11 -0.5 0 S2_Nm1_T0
15048 11 -0.5 6.64543021660573 S2_Nm1_T0
15049 11 -0.5 0 S2_Nm1_T0
15051 11 -0.5 312.347421723525 S2_Nm1_T0
15053 11 -0.5 425.960115663172 S2_Nm1_T0
15054 11 -0.5 0 S2_Nm1_T0
15055 11 -0.5 0 S2_Nm1_T0
15056 11 -0.5 0 S2_Nm1_T0
15057 11 -0.5 0 S2_Nm1_T0
15059 11 -0.5 247.155607700908 S2_Nm1_T0
15060 11 -0.5 0 S2_Nm1_T0
15063 11 -0.5 11.7409436534028 S2_Nm1_T0
15066 11 -0.5 0 S2_Nm1_T0
15069 11 -0.5 256.308108203611 S2_Nm1_T0
15042 12 -0.5 50.1700677685588 S2_Nm1_T0
15045 12 -0.5 0 S2_Nm1_T0
15048 12 -0.5 0 S2_Nm1_T0
15049 12 -0.5 3.68043872250354 S2_Nm1_T0
15051 12 -0.5 436.734319085784 S2_Nm1_T0
15053 12 -0.5 545.099421213801 S2_Nm1_T0
15054 12 -0.5 0 S2_Nm1_T0
15055 12 -0.5 0 S2_Nm1_T0
15056 12 -0.5 0 S2_Nm1_T0
15057 12 -0.5 0 S2_Nm1_T0
15059 12 -0.5 249.920144250845 S2_Nm1_T0
15060 12 -0.5 0 S2_Nm1_T0
15063 12 -0.5 11.4404210268283 S2_Nm1_T0
15066 12 -0.5 0 S2_Nm1_T0
15069 12 -0.5 280.404694376964 S2_Nm1_T0
15042 13 -0.5 0 S2_Nm1_T0
15045 13 -0.5 0 S2_Nm1_T0
15048 13 -0.5 0 S2_Nm1_T0
15049 13 -0.5 0 S2_Nm1_T0
15051 13 -0.5 0 S2_Nm1_T0
15053 13 -0.5 0 S2_Nm1_T0
15054 13 -0.5 0 S2_Nm1_T0
15055 13 -0.5 0 S2_Nm1_T0
15056 13 -0.5 0 S2_Nm1_T0
15057 13 -0.5 0 S2_Nm1_T0
15059 13 -0.5 0 S2_Nm1_T0
15060 13 -0.5 0 S2_Nm1_T0
15063 13 -0.5 0 S2_Nm1_T0
15066 13 -0.5 0 S2_Nm1_T0
15069 13 -0.5 0 S2_Nm1_T0
15042 14 -0.5 0 S2_Nm1_T0
15045 14 -0.5 0 S2_Nm1_T0
15048 14 -0.5 0 S2_Nm1_T0
15049 14 -0.5 0 S2_Nm1_T0
15051 14 -0.5 0 S2_Nm1_T0
15053 14 -0.5 0 S2_Nm1_T0
15054 14 -0.5 0 S2_Nm1_T0
15055 14 -0.5 0 S2_Nm1_T0
15056 14 -0.5 0 S2_Nm1_T0
15057 14 -0.5 0 S2_Nm1_T0
15059 14 -0.5 0 S2_Nm1_T0
15060 14 -0.5 0 S2_Nm1_T0
15063 14 -0.5 0 S2_Nm1_T0
15066 14 -0.5 0 S2_Nm1_T0
15069 14 -0.5 0 S2_Nm1_T0
15042 15 -0.5 36.2398147995856 S2_Nm1_T0
15045 15 -0.5 0 S2_Nm1_T0
15048 15 -0.5 45.2407775195352 S2_Nm1_T0
15049 15 -0.5 0 S2_Nm1_T0
15051 15 -0.5 106.194531112384 S2_Nm1_T0
15053 15 -0.5 91.5344117021566 S2_Nm1_T0
15054 15 -0.5 0 S2_Nm1_T0
15055 15 -0.5 0 S2_Nm1_T0
15056 15 -0.5 0 S2_Nm1_T0
15057 15 -0.5 0 S2_Nm1_T0
15059 15 -0.5 113.870603484049 S2_Nm1_T0
15060 15 -0.5 0 S2_Nm1_T0
15063 15 -0.5 4.35983610582915 S2_Nm1_T0
15066 15 -0.5 0 S2_Nm1_T0
15069 15 -0.5 30.6782987759995 S2_Nm1_T0
15042 16 -0.5 91.0917943391329 S2_Nm1_T0
15045 16 -0.5 0 S2_Nm1_T0
15048 16 -0.5 28.2368573782534 S2_Nm1_T0
15049 16 -0.5 0 S2_Nm1_T0
15051 16 -0.5 271.941214240387 S2_Nm1_T0
15053 16 -0.5 345.241712804084 S2_Nm1_T0
15054 16 -0.5 0 S2_Nm1_T0
15055 16 -0.5 0 S2_Nm1_T0
15056 16 -0.5 0 S2_Nm1_T0
15057 16 -0.5 0 S2_Nm1_T0
15059 16 -0.5 251.016996038596 S2_Nm1_T0
15060 16 -0.5 0 S2_Nm1_T0
15063 16 -0.5 34.5215507331409 S2_Nm1_T0
15066 16 -0.5 0 S2_Nm1_T0
15069 16 -0.5 240.65756125927 S2_Nm1_T0
15042 17 -0.5 0 S2_Nm1_T0
15045 17 -0.5 0 S2_Nm1_T0
15048 17 -0.5 0 S2_Nm1_T0
15049 17 -0.5 0 S2_Nm1_T0
15051 17 -0.5 0 S2_Nm1_T0
15053 17 -0.5 0 S2_Nm1_T0
15054 17 -0.5 0 S2_Nm1_T0
15055 17 -0.5 0 S2_Nm1_T0
15056 17 -0.5 0 S2_Nm1_T0
15057 17 -0.5 0 S2_Nm1_T0
15059 17 -0.5 0 S2_Nm1_T0
15060 17 -0.5 0 S2_Nm1_T0
15063 17 -0.5 0 S2_Nm1_T0
15066 17 -0.5 0 S2_Nm1_T0
15069 17 -0.5 0 S2_Nm1_T0
15042 18 -0.5 72.8603195770218 S2_Nm1_T0
15045 18 -0.5 0 S2_Nm1_T0
15048 18 -0.5 7.86310308629922 S2_Nm1_T0
15049 18 -0.5 7.49999008368986 S2_Nm1_T0
15051 18 -0.5 387.243307498393 S2_Nm1_T0
15053 18 -0.5 507.479167232778 S2_Nm1_T0
15054 18 -0.5 0 S2_Nm1_T0
15055 18 -0.5 0 S2_Nm1_T0
15056 18 -0.5 0 S2_Nm1_T0
15057 18 -0.5 0 S2_Nm1_T0
15059 18 -0.5 267.414260954208 S2_Nm1_T0
15060 18 -0.5 0 S2_Nm1_T0
15063 18 -0.5 24.6173554594101 S2_Nm1_T0
15066 18 -0.5 0 S2_Nm1_T0
15069 18 -0.5 292.062653484638 S2_Nm1_T0
15042 19 -0.5 2.4476045675924 S2_Nm1_T0
15045 19 -0.5 0 S2_Nm1_T0
15048 19 -0.5 18.4841069894092 S2_Nm1_T0
15049 19 -0.5 0 S2_Nm1_T0
15051 19 -0.5 36.5355097120099 S2_Nm1_T0
15053 19 -0.5 8.71775456484 S2_Nm1_T0
15054 19 -0.5 0 S2_Nm1_T0
15055 19 -0.5 0 S2_Nm1_T0
15056 19 -0.5 0 S2_Nm1_T0
15057 19 -0.5 0 S2_Nm1_T0
15059 19 -0.5 36.5926928020049 S2_Nm1_T0
15060 19 -0.5 0 S2_Nm1_T0
15063 19 -0.5 0 S2_Nm1_T0
15066 19 -0.5 0 S2_Nm1_T0
15069 19 -0.5 0 S2_Nm1_T0
15042 20 -0.5 81.8937973559474 S2_Nm1_T0
15045 20 -0.5 0 S2_Nm1_T0
15048 20 -0.5 35.4700723279395 S2_Nm1_T0
15049 20 -0.5 0 S2_Nm1_T0
15051 20 -0.5 199.122199163796 S2_Nm1_T0
15053 20 -0.5 231.43962475591 S2_Nm1_T0
15054 20 -0.5 0 S2_Nm1_T0
15055 20 -0.5 0 S2_Nm1_T0
15056 20 -0.5 0 S2_Nm1_T0
15057 20 -0.5 0 S2_Nm1_T0
15059 20 -0.5 207.235548763317 S2_Nm1_T0
15060 20 -0.5 0 S2_Nm1_T0
15063 20 -0.5 24.1694293883951 S2_Nm1_T0
15066 20 -0.5 0 S2_Nm1_T0
15069 20 -0.5 166.958352593929 S2_Nm1_T0
15042 21 -0.5 2.26275171901382 S2_Nm1_T0
15045 21 -0.5 0 S2_Nm1_T0
15048 21 -0.5 21.9634049930297 S2_Nm1_T0
15049 21 -0.5 0 S2_Nm1_T0
15051 21 -0.5 35.8143500092677 S2_Nm1_T0
15053 21 -0.5 8.19994200545079 S2_Nm1_T0
15054 21 -0.5 0 S2_Nm1_T0
15055 21 -0.5 0 S2_Nm1_T0
15056 21 -0.5 0 S2_Nm1_T0
15057 21 -0.5 0 S2_Nm1_T0
15059 21 -0.5 36.263439564585 S2_Nm1_T0
15060 21 -0.5 0 S2_Nm1_T0
15063 21 -0.5 0 S2_Nm1_T0
15066 21 -0.5 0 S2_Nm1_T0
15069 21 -0.5 0 S2_Nm1_T0
15042 22 -0.5 100.765582106947 S2_Nm1_T0
15045 22 -0.5 0 S2_Nm1_T0
15048 22 -0.5 42.8215037129858 S2_Nm1_T0
15049 22 -0.5 11.4060214873766 S2_Nm1_T0
15051 22 -0.5 368.351446126931 S2_Nm1_T0
15053 22 -0.5 477.244880083311 S2_Nm1_T0
15054 22 -0.5 0 S2_Nm1_T0
15055 22 -0.5 0 S2_Nm1_T0
15056 22 -0.5 0 S2_Nm1_T0
15057 22 -0.5 0 S2_Nm1_T0
15059 22 -0.5 290.983733801963 S2_Nm1_T0
15060 22 -0.5 0 S2_Nm1_T0
15063 22 -0.5 50.0547178837645 S2_Nm1_T0
15066 22 -0.5 0 S2_Nm1_T0
15069 22 -0.5 303.838805675653 S2_Nm1_T0
15042 23 -0.5 0 S2_Nm1_T0
15045 23 -0.5 0 S2_Nm1_T0
15048 23 -0.5 10.7326067826172 S2_Nm1_T0
15049 23 -0.5 0 S2_Nm1_T0
15051 23 -0.5 0 S2_Nm1_T0
15053 23 -0.5 0 S2_Nm1_T0
15054 23 -0.5 0 S2_Nm1_T0
15055 23 -0.5 0 S2_Nm1_T0
15056 23 -0.5 0 S2_Nm1_T0
15057 23 -0.5 0 S2_Nm1_T0
15059 23 -0.5 0 S2_Nm1_T0
15060 23 -0.5 0 S2_Nm1_T0
15063 23 -0.5 0 S2_Nm1_T0
15066 23 -0.5 0 S2_Nm1_T0
15069 23 -0.5 0 S2_Nm1_T0
15042 24 -0.5 15.9254212745215 S2_Nm1_T0
15045 24 -0.5 0 S2_Nm1_T0
15048 24 -0.5 31.7487856218343 S2_Nm1_T0
15049 24 -0.5 0 S2_Nm1_T0
15051 24 -0.5 82.9304579657145 S2_Nm1_T0
15053 24 -0.5 67.8480519704754 S2_Nm1_T0
15054 24 -0.5 0 S2_Nm1_T0
15055 24 -0.5 0 S2_Nm1_T0
15056 24 -0.5 0 S2_Nm1_T0
15057 24 -0.5 0 S2_Nm1_T0
15059 24 -0.5 94.3287699546145 S2_Nm1_T0
15060 24 -0.5 0 S2_Nm1_T0
15063 24 -0.5 1.35091823397438 S2_Nm1_T0
15066 24 -0.5 0 S2_Nm1_T0
15069 24 -0.5 14.105742212656 S2_Nm1_T0
15042 25 -0.5 0 S2_Nm1_T0
15045 25 -0.5 0 S2_Nm1_T0
15048 25 -0.5 0 S2_Nm1_T0
15049 25 -0.5 0 S2_Nm1_T0
15051 25 -0.5 0 S2_Nm1_T0
15053 25 -0.5 0 S2_Nm1_T0
15054 25 -0.5 0 S2_Nm1_T0
15055 25 -0.5 0 S2_Nm1_T0
15056 25 -0.5 0 S2_Nm1_T0
15057 25 -0.5 0 S2_Nm1_T0
15059 25 -0.5 0 S2_Nm1_T0
15060 25 -0.5 0 S2_Nm1_T0
15063 25 -0.5 0 S2_Nm1_T0
15066 25 -0.5 0 S2_Nm1_T0
15069 25 -0.5 0 S2_Nm1_T0
15042 26 -0.5 94.453068949284 S2_Nm1_T0
15045 26 -0.5 0 S2_Nm1_T0
15048 26 -0.5 37.9939739169056 S2_Nm1_T0
15049 26 -0.5 0 S2_Nm1_T0
15051 26 -0.5 280.764287069921 S2_Nm1_T0
15053 26 -0.5 355.094453883678 S2_Nm1_T0
15054 26 -0.5 0 S2_Nm1_T0
15055 26 -0.5 0 S2_Nm1_T0
15056 26 -0.5 0 S2_Nm1_T0
15057 26 -0.5 0 S2_Nm1_T0
15059 26 -0.5 258.918529844905 S2_Nm1_T0
15060 26 -0.5 0 S2_Nm1_T0
15063 26 -0.5 39.6238886544369 S2_Nm1_T0
15066 26 -0.5 0 S2_Nm1_T0
15069 26 -0.5 247.429584817756 S2_Nm1_T0
15042 27 -0.5 0 S2_Nm1_T0
15045 27 -0.5 0 S2_Nm1_T0
15048 27 -0.5 0 S2_Nm1_T0
15049 27 -0.5 0 S2_Nm1_T0
15051 27 -0.5 0 S2_Nm1_T0
15053 27 -0.5 0 S2_Nm1_T0
15054 27 -0.5 0 S2_Nm1_T0
15055 27 -0.5 0 S2_Nm1_T0
15056 27 -0.5 0 S2_Nm1_T0
15057 27 -0.5 0 S2_Nm1_T0
15059 27 -0.5 0 S2_Nm1_T0
15060 27 -0.5 0 S2_Nm1_T0
15063 27 -0.5 0 S2_Nm1_T0
15066 27 -0.5 0 S2_Nm1_T0
15069 27 -0.5 0 S2_Nm1_T0
15042 28 -0.5 110.096429498743 S2_Nm1_T0
15045 28 -0.5 0 S2_Nm1_T0
15048 28 -0.5 46.7664525831623 S2_Nm1_T0
15049 28 -0.5 16.7698624773436 S2_Nm1_T0
15051 28 -0.5 376.789854924981 S2_Nm1_T0
15053 28 -0.5 484.782483420321 S2_Nm1_T0
15054 28 -0.5 0 S2_Nm1_T0
15055 28 -0.5 0 S2_Nm1_T0
15056 28 -0.5 0 S2_Nm1_T0
15057 28 -0.5 0 S2_Nm1_T0
15059 28 -0.5 297.590753456359 S2_Nm1_T0
15060 28 -0.5 0 S2_Nm1_T0
15063 28 -0.5 58.6835471174624 S2_Nm1_T0
15066 28 -0.5 0 S2_Nm1_T0
15069 28 -0.5 311.542520485252 S2_Nm1_T0
15042 29 -0.5 0 S2_Nm1_T0
15045 29 -0.5 0 S2_Nm1_T0
15048 29 -0.5 0 S2_Nm1_T0
15049 29 -0.5 0 S2_Nm1_T0
15051 29 -0.5 0 S2_Nm1_T0
15053 29 -0.5 0 S2_Nm1_T0
15054 29 -0.5 0 S2_Nm1_T0
15055 29 -0.5 0 S2_Nm1_T0
15056 29 -0.5 0 S2_Nm1_T0
15057 29 -0.5 0 S2_Nm1_T0
15059 29 -0.5 0 S2_Nm1_T0
15060 29 -0.5 0 S2_Nm1_T0
15063 29 -0.5 0 S2_Nm1_T0
15066 29 -0.5 0 S2_Nm1_T0
15069 29 -0.5 0 S2_Nm1_T0
15042 30 -0.5 0 S2_Nm1_T0
15045 30 -0.5 0 S2_Nm1_T0
15048 30 -0.5 0 S2_Nm1_T0
15049 30 -0.5 0 S2_Nm1_T0
15051 30 -0.5 0 S2_Nm1_T0
15053 30 -0.5 0 S2_Nm1_T0
15054 30 -0.5 0 S2_Nm1_T0
15055 30 -0.5 0 S2_Nm1_T0
15056 30 -0.5 0 S2_Nm1_T0
15057 30 -0.5 0 S2_Nm1_T0
15059 30 -0.5 0 S2_Nm1_T0
15060 30 -0.5 0 S2_Nm1_T0
15063 30 -0.5 0 S2_Nm1_T0
15066 30 -0.5 0 S2_Nm1_T0
15069 30 -0.5 0 S2_Nm1_T0
15042 31 -0.5 0 S2_Nm1_T0
15045 31 -0.5 0 S2_Nm1_T0
15048 31 -0.5 0 S2_Nm1_T0
15049 31 -0.5 0 S2_Nm1_T0
15051 31 -0.5 0 S2_Nm1_T0
15053 31 -0.5 0 S2_Nm1_T0
15054 31 -0.5 0 S2_Nm1_T0
15055 31 -0.5 0 S2_Nm1_T0
15056 31 -0.5 0 S2_Nm1_T0
15057 31 -0.5 0 S2_Nm1_T0
15059 31 -0.5 0 S2_Nm1_T0
15060 31 -0.5 0 S2_Nm1_T0
15063 31 -0.5 0 S2_Nm1_T0
15066 31 -0.5 0 S2_Nm1_T0
15069 31 -0.5 0 S2_Nm1_T0
15042 1 -1.5 1.01174098731123 S2_Nm1_T0
15045 1 -1.5 11.3732974080638 S2_Nm1_T0
15048 1 -1.5 424.11211915529 S2_Nm1_T0
15049 1 -1.5 0 S2_Nm1_T0
15051 1 -1.5 187.656594906464 S2_Nm1_T0
15053 1 -1.5 280.578102788291 S2_Nm1_T0
15054 1 -1.5 0 S2_Nm1_T0
15055 1 -1.5 0 S2_Nm1_T0
15056 1 -1.5 0 S2_Nm1_T0
15057 1 -1.5 43.0105824969963 S2_Nm1_T0
15059 1 -1.5 184.107698230981 S2_Nm1_T0
15060 1 -1.5 103.055108282103 S2_Nm1_T0
15063 1 -1.5 0 S2_Nm1_T0
15066 1 -1.5 135.773093560135 S2_Nm1_T0
15069 1 -1.5 161.626255459278 S2_Nm1_T0
15042 2 -1.5 0 S2_Nm1_T0
15045 2 -1.5 0 S2_Nm1_T0
15048 2 -1.5 0 S2_Nm1_T0
15049 2 -1.5 0 S2_Nm1_T0
15051 2 -1.5 0 S2_Nm1_T0
15053 2 -1.5 0 S2_Nm1_T0
15054 2 -1.5 0 S2_Nm1_T0
15055 2 -1.5 0 S2_Nm1_T0
15056 2 -1.5 0 S2_Nm1_T0
15057 2 -1.5 0 S2_Nm1_T0
15059 2 -1.5 0 S2_Nm1_T0
15060 2 -1.5 0 S2_Nm1_T0
15063 2 -1.5 0 S2_Nm1_T0
15066 2 -1.5 0 S2_Nm1_T0
15069 2 -1.5 0 S2_Nm1_T0
15042 3 -1.5 0 S2_Nm1_T0
15045 3 -1.5 0 S2_Nm1_T0
15048 3 -1.5 136.567866782578 S2_Nm1_T0
15049 3 -1.5 0 S2_Nm1_T0
15051 3 -1.5 0 S2_Nm1_T0
15053 3 -1.5 0 S2_Nm1_T0
15054 3 -1.5 0 S2_Nm1_T0
15055 3 -1.5 0 S2_Nm1_T0
15056 3 -1.5 0 S2_Nm1_T0
15057 3 -1.5 0 S2_Nm1_T0
15059 3 -1.5 0 S2_Nm1_T0
15060 3 -1.5 0 S2_Nm1_T0
15063 3 -1.5 0 S2_Nm1_T0
15066 3 -1.5 0 S2_Nm1_T0
15069 3 -1.5 0 S2_Nm1_T0
15042 4 -1.5 0 S2_Nm1_T0
15045 4 -1.5 0 S2_Nm1_T0
15048 4 -1.5 361.69175101154 S2_Nm1_T0
15049 4 -1.5 0 S2_Nm1_T0
15051 4 -1.5 0 S2_Nm1_T0
15053 4 -1.5 0 S2_Nm1_T0
15054 4 -1.5 0 S2_Nm1_T0
15055 4 -1.5 0 S2_Nm1_T0
15056 4 -1.5 0 S2_Nm1_T0
15057 4 -1.5 0 S2_Nm1_T0
15059 4 -1.5 0 S2_Nm1_T0
15060 4 -1.5 0 S2_Nm1_T0
15063 4 -1.5 0 S2_Nm1_T0
15066 4 -1.5 0 S2_Nm1_T0
15069 4 -1.5 0 S2_Nm1_T0
15042 5 -1.5 0 S2_Nm1_T0
15045 5 -1.5 0 S2_Nm1_T0
15048 5 -1.5 0 S2_Nm1_T0
15049 5 -1.5 0 S2_Nm1_T0
15051 5 -1.5 0 S2_Nm1_T0
15053 5 -1.5 0 S2_Nm1_T0
15054 5 -1.5 0 S2_Nm1_T0
15055 5 -1.5 0 S2_Nm1_T0
15056 5 -1.5 0 S2_Nm1_T0
15057 5 -1.5 0 S2_Nm1_T0
15059 5 -1.5 0 S2_Nm1_T0
15060 5 -1.5 0 S2_Nm1_T0
15063 5 -1.5 0 S2_Nm1_T0
15066 5 -1.5 0 S2_Nm1_T0
15069 5 -1.5 0 S2_Nm1_T0
15042 6 -1.5 0 S2_Nm1_T0
15045 6 -1.5 0 S2_Nm1_T0
15048 6 -1.5 454.694138314966 S2_Nm1_T0
15049 6 -1.5 0 S2_Nm1_T0
15051 6 -1.5 0 S2_Nm1_T0
15053 6 -1.5 0 S2_Nm1_T0
15054 6 -1.5 0 S2_Nm1_T0
15055 6 -1.5 0 S2_Nm1_T0
15056 6 -1.5 0 S2_Nm1_T0
15057 6 -1.5 0 S2_Nm1_T0
15059 6 -1.5 0 S2_Nm1_T0
15060 6 -1.5 0 S2_Nm1_T0
15063 6 -1.5 0 S2_Nm1_T0
15066 6 -1.5 0 S2_Nm1_T0
15069 6 -1.5 0 S2_Nm1_T0
15042 7 -1.5 0 S2_Nm1_T0
15045 7 -1.5 0 S2_Nm1_T0
15048 7 -1.5 0 S2_Nm1_T0
15049 7 -1.5 0 S2_Nm1_T0
15051 7 -1.5 0 S2_Nm1_T0
15053 7 -1.5 0 S2_Nm1_T0
15054 7 -1.5 0 S2_Nm1_T0
15055 7 -1.5 0 S2_Nm1_T0
15056 7 -1.5 0 S2_Nm1_T0
15057 7 -1.5 0 S2_Nm1_T0
15059 7 -1.5 0 S2_Nm1_T0
15060 7 -1.5 0 S2_Nm1_T0
15063 7 -1.5 0 S2_Nm1_T0
15066 7 -1.5 0 S2_Nm1_T0
15069 7 -1.5 0 S2_Nm1_T0
15042 8 -1.5 0 S2_Nm1_T0
15045 8 -1.5 3.4433481010827 S2_Nm1_T0
15048 8 -1.5 493.818552892407 S2_Nm1_T0
15049 8 -1.5 0 S2_Nm1_T0
15051 8 -1.5 38.8720855904539 S2_Nm1_T0
15053 8 -1.5 33.3345778072182 S2_Nm1_T0
15054 8 -1.5 0 S2_Nm1_T0
15055 8 -1.5 0 S2_Nm1_T0
15056 8 -1.5 0 S2_Nm1_T0
15057 8 -1.5 38.3527145631696 S2_Nm1_T0
15059 8 -1.5 97.5093298770177 S2_Nm1_T0
15060 8 -1.5 0 S2_Nm1_T0
15063 8 -1.5 0 S2_Nm1_T0
15066 8 -1.5 45.1890044349315 S2_Nm1_T0
15069 8 -1.5 17.3149909169455 S2_Nm1_T0
15042 9 -1.5 0 S2_Nm1_T0
15045 9 -1.5 0 S2_Nm1_T0
15048 9 -1.5 376.960158664356 S2_Nm1_T0
15049 9 -1.5 0 S2_Nm1_T0
15051 9 -1.5 0 S2_Nm1_T0
15053 9 -1.5 0 S2_Nm1_T0
15054 9 -1.5 0 S2_Nm1_T0
15055 9 -1.5 0 S2_Nm1_T0
15056 9 -1.5 0 S2_Nm1_T0
15057 9 -1.5 0 S2_Nm1_T0
15059 9 -1.5 0 S2_Nm1_T0
15060 9 -1.5 0 S2_Nm1_T0
15063 9 -1.5 0 S2_Nm1_T0
15066 9 -1.5 0 S2_Nm1_T0
15069 9 -1.5 0 S2_Nm1_T0
15042 10 -1.5 0 S2_Nm1_T0
15045 10 -1.5 1.15906553685342 S2_Nm1_T0
15048 10 -1.5 505.57758107585 S2_Nm1_T0
15049 10 -1.5 0 S2_Nm1_T0
15051 10 -1.5 12.2580816753203 S2_Nm1_T0
15053 10 -1.5 3.84190858434828 S2_Nm1_T0
15054 10 -1.5 0 S2_Nm1_T0
15055 10 -1.5 0 S2_Nm1_T0
15056 10 -1.5 0 S2_Nm1_T0
15057 10 -1.5 18.1254314382548 S2_Nm1_T0
15059 10 -1.5 60.8467325899339 S2_Nm1_T0
15060 10 -1.5 0 S2_Nm1_T0
15063 10 -1.5 0 S2_Nm1_T0
15066 10 -1.5 6.74566178045451 S2_Nm1_T0
15069 10 -1.5 0 S2_Nm1_T0
15042 11 -1.5 0 S2_Nm1_T0
15045 11 -1.5 0 S2_Nm1_T0
15048 11 -1.5 153.263475893381 S2_Nm1_T0
15049 11 -1.5 0 S2_Nm1_T0
15051 11 -1.5 49.7698082613402 S2_Nm1_T0
15053 11 -1.5 82.2685520677631 S2_Nm1_T0
15054 11 -1.5 0 S2_Nm1_T0
15055 11 -1.5 0 S2_Nm1_T0
15056 11 -1.5 0 S2_Nm1_T0
15057 11 -1.5 0 S2_Nm1_T0
15059 11 -1.5 65.5889208933034 S2_Nm1_T0
15060 11 -1.5 2.54591477526795 S2_Nm1_T0
15063 11 -1.5 0 S2_Nm1_T0
15066 11 -1.5 6.93293642935183 S2_Nm1_T0
15069 11 -1.5 50.522023345284 S2_Nm1_T0
15042 12 -1.5 0 S2_Nm1_T0
15045 12 -1.5 0 S2_Nm1_T0
15048 12 -1.5 156.811155688777 S2_Nm1_T0
15049 12 -1.5 0 S2_Nm1_T0
15051 12 -1.5 106.375800671047 S2_Nm1_T0
15053 12 -1.5 135.671219536349 S2_Nm1_T0
15054 12 -1.5 0 S2_Nm1_T0
15055 12 -1.5 0 S2_Nm1_T0
15056 12 -1.5 0 S2_Nm1_T0
15057 12 -1.5 0 S2_Nm1_T0
15059 12 -1.5 77.3614448318956 S2_Nm1_T0
15060 12 -1.5 16.0426631523658 S2_Nm1_T0
15063 12 -1.5 0 S2_Nm1_T0
15066 12 -1.5 9.03664766627199 S2_Nm1_T0
15069 12 -1.5 71.3946206530099 S2_Nm1_T0
15042 13 -1.5 0 S2_Nm1_T0
15045 13 -1.5 0 S2_Nm1_T0
15048 13 -1.5 213.470109331537 S2_Nm1_T0
15049 13 -1.5 0 S2_Nm1_T0
15051 13 -1.5 0 S2_Nm1_T0
15053 13 -1.5 0 S2_Nm1_T0
15054 13 -1.5 0 S2_Nm1_T0
15055 13 -1.5 0 S2_Nm1_T0
15056 13 -1.5 0 S2_Nm1_T0
15057 13 -1.5 0 S2_Nm1_T0
15059 13 -1.5 0 S2_Nm1_T0
15060 13 -1.5 0 S2_Nm1_T0
15063 13 -1.5 0 S2_Nm1_T0
15066 13 -1.5 0 S2_Nm1_T0
15069 13 -1.5 0 S2_Nm1_T0
15042 14 -1.5 0 S2_Nm1_T0
15045 14 -1.5 0 S2_Nm1_T0
15048 14 -1.5 46.9308675500032 S2_Nm1_T0
15049 14 -1.5 0 S2_Nm1_T0
15051 14 -1.5 0 S2_Nm1_T0
15053 14 -1.5 0 S2_Nm1_T0
15054 14 -1.5 0 S2_Nm1_T0
15055 14 -1.5 0 S2_Nm1_T0
15056 14 -1.5 0 S2_Nm1_T0
15057 14 -1.5 0 S2_Nm1_T0
15059 14 -1.5 0 S2_Nm1_T0
15060 14 -1.5 0 S2_Nm1_T0
15063 14 -1.5 0 S2_Nm1_T0
15066 14 -1.5 0 S2_Nm1_T0
15069 14 -1.5 0 S2_Nm1_T0
15042 15 -1.5 7.28185089980825 S2_Nm1_T0
15045 15 -1.5 38.1696090506263 S2_Nm1_T0
15048 15 -1.5 643.979472530136 S2_Nm1_T0
15049 15 -1.5 0 S2_Nm1_T0
15051 15 -1.5 77.8129319011273 S2_Nm1_T0
15053 15 -1.5 55.2339433619269 S2_Nm1_T0
15054 15 -1.5 13.0795821993859 S2_Nm1_T0
15055 15 -1.5 0 S2_Nm1_T0
15056 15 -1.5 8.02163542708641 S2_Nm1_T0
15057 15 -1.5 81.9798795600068 S2_Nm1_T0
15059 15 -1.5 126.776112882386 S2_Nm1_T0
15060 15 -1.5 4.06017551845588 S2_Nm1_T0
15063 15 -1.5 0 S2_Nm1_T0
15066 15 -1.5 96.6806827481876 S2_Nm1_T0
15069 15 -1.5 23.6952389004519 S2_Nm1_T0
15042 16 -1.5 16.8288235343404 S2_Nm1_T0
15045 16 -1.5 57.1178190666307 S2_Nm1_T0
15048 16 -1.5 554.226098647828 S2_Nm1_T0
15049 16 -1.5 0 S2_Nm1_T0
15051 16 -1.5 179.701026366453 S2_Nm1_T0
15053 16 -1.5 231.467674495271 S2_Nm1_T0
15054 16 -1.5 1.48838851349224 S2_Nm1_T0
15055 16 -1.5 0 S2_Nm1_T0
15056 16 -1.5 7.48094218054496 S2_Nm1_T0
15057 16 -1.5 96.8254705006758 S2_Nm1_T0
15059 16 -1.5 230.679180269463 S2_Nm1_T0
15060 16 -1.5 119.017598821503 S2_Nm1_T0
15063 16 -1.5 1.5237833531906 S2_Nm1_T0
15066 16 -1.5 212.219858930504 S2_Nm1_T0
15069 16 -1.5 181.737723700858 S2_Nm1_T0
15042 17 -1.5 0 S2_Nm1_T0
15045 17 -1.5 0 S2_Nm1_T0
15048 17 -1.5 335.070005350675 S2_Nm1_T0
15049 17 -1.5 0 S2_Nm1_T0
15051 17 -1.5 0 S2_Nm1_T0
15053 17 -1.5 0 S2_Nm1_T0
15054 17 -1.5 0 S2_Nm1_T0
15055 17 -1.5 0 S2_Nm1_T0
15056 17 -1.5 0 S2_Nm1_T0
15057 17 -1.5 0 S2_Nm1_T0
15059 17 -1.5 0 S2_Nm1_T0
15060 17 -1.5 0 S2_Nm1_T0
15063 17 -1.5 0 S2_Nm1_T0
15066 17 -1.5 0 S2_Nm1_T0
15069 17 -1.5 0 S2_Nm1_T0
15042 18 -1.5 0 S2_Nm1_T0
15045 18 -1.5 2.65465713626264 S2_Nm1_T0
15048 18 -1.5 334.19704194551 S2_Nm1_T0
15049 18 -1.5 0 S2_Nm1_T0
15051 18 -1.5 154.110817912123 S2_Nm1_T0
15053 18 -1.5 226.791059889753 S2_Nm1_T0
15054 18 -1.5 0 S2_Nm1_T0
15055 18 -1.5 0 S2_Nm1_T0
15056 18 -1.5 0 S2_Nm1_T0
15057 18 -1.5 22.0921988247981 S2_Nm1_T0
15059 18 -1.5 146.355403881498 S2_Nm1_T0
15060 18 -1.5 73.6740110076677 S2_Nm1_T0
15063 18 -1.5 0 S2_Nm1_T0
15066 18 -1.5 91.8302115043669 S2_Nm1_T0
15069 18 -1.5 132.430063401226 S2_Nm1_T0
15042 19 -1.5 0 S2_Nm1_T0
15045 19 -1.5 0 S2_Nm1_T0
15048 19 -1.5 495.396421989533 S2_Nm1_T0
15049 19 -1.5 0 S2_Nm1_T0
15051 19 -1.5 1.47510766692316 S2_Nm1_T0
15053 19 -1.5 0 S2_Nm1_T0
15054 19 -1.5 0 S2_Nm1_T0
15055 19 -1.5 0 S2_Nm1_T0
15056 19 -1.5 0 S2_Nm1_T0
15057 19 -1.5 3.22146829189939 S2_Nm1_T0
15059 19 -1.5 16.3534054722074 S2_Nm1_T0
15060 19 -1.5 0 S2_Nm1_T0
15063 19 -1.5 0 S2_Nm1_T0
15066 19 -1.5 0 S2_Nm1_T0
15069 19 -1.5 0 S2_Nm1_T0
15042 20 -1.5 25.3014272211744 S2_Nm1_T0
15045 20 -1.5 67.0724925913881 S2_Nm1_T0
15048 20 -1.5 606.722545494873 S2_Nm1_T0
15049 20 -1.5 0 S2_Nm1_T0
15051 20 -1.5 146.784221086116 S2_Nm1_T0
15053 20 -1.5 166.075187558032 S2_Nm1_T0
15054 20 -1.5 6.44221378708355 S2_Nm1_T0
15055 20 -1.5 0 S2_Nm1_T0
15056 20 -1.5 14.6555360980528 S2_Nm1_T0
15057 20 -1.5 109.791256989864 S2_Nm1_T0
15059 20 -1.5 208.610943335842 S2_Nm1_T0
15060 20 -1.5 86.2881278360002 S2_Nm1_T0
15063 20 -1.5 2.34834912869799 S2_Nm1_T0
15066 20 -1.5 206.340836138111 S2_Nm1_T0
15069 20 -1.5 139.709332158209 S2_Nm1_T0
15042 21 -1.5 0 S2_Nm1_T0
15045 21 -1.5 0 S2_Nm1_T0
15048 21 -1.5 472.263642097398 S2_Nm1_T0
15049 21 -1.5 0 S2_Nm1_T0
15051 21 -1.5 0 S2_Nm1_T0
15053 21 -1.5 0 S2_Nm1_T0
15054 21 -1.5 0 S2_Nm1_T0
15055 21 -1.5 0 S2_Nm1_T0
15056 21 -1.5 0 S2_Nm1_T0
15057 21 -1.5 1.58383812671299 S2_Nm1_T0
15059 21 -1.5 9.34610888395247 S2_Nm1_T0
15060 21 -1.5 0 S2_Nm1_T0
15063 21 -1.5 0 S2_Nm1_T0
15066 21 -1.5 0 S2_Nm1_T0
15069 21 -1.5 0 S2_Nm1_T0
15042 22 -1.5 8.58350148950302 S2_Nm1_T0
15045 22 -1.5 44.9624031818478 S2_Nm1_T0
15048 22 -1.5 528.47910187345 S2_Nm1_T0
15049 22 -1.5 0 S2_Nm1_T0
15051 22 -1.5 213.180075262685 S2_Nm1_T0
15053 22 -1.5 299.815000604859 S2_Nm1_T0
15054 22 -1.5 0 S2_Nm1_T0
15055 22 -1.5 0 S2_Nm1_T0
15056 22 -1.5 3.22581718668929 S2_Nm1_T0
15057 22 -1.5 78.781975720154 S2_Nm1_T0
15059 22 -1.5 234.512093697355 S2_Nm1_T0
15060 22 -1.5 134.530110767122 S2_Nm1_T0
15063 22 -1.5 0 S2_Nm1_T0
15066 22 -1.5 198.010712726458 S2_Nm1_T0
15069 22 -1.5 199.908440526185 S2_Nm1_T0
15042 23 -1.5 0 S2_Nm1_T0
15045 23 -1.5 0 S2_Nm1_T0
15048 23 -1.5 472.155032462172 S2_Nm1_T0
15049 23 -1.5 0 S2_Nm1_T0
15051 23 -1.5 0 S2_Nm1_T0
15053 23 -1.5 0 S2_Nm1_T0
15054 23 -1.5 0 S2_Nm1_T0
15055 23 -1.5 0 S2_Nm1_T0
15056 23 -1.5 0 S2_Nm1_T0
15057 23 -1.5 0 S2_Nm1_T0
15059 23 -1.5 0 S2_Nm1_T0
15060 23 -1.5 0 S2_Nm1_T0
15063 23 -1.5 0 S2_Nm1_T0
15066 23 -1.5 0 S2_Nm1_T0
15069 23 -1.5 0 S2_Nm1_T0
15042 24 -1.5 0 S2_Nm1_T0
15045 24 -1.5 0 S2_Nm1_T0
15048 24 -1.5 502.029275342425 S2_Nm1_T0
15049 24 -1.5 0 S2_Nm1_T0
15051 24 -1.5 9.83799848738975 S2_Nm1_T0
15053 24 -1.5 2.88206106550053 S2_Nm1_T0
15054 24 -1.5 0 S2_Nm1_T0
15055 24 -1.5 0 S2_Nm1_T0
15056 24 -1.5 0 S2_Nm1_T0
15057 24 -1.5 14.8021639584091 S2_Nm1_T0
15059 24 -1.5 56.2186168285103 S2_Nm1_T0
15060 24 -1.5 0 S2_Nm1_T0
15063 24 -1.5 0 S2_Nm1_T0
15066 24 -1.5 5.62533722231278 S2_Nm1_T0
15069 24 -1.5 0 S2_Nm1_T0
15042 25 -1.5 0 S2_Nm1_T0
15045 25 -1.5 0 S2_Nm1_T0
15048 25 -1.5 34.6672223720705 S2_Nm1_T0
15049 25 -1.5 0 S2_Nm1_T0
15051 25 -1.5 0 S2_Nm1_T0
15053 25 -1.5 0 S2_Nm1_T0
15054 25 -1.5 0 S2_Nm1_T0
15055 25 -1.5 0 S2_Nm1_T0
15056 25 -1.5 0 S2_Nm1_T0
15057 25 -1.5 0 S2_Nm1_T0
15059 25 -1.5 0 S2_Nm1_T0
15060 25 -1.5 0 S2_Nm1_T0
15063 25 -1.5 0 S2_Nm1_T0
15066 25 -1.5 0 S2_Nm1_T0
15069 25 -1.5 0 S2_Nm1_T0
15042 26 -1.5 13.8123112198032 S2_Nm1_T0
15045 26 -1.5 52.27251513262 S2_Nm1_T0
15048 26 -1.5 558.950570117776 S2_Nm1_T0
15049 26 -1.5 0 S2_Nm1_T0
15051 26 -1.5 174.261788262296 S2_Nm1_T0
15053 26 -1.5 225.541544748294 S2_Nm1_T0
15054 26 -1.5 1.03050711250779 S2_Nm1_T0
15055 26 -1.5 0 S2_Nm1_T0
15056 26 -1.5 5.9624571174241 S2_Nm1_T0
15057 26 -1.5 91.8098598441683 S2_Nm1_T0
15059 26 -1.5 226.389413078842 S2_Nm1_T0
15060 26 -1.5 113.740773132304 S2_Nm1_T0
15063 26 -1.5 1.23068906834669 S2_Nm1_T0
15066 26 -1.5 205.993868207333 S2_Nm1_T0
15069 26 -1.5 176.13665780275 S2_Nm1_T0
15042 27 -1.5 0 S2_Nm1_T0
15045 27 -1.5 0 S2_Nm1_T0
15048 27 -1.5 0 S2_Nm1_T0
15049 27 -1.5 0 S2_Nm1_T0
15051 27 -1.5 0 S2_Nm1_T0
15053 27 -1.5 0 S2_Nm1_T0
15054 27 -1.5 0 S2_Nm1_T0
15055 27 -1.5 0 S2_Nm1_T0
15056 27 -1.5 0 S2_Nm1_T0
15057 27 -1.5 0 S2_Nm1_T0
15059 27 -1.5 0 S2_Nm1_T0
15060 27 -1.5 0 S2_Nm1_T0
15063 27 -1.5 0 S2_Nm1_T0
15066 27 -1.5 0 S2_Nm1_T0
15069 27 -1.5 0 S2_Nm1_T0
15042 28 -1.5 30.6458946796239 S2_Nm1_T0
15045 28 -1.5 80.5232397066461 S2_Nm1_T0
15048 28 -1.5 590.273547775955 S2_Nm1_T0
15049 28 -1.5 2.68921749464792 S2_Nm1_T0
15051 28 -1.5 263.51290749352 S2_Nm1_T0
15053 28 -1.5 351.801760356289 S2_Nm1_T0
15054 28 -1.5 1.98184183308188 S2_Nm1_T0
15055 28 -1.5 1.63221594422022 S2_Nm1_T0
15056 28 -1.5 16.5570820343524 S2_Nm1_T0
15057 28 -1.5 107.824266750938 S2_Nm1_T0
15059 28 -1.5 276.290732408869 S2_Nm1_T0
15060 28 -1.5 175.178621497626 S2_Nm1_T0
15063 28 -1.5 4.52405479720317 S2_Nm1_T0
15066 28 -1.5 254.003700482196 S2_Nm1_T0
15069 28 -1.5 242.575004401605 S2_Nm1_T0
15042 29 -1.5 0 S2_Nm1_T0
15045 29 -1.5 0 S2_Nm1_T0
15048 29 -1.5 261.142011454063 S2_Nm1_T0
15049 29 -1.5 0 S2_Nm1_T0
15051 29 -1.5 0 S2_Nm1_T0
15053 29 -1.5 0 S2_Nm1_T0
15054 29 -1.5 0 S2_Nm1_T0
15055 29 -1.5 0 S2_Nm1_T0
15056 29 -1.5 0 S2_Nm1_T0
15057 29 -1.5 0 S2_Nm1_T0
15059 29 -1.5 0 S2_Nm1_T0
15060 29 -1.5 0 S2_Nm1_T0
15063 29 -1.5 0 S2_Nm1_T0
15066 29 -1.5 0 S2_Nm1_T0
15069 29 -1.5 0 S2_Nm1_T0
15042 30 -1.5 0 S2_Nm1_T0
15045 30 -1.5 0 S2_Nm1_T0
15048 30 -1.5 33.3627147897285 S2_Nm1_T0
15049 30 -1.5 0 S2_Nm1_T0
15051 30 -1.5 0 S2_Nm1_T0
15053 30 -1.5 0 S2_Nm1_T0
15054 30 -1.5 0 S2_Nm1_T0
15055 30 -1.5 0 S2_Nm1_T0
15056 30 -1.5 0 S2_Nm1_T0
15057 30 -1.5 0 S2_Nm1_T0
15059 30 -1.5 0 S2_Nm1_T0
15060 30 -1.5 0 S2_Nm1_T0
15063 30 -1.5 0 S2_Nm1_T0
15066 30 -1.5 0 S2_Nm1_T0
15069 30 -1.5 0 S2_Nm1_T0
15042 31 -1.5 0 S2_Nm1_T0
15045 31 -1.5 0 S2_Nm1_T0
15048 31 -1.5 175.971424381137 S2_Nm1_T0
15049 31 -1.5 0 S2_Nm1_T0
15051 31 -1.5 0 S2_Nm1_T0
15053 31 -1.5 0 S2_Nm1_T0
15054 31 -1.5 0 S2_Nm1_T0
15055 31 -1.5 0 S2_Nm1_T0
15056 31 -1.5 0 S2_Nm1_T0
15057 31 -1.5 0 S2_Nm1_T0
15059 31 -1.5 0 S2_Nm1_T0
15060 31 -1.5 0 S2_Nm1_T0
15063 31 -1.5 0 S2_Nm1_T0
15066 31 -1.5 0 S2_Nm1_T0
15069 31 -1.5 0 S2_Nm1_T0
15042 1 -3 0 S2_Nm1_T0
15045 1 -3 0 S2_Nm1_T0
15048 1 -3 31.2699161574209 S2_Nm1_T0
15049 1 -3 0 S2_Nm1_T0
15051 1 -3 1.24864111483371 S2_Nm1_T0
15053 1 -3 6.83358152902856 S2_Nm1_T0
15054 1 -3 0 S2_Nm1_T0
15055 1 -3 0 S2_Nm1_T0
15056 1 -3 0 S2_Nm1_T0
15057 1 -3 0 S2_Nm1_T0
15059 1 -3 1.66688015077707 S2_Nm1_T0
15060 1 -3 0 S2_Nm1_T0
15063 1 -3 0 S2_Nm1_T0
15066 1 -3 0 S2_Nm1_T0
15069 1 -3 0 S2_Nm1_T0
15042 2 -3 0 S2_Nm1_T0
15045 2 -3 0 S2_Nm1_T0
15048 2 -3 0 S2_Nm1_T0
15049 2 -3 0 S2_Nm1_T0
15051 2 -3 0 S2_Nm1_T0
15053 2 -3 0 S2_Nm1_T0
15054 2 -3 0 S2_Nm1_T0
15055 2 -3 0 S2_Nm1_T0
15056 2 -3 0 S2_Nm1_T0
15057 2 -3 0 S2_Nm1_T0
15059 2 -3 0 S2_Nm1_T0
15060 2 -3 0 S2_Nm1_T0
15063 2 -3 0 S2_Nm1_T0
15066 2 -3 0 S2_Nm1_T0
15069 2 -3 0 S2_Nm1_T0
15042 3 -3 0 S2_Nm1_T0
15045 3 -3 0 S2_Nm1_T0
15048 3 -3 8.71143203931881 S2_Nm1_T0
15049 3 -3 0 S2_Nm1_T0
15051 3 -3 0 S2_Nm1_T0
15053 3 -3 0 S2_Nm1_T0
15054 3 -3 0 S2_Nm1_T0
15055 3 -3 0 S2_Nm1_T0
15056 3 -3 0 S2_Nm1_T0
15057 3 -3 0 S2_Nm1_T0
15059 3 -3 0 S2_Nm1_T0
15060 3 -3 0 S2_Nm1_T0
15063 3 -3 0 S2_Nm1_T0
15066 3 -3 0 S2_Nm1_T0
15069 3 -3 0 S2_Nm1_T0
15042 4 -3 0 S2_Nm1_T0
15045 4 -3 0 S2_Nm1_T0
15048 4 -3 58.9066442575108 S2_Nm1_T0
15049 4 -3 0 S2_Nm1_T0
15051 4 -3 0 S2_Nm1_T0
15053 4 -3 0 S2_Nm1_T0
15054 4 -3 0 S2_Nm1_T0
15055 4 -3 0 S2_Nm1_T0
15056 4 -3 0 S2_Nm1_T0
15057 4 -3 0 S2_Nm1_T0
15059 4 -3 0 S2_Nm1_T0
15060 4 -3 0 S2_Nm1_T0
15063 4 -3 0 S2_Nm1_T0
15066 4 -3 0 S2_Nm1_T0
15069 4 -3 0 S2_Nm1_T0
15042 5 -3 0 S2_Nm1_T0
15045 5 -3 0 S2_Nm1_T0
15048 5 -3 0 S2_Nm1_T0
15049 5 -3 0 S2_Nm1_T0
15051 5 -3 0 S2_Nm1_T0
15053 5 -3 0 S2_Nm1_T0
15054 5 -3 0 S2_Nm1_T0
15055 5 -3 0 S2_Nm1_T0
15056 5 -3 0 S2_Nm1_T0
15057 5 -3 0 S2_Nm1_T0
15059 5 -3 0 S2_Nm1_T0
15060 5 -3 0 S2_Nm1_T0
15063 5 -3 0 S2_Nm1_T0
15066 5 -3 0 S2_Nm1_T0
15069 5 -3 0 S2_Nm1_T0
15042 6 -3 0 S2_Nm1_T0
15045 6 -3 0 S2_Nm1_T0
15048 6 -3 297.711028208036 S2_Nm1_T0
15049 6 -3 0 S2_Nm1_T0
15051 6 -3 0 S2_Nm1_T0
15053 6 -3 0 S2_Nm1_T0
15054 6 -3 0 S2_Nm1_T0
15055 6 -3 0 S2_Nm1_T0
15056 6 -3 0 S2_Nm1_T0
15057 6 -3 0 S2_Nm1_T0
15059 6 -3 0 S2_Nm1_T0
15060 6 -3 0 S2_Nm1_T0
15063 6 -3 0 S2_Nm1_T0
15066 6 -3 0 S2_Nm1_T0
15069 6 -3 0 S2_Nm1_T0
15042 7 -3 0 S2_Nm1_T0
15045 7 -3 0 S2_Nm1_T0
15048 7 -3 0 S2_Nm1_T0
15049 7 -3 0 S2_Nm1_T0
15051 7 -3 0 S2_Nm1_T0
15053 7 -3 0 S2_Nm1_T0
15054 7 -3 0 S2_Nm1_T0
15055 7 -3 0 S2_Nm1_T0
15056 7 -3 0 S2_Nm1_T0
15057 7 -3 0 S2_Nm1_T0
15059 7 -3 0 S2_Nm1_T0
15060 7 -3 0 S2_Nm1_T0
15063 7 -3 0 S2_Nm1_T0
15066 7 -3 0 S2_Nm1_T0
15069 7 -3 0 S2_Nm1_T0
15042 8 -3 0 S2_Nm1_T0
15045 8 -3 0 S2_Nm1_T0
15048 8 -3 167.37049520459 S2_Nm1_T0
15049 8 -3 0 S2_Nm1_T0
15051 8 -3 0 S2_Nm1_T0
15053 8 -3 0 S2_Nm1_T0
15054 8 -3 0 S2_Nm1_T0
15055 8 -3 0 S2_Nm1_T0
15056 8 -3 0 S2_Nm1_T0
15057 8 -3 0 S2_Nm1_T0
15059 8 -3 2.79111170722142 S2_Nm1_T0
15060 8 -3 0 S2_Nm1_T0
15063 8 -3 0 S2_Nm1_T0
15066 8 -3 0 S2_Nm1_T0
15069 8 -3 0 S2_Nm1_T0
15042 9 -3 0 S2_Nm1_T0
15045 9 -3 0 S2_Nm1_T0
15048 9 -3 141.62858082582 S2_Nm1_T0
15049 9 -3 0 S2_Nm1_T0
15051 9 -3 0 S2_Nm1_T0
15053 9 -3 0 S2_Nm1_T0
15054 9 -3 0 S2_Nm1_T0
15055 9 -3 0 S2_Nm1_T0
15056 9 -3 0 S2_Nm1_T0
15057 9 -3 0 S2_Nm1_T0
15059 9 -3 0 S2_Nm1_T0
15060 9 -3 0 S2_Nm1_T0
15063 9 -3 0 S2_Nm1_T0
15066 9 -3 0 S2_Nm1_T0
15069 9 -3 0 S2_Nm1_T0
15042 10 -3 0 S2_Nm1_T0
15045 10 -3 0 S2_Nm1_T0
15048 10 -3 150.372669888471 S2_Nm1_T0
15049 10 -3 0 S2_Nm1_T0
15051 10 -3 0 S2_Nm1_T0
15053 10 -3 0 S2_Nm1_T0
15054 10 -3 0 S2_Nm1_T0
15055 10 -3 0 S2_Nm1_T0
15056 10 -3 0 S2_Nm1_T0
15057 10 -3 0 S2_Nm1_T0
15059 10 -3 0 S2_Nm1_T0
15060 10 -3 0 S2_Nm1_T0
15063 10 -3 0 S2_Nm1_T0
15066 10 -3 0 S2_Nm1_T0
15069 10 -3 0 S2_Nm1_T0
15042 11 -3 0 S2_Nm1_T0
15045 11 -3 0 S2_Nm1_T0
15048 11 -3 0 S2_Nm1_T0
15049 11 -3 0 S2_Nm1_T0
15051 11 -3 0 S2_Nm1_T0
15053 11 -3 0 S2_Nm1_T0
15054 11 -3 0 S2_Nm1_T0
15055 11 -3 0 S2_Nm1_T0
15056 11 -3 0 S2_Nm1_T0
15057 11 -3 0 S2_Nm1_T0
15059 11 -3 0 S2_Nm1_T0
15060 11 -3 0 S2_Nm1_T0
15063 11 -3 0 S2_Nm1_T0
15066 11 -3 0 S2_Nm1_T0
15069 11 -3 0 S2_Nm1_T0
15042 12 -3 0 S2_Nm1_T0
15045 12 -3 0 S2_Nm1_T0
15048 12 -3 0 S2_Nm1_T0
15049 12 -3 0 S2_Nm1_T0
15051 12 -3 0 S2_Nm1_T0
15053 12 -3 0 S2_Nm1_T0
15054 12 -3 0 S2_Nm1_T0
15055 12 -3 0 S2_Nm1_T0
15056 12 -3 0 S2_Nm1_T0
15057 12 -3 0 S2_Nm1_T0
15059 12 -3 0 S2_Nm1_T0
15060 12 -3 0 S2_Nm1_T0
15063 12 -3 0 S2_Nm1_T0
15066 12 -3 0 S2_Nm1_T0
15069 12 -3 0 S2_Nm1_T0
15042 13 -3 0 S2_Nm1_T0
15045 13 -3 0 S2_Nm1_T0
15048 13 -3 74.1504566436593 S2_Nm1_T0
15049 13 -3 0 S2_Nm1_T0
15051 13 -3 0 S2_Nm1_T0
15053 13 -3 0 S2_Nm1_T0
15054 13 -3 0 S2_Nm1_T0
15055 13 -3 0 S2_Nm1_T0
15056 13 -3 0 S2_Nm1_T0
15057 13 -3 0 S2_Nm1_T0
15059 13 -3 0 S2_Nm1_T0
15060 13 -3 0 S2_Nm1_T0
15063 13 -3 0 S2_Nm1_T0
15066 13 -3 0 S2_Nm1_T0
15069 13 -3 0 S2_Nm1_T0
15042 14 -3 0 S2_Nm1_T0
15045 14 -3 0 S2_Nm1_T0
15048 14 -3 13.1348847982057 S2_Nm1_T0
15049 14 -3 0 S2_Nm1_T0
15051 14 -3 0 S2_Nm1_T0
15053 14 -3 0 S2_Nm1_T0
15054 14 -3 0 S2_Nm1_T0
15055 14 -3 0 S2_Nm1_T0
15056 14 -3 0 S2_Nm1_T0
15057 14 -3 0 S2_Nm1_T0
15059 14 -3 0 S2_Nm1_T0
15060 14 -3 0 S2_Nm1_T0
15063 14 -3 0 S2_Nm1_T0
15066 14 -3 0 S2_Nm1_T0
15069 14 -3 0 S2_Nm1_T0
15042 15 -3 0 S2_Nm1_T0
15045 15 -3 2.11540332783236 S2_Nm1_T0
15048 15 -3 472.247500882038 S2_Nm1_T0
15049 15 -3 0 S2_Nm1_T0
15051 15 -3 19.3019694111746 S2_Nm1_T0
15053 15 -3 6.36558767853424 S2_Nm1_T0
15054 15 -3 0 S2_Nm1_T0
15055 15 -3 0 S2_Nm1_T0
15056 15 -3 7.54080561174549 S2_Nm1_T0
15057 15 -3 29.8023764698916 S2_Nm1_T0
15059 15 -3 69.2772677102869 S2_Nm1_T0
15060 15 -3 0 S2_Nm1_T0
15063 15 -3 0 S2_Nm1_T0
15066 15 -3 12.4527196334093 S2_Nm1_T0
15069 15 -3 1.58612064330021 S2_Nm1_T0
15042 16 -3 0 S2_Nm1_T0
15045 16 -3 0 S2_Nm1_T0
15048 16 -3 230.125545429447 S2_Nm1_T0
15049 16 -3 0 S2_Nm1_T0
15051 16 -3 52.4416935494133 S2_Nm1_T0
15053 16 -3 80.3632569830081 S2_Nm1_T0
15054 16 -3 0 S2_Nm1_T0
15055 16 -3 0 S2_Nm1_T0
15056 16 -3 0 S2_Nm1_T0
15057 16 -3 7.29044478148044 S2_Nm1_T0
15059 16 -3 88.4798294244923 S2_Nm1_T0
15060 16 -3 5.83033372584188 S2_Nm1_T0
15063 16 -3 0 S2_Nm1_T0
15066 16 -3 30.7752614597301 S2_Nm1_T0
15069 16 -3 61.3993227889472 S2_Nm1_T0
15042 17 -3 0 S2_Nm1_T0
15045 17 -3 0 S2_Nm1_T0
15048 17 -3 242.802492585233 S2_Nm1_T0
15049 17 -3 0 S2_Nm1_T0
15051 17 -3 0 S2_Nm1_T0
15053 17 -3 0 S2_Nm1_T0
15054 17 -3 0 S2_Nm1_T0
15055 17 -3 0 S2_Nm1_T0
15056 17 -3 0 S2_Nm1_T0
15057 17 -3 0 S2_Nm1_T0
15059 17 -3 0 S2_Nm1_T0
15060 17 -3 0 S2_Nm1_T0
15063 17 -3 0 S2_Nm1_T0
15066 17 -3 0 S2_Nm1_T0
15069 17 -3 0 S2_Nm1_T0
15042 18 -3 0 S2_Nm1_T0
15045 18 -3 0 S2_Nm1_T0
15048 18 -3 4.23908187815797 S2_Nm1_T0
15049 18 -3 0 S2_Nm1_T0
15051 18 -3 0 S2_Nm1_T0
15053 18 -3 0 S2_Nm1_T0
15054 18 -3 0 S2_Nm1_T0
15055 18 -3 0 S2_Nm1_T0
15056 18 -3 0 S2_Nm1_T0
15057 18 -3 0 S2_Nm1_T0
15059 18 -3 0 S2_Nm1_T0
15060 18 -3 0 S2_Nm1_T0
15063 18 -3 0 S2_Nm1_T0
15066 18 -3 0 S2_Nm1_T0
15069 18 -3 0 S2_Nm1_T0
15042 19 -3 0 S2_Nm1_T0
15045 19 -3 0 S2_Nm1_T0
15048 19 -3 160.606396225098 S2_Nm1_T0
15049 19 -3 0 S2_Nm1_T0
15051 19 -3 0 S2_Nm1_T0
15053 19 -3 0 S2_Nm1_T0
15054 19 -3 0 S2_Nm1_T0
15055 19 -3 0 S2_Nm1_T0
15056 19 -3 0 S2_Nm1_T0
15057 19 -3 0 S2_Nm1_T0
15059 19 -3 0 S2_Nm1_T0
15060 19 -3 0 S2_Nm1_T0
15063 19 -3 0 S2_Nm1_T0
15066 19 -3 0 S2_Nm1_T0
15069 19 -3 0 S2_Nm1_T0
15042 20 -3 0 S2_Nm1_T0
15045 20 -3 2.46706108398576 S2_Nm1_T0
15048 20 -3 371.074891590083 S2_Nm1_T0
15049 20 -3 0 S2_Nm1_T0
15051 20 -3 59.4062122720586 S2_Nm1_T0
15053 20 -3 73.8175713261818 S2_Nm1_T0
15054 20 -3 0 S2_Nm1_T0
15055 20 -3 0 S2_Nm1_T0
15056 20 -3 4.43727973837072 S2_Nm1_T0
15057 20 -3 37.2922913525375 S2_Nm1_T0
15059 20 -3 112.025453245219 S2_Nm1_T0
15060 20 -3 7.39609872652704 S2_Nm1_T0
15063 20 -3 0 S2_Nm1_T0
15066 20 -3 74.7616099027967 S2_Nm1_T0
15069 20 -3 60.0343877914302 S2_Nm1_T0
15042 21 -3 0 S2_Nm1_T0
15045 21 -3 0 S2_Nm1_T0
15048 21 -3 115.92512103568 S2_Nm1_T0
15049 21 -3 0 S2_Nm1_T0
15051 21 -3 0 S2_Nm1_T0
15053 21 -3 0 S2_Nm1_T0
15054 21 -3 0 S2_Nm1_T0
15055 21 -3 0 S2_Nm1_T0
15056 21 -3 0 S2_Nm1_T0
15057 21 -3 0 S2_Nm1_T0
15059 21 -3 0 S2_Nm1_T0
15060 21 -3 0 S2_Nm1_T0
15063 21 -3 0 S2_Nm1_T0
15066 21 -3 0 S2_Nm1_T0
15069 21 -3 0 S2_Nm1_T0
15042 22 -3 0 S2_Nm1_T0
15045 22 -3 0 S2_Nm1_T0
15048 22 -3 130.482848010398 S2_Nm1_T0
15049 22 -3 0 S2_Nm1_T0
15051 22 -3 32.6506967837768 S2_Nm1_T0
15053 22 -3 60.7874993275262 S2_Nm1_T0
15054 22 -3 0 S2_Nm1_T0
15055 22 -3 0 S2_Nm1_T0
15056 22 -3 0 S2_Nm1_T0
15057 22 -3 0 S2_Nm1_T0
15059 22 -3 46.7306692631343 S2_Nm1_T0
15060 22 -3 1.16010275808624 S2_Nm1_T0
15063 22 -3 0 S2_Nm1_T0
15066 22 -3 2.42813748107989 S2_Nm1_T0
15069 22 -3 34.0876882250009 S2_Nm1_T0
15042 23 -3 0 S2_Nm1_T0
15045 23 -3 0 S2_Nm1_T0
15048 23 -3 179.575465605421 S2_Nm1_T0
15049 23 -3 0 S2_Nm1_T0
15051 23 -3 0 S2_Nm1_T0
15053 23 -3 0 S2_Nm1_T0
15054 23 -3 0 S2_Nm1_T0
15055 23 -3 0 S2_Nm1_T0
15056 23 -3 0 S2_Nm1_T0
15057 23 -3 0 S2_Nm1_T0
15059 23 -3 0 S2_Nm1_T0
15060 23 -3 0 S2_Nm1_T0
15063 23 -3 0 S2_Nm1_T0
15066 23 -3 0 S2_Nm1_T0
15069 23 -3 0 S2_Nm1_T0
15042 24 -3 0 S2_Nm1_T0
15045 24 -3 0 S2_Nm1_T0
15048 24 -3 129.976205596968 S2_Nm1_T0
15049 24 -3 0 S2_Nm1_T0
15051 24 -3 0 S2_Nm1_T0
15053 24 -3 0 S2_Nm1_T0
15054 24 -3 0 S2_Nm1_T0
15055 24 -3 0 S2_Nm1_T0
15056 24 -3 0 S2_Nm1_T0
15057 24 -3 0 S2_Nm1_T0
15059 24 -3 0 S2_Nm1_T0
15060 24 -3 0 S2_Nm1_T0
15063 24 -3 0 S2_Nm1_T0
15066 24 -3 0 S2_Nm1_T0
15069 24 -3 0 S2_Nm1_T0
15042 25 -3 0 S2_Nm1_T0
15045 25 -3 0 S2_Nm1_T0
15048 25 -3 2.39366991450896 S2_Nm1_T0
15049 25 -3 0 S2_Nm1_T0
15051 25 -3 0 S2_Nm1_T0
15053 25 -3 0 S2_Nm1_T0
15054 25 -3 0 S2_Nm1_T0
15055 25 -3 0 S2_Nm1_T0
15056 25 -3 0 S2_Nm1_T0
15057 25 -3 0 S2_Nm1_T0
15059 25 -3 0 S2_Nm1_T0
15060 25 -3 0 S2_Nm1_T0
15063 25 -3 0 S2_Nm1_T0
15066 25 -3 0 S2_Nm1_T0
15069 25 -3 0 S2_Nm1_T0
15042 26 -3 0 S2_Nm1_T0
15045 26 -3 0 S2_Nm1_T0
15048 26 -3 197.01843885942 S2_Nm1_T0
15049 26 -3 0 S2_Nm1_T0
15051 26 -3 36.3430261425489 S2_Nm1_T0
15053 26 -3 62.0830671383114 S2_Nm1_T0
15054 26 -3 0 S2_Nm1_T0
15055 26 -3 0 S2_Nm1_T0
15056 26 -3 0 S2_Nm1_T0
15057 26 -3 2.77156787448308 S2_Nm1_T0
15059 26 -3 71.6586197077312 S2_Nm1_T0
15060 26 -3 2.13783610010103 S2_Nm1_T0
15063 26 -3 0 S2_Nm1_T0
15066 26 -3 14.6795223730733 S2_Nm1_T0
15069 26 -3 45.3993863024282 S2_Nm1_T0
15042 27 -3 0 S2_Nm1_T0
15045 27 -3 0 S2_Nm1_T0
15048 27 -3 0 S2_Nm1_T0
15049 27 -3 0 S2_Nm1_T0
15051 27 -3 0 S2_Nm1_T0
15053 27 -3 0 S2_Nm1_T0
15054 27 -3 0 S2_Nm1_T0
15055 27 -3 0 S2_Nm1_T0
15056 27 -3 0 S2_Nm1_T0
15057 27 -3 0 S2_Nm1_T0
15059 27 -3 0 S2_Nm1_T0
15060 27 -3 0 S2_Nm1_T0
15063 27 -3 0 S2_Nm1_T0
15066 27 -3 0 S2_Nm1_T0
15069 27 -3 0 S2_Nm1_T0
15042 28 -3 0 S2_Nm1_T0
15045 28 -3 0 S2_Nm1_T0
15048 28 -3 235.18422870858 S2_Nm1_T0
15049 28 -3 0 S2_Nm1_T0
15051 28 -3 96.1226195350238 S2_Nm1_T0
15053 28 -3 130.554173291918 S2_Nm1_T0
15054 28 -3 0 S2_Nm1_T0
15055 28 -3 0 S2_Nm1_T0
15056 28 -3 0 S2_Nm1_T0
15057 28 -3 10.6321798517819 S2_Nm1_T0
15059 28 -3 107.275052178834 S2_Nm1_T0
15060 28 -3 35.3764833307495 S2_Nm1_T0
15063 28 -3 0 S2_Nm1_T0
15066 28 -3 57.9070076430706 S2_Nm1_T0
15069 28 -3 93.7377427678036 S2_Nm1_T0
15042 29 -3 0 S2_Nm1_T0
15045 29 -3 0 S2_Nm1_T0
15048 29 -3 29.9425194620522 S2_Nm1_T0
15049 29 -3 0 S2_Nm1_T0
15051 29 -3 0 S2_Nm1_T0
15053 29 -3 0 S2_Nm1_T0
15054 29 -3 0 S2_Nm1_T0
15055 29 -3 0 S2_Nm1_T0
15056 29 -3 0 S2_Nm1_T0
15057 29 -3 0 S2_Nm1_T0
15059 29 -3 0 S2_Nm1_T0
15060 29 -3 0 S2_Nm1_T0
15063 29 -3 0 S2_Nm1_T0
15066 29 -3 0 S2_Nm1_T0
15069 29 -3 0 S2_Nm1_T0
15042 30 -3 0 S2_Nm1_T0
15045 30 -3 0 S2_Nm1_T0
15048 30 -3 3.89474719024026 S2_Nm1_T0
15049 30 -3 0 S2_Nm1_T0
15051 30 -3 0 S2_Nm1_T0
15053 30 -3 0 S2_Nm1_T0
15054 30 -3 0 S2_Nm1_T0
15055 30 -3 0 S2_Nm1_T0
15056 30 -3 0 S2_Nm1_T0
15057 30 -3 0 S2_Nm1_T0
15059 30 -3 0 S2_Nm1_T0
15060 30 -3 0 S2_Nm1_T0
15063 30 -3 0 S2_Nm1_T0
15066 30 -3 0 S2_Nm1_T0
15069 30 -3 0 S2_Nm1_T0
15042 31 -3 0 S2_Nm1_T0
15045 31 -3 0 S2_Nm1_T0
15048 31 -3 43.8034468930919 S2_Nm1_T0
15049 31 -3 0 S2_Nm1_T0
15051 31 -3 0 S2_Nm1_T0
15053 31 -3 0 S2_Nm1_T0
15054 31 -3 0 S2_Nm1_T0
15055 31 -3 0 S2_Nm1_T0
15056 31 -3 0 S2_Nm1_T0
15057 31 -3 0 S2_Nm1_T0
15059 31 -3 0 S2_Nm1_T0
15060 31 -3 0 S2_Nm1_T0
15063 31 -3 0 S2_Nm1_T0
15066 31 -3 0 S2_Nm1_T0
15069 31 -3 0 S2_Nm1_T0
15042 1 -5 0 S2_Nm1_T0
15045 1 -5 0 S2_Nm1_T0
15048 1 -5 0 S2_Nm1_T0
15049 1 -5 0 S2_Nm1_T0
15051 1 -5 0 S2_Nm1_T0
15053 1 -5 0 S2_Nm1_T0
15054 1 -5 0 S2_Nm1_T0
15055 1 -5 0 S2_Nm1_T0
15056 1 -5 0 S2_Nm1_T0
15057 1 -5 0 S2_Nm1_T0
15059 1 -5 0 S2_Nm1_T0
15060 1 -5 0 S2_Nm1_T0
15063 1 -5 0 S2_Nm1_T0
15066 1 -5 0 S2_Nm1_T0
15069 1 -5 0 S2_Nm1_T0
15042 2 -5 0 S2_Nm1_T0
15045 2 -5 0 S2_Nm1_T0
15048 2 -5 0 S2_Nm1_T0
15049 2 -5 0 S2_Nm1_T0
15051 2 -5 0 S2_Nm1_T0
15053 2 -5 0 S2_Nm1_T0
15054 2 -5 0 S2_Nm1_T0
15055 2 -5 0 S2_Nm1_T0
15056 2 -5 0 S2_Nm1_T0
15057 2 -5 0 S2_Nm1_T0
15059 2 -5 0 S2_Nm1_T0
15060 2 -5 0 S2_Nm1_T0
15063 2 -5 0 S2_Nm1_T0
15066 2 -5 0 S2_Nm1_T0
15069 2 -5 0 S2_Nm1_T0
15042 3 -5 0 S2_Nm1_T0
15045 3 -5 0 S2_Nm1_T0
15048 3 -5 0 S2_Nm1_T0
15049 3 -5 0 S2_Nm1_T0
15051 3 -5 0 S2_Nm1_T0
15053 3 -5 0 S2_Nm1_T0
15054 3 -5 0 S2_Nm1_T0
15055 3 -5 0 S2_Nm1_T0
15056 3 -5 0 S2_Nm1_T0
15057 3 -5 0 S2_Nm1_T0
15059 3 -5 0 S2_Nm1_T0
15060 3 -5 0 S2_Nm1_T0
15063 3 -5 0 S2_Nm1_T0
15066 3 -5 0 S2_Nm1_T0
15069 3 -5 0 S2_Nm1_T0
15042 4 -5 0 S2_Nm1_T0
15045 4 -5 0 S2_Nm1_T0
15048 4 -5 0 S2_Nm1_T0
15049 4 -5 0 S2_Nm1_T0
15051 4 -5 0 S2_Nm1_T0
15053 4 -5 0 S2_Nm1_T0
15054 4 -5 0 S2_Nm1_T0
15055 4 -5 0 S2_Nm1_T0
15056 4 -5 0 S2_Nm1_T0
15057 4 -5 0 S2_Nm1_T0
15059 4 -5 0 S2_Nm1_T0
15060 4 -5 0 S2_Nm1_T0
15063 4 -5 0 S2_Nm1_T0
15066 4 -5 0 S2_Nm1_T0
15069 4 -5 0 S2_Nm1_T0
15042 5 -5 0 S2_Nm1_T0
15045 5 -5 0 S2_Nm1_T0
15048 5 -5 0 S2_Nm1_T0
15049 5 -5 0 S2_Nm1_T0
15051 5 -5 0 S2_Nm1_T0
15053 5 -5 0 S2_Nm1_T0
15054 5 -5 0 S2_Nm1_T0
15055 5 -5 0 S2_Nm1_T0
15056 5 -5 0 S2_Nm1_T0
15057 5 -5 0 S2_Nm1_T0
15059 5 -5 0 S2_Nm1_T0
15060 5 -5 0 S2_Nm1_T0
15063 5 -5 0 S2_Nm1_T0
15066 5 -5 0 S2_Nm1_T0
15069 5 -5 0 S2_Nm1_T0
15042 6 -5 0 S2_Nm1_T0
15045 6 -5 0 S2_Nm1_T0
15048 6 -5 134.421037752803 S2_Nm1_T0
15049 6 -5 0 S2_Nm1_T0
15051 6 -5 0 S2_Nm1_T0
15053 6 -5 0 S2_Nm1_T0
15054 6 -5 0 S2_Nm1_T0
15055 6 -5 0 S2_Nm1_T0
15056 6 -5 0 S2_Nm1_T0
15057 6 -5 0 S2_Nm1_T0
15059 6 -5 0 S2_Nm1_T0
15060 6 -5 0 S2_Nm1_T0
15063 6 -5 0 S2_Nm1_T0
15066 6 -5 0 S2_Nm1_T0
15069 6 -5 0 S2_Nm1_T0
15042 7 -5 0 S2_Nm1_T0
15045 7 -5 0 S2_Nm1_T0
15048 7 -5 0 S2_Nm1_T0
15049 7 -5 0 S2_Nm1_T0
15051 7 -5 0 S2_Nm1_T0
15053 7 -5 0 S2_Nm1_T0
15054 7 -5 0 S2_Nm1_T0
15055 7 -5 0 S2_Nm1_T0
15056 7 -5 0 S2_Nm1_T0
15057 7 -5 0 S2_Nm1_T0
15059 7 -5 0 S2_Nm1_T0
15060 7 -5 0 S2_Nm1_T0
15063 7 -5 0 S2_Nm1_T0
15066 7 -5 0 S2_Nm1_T0
15069 7 -5 0 S2_Nm1_T0
15042 8 -5 0 S2_Nm1_T0
15045 8 -5 0 S2_Nm1_T0
15048 8 -5 0 S2_Nm1_T0
15049 8 -5 0 S2_Nm1_T0
15051 8 -5 0 S2_Nm1_T0
15053 8 -5 0 S2_Nm1_T0
15054 8 -5 0 S2_Nm1_T0
15055 8 -5 0 S2_Nm1_T0
15056 8 -5 0 S2_Nm1_T0
15057 8 -5 0 S2_Nm1_T0
15059 8 -5 0 S2_Nm1_T0
15060 8 -5 0 S2_Nm1_T0
15063 8 -5 0 S2_Nm1_T0
15066 8 -5 0 S2_Nm1_T0
15069 8 -5 0 S2_Nm1_T0
15042 9 -5 0 S2_Nm1_T0
15045 9 -5 0 S2_Nm1_T0
15048 9 -5 0 S2_Nm1_T0
15049 9 -5 0 S2_Nm1_T0
15051 9 -5 0 S2_Nm1_T0
15053 9 -5 0 S2_Nm1_T0
15054 9 -5 0 S2_Nm1_T0
15055 9 -5 0 S2_Nm1_T0
15056 9 -5 0 S2_Nm1_T0
15057 9 -5 0 S2_Nm1_T0
15059 9 -5 0 S2_Nm1_T0
15060 9 -5 0 S2_Nm1_T0
15063 9 -5 0 S2_Nm1_T0
15066 9 -5 0 S2_Nm1_T0
15069 9 -5 0 S2_Nm1_T0
15042 10 -5 0 S2_Nm1_T0
15045 10 -5 0 S2_Nm1_T0
15048 10 -5 0 S2_Nm1_T0
15049 10 -5 0 S2_Nm1_T0
15051 10 -5 0 S2_Nm1_T0
15053 10 -5 0 S2_Nm1_T0
15054 10 -5 0 S2_Nm1_T0
15055 10 -5 0 S2_Nm1_T0
15056 10 -5 0 S2_Nm1_T0
15057 10 -5 0 S2_Nm1_T0
15059 10 -5 0 S2_Nm1_T0
15060 10 -5 0 S2_Nm1_T0
15063 10 -5 0 S2_Nm1_T0
15066 10 -5 0 S2_Nm1_T0
15069 10 -5 0 S2_Nm1_T0
15042 11 -5 0 S2_Nm1_T0
15045 11 -5 0 S2_Nm1_T0
15048 11 -5 0 S2_Nm1_T0
15049 11 -5 0 S2_Nm1_T0
15051 11 -5 0 S2_Nm1_T0
15053 11 -5 0 S2_Nm1_T0
15054 11 -5 0 S2_Nm1_T0
15055 11 -5 0 S2_Nm1_T0
15056 11 -5 0 S2_Nm1_T0
15057 11 -5 0 S2_Nm1_T0
15059 11 -5 0 S2_Nm1_T0
15060 11 -5 0 S2_Nm1_T0
15063 11 -5 0 S2_Nm1_T0
15066 11 -5 0 S2_Nm1_T0
15069 11 -5 0 S2_Nm1_T0
15042 12 -5 0 S2_Nm1_T0
15045 12 -5 0 S2_Nm1_T0
15048 12 -5 0 S2_Nm1_T0
15049 12 -5 0 S2_Nm1_T0
15051 12 -5 0 S2_Nm1_T0
15053 12 -5 0 S2_Nm1_T0
15054 12 -5 0 S2_Nm1_T0
15055 12 -5 0 S2_Nm1_T0
15056 12 -5 0 S2_Nm1_T0
15057 12 -5 0 S2_Nm1_T0
15059 12 -5 0 S2_Nm1_T0
15060 12 -5 0 S2_Nm1_T0
15063 12 -5 0 S2_Nm1_T0
15066 12 -5 0 S2_Nm1_T0
15069 12 -5 0 S2_Nm1_T0
15042 13 -5 0 S2_Nm1_T0
15045 13 -5 0 S2_Nm1_T0
15048 13 -5 0 S2_Nm1_T0
15049 13 -5 0 S2_Nm1_T0
15051 13 -5 0 S2_Nm1_T0
15053 13 -5 0 S2_Nm1_T0
15054 13 -5 0 S2_Nm1_T0
15055 13 -5 0 S2_Nm1_T0
15056 13 -5 0 S2_Nm1_T0
15057 13 -5 0 S2_Nm1_T0
15059 13 -5 0 S2_Nm1_T0
15060 13 -5 0 S2_Nm1_T0
15063 13 -5 0 S2_Nm1_T0
15066 13 -5 0 S2_Nm1_T0
15069 13 -5 0 S2_Nm1_T0
15042 14 -5 0 S2_Nm1_T0
15045 14 -5 0 S2_Nm1_T0
15048 14 -5 0 S2_Nm1_T0
15049 14 -5 0 S2_Nm1_T0
15051 14 -5 0 S2_Nm1_T0
15053 14 -5 0 S2_Nm1_T0
15054 14 -5 0 S2_Nm1_T0
15055 14 -5 0 S2_Nm1_T0
15056 14 -5 0 S2_Nm1_T0
15057 14 -5 0 S2_Nm1_T0
15059 14 -5 0 S2_Nm1_T0
15060 14 -5 0 S2_Nm1_T0
15063 14 -5 0 S2_Nm1_T0
15066 14 -5 0 S2_Nm1_T0
15069 14 -5 0 S2_Nm1_T0
15042 15 -5 0 S2_Nm1_T0
15045 15 -5 0 S2_Nm1_T0
15048 15 -5 246.03804260988 S2_Nm1_T0
15049 15 -5 0 S2_Nm1_T0
15051 15 -5 0 S2_Nm1_T0
15053 15 -5 0 S2_Nm1_T0
15054 15 -5 0 S2_Nm1_T0
15055 15 -5 0 S2_Nm1_T0
15056 15 -5 0 S2_Nm1_T0
15057 15 -5 0 S2_Nm1_T0
15059 15 -5 5.73705929143254 S2_Nm1_T0
15060 15 -5 0 S2_Nm1_T0
15063 15 -5 0 S2_Nm1_T0
15066 15 -5 0 S2_Nm1_T0
15069 15 -5 0 S2_Nm1_T0
15042 16 -5 0 S2_Nm1_T0
15045 16 -5 0 S2_Nm1_T0
15048 16 -5 22.1100840350933 S2_Nm1_T0
15049 16 -5 0 S2_Nm1_T0
15051 16 -5 0 S2_Nm1_T0
15053 16 -5 0 S2_Nm1_T0
15054 16 -5 0 S2_Nm1_T0
15055 16 -5 0 S2_Nm1_T0
15056 16 -5 0 S2_Nm1_T0
15057 16 -5 0 S2_Nm1_T0
15059 16 -5 0 S2_Nm1_T0
15060 16 -5 0 S2_Nm1_T0
15063 16 -5 0 S2_Nm1_T0
15066 16 -5 0 S2_Nm1_T0
15069 16 -5 0 S2_Nm1_T0
15042 17 -5 0 S2_Nm1_T0
15045 17 -5 0 S2_Nm1_T0
15048 17 -5 131.553807177943 S2_Nm1_T0
15049 17 -5 0 S2_Nm1_T0
15051 17 -5 0 S2_Nm1_T0
15053 17 -5 0 S2_Nm1_T0
15054 17 -5 0 S2_Nm1_T0
15055 17 -5 0 S2_Nm1_T0
15056 17 -5 0 S2_Nm1_T0
15057 17 -5 0 S2_Nm1_T0
15059 17 -5 0 S2_Nm1_T0
15060 17 -5 0 S2_Nm1_T0
15063 17 -5 0 S2_Nm1_T0
15066 17 -5 0 S2_Nm1_T0
15069 17 -5 0 S2_Nm1_T0
15042 18 -5 0 S2_Nm1_T0
15045 18 -5 0 S2_Nm1_T0
15048 18 -5 0 S2_Nm1_T0
15049 18 -5 0 S2_Nm1_T0
15051 18 -5 0 S2_Nm1_T0
15053 18 -5 0 S2_Nm1_T0
15054 18 -5 0 S2_Nm1_T0
15055 18 -5 0 S2_Nm1_T0
15056 18 -5 0 S2_Nm1_T0
15057 18 -5 0 S2_Nm1_T0
15059 18 -5 0 S2_Nm1_T0
15060 18 -5 0 S2_Nm1_T0
15063 18 -5 0 S2_Nm1_T0
15066 18 -5 0 S2_Nm1_T0
15069 18 -5 0 S2_Nm1_T0
15042 19 -5 0 S2_Nm1_T0
15045 19 -5 0 S2_Nm1_T0
15048 19 -5 0 S2_Nm1_T0
15049 19 -5 0 S2_Nm1_T0
15051 19 -5 0 S2_Nm1_T0
15053 19 -5 0 S2_Nm1_T0
15054 19 -5 0 S2_Nm1_T0
15055 19 -5 0 S2_Nm1_T0
15056 19 -5 0 S2_Nm1_T0
15057 19 -5 0 S2_Nm1_T0
15059 19 -5 0 S2_Nm1_T0
15060 19 -5 0 S2_Nm1_T0
15063 19 -5 0 S2_Nm1_T0
15066 19 -5 0 S2_Nm1_T0
15069 19 -5 0 S2_Nm1_T0
15042 20 -5 0 S2_Nm1_T0
15045 20 -5 0 S2_Nm1_T0
15048 20 -5 138.711698615615 S2_Nm1_T0
15049 20 -5 0 S2_Nm1_T0
15051 20 -5 0 S2_Nm1_T0
15053 20 -5 0 S2_Nm1_T0
15054 20 -5 0 S2_Nm1_T0
15055 20 -5 0 S2_Nm1_T0
15056 20 -5 0 S2_Nm1_T0
15057 20 -5 0 S2_Nm1_T0
15059 20 -5 12.2373148311618 S2_Nm1_T0
15060 20 -5 0 S2_Nm1_T0
15063 20 -5 0 S2_Nm1_T0
15066 20 -5 0 S2_Nm1_T0
15069 20 -5 0 S2_Nm1_T0
15042 21 -5 0 S2_Nm1_T0
15045 21 -5 0 S2_Nm1_T0
15048 21 -5 0 S2_Nm1_T0
15049 21 -5 0 S2_Nm1_T0
15051 21 -5 0 S2_Nm1_T0
15053 21 -5 0 S2_Nm1_T0
15054 21 -5 0 S2_Nm1_T0
15055 21 -5 0 S2_Nm1_T0
15056 21 -5 0 S2_Nm1_T0
15057 21 -5 0 S2_Nm1_T0
15059 21 -5 0 S2_Nm1_T0
15060 21 -5 0 S2_Nm1_T0
15063 21 -5 0 S2_Nm1_T0
15066 21 -5 0 S2_Nm1_T0
15069 21 -5 0 S2_Nm1_T0
15042 22 -5 0 S2_Nm1_T0
15045 22 -5 0 S2_Nm1_T0
15048 22 -5 0 S2_Nm1_T0
15049 22 -5 0 S2_Nm1_T0
15051 22 -5 0 S2_Nm1_T0
15053 22 -5 0 S2_Nm1_T0
15054 22 -5 0 S2_Nm1_T0
15055 22 -5 0 S2_Nm1_T0
15056 22 -5 0 S2_Nm1_T0
15057 22 -5 0 S2_Nm1_T0
15059 22 -5 0 S2_Nm1_T0
15060 22 -5 0 S2_Nm1_T0
15063 22 -5 0 S2_Nm1_T0
15066 22 -5 0 S2_Nm1_T0
15069 22 -5 0 S2_Nm1_T0
15042 23 -5 0 S2_Nm1_T0
15045 23 -5 0 S2_Nm1_T0
15048 23 -5 2.90100501250178 S2_Nm1_T0
15049 23 -5 0 S2_Nm1_T0
15051 23 -5 0 S2_Nm1_T0
15053 23 -5 0 S2_Nm1_T0
15054 23 -5 0 S2_Nm1_T0
15055 23 -5 0 S2_Nm1_T0
15056 23 -5 0 S2_Nm1_T0
15057 23 -5 0 S2_Nm1_T0
15059 23 -5 0 S2_Nm1_T0
15060 23 -5 0 S2_Nm1_T0
15063 23 -5 0 S2_Nm1_T0
15066 23 -5 0 S2_Nm1_T0
15069 23 -5 0 S2_Nm1_T0
15042 24 -5 0 S2_Nm1_T0
15045 24 -5 0 S2_Nm1_T0
15048 24 -5 0 S2_Nm1_T0
15049 24 -5 0 S2_Nm1_T0
15051 24 -5 0 S2_Nm1_T0
15053 24 -5 0 S2_Nm1_T0
15054 24 -5 0 S2_Nm1_T0
15055 24 -5 0 S2_Nm1_T0
15056 24 -5 0 S2_Nm1_T0
15057 24 -5 0 S2_Nm1_T0
15059 24 -5 0 S2_Nm1_T0
15060 24 -5 0 S2_Nm1_T0
15063 24 -5 0 S2_Nm1_T0
15066 24 -5 0 S2_Nm1_T0
15069 24 -5 0 S2_Nm1_T0
15042 25 -5 0 S2_Nm1_T0
15045 25 -5 0 S2_Nm1_T0
15048 25 -5 0 S2_Nm1_T0
15049 25 -5 0 S2_Nm1_T0
15051 25 -5 0 S2_Nm1_T0
15053 25 -5 0 S2_Nm1_T0
15054 25 -5 0 S2_Nm1_T0
15055 25 -5 0 S2_Nm1_T0
15056 25 -5 0 S2_Nm1_T0
15057 25 -5 0 S2_Nm1_T0
15059 25 -5 0 S2_Nm1_T0
15060 25 -5 0 S2_Nm1_T0
15063 25 -5 0 S2_Nm1_T0
15066 25 -5 0 S2_Nm1_T0
15069 25 -5 0 S2_Nm1_T0
15042 26 -5 0 S2_Nm1_T0
15045 26 -5 0 S2_Nm1_T0
15048 26 -5 3.12591785374942 S2_Nm1_T0
15049 26 -5 0 S2_Nm1_T0
15051 26 -5 0 S2_Nm1_T0
15053 26 -5 0 S2_Nm1_T0
15054 26 -5 0 S2_Nm1_T0
15055 26 -5 0 S2_Nm1_T0
15056 26 -5 0 S2_Nm1_T0
15057 26 -5 0 S2_Nm1_T0
15059 26 -5 0 S2_Nm1_T0
15060 26 -5 0 S2_Nm1_T0
15063 26 -5 0 S2_Nm1_T0
15066 26 -5 0 S2_Nm1_T0
15069 26 -5 0 S2_Nm1_T0
15042 27 -5 0 S2_Nm1_T0
15045 27 -5 0 S2_Nm1_T0
15048 27 -5 0 S2_Nm1_T0
15049 27 -5 0 S2_Nm1_T0
15051 27 -5 0 S2_Nm1_T0
15053 27 -5 0 S2_Nm1_T0
15054 27 -5 0 S2_Nm1_T0
15055 27 -5 0 S2_Nm1_T0
15056 27 -5 0 S2_Nm1_T0
15057 27 -5 0 S2_Nm1_T0
15059 27 -5 0 S2_Nm1_T0
15060 27 -5 0 S2_Nm1_T0
15063 27 -5 0 S2_Nm1_T0
15066 27 -5 0 S2_Nm1_T0
15069 27 -5 0 S2_Nm1_T0
15042 28 -5 0 S2_Nm1_T0
15045 28 -5 0 S2_Nm1_T0
15048 28 -5 20.4467442221006 S2_Nm1_T0
15049 28 -5 0 S2_Nm1_T0
15051 28 -5 0 S2_Nm1_T0
15053 28 -5 0 S2_Nm1_T0
15054 28 -5 0 S2_Nm1_T0
15055 28 -5 0 S2_Nm1_T0
15056 28 -5 0 S2_Nm1_T0
15057 28 -5 0 S2_Nm1_T0
15059 28 -5 0 S2_Nm1_T0
15060 28 -5 0 S2_Nm1_T0
15063 28 -5 0 S2_Nm1_T0
15066 28 -5 0 S2_Nm1_T0
15069 28 -5 0 S2_Nm1_T0
15042 29 -5 0 S2_Nm1_T0
15045 29 -5 0 S2_Nm1_T0
15048 29 -5 0 S2_Nm1_T0
15049 29 -5 0 S2_Nm1_T0
15051 29 -5 0 S2_Nm1_T0
15053 29 -5 0 S2_Nm1_T0
15054 29 -5 0 S2_Nm1_T0
15055 29 -5 0 S2_Nm1_T0
15056 29 -5 0 S2_Nm1_T0
15057 29 -5 0 S2_Nm1_T0
15059 29 -5 0 S2_Nm1_T0
15060 29 -5 0 S2_Nm1_T0
15063 29 -5 0 S2_Nm1_T0
15066 29 -5 0 S2_Nm1_T0
15069 29 -5 0 S2_Nm1_T0
15042 30 -5 0 S2_Nm1_T0
15045 30 -5 0 S2_Nm1_T0
15048 30 -5 0 S2_Nm1_T0
15049 30 -5 0 S2_Nm1_T0
15051 30 -5 0 S2_Nm1_T0
15053 30 -5 0 S2_Nm1_T0
15054 30 -5 0 S2_Nm1_T0
15055 30 -5 0 S2_Nm1_T0
15056 30 -5 0 S2_Nm1_T0
15057 30 -5 0 S2_Nm1_T0
15059 30 -5 0 S2_Nm1_T0
15060 30 -5 0 S2_Nm1_T0
15063 30 -5 0 S2_Nm1_T0
15066 30 -5 0 S2_Nm1_T0
15069 30 -5 0 S2_Nm1_T0
15042 31 -5 0 S2_Nm1_T0
15045 31 -5 0 S2_Nm1_T0
15048 31 -5 0 S2_Nm1_T0
15049 31 -5 0 S2_Nm1_T0
15051 31 -5 0 S2_Nm1_T0
15053 31 -5 0 S2_Nm1_T0
15054 31 -5 0 S2_Nm1_T0
15055 31 -5 0 S2_Nm1_T0
15056 31 -5 0 S2_Nm1_T0
15057 31 -5 0 S2_Nm1_T0
15059 31 -5 0 S2_Nm1_T0
15060 31 -5 0 S2_Nm1_T0
15063 31 -5 0 S2_Nm1_T0
15066 31 -5 0 S2_Nm1_T0
15069 31 -5 0 S2_Nm1_T0
