speciesID lakeID variable value scenario
14011 1 -0.5 20.2591406779839 S2_Nm1_T1
14012 1 -0.5 26.8082191642539 S2_Nm1_T1
14013 1 -0.5 119.944457978983 S2_Nm1_T1
14015 1 -0.5 0 S2_Nm1_T1
14017 1 -0.5 225.749342855692 S2_Nm1_T1
14018 1 -0.5 0 S2_Nm1_T1
14022 1 -0.5 246.84222436531 S2_Nm1_T1
14023 1 -0.5 0 S2_Nm1_T1
14025 1 -0.5 0 S2_Nm1_T1
14027 1 -0.5 52.1768280371418 S2_Nm1_T1
14029 1 -0.5 112.568578769641 S2_Nm1_T1
14030 1 -0.5 0 S2_Nm1_T1
14031 1 -0.5 0 S2_Nm1_T1
14032 1 -0.5 288.833757171588 S2_Nm1_T1
14033 1 -0.5 0 S2_Nm1_T1
14011 2 -0.5 0 S2_Nm1_T1
14012 2 -0.5 0 S2_Nm1_T1
14013 2 -0.5 0 S2_Nm1_T1
14015 2 -0.5 0 S2_Nm1_T1
14017 2 -0.5 0 S2_Nm1_T1
14018 2 -0.5 0 S2_Nm1_T1
14022 2 -0.5 0 S2_Nm1_T1
14023 2 -0.5 0 S2_Nm1_T1
14025 2 -0.5 0 S2_Nm1_T1
14027 2 -0.5 0 S2_Nm1_T1
14029 2 -0.5 0 S2_Nm1_T1
14030 2 -0.5 0 S2_Nm1_T1
14031 2 -0.5 0 S2_Nm1_T1
14032 2 -0.5 0 S2_Nm1_T1
14033 2 -0.5 0 S2_Nm1_T1
14011 3 -0.5 0 S2_Nm1_T1
14012 3 -0.5 0 S2_Nm1_T1
14013 3 -0.5 0 S2_Nm1_T1
14015 3 -0.5 0 S2_Nm1_T1
14017 3 -0.5 0 S2_Nm1_T1
14018 3 -0.5 0 S2_Nm1_T1
14022 3 -0.5 0 S2_Nm1_T1
14023 3 -0.5 0 S2_Nm1_T1
14025 3 -0.5 0 S2_Nm1_T1
14027 3 -0.5 0 S2_Nm1_T1
14029 3 -0.5 0 S2_Nm1_T1
14030 3 -0.5 0 S2_Nm1_T1
14031 3 -0.5 0 S2_Nm1_T1
14032 3 -0.5 0 S2_Nm1_T1
14033 3 -0.5 0 S2_Nm1_T1
14011 4 -0.5 0 S2_Nm1_T1
14012 4 -0.5 0 S2_Nm1_T1
14013 4 -0.5 24.4147186388754 S2_Nm1_T1
14015 4 -0.5 0 S2_Nm1_T1
14017 4 -0.5 4.60567597023427 S2_Nm1_T1
14018 4 -0.5 0 S2_Nm1_T1
14022 4 -0.5 148.684608974096 S2_Nm1_T1
14023 4 -0.5 0 S2_Nm1_T1
14025 4 -0.5 0 S2_Nm1_T1
14027 4 -0.5 0 S2_Nm1_T1
14029 4 -0.5 8.58867662600562 S2_Nm1_T1
14030 4 -0.5 0 S2_Nm1_T1
14031 4 -0.5 0 S2_Nm1_T1
14032 4 -0.5 105.751377248231 S2_Nm1_T1
14033 4 -0.5 0 S2_Nm1_T1
14011 5 -0.5 0 S2_Nm1_T1
14012 5 -0.5 0 S2_Nm1_T1
14013 5 -0.5 0 S2_Nm1_T1
14015 5 -0.5 0 S2_Nm1_T1
14017 5 -0.5 0 S2_Nm1_T1
14018 5 -0.5 0 S2_Nm1_T1
14022 5 -0.5 0 S2_Nm1_T1
14023 5 -0.5 0 S2_Nm1_T1
14025 5 -0.5 0 S2_Nm1_T1
14027 5 -0.5 0 S2_Nm1_T1
14029 5 -0.5 0 S2_Nm1_T1
14030 5 -0.5 0 S2_Nm1_T1
14031 5 -0.5 0 S2_Nm1_T1
14032 5 -0.5 0 S2_Nm1_T1
14033 5 -0.5 0 S2_Nm1_T1
14011 6 -0.5 0 S2_Nm1_T1
14012 6 -0.5 0 S2_Nm1_T1
14013 6 -0.5 7.22677413462318 S2_Nm1_T1
14015 6 -0.5 0 S2_Nm1_T1
14017 6 -0.5 0 S2_Nm1_T1
14018 6 -0.5 0 S2_Nm1_T1
14022 6 -0.5 98.478690164181 S2_Nm1_T1
14023 6 -0.5 0 S2_Nm1_T1
14025 6 -0.5 0 S2_Nm1_T1
14027 6 -0.5 0 S2_Nm1_T1
14029 6 -0.5 2.16555237770691 S2_Nm1_T1
14030 6 -0.5 0 S2_Nm1_T1
14031 6 -0.5 0 S2_Nm1_T1
14032 6 -0.5 38.2757552567347 S2_Nm1_T1
14033 6 -0.5 0 S2_Nm1_T1
14011 7 -0.5 0 S2_Nm1_T1
14012 7 -0.5 0 S2_Nm1_T1
14013 7 -0.5 0 S2_Nm1_T1
14015 7 -0.5 0 S2_Nm1_T1
14017 7 -0.5 0 S2_Nm1_T1
14018 7 -0.5 0 S2_Nm1_T1
14022 7 -0.5 0 S2_Nm1_T1
14023 7 -0.5 0 S2_Nm1_T1
14025 7 -0.5 0 S2_Nm1_T1
14027 7 -0.5 0 S2_Nm1_T1
14029 7 -0.5 0 S2_Nm1_T1
14030 7 -0.5 0 S2_Nm1_T1
14031 7 -0.5 0 S2_Nm1_T1
14032 7 -0.5 0 S2_Nm1_T1
14033 7 -0.5 0 S2_Nm1_T1
14011 8 -0.5 8.20332168641557 S2_Nm1_T1
14012 8 -0.5 11.2602517379414 S2_Nm1_T1
14013 8 -0.5 100.928859217311 S2_Nm1_T1
14015 8 -0.5 0 S2_Nm1_T1
14017 8 -0.5 149.508755119011 S2_Nm1_T1
14018 8 -0.5 0 S2_Nm1_T1
14022 8 -0.5 224.796585947356 S2_Nm1_T1
14023 8 -0.5 0 S2_Nm1_T1
14025 8 -0.5 0 S2_Nm1_T1
14027 8 -0.5 28.31653492516 S2_Nm1_T1
14029 8 -0.5 92.4624404556999 S2_Nm1_T1
14030 8 -0.5 0 S2_Nm1_T1
14031 8 -0.5 0 S2_Nm1_T1
14032 8 -0.5 253.895316488216 S2_Nm1_T1
14033 8 -0.5 0 S2_Nm1_T1
14011 9 -0.5 0 S2_Nm1_T1
14012 9 -0.5 0 S2_Nm1_T1
14013 9 -0.5 3.04471462840549 S2_Nm1_T1
14015 9 -0.5 0 S2_Nm1_T1
14017 9 -0.5 0 S2_Nm1_T1
14018 9 -0.5 0 S2_Nm1_T1
14022 9 -0.5 89.2059995201926 S2_Nm1_T1
14023 9 -0.5 0 S2_Nm1_T1
14025 9 -0.5 0 S2_Nm1_T1
14027 9 -0.5 0 S2_Nm1_T1
14029 9 -0.5 0 S2_Nm1_T1
14030 9 -0.5 0 S2_Nm1_T1
14031 9 -0.5 0 S2_Nm1_T1
14032 9 -0.5 25.1558713944318 S2_Nm1_T1
14033 9 -0.5 0 S2_Nm1_T1
14011 10 -0.5 6.17817677659108 S2_Nm1_T1
14012 10 -0.5 7.9495692578993 S2_Nm1_T1
14013 10 -0.5 101.345041856151 S2_Nm1_T1
14015 10 -0.5 0 S2_Nm1_T1
14017 10 -0.5 158.517869257152 S2_Nm1_T1
14018 10 -0.5 0 S2_Nm1_T1
14022 10 -0.5 232.367195119729 S2_Nm1_T1
14023 10 -0.5 0 S2_Nm1_T1
14025 10 -0.5 0 S2_Nm1_T1
14027 10 -0.5 23.2429738963894 S2_Nm1_T1
14029 10 -0.5 100.444979062446 S2_Nm1_T1
14030 10 -0.5 0 S2_Nm1_T1
14031 10 -0.5 0 S2_Nm1_T1
14032 10 -0.5 251.279910898275 S2_Nm1_T1
14033 10 -0.5 0 S2_Nm1_T1
14011 11 -0.5 3.20350515453065 S2_Nm1_T1
14012 11 -0.5 5.74576559146651 S2_Nm1_T1
14013 11 -0.5 81.0849933676691 S2_Nm1_T1
14015 11 -0.5 0 S2_Nm1_T1
14017 11 -0.5 136.553198851258 S2_Nm1_T1
14018 11 -0.5 0 S2_Nm1_T1
14022 11 -0.5 219.410686952259 S2_Nm1_T1
14023 11 -0.5 0 S2_Nm1_T1
14025 11 -0.5 0 S2_Nm1_T1
14027 11 -0.5 21.4621385631131 S2_Nm1_T1
14029 11 -0.5 40.8618724846684 S2_Nm1_T1
14030 11 -0.5 0 S2_Nm1_T1
14031 11 -0.5 0 S2_Nm1_T1
14032 11 -0.5 238.599034903141 S2_Nm1_T1
14033 11 -0.5 0 S2_Nm1_T1
14011 12 -0.5 3.19409424818723 S2_Nm1_T1
14012 12 -0.5 4.76864295928986 S2_Nm1_T1
14013 12 -0.5 72.0018496584705 S2_Nm1_T1
14015 12 -0.5 0 S2_Nm1_T1
14017 12 -0.5 97.980501496035 S2_Nm1_T1
14018 12 -0.5 0 S2_Nm1_T1
14022 12 -0.5 202.547099541131 S2_Nm1_T1
14023 12 -0.5 0 S2_Nm1_T1
14025 12 -0.5 0 S2_Nm1_T1
14027 12 -0.5 16.9796388047013 S2_Nm1_T1
14029 12 -0.5 24.3968899632997 S2_Nm1_T1
14030 12 -0.5 0 S2_Nm1_T1
14031 12 -0.5 0 S2_Nm1_T1
14032 12 -0.5 224.194731492128 S2_Nm1_T1
14033 12 -0.5 0 S2_Nm1_T1
14011 13 -0.5 0 S2_Nm1_T1
14012 13 -0.5 0 S2_Nm1_T1
14013 13 -0.5 0 S2_Nm1_T1
14015 13 -0.5 0 S2_Nm1_T1
14017 13 -0.5 0 S2_Nm1_T1
14018 13 -0.5 0 S2_Nm1_T1
14022 13 -0.5 0 S2_Nm1_T1
14023 13 -0.5 0 S2_Nm1_T1
14025 13 -0.5 0 S2_Nm1_T1
14027 13 -0.5 0 S2_Nm1_T1
14029 13 -0.5 0 S2_Nm1_T1
14030 13 -0.5 0 S2_Nm1_T1
14031 13 -0.5 0 S2_Nm1_T1
14032 13 -0.5 0 S2_Nm1_T1
14033 13 -0.5 0 S2_Nm1_T1
14011 14 -0.5 0 S2_Nm1_T1
14012 14 -0.5 0 S2_Nm1_T1
14013 14 -0.5 0 S2_Nm1_T1
14015 14 -0.5 0 S2_Nm1_T1
14017 14 -0.5 0 S2_Nm1_T1
14018 14 -0.5 0 S2_Nm1_T1
14022 14 -0.5 0 S2_Nm1_T1
14023 14 -0.5 0 S2_Nm1_T1
14025 14 -0.5 0 S2_Nm1_T1
14027 14 -0.5 0 S2_Nm1_T1
14029 14 -0.5 0 S2_Nm1_T1
14030 14 -0.5 0 S2_Nm1_T1
14031 14 -0.5 0 S2_Nm1_T1
14032 14 -0.5 0 S2_Nm1_T1
14033 14 -0.5 0 S2_Nm1_T1
14011 15 -0.5 21.6797579931798 S2_Nm1_T1
14012 15 -0.5 24.3856235448336 S2_Nm1_T1
14013 15 -0.5 124.711574115169 S2_Nm1_T1
14015 15 -0.5 0 S2_Nm1_T1
14017 15 -0.5 219.207330604371 S2_Nm1_T1
14018 15 -0.5 0 S2_Nm1_T1
14022 15 -0.5 251.994718998301 S2_Nm1_T1
14023 15 -0.5 0 S2_Nm1_T1
14025 15 -0.5 0 S2_Nm1_T1
14027 15 -0.5 45.2471198137935 S2_Nm1_T1
14029 15 -0.5 138.329064625825 S2_Nm1_T1
14030 15 -0.5 1.73777511419311 S2_Nm1_T1
14031 15 -0.5 0 S2_Nm1_T1
14032 15 -0.5 289.373432950765 S2_Nm1_T1
14033 15 -0.5 0 S2_Nm1_T1
14011 16 -0.5 30.3939625244351 S2_Nm1_T1
14012 16 -0.5 36.1209920752193 S2_Nm1_T1
14013 16 -0.5 127.168357026389 S2_Nm1_T1
14015 16 -0.5 0 S2_Nm1_T1
14017 16 -0.5 225.603754342524 S2_Nm1_T1
14018 16 -0.5 0 S2_Nm1_T1
14022 16 -0.5 245.869255106578 S2_Nm1_T1
14023 16 -0.5 0 S2_Nm1_T1
14025 16 -0.5 0 S2_Nm1_T1
14027 16 -0.5 58.1588774611915 S2_Nm1_T1
14029 16 -0.5 123.956923159572 S2_Nm1_T1
14030 16 -0.5 0 S2_Nm1_T1
14031 16 -0.5 0 S2_Nm1_T1
14032 16 -0.5 300.473900307814 S2_Nm1_T1
14033 16 -0.5 0 S2_Nm1_T1
14011 17 -0.5 0 S2_Nm1_T1
14012 17 -0.5 0 S2_Nm1_T1
14013 17 -0.5 0 S2_Nm1_T1
14015 17 -0.5 0 S2_Nm1_T1
14017 17 -0.5 0 S2_Nm1_T1
14018 17 -0.5 0 S2_Nm1_T1
14022 17 -0.5 0 S2_Nm1_T1
14023 17 -0.5 0 S2_Nm1_T1
14025 17 -0.5 0 S2_Nm1_T1
14027 17 -0.5 0 S2_Nm1_T1
14029 17 -0.5 0 S2_Nm1_T1
14030 17 -0.5 0 S2_Nm1_T1
14031 17 -0.5 0 S2_Nm1_T1
14032 17 -0.5 0 S2_Nm1_T1
14033 17 -0.5 0 S2_Nm1_T1
14011 18 -0.5 11.4009164433178 S2_Nm1_T1
14012 18 -0.5 16.0219283493295 S2_Nm1_T1
14013 18 -0.5 100.741741134691 S2_Nm1_T1
14015 18 -0.5 0 S2_Nm1_T1
14017 18 -0.5 164.982026873901 S2_Nm1_T1
14018 18 -0.5 0 S2_Nm1_T1
14022 18 -0.5 224.020745153232 S2_Nm1_T1
14023 18 -0.5 0 S2_Nm1_T1
14025 18 -0.5 0 S2_Nm1_T1
14027 18 -0.5 37.4393132575022 S2_Nm1_T1
14029 18 -0.5 70.598863045331 S2_Nm1_T1
14030 18 -0.5 0 S2_Nm1_T1
14031 18 -0.5 0 S2_Nm1_T1
14032 18 -0.5 259.149319111786 S2_Nm1_T1
14033 18 -0.5 0 S2_Nm1_T1
14011 19 -0.5 2.7770852556733 S2_Nm1_T1
14012 19 -0.5 2.58958514327849 S2_Nm1_T1
14013 19 -0.5 88.0007472369074 S2_Nm1_T1
14015 19 -0.5 0 S2_Nm1_T1
14017 19 -0.5 111.938587413746 S2_Nm1_T1
14018 19 -0.5 0 S2_Nm1_T1
14022 19 -0.5 217.900241292718 S2_Nm1_T1
14023 19 -0.5 0 S2_Nm1_T1
14025 19 -0.5 0 S2_Nm1_T1
14027 19 -0.5 7.47713570371286 S2_Nm1_T1
14029 19 -0.5 83.5129637566554 S2_Nm1_T1
14030 19 -0.5 0 S2_Nm1_T1
14031 19 -0.5 0 S2_Nm1_T1
14032 19 -0.5 222.061309579845 S2_Nm1_T1
14033 19 -0.5 0 S2_Nm1_T1
14011 20 -0.5 31.9840893645403 S2_Nm1_T1
14012 20 -0.5 37.4024473564433 S2_Nm1_T1
14013 20 -0.5 130.963317600243 S2_Nm1_T1
14015 20 -0.5 0 S2_Nm1_T1
14017 20 -0.5 233.443974799364 S2_Nm1_T1
14018 20 -0.5 0 S2_Nm1_T1
14022 20 -0.5 251.778957242413 S2_Nm1_T1
14023 20 -0.5 0 S2_Nm1_T1
14025 20 -0.5 0 S2_Nm1_T1
14027 20 -0.5 58.6078300135883 S2_Nm1_T1
14029 20 -0.5 135.017361560166 S2_Nm1_T1
14030 20 -0.5 1.26361764234409 S2_Nm1_T1
14031 20 -0.5 0 S2_Nm1_T1
14032 20 -0.5 307.022541413106 S2_Nm1_T1
14033 20 -0.5 0 S2_Nm1_T1
14011 21 -0.5 2.23018663005619 S2_Nm1_T1
14012 21 -0.5 2.15856985236493 S2_Nm1_T1
14013 21 -0.5 86.361857223277 S2_Nm1_T1
14015 21 -0.5 0 S2_Nm1_T1
14017 21 -0.5 116.940528769354 S2_Nm1_T1
14018 21 -0.5 0 S2_Nm1_T1
14022 21 -0.5 219.46089425823 S2_Nm1_T1
14023 21 -0.5 0 S2_Nm1_T1
14025 21 -0.5 0 S2_Nm1_T1
14027 21 -0.5 6.63285045576591 S2_Nm1_T1
14029 21 -0.5 82.6861055893329 S2_Nm1_T1
14030 21 -0.5 0 S2_Nm1_T1
14031 21 -0.5 0 S2_Nm1_T1
14032 21 -0.5 221.102012107961 S2_Nm1_T1
14033 21 -0.5 0 S2_Nm1_T1
14011 22 -0.5 30.8615368206746 S2_Nm1_T1
14012 22 -0.5 37.1176626384948 S2_Nm1_T1
14013 22 -0.5 132.230572898876 S2_Nm1_T1
14015 22 -0.5 0 S2_Nm1_T1
14017 22 -0.5 252.344645074279 S2_Nm1_T1
14018 22 -0.5 0 S2_Nm1_T1
14022 22 -0.5 256.670876096371 S2_Nm1_T1
14023 22 -0.5 0 S2_Nm1_T1
14025 22 -0.5 0 S2_Nm1_T1
14027 22 -0.5 62.5841322067053 S2_Nm1_T1
14029 22 -0.5 134.917843272243 S2_Nm1_T1
14030 22 -0.5 1.82522175415068 S2_Nm1_T1
14031 22 -0.5 0 S2_Nm1_T1
14032 22 -0.5 309.014891814086 S2_Nm1_T1
14033 22 -0.5 0 S2_Nm1_T1
14011 23 -0.5 0 S2_Nm1_T1
14012 23 -0.5 0 S2_Nm1_T1
14013 23 -0.5 46.5915226156084 S2_Nm1_T1
14015 23 -0.5 0 S2_Nm1_T1
14017 23 -0.5 16.9396104050725 S2_Nm1_T1
14018 23 -0.5 0 S2_Nm1_T1
14022 23 -0.5 165.341846208364 S2_Nm1_T1
14023 23 -0.5 0 S2_Nm1_T1
14025 23 -0.5 0 S2_Nm1_T1
14027 23 -0.5 0 S2_Nm1_T1
14029 23 -0.5 33.1608594602494 S2_Nm1_T1
14030 23 -0.5 0 S2_Nm1_T1
14031 23 -0.5 0 S2_Nm1_T1
14032 23 -0.5 128.045176592642 S2_Nm1_T1
14033 23 -0.5 0 S2_Nm1_T1
14011 24 -0.5 5.9135590852696 S2_Nm1_T1
14012 24 -0.5 7.92751512728463 S2_Nm1_T1
14013 24 -0.5 102.676745586976 S2_Nm1_T1
14015 24 -0.5 0 S2_Nm1_T1
14017 24 -0.5 170.947613965755 S2_Nm1_T1
14018 24 -0.5 0 S2_Nm1_T1
14022 24 -0.5 236.164178536722 S2_Nm1_T1
14023 24 -0.5 0 S2_Nm1_T1
14025 24 -0.5 0 S2_Nm1_T1
14027 24 -0.5 24.3440789025223 S2_Nm1_T1
14029 24 -0.5 105.635807680044 S2_Nm1_T1
14030 24 -0.5 0 S2_Nm1_T1
14031 24 -0.5 0 S2_Nm1_T1
14032 24 -0.5 254.300003063089 S2_Nm1_T1
14033 24 -0.5 0 S2_Nm1_T1
14011 25 -0.5 0 S2_Nm1_T1
14012 25 -0.5 0 S2_Nm1_T1
14013 25 -0.5 0 S2_Nm1_T1
14015 25 -0.5 0 S2_Nm1_T1
14017 25 -0.5 0 S2_Nm1_T1
14018 25 -0.5 0 S2_Nm1_T1
14022 25 -0.5 0 S2_Nm1_T1
14023 25 -0.5 0 S2_Nm1_T1
14025 25 -0.5 0 S2_Nm1_T1
14027 25 -0.5 0 S2_Nm1_T1
14029 25 -0.5 0 S2_Nm1_T1
14030 25 -0.5 0 S2_Nm1_T1
14031 25 -0.5 0 S2_Nm1_T1
14032 25 -0.5 0 S2_Nm1_T1
14033 25 -0.5 0 S2_Nm1_T1
14011 26 -0.5 31.4191522156191 S2_Nm1_T1
14012 26 -0.5 37.6414225844055 S2_Nm1_T1
14013 26 -0.5 131.753054804381 S2_Nm1_T1
14015 26 -0.5 0 S2_Nm1_T1
14017 26 -0.5 242.76641602239 S2_Nm1_T1
14018 26 -0.5 0 S2_Nm1_T1
14022 26 -0.5 254.506154053126 S2_Nm1_T1
14023 26 -0.5 0 S2_Nm1_T1
14025 26 -0.5 0 S2_Nm1_T1
14027 26 -0.5 61.097253791055 S2_Nm1_T1
14029 26 -0.5 133.277990992347 S2_Nm1_T1
14030 26 -0.5 1.43252832401216 S2_Nm1_T1
14031 26 -0.5 0 S2_Nm1_T1
14032 26 -0.5 308.561368246881 S2_Nm1_T1
14033 26 -0.5 0 S2_Nm1_T1
14011 27 -0.5 0 S2_Nm1_T1
14012 27 -0.5 0 S2_Nm1_T1
14013 27 -0.5 0 S2_Nm1_T1
14015 27 -0.5 0 S2_Nm1_T1
14017 27 -0.5 0 S2_Nm1_T1
14018 27 -0.5 0 S2_Nm1_T1
14022 27 -0.5 0 S2_Nm1_T1
14023 27 -0.5 0 S2_Nm1_T1
14025 27 -0.5 0 S2_Nm1_T1
14027 27 -0.5 0 S2_Nm1_T1
14029 27 -0.5 0 S2_Nm1_T1
14030 27 -0.5 0 S2_Nm1_T1
14031 27 -0.5 0 S2_Nm1_T1
14032 27 -0.5 0 S2_Nm1_T1
14033 27 -0.5 0 S2_Nm1_T1
14011 28 -0.5 40.5622154082834 S2_Nm1_T1
14012 28 -0.5 45.1468675022242 S2_Nm1_T1
14013 28 -0.5 140.64129795279 S2_Nm1_T1
14015 28 -0.5 0 S2_Nm1_T1
14017 28 -0.5 267.941640612382 S2_Nm1_T1
14018 28 -0.5 0 S2_Nm1_T1
14022 28 -0.5 262.40184051362 S2_Nm1_T1
14023 28 -0.5 0 S2_Nm1_T1
14025 28 -0.5 0 S2_Nm1_T1
14027 28 -0.5 70.1089519035949 S2_Nm1_T1
14029 28 -0.5 146.231341149042 S2_Nm1_T1
14030 28 -0.5 2.64135364962688 S2_Nm1_T1
14031 28 -0.5 0 S2_Nm1_T1
14032 28 -0.5 323.444505878488 S2_Nm1_T1
14033 28 -0.5 0 S2_Nm1_T1
14011 29 -0.5 0 S2_Nm1_T1
14012 29 -0.5 0 S2_Nm1_T1
14013 29 -0.5 0 S2_Nm1_T1
14015 29 -0.5 0 S2_Nm1_T1
14017 29 -0.5 0 S2_Nm1_T1
14018 29 -0.5 0 S2_Nm1_T1
14022 29 -0.5 64.9388267013668 S2_Nm1_T1
14023 29 -0.5 0 S2_Nm1_T1
14025 29 -0.5 0 S2_Nm1_T1
14027 29 -0.5 0 S2_Nm1_T1
14029 29 -0.5 0 S2_Nm1_T1
14030 29 -0.5 0 S2_Nm1_T1
14031 29 -0.5 0 S2_Nm1_T1
14032 29 -0.5 5.02536063141185 S2_Nm1_T1
14033 29 -0.5 0 S2_Nm1_T1
14011 30 -0.5 0 S2_Nm1_T1
14012 30 -0.5 0 S2_Nm1_T1
14013 30 -0.5 0 S2_Nm1_T1
14015 30 -0.5 0 S2_Nm1_T1
14017 30 -0.5 0 S2_Nm1_T1
14018 30 -0.5 0 S2_Nm1_T1
14022 30 -0.5 0 S2_Nm1_T1
14023 30 -0.5 0 S2_Nm1_T1
14025 30 -0.5 0 S2_Nm1_T1
14027 30 -0.5 0 S2_Nm1_T1
14029 30 -0.5 0 S2_Nm1_T1
14030 30 -0.5 0 S2_Nm1_T1
14031 30 -0.5 0 S2_Nm1_T1
14032 30 -0.5 0 S2_Nm1_T1
14033 30 -0.5 0 S2_Nm1_T1
14011 31 -0.5 0 S2_Nm1_T1
14012 31 -0.5 0 S2_Nm1_T1
14013 31 -0.5 0 S2_Nm1_T1
14015 31 -0.5 0 S2_Nm1_T1
14017 31 -0.5 0 S2_Nm1_T1
14018 31 -0.5 0 S2_Nm1_T1
14022 31 -0.5 0 S2_Nm1_T1
14023 31 -0.5 0 S2_Nm1_T1
14025 31 -0.5 0 S2_Nm1_T1
14027 31 -0.5 0 S2_Nm1_T1
14029 31 -0.5 0 S2_Nm1_T1
14030 31 -0.5 0 S2_Nm1_T1
14031 31 -0.5 0 S2_Nm1_T1
14032 31 -0.5 0 S2_Nm1_T1
14033 31 -0.5 0 S2_Nm1_T1
14011 1 -1.5 0 S2_Nm1_T1
14012 1 -1.5 0 S2_Nm1_T1
14013 1 -1.5 11.4731548196865 S2_Nm1_T1
14015 1 -1.5 0 S2_Nm1_T1
14017 1 -1.5 2.33903190721538 S2_Nm1_T1
14018 1 -1.5 0 S2_Nm1_T1
14022 1 -1.5 170.291269121338 S2_Nm1_T1
14023 1 -1.5 46.4515568662912 S2_Nm1_T1
14025 1 -1.5 0 S2_Nm1_T1
14027 1 -1.5 28.7363091520574 S2_Nm1_T1
14029 1 -1.5 0 S2_Nm1_T1
14030 1 -1.5 0 S2_Nm1_T1
14031 1 -1.5 142.315079216404 S2_Nm1_T1
14032 1 -1.5 178.818655702418 S2_Nm1_T1
14033 1 -1.5 0 S2_Nm1_T1
14011 2 -1.5 0 S2_Nm1_T1
14012 2 -1.5 0 S2_Nm1_T1
14013 2 -1.5 0 S2_Nm1_T1
14015 2 -1.5 0 S2_Nm1_T1
14017 2 -1.5 0 S2_Nm1_T1
14018 2 -1.5 0 S2_Nm1_T1
14022 2 -1.5 0 S2_Nm1_T1
14023 2 -1.5 0 S2_Nm1_T1
14025 2 -1.5 0 S2_Nm1_T1
14027 2 -1.5 0 S2_Nm1_T1
14029 2 -1.5 0 S2_Nm1_T1
14030 2 -1.5 0 S2_Nm1_T1
14031 2 -1.5 0 S2_Nm1_T1
14032 2 -1.5 0 S2_Nm1_T1
14033 2 -1.5 0 S2_Nm1_T1
14011 3 -1.5 0 S2_Nm1_T1
14012 3 -1.5 0 S2_Nm1_T1
14013 3 -1.5 0 S2_Nm1_T1
14015 3 -1.5 0 S2_Nm1_T1
14017 3 -1.5 0 S2_Nm1_T1
14018 3 -1.5 0 S2_Nm1_T1
14022 3 -1.5 0 S2_Nm1_T1
14023 3 -1.5 0 S2_Nm1_T1
14025 3 -1.5 0 S2_Nm1_T1
14027 3 -1.5 0 S2_Nm1_T1
14029 3 -1.5 0 S2_Nm1_T1
14030 3 -1.5 0 S2_Nm1_T1
14031 3 -1.5 0 S2_Nm1_T1
14032 3 -1.5 0 S2_Nm1_T1
14033 3 -1.5 0 S2_Nm1_T1
14011 4 -1.5 0 S2_Nm1_T1
14012 4 -1.5 0 S2_Nm1_T1
14013 4 -1.5 0 S2_Nm1_T1
14015 4 -1.5 0 S2_Nm1_T1
14017 4 -1.5 0 S2_Nm1_T1
14018 4 -1.5 0 S2_Nm1_T1
14022 4 -1.5 114.538316605576 S2_Nm1_T1
14023 4 -1.5 6.23713453983275 S2_Nm1_T1
14025 4 -1.5 0 S2_Nm1_T1
14027 4 -1.5 0 S2_Nm1_T1
14029 4 -1.5 0 S2_Nm1_T1
14030 4 -1.5 0 S2_Nm1_T1
14031 4 -1.5 66.6829000608524 S2_Nm1_T1
14032 4 -1.5 64.4246142500898 S2_Nm1_T1
14033 4 -1.5 0 S2_Nm1_T1
14011 5 -1.5 0 S2_Nm1_T1
14012 5 -1.5 0 S2_Nm1_T1
14013 5 -1.5 0 S2_Nm1_T1
14015 5 -1.5 0 S2_Nm1_T1
14017 5 -1.5 0 S2_Nm1_T1
14018 5 -1.5 0 S2_Nm1_T1
14022 5 -1.5 0 S2_Nm1_T1
14023 5 -1.5 0 S2_Nm1_T1
14025 5 -1.5 0 S2_Nm1_T1
14027 5 -1.5 0 S2_Nm1_T1
14029 5 -1.5 0 S2_Nm1_T1
14030 5 -1.5 0 S2_Nm1_T1
14031 5 -1.5 0 S2_Nm1_T1
14032 5 -1.5 0 S2_Nm1_T1
14033 5 -1.5 0 S2_Nm1_T1
14011 6 -1.5 0 S2_Nm1_T1
14012 6 -1.5 0 S2_Nm1_T1
14013 6 -1.5 8.80957467593312 S2_Nm1_T1
14015 6 -1.5 0 S2_Nm1_T1
14017 6 -1.5 0 S2_Nm1_T1
14018 6 -1.5 0 S2_Nm1_T1
14022 6 -1.5 136.454053684699 S2_Nm1_T1
14023 6 -1.5 21.1441138909034 S2_Nm1_T1
14025 6 -1.5 0 S2_Nm1_T1
14027 6 -1.5 0 S2_Nm1_T1
14029 6 -1.5 0 S2_Nm1_T1
14030 6 -1.5 0 S2_Nm1_T1
14031 6 -1.5 117.767965471 S2_Nm1_T1
14032 6 -1.5 76.951704101277 S2_Nm1_T1
14033 6 -1.5 0 S2_Nm1_T1
14011 7 -1.5 0 S2_Nm1_T1
14012 7 -1.5 0 S2_Nm1_T1
14013 7 -1.5 0 S2_Nm1_T1
14015 7 -1.5 0 S2_Nm1_T1
14017 7 -1.5 0 S2_Nm1_T1
14018 7 -1.5 0 S2_Nm1_T1
14022 7 -1.5 0 S2_Nm1_T1
14023 7 -1.5 0 S2_Nm1_T1
14025 7 -1.5 0 S2_Nm1_T1
14027 7 -1.5 0 S2_Nm1_T1
14029 7 -1.5 0 S2_Nm1_T1
14030 7 -1.5 0 S2_Nm1_T1
14031 7 -1.5 0 S2_Nm1_T1
14032 7 -1.5 0 S2_Nm1_T1
14033 7 -1.5 0 S2_Nm1_T1
14011 8 -1.5 0 S2_Nm1_T1
14012 8 -1.5 0 S2_Nm1_T1
14013 8 -1.5 50.5347347394099 S2_Nm1_T1
14015 8 -1.5 0 S2_Nm1_T1
14017 8 -1.5 6.84046711051196 S2_Nm1_T1
14018 8 -1.5 0 S2_Nm1_T1
14022 8 -1.5 220.187145401038 S2_Nm1_T1
14023 8 -1.5 96.7910601754694 S2_Nm1_T1
14025 8 -1.5 0 S2_Nm1_T1
14027 8 -1.5 54.9794913267821 S2_Nm1_T1
14029 8 -1.5 3.06167941478877 S2_Nm1_T1
14030 8 -1.5 0 S2_Nm1_T1
14031 8 -1.5 177.87736678651 S2_Nm1_T1
14032 8 -1.5 229.530572134511 S2_Nm1_T1
14033 8 -1.5 0 S2_Nm1_T1
14011 9 -1.5 0 S2_Nm1_T1
14012 9 -1.5 0 S2_Nm1_T1
14013 9 -1.5 0 S2_Nm1_T1
14015 9 -1.5 0 S2_Nm1_T1
14017 9 -1.5 0 S2_Nm1_T1
14018 9 -1.5 0 S2_Nm1_T1
14022 9 -1.5 95.2951137043436 S2_Nm1_T1
14023 9 -1.5 1.82811534593002 S2_Nm1_T1
14025 9 -1.5 0 S2_Nm1_T1
14027 9 -1.5 0 S2_Nm1_T1
14029 9 -1.5 0 S2_Nm1_T1
14030 9 -1.5 0 S2_Nm1_T1
14031 9 -1.5 70.9383732178666 S2_Nm1_T1
14032 9 -1.5 29.9115001782264 S2_Nm1_T1
14033 9 -1.5 0 S2_Nm1_T1
14011 10 -1.5 0 S2_Nm1_T1
14012 10 -1.5 0 S2_Nm1_T1
14013 10 -1.5 41.8675443051248 S2_Nm1_T1
14015 10 -1.5 0 S2_Nm1_T1
14017 10 -1.5 5.71230820530914 S2_Nm1_T1
14018 10 -1.5 0 S2_Nm1_T1
14022 10 -1.5 216.119678832582 S2_Nm1_T1
14023 10 -1.5 89.8355700024277 S2_Nm1_T1
14025 10 -1.5 0 S2_Nm1_T1
14027 10 -1.5 42.2099275206549 S2_Nm1_T1
14029 10 -1.5 2.50724610755862 S2_Nm1_T1
14030 10 -1.5 0 S2_Nm1_T1
14031 10 -1.5 163.976607091375 S2_Nm1_T1
14032 10 -1.5 213.940167682335 S2_Nm1_T1
14033 10 -1.5 0 S2_Nm1_T1
14011 11 -1.5 0 S2_Nm1_T1
14012 11 -1.5 0 S2_Nm1_T1
14013 11 -1.5 0 S2_Nm1_T1
14015 11 -1.5 0 S2_Nm1_T1
14017 11 -1.5 0 S2_Nm1_T1
14018 11 -1.5 0 S2_Nm1_T1
14022 11 -1.5 45.7863189089328 S2_Nm1_T1
14023 11 -1.5 0 S2_Nm1_T1
14025 11 -1.5 0 S2_Nm1_T1
14027 11 -1.5 0 S2_Nm1_T1
14029 11 -1.5 0 S2_Nm1_T1
14030 11 -1.5 0 S2_Nm1_T1
14031 11 -1.5 30.0099811678096 S2_Nm1_T1
14032 11 -1.5 52.3093141167573 S2_Nm1_T1
14033 11 -1.5 0 S2_Nm1_T1
14011 12 -1.5 0 S2_Nm1_T1
14012 12 -1.5 0 S2_Nm1_T1
14013 12 -1.5 0 S2_Nm1_T1
14015 12 -1.5 0 S2_Nm1_T1
14017 12 -1.5 0 S2_Nm1_T1
14018 12 -1.5 0 S2_Nm1_T1
14022 12 -1.5 50.3470819585483 S2_Nm1_T1
14023 12 -1.5 0 S2_Nm1_T1
14025 12 -1.5 0 S2_Nm1_T1
14027 12 -1.5 0 S2_Nm1_T1
14029 12 -1.5 0 S2_Nm1_T1
14030 12 -1.5 0 S2_Nm1_T1
14031 12 -1.5 38.7493611011881 S2_Nm1_T1
14032 12 -1.5 57.358206882405 S2_Nm1_T1
14033 12 -1.5 0 S2_Nm1_T1
14011 13 -1.5 0 S2_Nm1_T1
14012 13 -1.5 0 S2_Nm1_T1
14013 13 -1.5 0 S2_Nm1_T1
14015 13 -1.5 0 S2_Nm1_T1
14017 13 -1.5 0 S2_Nm1_T1
14018 13 -1.5 0 S2_Nm1_T1
14022 13 -1.5 0 S2_Nm1_T1
14023 13 -1.5 0 S2_Nm1_T1
14025 13 -1.5 0 S2_Nm1_T1
14027 13 -1.5 0 S2_Nm1_T1
14029 13 -1.5 0 S2_Nm1_T1
14030 13 -1.5 0 S2_Nm1_T1
14031 13 -1.5 3.32277746080068 S2_Nm1_T1
14032 13 -1.5 0 S2_Nm1_T1
14033 13 -1.5 0 S2_Nm1_T1
14011 14 -1.5 0 S2_Nm1_T1
14012 14 -1.5 0 S2_Nm1_T1
14013 14 -1.5 0 S2_Nm1_T1
14015 14 -1.5 0 S2_Nm1_T1
14017 14 -1.5 0 S2_Nm1_T1
14018 14 -1.5 0 S2_Nm1_T1
14022 14 -1.5 0 S2_Nm1_T1
14023 14 -1.5 0 S2_Nm1_T1
14025 14 -1.5 0 S2_Nm1_T1
14027 14 -1.5 0 S2_Nm1_T1
14029 14 -1.5 0 S2_Nm1_T1
14030 14 -1.5 0 S2_Nm1_T1
14031 14 -1.5 0 S2_Nm1_T1
14032 14 -1.5 0 S2_Nm1_T1
14033 14 -1.5 0 S2_Nm1_T1
14011 15 -1.5 2.16638650465643 S2_Nm1_T1
14012 15 -1.5 14.7988922308753 S2_Nm1_T1
14013 15 -1.5 127.714276847338 S2_Nm1_T1
14015 15 -1.5 0 S2_Nm1_T1
14017 15 -1.5 135.404254249611 S2_Nm1_T1
14018 15 -1.5 2.53579592523663 S2_Nm1_T1
14022 15 -1.5 311.907155100809 S2_Nm1_T1
14023 15 -1.5 170.308827062545 S2_Nm1_T1
14025 15 -1.5 12.5301176820905 S2_Nm1_T1
14027 15 -1.5 114.081533571354 S2_Nm1_T1
14029 15 -1.5 98.2578829196586 S2_Nm1_T1
14030 15 -1.5 2.48167470980434 S2_Nm1_T1
14031 15 -1.5 274.821422542648 S2_Nm1_T1
14032 15 -1.5 347.033551374014 S2_Nm1_T1
14033 15 -1.5 11.0059634208339 S2_Nm1_T1
14011 16 -1.5 0 S2_Nm1_T1
14012 16 -1.5 5.00638080535097 S2_Nm1_T1
14013 16 -1.5 87.1797873013126 S2_Nm1_T1
14015 16 -1.5 0 S2_Nm1_T1
14017 16 -1.5 53.043337369915 S2_Nm1_T1
14018 16 -1.5 0 S2_Nm1_T1
14022 16 -1.5 255.436633682596 S2_Nm1_T1
14023 16 -1.5 126.651641078489 S2_Nm1_T1
14025 16 -1.5 0 S2_Nm1_T1
14027 16 -1.5 94.9685552708643 S2_Nm1_T1
14029 16 -1.5 19.7691685227447 S2_Nm1_T1
14030 16 -1.5 0 S2_Nm1_T1
14031 16 -1.5 235.551188602473 S2_Nm1_T1
14032 16 -1.5 291.100513770069 S2_Nm1_T1
14033 16 -1.5 4.98903294034651 S2_Nm1_T1
14011 17 -1.5 0 S2_Nm1_T1
14012 17 -1.5 0 S2_Nm1_T1
14013 17 -1.5 0 S2_Nm1_T1
14015 17 -1.5 0 S2_Nm1_T1
14017 17 -1.5 0 S2_Nm1_T1
14018 17 -1.5 0 S2_Nm1_T1
14022 17 -1.5 26.2721552126832 S2_Nm1_T1
14023 17 -1.5 0 S2_Nm1_T1
14025 17 -1.5 0 S2_Nm1_T1
14027 17 -1.5 0 S2_Nm1_T1
14029 17 -1.5 0 S2_Nm1_T1
14030 17 -1.5 0 S2_Nm1_T1
14031 17 -1.5 57.2430955724494 S2_Nm1_T1
14032 17 -1.5 0 S2_Nm1_T1
14033 17 -1.5 0 S2_Nm1_T1
14011 18 -1.5 0 S2_Nm1_T1
14012 18 -1.5 0 S2_Nm1_T1
14013 18 -1.5 2.6061352581046 S2_Nm1_T1
14015 18 -1.5 0 S2_Nm1_T1
14017 18 -1.5 0 S2_Nm1_T1
14018 18 -1.5 0 S2_Nm1_T1
14022 18 -1.5 138.803972126391 S2_Nm1_T1
14023 18 -1.5 21.72788399651 S2_Nm1_T1
14025 18 -1.5 0 S2_Nm1_T1
14027 18 -1.5 11.2871100810386 S2_Nm1_T1
14029 18 -1.5 0 S2_Nm1_T1
14030 18 -1.5 0 S2_Nm1_T1
14031 18 -1.5 114.740824544438 S2_Nm1_T1
14032 18 -1.5 143.90436863817 S2_Nm1_T1
14033 18 -1.5 0 S2_Nm1_T1
14011 19 -1.5 0 S2_Nm1_T1
14012 19 -1.5 0 S2_Nm1_T1
14013 19 -1.5 35.1039562369314 S2_Nm1_T1
14015 19 -1.5 0 S2_Nm1_T1
14017 19 -1.5 2.8583027132257 S2_Nm1_T1
14018 19 -1.5 0 S2_Nm1_T1
14022 19 -1.5 208.664776042687 S2_Nm1_T1
14023 19 -1.5 83.8201150388422 S2_Nm1_T1
14025 19 -1.5 0 S2_Nm1_T1
14027 19 -1.5 30.3385448607637 S2_Nm1_T1
14029 19 -1.5 1.8823301061316 S2_Nm1_T1
14030 19 -1.5 0 S2_Nm1_T1
14031 19 -1.5 153.102939247811 S2_Nm1_T1
14032 19 -1.5 195.433499320698 S2_Nm1_T1
14033 19 -1.5 0 S2_Nm1_T1
14011 20 -1.5 1.82550554241616 S2_Nm1_T1
14012 20 -1.5 15.6148592821181 S2_Nm1_T1
14013 20 -1.5 116.796113945572 S2_Nm1_T1
14015 20 -1.5 0 S2_Nm1_T1
14017 20 -1.5 112.978384438226 S2_Nm1_T1
14018 20 -1.5 0 S2_Nm1_T1
14022 20 -1.5 292.25872332314 S2_Nm1_T1
14023 20 -1.5 156.943546645071 S2_Nm1_T1
14025 20 -1.5 7.37759660366841 S2_Nm1_T1
14027 20 -1.5 117.272834565204 S2_Nm1_T1
14029 20 -1.5 68.0169604681524 S2_Nm1_T1
14030 20 -1.5 0 S2_Nm1_T1
14031 20 -1.5 270.960625514767 S2_Nm1_T1
14032 20 -1.5 339.057716016784 S2_Nm1_T1
14033 20 -1.5 12.7423002395617 S2_Nm1_T1
14011 21 -1.5 0 S2_Nm1_T1
14012 21 -1.5 0 S2_Nm1_T1
14013 21 -1.5 19.0816304134034 S2_Nm1_T1
14015 21 -1.5 0 S2_Nm1_T1
14017 21 -1.5 1.48665483111682 S2_Nm1_T1
14018 21 -1.5 0 S2_Nm1_T1
14022 21 -1.5 191.39206519421 S2_Nm1_T1
14023 21 -1.5 67.1153550111753 S2_Nm1_T1
14025 21 -1.5 0 S2_Nm1_T1
14027 21 -1.5 17.0014862523443 S2_Nm1_T1
14029 21 -1.5 0 S2_Nm1_T1
14030 21 -1.5 0 S2_Nm1_T1
14031 21 -1.5 133.938882127468 S2_Nm1_T1
14032 21 -1.5 173.791120300445 S2_Nm1_T1
14033 21 -1.5 0 S2_Nm1_T1
14011 22 -1.5 0 S2_Nm1_T1
14012 22 -1.5 0 S2_Nm1_T1
14013 22 -1.5 56.424815303192 S2_Nm1_T1
14015 22 -1.5 0 S2_Nm1_T1
14017 22 -1.5 29.8217448504662 S2_Nm1_T1
14018 22 -1.5 0 S2_Nm1_T1
14022 22 -1.5 223.845938461228 S2_Nm1_T1
14023 22 -1.5 96.0758909819967 S2_Nm1_T1
14025 22 -1.5 0 S2_Nm1_T1
14027 22 -1.5 68.9882402906823 S2_Nm1_T1
14029 22 -1.5 4.49667175124771 S2_Nm1_T1
14030 22 -1.5 0 S2_Nm1_T1
14031 22 -1.5 198.229889441312 S2_Nm1_T1
14032 22 -1.5 246.255055768365 S2_Nm1_T1
14033 22 -1.5 1.38996835415674 S2_Nm1_T1
14011 23 -1.5 0 S2_Nm1_T1
14012 23 -1.5 0 S2_Nm1_T1
14013 23 -1.5 11.0084863613377 S2_Nm1_T1
14015 23 -1.5 0 S2_Nm1_T1
14017 23 -1.5 0 S2_Nm1_T1
14018 23 -1.5 0 S2_Nm1_T1
14022 23 -1.5 166.307680111845 S2_Nm1_T1
14023 23 -1.5 47.1202408689001 S2_Nm1_T1
14025 23 -1.5 0 S2_Nm1_T1
14027 23 -1.5 2.04186010226248 S2_Nm1_T1
14029 23 -1.5 0 S2_Nm1_T1
14030 23 -1.5 0 S2_Nm1_T1
14031 23 -1.5 117.267182153208 S2_Nm1_T1
14032 23 -1.5 120.575843695232 S2_Nm1_T1
14033 23 -1.5 0 S2_Nm1_T1
14011 24 -1.5 0 S2_Nm1_T1
14012 24 -1.5 0 S2_Nm1_T1
14013 24 -1.5 34.4261461090895 S2_Nm1_T1
14015 24 -1.5 0 S2_Nm1_T1
14017 24 -1.5 5.15364607254497 S2_Nm1_T1
14018 24 -1.5 0 S2_Nm1_T1
14022 24 -1.5 209.02332358529 S2_Nm1_T1
14023 24 -1.5 82.6066237240106 S2_Nm1_T1
14025 24 -1.5 0 S2_Nm1_T1
14027 24 -1.5 35.7470289963283 S2_Nm1_T1
14029 24 -1.5 1.84819310277679 S2_Nm1_T1
14030 24 -1.5 0 S2_Nm1_T1
14031 24 -1.5 155.051342838513 S2_Nm1_T1
14032 24 -1.5 204.471492420879 S2_Nm1_T1
14033 24 -1.5 0 S2_Nm1_T1
14011 25 -1.5 0 S2_Nm1_T1
14012 25 -1.5 0 S2_Nm1_T1
14013 25 -1.5 0 S2_Nm1_T1
14015 25 -1.5 0 S2_Nm1_T1
14017 25 -1.5 0 S2_Nm1_T1
14018 25 -1.5 0 S2_Nm1_T1
14022 25 -1.5 0 S2_Nm1_T1
14023 25 -1.5 0 S2_Nm1_T1
14025 25 -1.5 0 S2_Nm1_T1
14027 25 -1.5 0 S2_Nm1_T1
14029 25 -1.5 0 S2_Nm1_T1
14030 25 -1.5 0 S2_Nm1_T1
14031 25 -1.5 0 S2_Nm1_T1
14032 25 -1.5 0 S2_Nm1_T1
14033 25 -1.5 0 S2_Nm1_T1
14011 26 -1.5 0 S2_Nm1_T1
14012 26 -1.5 3.148370423492 S2_Nm1_T1
14013 26 -1.5 79.5127526837754 S2_Nm1_T1
14015 26 -1.5 0 S2_Nm1_T1
14017 26 -1.5 52.2396857106062 S2_Nm1_T1
14018 26 -1.5 0 S2_Nm1_T1
14022 26 -1.5 249.487648015979 S2_Nm1_T1
14023 26 -1.5 119.844578589012 S2_Nm1_T1
14025 26 -1.5 0 S2_Nm1_T1
14027 26 -1.5 87.3206126617355 S2_Nm1_T1
14029 26 -1.5 15.4625811609659 S2_Nm1_T1
14030 26 -1.5 0 S2_Nm1_T1
14031 26 -1.5 224.501393401856 S2_Nm1_T1
14032 26 -1.5 280.052197953765 S2_Nm1_T1
14033 26 -1.5 3.62581405582495 S2_Nm1_T1
14011 27 -1.5 0 S2_Nm1_T1
14012 27 -1.5 0 S2_Nm1_T1
14013 27 -1.5 0 S2_Nm1_T1
14015 27 -1.5 0 S2_Nm1_T1
14017 27 -1.5 0 S2_Nm1_T1
14018 27 -1.5 0 S2_Nm1_T1
14022 27 -1.5 0 S2_Nm1_T1
14023 27 -1.5 0 S2_Nm1_T1
14025 27 -1.5 0 S2_Nm1_T1
14027 27 -1.5 0 S2_Nm1_T1
14029 27 -1.5 0 S2_Nm1_T1
14030 27 -1.5 0 S2_Nm1_T1
14031 27 -1.5 0 S2_Nm1_T1
14032 27 -1.5 0 S2_Nm1_T1
14033 27 -1.5 0 S2_Nm1_T1
14011 28 -1.5 0 S2_Nm1_T1
14012 28 -1.5 7.38389222981642 S2_Nm1_T1
14013 28 -1.5 94.8694843342092 S2_Nm1_T1
14015 28 -1.5 0 S2_Nm1_T1
14017 28 -1.5 95.376141890446 S2_Nm1_T1
14018 28 -1.5 0 S2_Nm1_T1
14022 28 -1.5 265.325096266736 S2_Nm1_T1
14023 28 -1.5 133.373490484184 S2_Nm1_T1
14025 28 -1.5 1.09074743923983 S2_Nm1_T1
14027 28 -1.5 102.30722013693 S2_Nm1_T1
14029 28 -1.5 34.1457210568994 S2_Nm1_T1
14030 28 -1.5 0 S2_Nm1_T1
14031 28 -1.5 248.798883759447 S2_Nm1_T1
14032 28 -1.5 304.637829141433 S2_Nm1_T1
14033 28 -1.5 7.52056886510684 S2_Nm1_T1
14011 29 -1.5 0 S2_Nm1_T1
14012 29 -1.5 0 S2_Nm1_T1
14013 29 -1.5 0 S2_Nm1_T1
14015 29 -1.5 0 S2_Nm1_T1
14017 29 -1.5 0 S2_Nm1_T1
14018 29 -1.5 0 S2_Nm1_T1
14022 29 -1.5 43.8413359568586 S2_Nm1_T1
14023 29 -1.5 0 S2_Nm1_T1
14025 29 -1.5 0 S2_Nm1_T1
14027 29 -1.5 0 S2_Nm1_T1
14029 29 -1.5 0 S2_Nm1_T1
14030 29 -1.5 0 S2_Nm1_T1
14031 29 -1.5 21.0409182930109 S2_Nm1_T1
14032 29 -1.5 1.98526482703801 S2_Nm1_T1
14033 29 -1.5 0 S2_Nm1_T1
14011 30 -1.5 0 S2_Nm1_T1
14012 30 -1.5 0 S2_Nm1_T1
14013 30 -1.5 0 S2_Nm1_T1
14015 30 -1.5 0 S2_Nm1_T1
14017 30 -1.5 0 S2_Nm1_T1
14018 30 -1.5 0 S2_Nm1_T1
14022 30 -1.5 0 S2_Nm1_T1
14023 30 -1.5 0 S2_Nm1_T1
14025 30 -1.5 0 S2_Nm1_T1
14027 30 -1.5 0 S2_Nm1_T1
14029 30 -1.5 0 S2_Nm1_T1
14030 30 -1.5 0 S2_Nm1_T1
14031 30 -1.5 0 S2_Nm1_T1
14032 30 -1.5 0 S2_Nm1_T1
14033 30 -1.5 0 S2_Nm1_T1
14011 31 -1.5 0 S2_Nm1_T1
14012 31 -1.5 0 S2_Nm1_T1
14013 31 -1.5 0 S2_Nm1_T1
14015 31 -1.5 0 S2_Nm1_T1
14017 31 -1.5 0 S2_Nm1_T1
14018 31 -1.5 0 S2_Nm1_T1
14022 31 -1.5 0 S2_Nm1_T1
14023 31 -1.5 0 S2_Nm1_T1
14025 31 -1.5 0 S2_Nm1_T1
14027 31 -1.5 0 S2_Nm1_T1
14029 31 -1.5 0 S2_Nm1_T1
14030 31 -1.5 0 S2_Nm1_T1
14031 31 -1.5 0 S2_Nm1_T1
14032 31 -1.5 0 S2_Nm1_T1
14033 31 -1.5 0 S2_Nm1_T1
14011 1 -3 0 S2_Nm1_T1
14012 1 -3 0 S2_Nm1_T1
14013 1 -3 0 S2_Nm1_T1
14015 1 -3 0 S2_Nm1_T1
14017 1 -3 0 S2_Nm1_T1
14018 1 -3 0 S2_Nm1_T1
14022 1 -3 0 S2_Nm1_T1
14023 1 -3 0 S2_Nm1_T1
14025 1 -3 0 S2_Nm1_T1
14027 1 -3 0 S2_Nm1_T1
14029 1 -3 0 S2_Nm1_T1
14030 1 -3 0 S2_Nm1_T1
14031 1 -3 0 S2_Nm1_T1
14032 1 -3 0 S2_Nm1_T1
14033 1 -3 0 S2_Nm1_T1
14011 2 -3 0 S2_Nm1_T1
14012 2 -3 0 S2_Nm1_T1
14013 2 -3 0 S2_Nm1_T1
14015 2 -3 0 S2_Nm1_T1
14017 2 -3 0 S2_Nm1_T1
14018 2 -3 0 S2_Nm1_T1
14022 2 -3 0 S2_Nm1_T1
14023 2 -3 0 S2_Nm1_T1
14025 2 -3 0 S2_Nm1_T1
14027 2 -3 0 S2_Nm1_T1
14029 2 -3 0 S2_Nm1_T1
14030 2 -3 0 S2_Nm1_T1
14031 2 -3 0 S2_Nm1_T1
14032 2 -3 0 S2_Nm1_T1
14033 2 -3 0 S2_Nm1_T1
14011 3 -3 0 S2_Nm1_T1
14012 3 -3 0 S2_Nm1_T1
14013 3 -3 0 S2_Nm1_T1
14015 3 -3 0 S2_Nm1_T1
14017 3 -3 0 S2_Nm1_T1
14018 3 -3 0 S2_Nm1_T1
14022 3 -3 0 S2_Nm1_T1
14023 3 -3 0 S2_Nm1_T1
14025 3 -3 0 S2_Nm1_T1
14027 3 -3 0 S2_Nm1_T1
14029 3 -3 0 S2_Nm1_T1
14030 3 -3 0 S2_Nm1_T1
14031 3 -3 0 S2_Nm1_T1
14032 3 -3 0 S2_Nm1_T1
14033 3 -3 0 S2_Nm1_T1
14011 4 -3 0 S2_Nm1_T1
14012 4 -3 0 S2_Nm1_T1
14013 4 -3 0 S2_Nm1_T1
14015 4 -3 0 S2_Nm1_T1
14017 4 -3 0 S2_Nm1_T1
14018 4 -3 0 S2_Nm1_T1
14022 4 -3 0 S2_Nm1_T1
14023 4 -3 0 S2_Nm1_T1
14025 4 -3 0 S2_Nm1_T1
14027 4 -3 0 S2_Nm1_T1
14029 4 -3 0 S2_Nm1_T1
14030 4 -3 0 S2_Nm1_T1
14031 4 -3 0 S2_Nm1_T1
14032 4 -3 0 S2_Nm1_T1
14033 4 -3 0 S2_Nm1_T1
14011 5 -3 0 S2_Nm1_T1
14012 5 -3 0 S2_Nm1_T1
14013 5 -3 0 S2_Nm1_T1
14015 5 -3 0 S2_Nm1_T1
14017 5 -3 0 S2_Nm1_T1
14018 5 -3 0 S2_Nm1_T1
14022 5 -3 0 S2_Nm1_T1
14023 5 -3 0 S2_Nm1_T1
14025 5 -3 0 S2_Nm1_T1
14027 5 -3 0 S2_Nm1_T1
14029 5 -3 0 S2_Nm1_T1
14030 5 -3 0 S2_Nm1_T1
14031 5 -3 0 S2_Nm1_T1
14032 5 -3 0 S2_Nm1_T1
14033 5 -3 0 S2_Nm1_T1
14011 6 -3 0 S2_Nm1_T1
14012 6 -3 0 S2_Nm1_T1
14013 6 -3 0 S2_Nm1_T1
14015 6 -3 0 S2_Nm1_T1
14017 6 -3 0 S2_Nm1_T1
14018 6 -3 0 S2_Nm1_T1
14022 6 -3 74.8579843208602 S2_Nm1_T1
14023 6 -3 0 S2_Nm1_T1
14025 6 -3 0 S2_Nm1_T1
14027 6 -3 0 S2_Nm1_T1
14029 6 -3 0 S2_Nm1_T1
14030 6 -3 0 S2_Nm1_T1
14031 6 -3 46.3006181468385 S2_Nm1_T1
14032 6 -3 9.23423707652974 S2_Nm1_T1
14033 6 -3 0 S2_Nm1_T1
14011 7 -3 0 S2_Nm1_T1
14012 7 -3 0 S2_Nm1_T1
14013 7 -3 0 S2_Nm1_T1
14015 7 -3 0 S2_Nm1_T1
14017 7 -3 0 S2_Nm1_T1
14018 7 -3 0 S2_Nm1_T1
14022 7 -3 0 S2_Nm1_T1
14023 7 -3 0 S2_Nm1_T1
14025 7 -3 0 S2_Nm1_T1
14027 7 -3 0 S2_Nm1_T1
14029 7 -3 0 S2_Nm1_T1
14030 7 -3 0 S2_Nm1_T1
14031 7 -3 0 S2_Nm1_T1
14032 7 -3 0 S2_Nm1_T1
14033 7 -3 0 S2_Nm1_T1
14011 8 -3 0 S2_Nm1_T1
14012 8 -3 0 S2_Nm1_T1
14013 8 -3 0 S2_Nm1_T1
14015 8 -3 0 S2_Nm1_T1
14017 8 -3 0 S2_Nm1_T1
14018 8 -3 0 S2_Nm1_T1
14022 8 -3 59.3924158176672 S2_Nm1_T1
14023 8 -3 0 S2_Nm1_T1
14025 8 -3 0 S2_Nm1_T1
14027 8 -3 0 S2_Nm1_T1
14029 8 -3 0 S2_Nm1_T1
14030 8 -3 0 S2_Nm1_T1
14031 8 -3 25.3745506505136 S2_Nm1_T1
14032 8 -3 46.5985504072411 S2_Nm1_T1
14033 8 -3 0 S2_Nm1_T1
14011 9 -3 0 S2_Nm1_T1
14012 9 -3 0 S2_Nm1_T1
14013 9 -3 0 S2_Nm1_T1
14015 9 -3 0 S2_Nm1_T1
14017 9 -3 0 S2_Nm1_T1
14018 9 -3 0 S2_Nm1_T1
14022 9 -3 2.96817451061197 S2_Nm1_T1
14023 9 -3 0 S2_Nm1_T1
14025 9 -3 0 S2_Nm1_T1
14027 9 -3 0 S2_Nm1_T1
14029 9 -3 0 S2_Nm1_T1
14030 9 -3 0 S2_Nm1_T1
14031 9 -3 0 S2_Nm1_T1
14032 9 -3 0 S2_Nm1_T1
14033 9 -3 0 S2_Nm1_T1
14011 10 -3 0 S2_Nm1_T1
14012 10 -3 0 S2_Nm1_T1
14013 10 -3 0 S2_Nm1_T1
14015 10 -3 0 S2_Nm1_T1
14017 10 -3 0 S2_Nm1_T1
14018 10 -3 0 S2_Nm1_T1
14022 10 -3 44.1212623803203 S2_Nm1_T1
14023 10 -3 0 S2_Nm1_T1
14025 10 -3 0 S2_Nm1_T1
14027 10 -3 0 S2_Nm1_T1
14029 10 -3 0 S2_Nm1_T1
14030 10 -3 0 S2_Nm1_T1
14031 10 -3 9.85219922135194 S2_Nm1_T1
14032 10 -3 26.091384513682 S2_Nm1_T1
14033 10 -3 0 S2_Nm1_T1
14011 11 -3 0 S2_Nm1_T1
14012 11 -3 0 S2_Nm1_T1
14013 11 -3 0 S2_Nm1_T1
14015 11 -3 0 S2_Nm1_T1
14017 11 -3 0 S2_Nm1_T1
14018 11 -3 0 S2_Nm1_T1
14022 11 -3 0 S2_Nm1_T1
14023 11 -3 0 S2_Nm1_T1
14025 11 -3 0 S2_Nm1_T1
14027 11 -3 0 S2_Nm1_T1
14029 11 -3 0 S2_Nm1_T1
14030 11 -3 0 S2_Nm1_T1
14031 11 -3 0 S2_Nm1_T1
14032 11 -3 0 S2_Nm1_T1
14033 11 -3 0 S2_Nm1_T1
14011 12 -3 0 S2_Nm1_T1
14012 12 -3 0 S2_Nm1_T1
14013 12 -3 0 S2_Nm1_T1
14015 12 -3 0 S2_Nm1_T1
14017 12 -3 0 S2_Nm1_T1
14018 12 -3 0 S2_Nm1_T1
14022 12 -3 0 S2_Nm1_T1
14023 12 -3 0 S2_Nm1_T1
14025 12 -3 0 S2_Nm1_T1
14027 12 -3 0 S2_Nm1_T1
14029 12 -3 0 S2_Nm1_T1
14030 12 -3 0 S2_Nm1_T1
14031 12 -3 0 S2_Nm1_T1
14032 12 -3 0 S2_Nm1_T1
14033 12 -3 0 S2_Nm1_T1
14011 13 -3 0 S2_Nm1_T1
14012 13 -3 0 S2_Nm1_T1
14013 13 -3 0 S2_Nm1_T1
14015 13 -3 0 S2_Nm1_T1
14017 13 -3 0 S2_Nm1_T1
14018 13 -3 0 S2_Nm1_T1
14022 13 -3 0 S2_Nm1_T1
14023 13 -3 0 S2_Nm1_T1
14025 13 -3 0 S2_Nm1_T1
14027 13 -3 0 S2_Nm1_T1
14029 13 -3 0 S2_Nm1_T1
14030 13 -3 0 S2_Nm1_T1
14031 13 -3 0 S2_Nm1_T1
14032 13 -3 0 S2_Nm1_T1
14033 13 -3 0 S2_Nm1_T1
14011 14 -3 0 S2_Nm1_T1
14012 14 -3 0 S2_Nm1_T1
14013 14 -3 0 S2_Nm1_T1
14015 14 -3 0 S2_Nm1_T1
14017 14 -3 0 S2_Nm1_T1
14018 14 -3 0 S2_Nm1_T1
14022 14 -3 0 S2_Nm1_T1
14023 14 -3 0 S2_Nm1_T1
14025 14 -3 0 S2_Nm1_T1
14027 14 -3 0 S2_Nm1_T1
14029 14 -3 0 S2_Nm1_T1
14030 14 -3 0 S2_Nm1_T1
14031 14 -3 0 S2_Nm1_T1
14032 14 -3 0 S2_Nm1_T1
14033 14 -3 0 S2_Nm1_T1
14011 15 -3 0 S2_Nm1_T1
14012 15 -3 0 S2_Nm1_T1
14013 15 -3 54.0676696312819 S2_Nm1_T1
14015 15 -3 0 S2_Nm1_T1
14017 15 -3 12.1785801570088 S2_Nm1_T1
14018 15 -3 0 S2_Nm1_T1
14022 15 -3 220.194656532931 S2_Nm1_T1
14023 15 -3 95.7812434414951 S2_Nm1_T1
14025 15 -3 2.19120175615347 S2_Nm1_T1
14027 15 -3 51.3650420306694 S2_Nm1_T1
14029 15 -3 5.89254372040255 S2_Nm1_T1
14030 15 -3 0 S2_Nm1_T1
14031 15 -3 174.28704361986 S2_Nm1_T1
14032 15 -3 224.766602380837 S2_Nm1_T1
14033 15 -3 0 S2_Nm1_T1
14011 16 -3 0 S2_Nm1_T1
14012 16 -3 0 S2_Nm1_T1
14013 16 -3 0 S2_Nm1_T1
14015 16 -3 0 S2_Nm1_T1
14017 16 -3 0 S2_Nm1_T1
14018 16 -3 0 S2_Nm1_T1
14022 16 -3 101.700748634224 S2_Nm1_T1
14023 16 -3 6.01127007224744 S2_Nm1_T1
14025 16 -3 0 S2_Nm1_T1
14027 16 -3 1.82846218034573 S2_Nm1_T1
14029 16 -3 0 S2_Nm1_T1
14030 16 -3 0 S2_Nm1_T1
14031 16 -3 76.7180291337175 S2_Nm1_T1
14032 16 -3 103.274739965112 S2_Nm1_T1
14033 16 -3 0 S2_Nm1_T1
14011 17 -3 0 S2_Nm1_T1
14012 17 -3 0 S2_Nm1_T1
14013 17 -3 0 S2_Nm1_T1
14015 17 -3 0 S2_Nm1_T1
14017 17 -3 0 S2_Nm1_T1
14018 17 -3 0 S2_Nm1_T1
14022 17 -3 3.96390739187145 S2_Nm1_T1
14023 17 -3 0 S2_Nm1_T1
14025 17 -3 0 S2_Nm1_T1
14027 17 -3 0 S2_Nm1_T1
14029 17 -3 0 S2_Nm1_T1
14030 17 -3 0 S2_Nm1_T1
14031 17 -3 11.9579048333845 S2_Nm1_T1
14032 17 -3 0 S2_Nm1_T1
14033 17 -3 0 S2_Nm1_T1
14011 18 -3 0 S2_Nm1_T1
14012 18 -3 0 S2_Nm1_T1
14013 18 -3 0 S2_Nm1_T1
14015 18 -3 0 S2_Nm1_T1
14017 18 -3 0 S2_Nm1_T1
14018 18 -3 0 S2_Nm1_T1
14022 18 -3 0 S2_Nm1_T1
14023 18 -3 0 S2_Nm1_T1
14025 18 -3 0 S2_Nm1_T1
14027 18 -3 0 S2_Nm1_T1
14029 18 -3 0 S2_Nm1_T1
14030 18 -3 0 S2_Nm1_T1
14031 18 -3 0 S2_Nm1_T1
14032 18 -3 0 S2_Nm1_T1
14033 18 -3 0 S2_Nm1_T1
14011 19 -3 0 S2_Nm1_T1
14012 19 -3 0 S2_Nm1_T1
14013 19 -3 0 S2_Nm1_T1
14015 19 -3 0 S2_Nm1_T1
14017 19 -3 0 S2_Nm1_T1
14018 19 -3 0 S2_Nm1_T1
14022 19 -3 48.4779193767832 S2_Nm1_T1
14023 19 -3 0 S2_Nm1_T1
14025 19 -3 0 S2_Nm1_T1
14027 19 -3 0 S2_Nm1_T1
14029 19 -3 0 S2_Nm1_T1
14030 19 -3 0 S2_Nm1_T1
14031 19 -3 9.89184156029022 S2_Nm1_T1
14032 19 -3 22.7805186763365 S2_Nm1_T1
14033 19 -3 0 S2_Nm1_T1
14011 20 -3 0 S2_Nm1_T1
14012 20 -3 0 S2_Nm1_T1
14013 20 -3 17.9203866617849 S2_Nm1_T1
14015 20 -3 0 S2_Nm1_T1
14017 20 -3 1.86124724198527 S2_Nm1_T1
14018 20 -3 0 S2_Nm1_T1
14022 20 -3 171.831367863918 S2_Nm1_T1
14023 20 -3 59.2876705188786 S2_Nm1_T1
14025 20 -3 0 S2_Nm1_T1
14027 20 -3 31.9733710626815 S2_Nm1_T1
14029 20 -3 0 S2_Nm1_T1
14030 20 -3 0 S2_Nm1_T1
14031 20 -3 139.774345986837 S2_Nm1_T1
14032 20 -3 181.572140920454 S2_Nm1_T1
14033 20 -3 0 S2_Nm1_T1
14011 21 -3 0 S2_Nm1_T1
14012 21 -3 0 S2_Nm1_T1
14013 21 -3 0 S2_Nm1_T1
14015 21 -3 0 S2_Nm1_T1
14017 21 -3 0 S2_Nm1_T1
14018 21 -3 0 S2_Nm1_T1
14022 21 -3 15.430350756346 S2_Nm1_T1
14023 21 -3 0 S2_Nm1_T1
14025 21 -3 0 S2_Nm1_T1
14027 21 -3 0 S2_Nm1_T1
14029 21 -3 0 S2_Nm1_T1
14030 21 -3 0 S2_Nm1_T1
14031 21 -3 0 S2_Nm1_T1
14032 21 -3 2.89414641704033 S2_Nm1_T1
14033 21 -3 0 S2_Nm1_T1
14011 22 -3 0 S2_Nm1_T1
14012 22 -3 0 S2_Nm1_T1
14013 22 -3 0 S2_Nm1_T1
14015 22 -3 0 S2_Nm1_T1
14017 22 -3 0 S2_Nm1_T1
14018 22 -3 0 S2_Nm1_T1
14022 22 -3 31.0867675455259 S2_Nm1_T1
14023 22 -3 0 S2_Nm1_T1
14025 22 -3 0 S2_Nm1_T1
14027 22 -3 0 S2_Nm1_T1
14029 22 -3 0 S2_Nm1_T1
14030 22 -3 0 S2_Nm1_T1
14031 22 -3 13.8508497582227 S2_Nm1_T1
14032 22 -3 28.7027610704796 S2_Nm1_T1
14033 22 -3 0 S2_Nm1_T1
14011 23 -3 0 S2_Nm1_T1
14012 23 -3 0 S2_Nm1_T1
14013 23 -3 0 S2_Nm1_T1
14015 23 -3 0 S2_Nm1_T1
14017 23 -3 0 S2_Nm1_T1
14018 23 -3 0 S2_Nm1_T1
14022 23 -3 39.0104571531646 S2_Nm1_T1
14023 23 -3 0 S2_Nm1_T1
14025 23 -3 0 S2_Nm1_T1
14027 23 -3 0 S2_Nm1_T1
14029 23 -3 0 S2_Nm1_T1
14030 23 -3 0 S2_Nm1_T1
14031 23 -3 4.57979952127942 S2_Nm1_T1
14032 23 -3 2.84759739454828 S2_Nm1_T1
14033 23 -3 0 S2_Nm1_T1
14011 24 -3 0 S2_Nm1_T1
14012 24 -3 0 S2_Nm1_T1
14013 24 -3 0 S2_Nm1_T1
14015 24 -3 0 S2_Nm1_T1
14017 24 -3 0 S2_Nm1_T1
14018 24 -3 0 S2_Nm1_T1
14022 24 -3 27.6983816674389 S2_Nm1_T1
14023 24 -3 0 S2_Nm1_T1
14025 24 -3 0 S2_Nm1_T1
14027 24 -3 0 S2_Nm1_T1
14029 24 -3 0 S2_Nm1_T1
14030 24 -3 0 S2_Nm1_T1
14031 24 -3 3.14685450824065 S2_Nm1_T1
14032 24 -3 12.0759517200673 S2_Nm1_T1
14033 24 -3 0 S2_Nm1_T1
14011 25 -3 0 S2_Nm1_T1
14012 25 -3 0 S2_Nm1_T1
14013 25 -3 0 S2_Nm1_T1
14015 25 -3 0 S2_Nm1_T1
14017 25 -3 0 S2_Nm1_T1
14018 25 -3 0 S2_Nm1_T1
14022 25 -3 0 S2_Nm1_T1
14023 25 -3 0 S2_Nm1_T1
14025 25 -3 0 S2_Nm1_T1
14027 25 -3 0 S2_Nm1_T1
14029 25 -3 0 S2_Nm1_T1
14030 25 -3 0 S2_Nm1_T1
14031 25 -3 0 S2_Nm1_T1
14032 25 -3 0 S2_Nm1_T1
14033 25 -3 0 S2_Nm1_T1
14011 26 -3 0 S2_Nm1_T1
14012 26 -3 0 S2_Nm1_T1
14013 26 -3 0 S2_Nm1_T1
14015 26 -3 0 S2_Nm1_T1
14017 26 -3 0 S2_Nm1_T1
14018 26 -3 0 S2_Nm1_T1
14022 26 -3 80.0036454090698 S2_Nm1_T1
14023 26 -3 1.45284059832679 S2_Nm1_T1
14025 26 -3 0 S2_Nm1_T1
14027 26 -3 0 S2_Nm1_T1
14029 26 -3 0 S2_Nm1_T1
14030 26 -3 0 S2_Nm1_T1
14031 26 -3 55.2962867521646 S2_Nm1_T1
14032 26 -3 79.549807094867 S2_Nm1_T1
14033 26 -3 0 S2_Nm1_T1
14011 27 -3 0 S2_Nm1_T1
14012 27 -3 0 S2_Nm1_T1
14013 27 -3 0 S2_Nm1_T1
14015 27 -3 0 S2_Nm1_T1
14017 27 -3 0 S2_Nm1_T1
14018 27 -3 0 S2_Nm1_T1
14022 27 -3 0 S2_Nm1_T1
14023 27 -3 0 S2_Nm1_T1
14025 27 -3 0 S2_Nm1_T1
14027 27 -3 0 S2_Nm1_T1
14029 27 -3 0 S2_Nm1_T1
14030 27 -3 0 S2_Nm1_T1
14031 27 -3 0 S2_Nm1_T1
14032 27 -3 0 S2_Nm1_T1
14033 27 -3 0 S2_Nm1_T1
14011 28 -3 0 S2_Nm1_T1
14012 28 -3 0 S2_Nm1_T1
14013 28 -3 0 S2_Nm1_T1
14015 28 -3 0 S2_Nm1_T1
14017 28 -3 0 S2_Nm1_T1
14018 28 -3 0 S2_Nm1_T1
14022 28 -3 102.520419578702 S2_Nm1_T1
14023 28 -3 6.24587799225154 S2_Nm1_T1
14025 28 -3 0 S2_Nm1_T1
14027 28 -3 2.11183147106535 S2_Nm1_T1
14029 28 -3 0 S2_Nm1_T1
14030 28 -3 0 S2_Nm1_T1
14031 28 -3 80.1522376644525 S2_Nm1_T1
14032 28 -3 106.636024826457 S2_Nm1_T1
14033 28 -3 0 S2_Nm1_T1
14011 29 -3 0 S2_Nm1_T1
14012 29 -3 0 S2_Nm1_T1
14013 29 -3 0 S2_Nm1_T1
14015 29 -3 0 S2_Nm1_T1
14017 29 -3 0 S2_Nm1_T1
14018 29 -3 0 S2_Nm1_T1
14022 29 -3 0 S2_Nm1_T1
14023 29 -3 0 S2_Nm1_T1
14025 29 -3 0 S2_Nm1_T1
14027 29 -3 0 S2_Nm1_T1
14029 29 -3 0 S2_Nm1_T1
14030 29 -3 0 S2_Nm1_T1
14031 29 -3 0 S2_Nm1_T1
14032 29 -3 0 S2_Nm1_T1
14033 29 -3 0 S2_Nm1_T1
14011 30 -3 0 S2_Nm1_T1
14012 30 -3 0 S2_Nm1_T1
14013 30 -3 0 S2_Nm1_T1
14015 30 -3 0 S2_Nm1_T1
14017 30 -3 0 S2_Nm1_T1
14018 30 -3 0 S2_Nm1_T1
14022 30 -3 0 S2_Nm1_T1
14023 30 -3 0 S2_Nm1_T1
14025 30 -3 0 S2_Nm1_T1
14027 30 -3 0 S2_Nm1_T1
14029 30 -3 0 S2_Nm1_T1
14030 30 -3 0 S2_Nm1_T1
14031 30 -3 0 S2_Nm1_T1
14032 30 -3 0 S2_Nm1_T1
14033 30 -3 0 S2_Nm1_T1
14011 31 -3 0 S2_Nm1_T1
14012 31 -3 0 S2_Nm1_T1
14013 31 -3 0 S2_Nm1_T1
14015 31 -3 0 S2_Nm1_T1
14017 31 -3 0 S2_Nm1_T1
14018 31 -3 0 S2_Nm1_T1
14022 31 -3 0 S2_Nm1_T1
14023 31 -3 0 S2_Nm1_T1
14025 31 -3 0 S2_Nm1_T1
14027 31 -3 0 S2_Nm1_T1
14029 31 -3 0 S2_Nm1_T1
14030 31 -3 0 S2_Nm1_T1
14031 31 -3 0 S2_Nm1_T1
14032 31 -3 0 S2_Nm1_T1
14033 31 -3 0 S2_Nm1_T1
14011 1 -5 0 S2_Nm1_T1
14012 1 -5 0 S2_Nm1_T1
14013 1 -5 0 S2_Nm1_T1
14015 1 -5 0 S2_Nm1_T1
14017 1 -5 0 S2_Nm1_T1
14018 1 -5 0 S2_Nm1_T1
14022 1 -5 0 S2_Nm1_T1
14023 1 -5 0 S2_Nm1_T1
14025 1 -5 0 S2_Nm1_T1
14027 1 -5 0 S2_Nm1_T1
14029 1 -5 0 S2_Nm1_T1
14030 1 -5 0 S2_Nm1_T1
14031 1 -5 0 S2_Nm1_T1
14032 1 -5 0 S2_Nm1_T1
14033 1 -5 0 S2_Nm1_T1
14011 2 -5 0 S2_Nm1_T1
14012 2 -5 0 S2_Nm1_T1
14013 2 -5 0 S2_Nm1_T1
14015 2 -5 0 S2_Nm1_T1
14017 2 -5 0 S2_Nm1_T1
14018 2 -5 0 S2_Nm1_T1
14022 2 -5 0 S2_Nm1_T1
14023 2 -5 0 S2_Nm1_T1
14025 2 -5 0 S2_Nm1_T1
14027 2 -5 0 S2_Nm1_T1
14029 2 -5 0 S2_Nm1_T1
14030 2 -5 0 S2_Nm1_T1
14031 2 -5 0 S2_Nm1_T1
14032 2 -5 0 S2_Nm1_T1
14033 2 -5 0 S2_Nm1_T1
14011 3 -5 0 S2_Nm1_T1
14012 3 -5 0 S2_Nm1_T1
14013 3 -5 0 S2_Nm1_T1
14015 3 -5 0 S2_Nm1_T1
14017 3 -5 0 S2_Nm1_T1
14018 3 -5 0 S2_Nm1_T1
14022 3 -5 0 S2_Nm1_T1
14023 3 -5 0 S2_Nm1_T1
14025 3 -5 0 S2_Nm1_T1
14027 3 -5 0 S2_Nm1_T1
14029 3 -5 0 S2_Nm1_T1
14030 3 -5 0 S2_Nm1_T1
14031 3 -5 0 S2_Nm1_T1
14032 3 -5 0 S2_Nm1_T1
14033 3 -5 0 S2_Nm1_T1
14011 4 -5 0 S2_Nm1_T1
14012 4 -5 0 S2_Nm1_T1
14013 4 -5 0 S2_Nm1_T1
14015 4 -5 0 S2_Nm1_T1
14017 4 -5 0 S2_Nm1_T1
14018 4 -5 0 S2_Nm1_T1
14022 4 -5 0 S2_Nm1_T1
14023 4 -5 0 S2_Nm1_T1
14025 4 -5 0 S2_Nm1_T1
14027 4 -5 0 S2_Nm1_T1
14029 4 -5 0 S2_Nm1_T1
14030 4 -5 0 S2_Nm1_T1
14031 4 -5 0 S2_Nm1_T1
14032 4 -5 0 S2_Nm1_T1
14033 4 -5 0 S2_Nm1_T1
14011 5 -5 0 S2_Nm1_T1
14012 5 -5 0 S2_Nm1_T1
14013 5 -5 0 S2_Nm1_T1
14015 5 -5 0 S2_Nm1_T1
14017 5 -5 0 S2_Nm1_T1
14018 5 -5 0 S2_Nm1_T1
14022 5 -5 0 S2_Nm1_T1
14023 5 -5 0 S2_Nm1_T1
14025 5 -5 0 S2_Nm1_T1
14027 5 -5 0 S2_Nm1_T1
14029 5 -5 0 S2_Nm1_T1
14030 5 -5 0 S2_Nm1_T1
14031 5 -5 0 S2_Nm1_T1
14032 5 -5 0 S2_Nm1_T1
14033 5 -5 0 S2_Nm1_T1
14011 6 -5 0 S2_Nm1_T1
14012 6 -5 0 S2_Nm1_T1
14013 6 -5 0 S2_Nm1_T1
14015 6 -5 0 S2_Nm1_T1
14017 6 -5 0 S2_Nm1_T1
14018 6 -5 0 S2_Nm1_T1
14022 6 -5 2.51195566235536 S2_Nm1_T1
14023 6 -5 0 S2_Nm1_T1
14025 6 -5 0 S2_Nm1_T1
14027 6 -5 0 S2_Nm1_T1
14029 6 -5 0 S2_Nm1_T1
14030 6 -5 0 S2_Nm1_T1
14031 6 -5 0 S2_Nm1_T1
14032 6 -5 0 S2_Nm1_T1
14033 6 -5 0 S2_Nm1_T1
14011 7 -5 0 S2_Nm1_T1
14012 7 -5 0 S2_Nm1_T1
14013 7 -5 0 S2_Nm1_T1
14015 7 -5 0 S2_Nm1_T1
14017 7 -5 0 S2_Nm1_T1
14018 7 -5 0 S2_Nm1_T1
14022 7 -5 0 S2_Nm1_T1
14023 7 -5 0 S2_Nm1_T1
14025 7 -5 0 S2_Nm1_T1
14027 7 -5 0 S2_Nm1_T1
14029 7 -5 0 S2_Nm1_T1
14030 7 -5 0 S2_Nm1_T1
14031 7 -5 0 S2_Nm1_T1
14032 7 -5 0 S2_Nm1_T1
14033 7 -5 0 S2_Nm1_T1
14011 8 -5 0 S2_Nm1_T1
14012 8 -5 0 S2_Nm1_T1
14013 8 -5 0 S2_Nm1_T1
14015 8 -5 0 S2_Nm1_T1
14017 8 -5 0 S2_Nm1_T1
14018 8 -5 0 S2_Nm1_T1
14022 8 -5 0 S2_Nm1_T1
14023 8 -5 0 S2_Nm1_T1
14025 8 -5 0 S2_Nm1_T1
14027 8 -5 0 S2_Nm1_T1
14029 8 -5 0 S2_Nm1_T1
14030 8 -5 0 S2_Nm1_T1
14031 8 -5 0 S2_Nm1_T1
14032 8 -5 0 S2_Nm1_T1
14033 8 -5 0 S2_Nm1_T1
14011 9 -5 0 S2_Nm1_T1
14012 9 -5 0 S2_Nm1_T1
14013 9 -5 0 S2_Nm1_T1
14015 9 -5 0 S2_Nm1_T1
14017 9 -5 0 S2_Nm1_T1
14018 9 -5 0 S2_Nm1_T1
14022 9 -5 0 S2_Nm1_T1
14023 9 -5 0 S2_Nm1_T1
14025 9 -5 0 S2_Nm1_T1
14027 9 -5 0 S2_Nm1_T1
14029 9 -5 0 S2_Nm1_T1
14030 9 -5 0 S2_Nm1_T1
14031 9 -5 0 S2_Nm1_T1
14032 9 -5 0 S2_Nm1_T1
14033 9 -5 0 S2_Nm1_T1
14011 10 -5 0 S2_Nm1_T1
14012 10 -5 0 S2_Nm1_T1
14013 10 -5 0 S2_Nm1_T1
14015 10 -5 0 S2_Nm1_T1
14017 10 -5 0 S2_Nm1_T1
14018 10 -5 0 S2_Nm1_T1
14022 10 -5 0 S2_Nm1_T1
14023 10 -5 0 S2_Nm1_T1
14025 10 -5 0 S2_Nm1_T1
14027 10 -5 0 S2_Nm1_T1
14029 10 -5 0 S2_Nm1_T1
14030 10 -5 0 S2_Nm1_T1
14031 10 -5 0 S2_Nm1_T1
14032 10 -5 0 S2_Nm1_T1
14033 10 -5 0 S2_Nm1_T1
14011 11 -5 0 S2_Nm1_T1
14012 11 -5 0 S2_Nm1_T1
14013 11 -5 0 S2_Nm1_T1
14015 11 -5 0 S2_Nm1_T1
14017 11 -5 0 S2_Nm1_T1
14018 11 -5 0 S2_Nm1_T1
14022 11 -5 0 S2_Nm1_T1
14023 11 -5 0 S2_Nm1_T1
14025 11 -5 0 S2_Nm1_T1
14027 11 -5 0 S2_Nm1_T1
14029 11 -5 0 S2_Nm1_T1
14030 11 -5 0 S2_Nm1_T1
14031 11 -5 0 S2_Nm1_T1
14032 11 -5 0 S2_Nm1_T1
14033 11 -5 0 S2_Nm1_T1
14011 12 -5 0 S2_Nm1_T1
14012 12 -5 0 S2_Nm1_T1
14013 12 -5 0 S2_Nm1_T1
14015 12 -5 0 S2_Nm1_T1
14017 12 -5 0 S2_Nm1_T1
14018 12 -5 0 S2_Nm1_T1
14022 12 -5 0 S2_Nm1_T1
14023 12 -5 0 S2_Nm1_T1
14025 12 -5 0 S2_Nm1_T1
14027 12 -5 0 S2_Nm1_T1
14029 12 -5 0 S2_Nm1_T1
14030 12 -5 0 S2_Nm1_T1
14031 12 -5 0 S2_Nm1_T1
14032 12 -5 0 S2_Nm1_T1
14033 12 -5 0 S2_Nm1_T1
14011 13 -5 0 S2_Nm1_T1
14012 13 -5 0 S2_Nm1_T1
14013 13 -5 0 S2_Nm1_T1
14015 13 -5 0 S2_Nm1_T1
14017 13 -5 0 S2_Nm1_T1
14018 13 -5 0 S2_Nm1_T1
14022 13 -5 0 S2_Nm1_T1
14023 13 -5 0 S2_Nm1_T1
14025 13 -5 0 S2_Nm1_T1
14027 13 -5 0 S2_Nm1_T1
14029 13 -5 0 S2_Nm1_T1
14030 13 -5 0 S2_Nm1_T1
14031 13 -5 0 S2_Nm1_T1
14032 13 -5 0 S2_Nm1_T1
14033 13 -5 0 S2_Nm1_T1
14011 14 -5 0 S2_Nm1_T1
14012 14 -5 0 S2_Nm1_T1
14013 14 -5 0 S2_Nm1_T1
14015 14 -5 0 S2_Nm1_T1
14017 14 -5 0 S2_Nm1_T1
14018 14 -5 0 S2_Nm1_T1
14022 14 -5 0 S2_Nm1_T1
14023 14 -5 0 S2_Nm1_T1
14025 14 -5 0 S2_Nm1_T1
14027 14 -5 0 S2_Nm1_T1
14029 14 -5 0 S2_Nm1_T1
14030 14 -5 0 S2_Nm1_T1
14031 14 -5 0 S2_Nm1_T1
14032 14 -5 0 S2_Nm1_T1
14033 14 -5 0 S2_Nm1_T1
14011 15 -5 0 S2_Nm1_T1
14012 15 -5 0 S2_Nm1_T1
14013 15 -5 0 S2_Nm1_T1
14015 15 -5 0 S2_Nm1_T1
14017 15 -5 0 S2_Nm1_T1
14018 15 -5 0 S2_Nm1_T1
14022 15 -5 108.712013582704 S2_Nm1_T1
14023 15 -5 9.9061393505258 S2_Nm1_T1
14025 15 -5 0 S2_Nm1_T1
14027 15 -5 0 S2_Nm1_T1
14029 15 -5 0 S2_Nm1_T1
14030 15 -5 0 S2_Nm1_T1
14031 15 -5 67.5733513085585 S2_Nm1_T1
14032 15 -5 97.3656400930639 S2_Nm1_T1
14033 15 -5 0 S2_Nm1_T1
14011 16 -5 0 S2_Nm1_T1
14012 16 -5 0 S2_Nm1_T1
14013 16 -5 0 S2_Nm1_T1
14015 16 -5 0 S2_Nm1_T1
14017 16 -5 0 S2_Nm1_T1
14018 16 -5 0 S2_Nm1_T1
14022 16 -5 0 S2_Nm1_T1
14023 16 -5 0 S2_Nm1_T1
14025 16 -5 0 S2_Nm1_T1
14027 16 -5 0 S2_Nm1_T1
14029 16 -5 0 S2_Nm1_T1
14030 16 -5 0 S2_Nm1_T1
14031 16 -5 0 S2_Nm1_T1
14032 16 -5 0 S2_Nm1_T1
14033 16 -5 0 S2_Nm1_T1
14011 17 -5 0 S2_Nm1_T1
14012 17 -5 0 S2_Nm1_T1
14013 17 -5 0 S2_Nm1_T1
14015 17 -5 0 S2_Nm1_T1
14017 17 -5 0 S2_Nm1_T1
14018 17 -5 0 S2_Nm1_T1
14022 17 -5 0 S2_Nm1_T1
14023 17 -5 0 S2_Nm1_T1
14025 17 -5 0 S2_Nm1_T1
14027 17 -5 0 S2_Nm1_T1
14029 17 -5 0 S2_Nm1_T1
14030 17 -5 0 S2_Nm1_T1
14031 17 -5 0 S2_Nm1_T1
14032 17 -5 0 S2_Nm1_T1
14033 17 -5 0 S2_Nm1_T1
14011 18 -5 0 S2_Nm1_T1
14012 18 -5 0 S2_Nm1_T1
14013 18 -5 0 S2_Nm1_T1
14015 18 -5 0 S2_Nm1_T1
14017 18 -5 0 S2_Nm1_T1
14018 18 -5 0 S2_Nm1_T1
14022 18 -5 0 S2_Nm1_T1
14023 18 -5 0 S2_Nm1_T1
14025 18 -5 0 S2_Nm1_T1
14027 18 -5 0 S2_Nm1_T1
14029 18 -5 0 S2_Nm1_T1
14030 18 -5 0 S2_Nm1_T1
14031 18 -5 0 S2_Nm1_T1
14032 18 -5 0 S2_Nm1_T1
14033 18 -5 0 S2_Nm1_T1
14011 19 -5 0 S2_Nm1_T1
14012 19 -5 0 S2_Nm1_T1
14013 19 -5 0 S2_Nm1_T1
14015 19 -5 0 S2_Nm1_T1
14017 19 -5 0 S2_Nm1_T1
14018 19 -5 0 S2_Nm1_T1
14022 19 -5 0 S2_Nm1_T1
14023 19 -5 0 S2_Nm1_T1
14025 19 -5 0 S2_Nm1_T1
14027 19 -5 0 S2_Nm1_T1
14029 19 -5 0 S2_Nm1_T1
14030 19 -5 0 S2_Nm1_T1
14031 19 -5 0 S2_Nm1_T1
14032 19 -5 0 S2_Nm1_T1
14033 19 -5 0 S2_Nm1_T1
14011 20 -5 0 S2_Nm1_T1
14012 20 -5 0 S2_Nm1_T1
14013 20 -5 0 S2_Nm1_T1
14015 20 -5 0 S2_Nm1_T1
14017 20 -5 0 S2_Nm1_T1
14018 20 -5 0 S2_Nm1_T1
14022 20 -5 41.4705272634117 S2_Nm1_T1
14023 20 -5 0 S2_Nm1_T1
14025 20 -5 0 S2_Nm1_T1
14027 20 -5 0 S2_Nm1_T1
14029 20 -5 0 S2_Nm1_T1
14030 20 -5 0 S2_Nm1_T1
14031 20 -5 14.7544874511775 S2_Nm1_T1
14032 20 -5 32.5771665772417 S2_Nm1_T1
14033 20 -5 0 S2_Nm1_T1
14011 21 -5 0 S2_Nm1_T1
14012 21 -5 0 S2_Nm1_T1
14013 21 -5 0 S2_Nm1_T1
14015 21 -5 0 S2_Nm1_T1
14017 21 -5 0 S2_Nm1_T1
14018 21 -5 0 S2_Nm1_T1
14022 21 -5 0 S2_Nm1_T1
14023 21 -5 0 S2_Nm1_T1
14025 21 -5 0 S2_Nm1_T1
14027 21 -5 0 S2_Nm1_T1
14029 21 -5 0 S2_Nm1_T1
14030 21 -5 0 S2_Nm1_T1
14031 21 -5 0 S2_Nm1_T1
14032 21 -5 0 S2_Nm1_T1
14033 21 -5 0 S2_Nm1_T1
14011 22 -5 0 S2_Nm1_T1
14012 22 -5 0 S2_Nm1_T1
14013 22 -5 0 S2_Nm1_T1
14015 22 -5 0 S2_Nm1_T1
14017 22 -5 0 S2_Nm1_T1
14018 22 -5 0 S2_Nm1_T1
14022 22 -5 0 S2_Nm1_T1
14023 22 -5 0 S2_Nm1_T1
14025 22 -5 0 S2_Nm1_T1
14027 22 -5 0 S2_Nm1_T1
14029 22 -5 0 S2_Nm1_T1
14030 22 -5 0 S2_Nm1_T1
14031 22 -5 0 S2_Nm1_T1
14032 22 -5 0 S2_Nm1_T1
14033 22 -5 0 S2_Nm1_T1
14011 23 -5 0 S2_Nm1_T1
14012 23 -5 0 S2_Nm1_T1
14013 23 -5 0 S2_Nm1_T1
14015 23 -5 0 S2_Nm1_T1
14017 23 -5 0 S2_Nm1_T1
14018 23 -5 0 S2_Nm1_T1
14022 23 -5 0 S2_Nm1_T1
14023 23 -5 0 S2_Nm1_T1
14025 23 -5 0 S2_Nm1_T1
14027 23 -5 0 S2_Nm1_T1
14029 23 -5 0 S2_Nm1_T1
14030 23 -5 0 S2_Nm1_T1
14031 23 -5 0 S2_Nm1_T1
14032 23 -5 0 S2_Nm1_T1
14033 23 -5 0 S2_Nm1_T1
14011 24 -5 0 S2_Nm1_T1
14012 24 -5 0 S2_Nm1_T1
14013 24 -5 0 S2_Nm1_T1
14015 24 -5 0 S2_Nm1_T1
14017 24 -5 0 S2_Nm1_T1
14018 24 -5 0 S2_Nm1_T1
14022 24 -5 0 S2_Nm1_T1
14023 24 -5 0 S2_Nm1_T1
14025 24 -5 0 S2_Nm1_T1
14027 24 -5 0 S2_Nm1_T1
14029 24 -5 0 S2_Nm1_T1
14030 24 -5 0 S2_Nm1_T1
14031 24 -5 0 S2_Nm1_T1
14032 24 -5 0 S2_Nm1_T1
14033 24 -5 0 S2_Nm1_T1
14011 25 -5 0 S2_Nm1_T1
14012 25 -5 0 S2_Nm1_T1
14013 25 -5 0 S2_Nm1_T1
14015 25 -5 0 S2_Nm1_T1
14017 25 -5 0 S2_Nm1_T1
14018 25 -5 0 S2_Nm1_T1
14022 25 -5 0 S2_Nm1_T1
14023 25 -5 0 S2_Nm1_T1
14025 25 -5 0 S2_Nm1_T1
14027 25 -5 0 S2_Nm1_T1
14029 25 -5 0 S2_Nm1_T1
14030 25 -5 0 S2_Nm1_T1
14031 25 -5 0 S2_Nm1_T1
14032 25 -5 0 S2_Nm1_T1
14033 25 -5 0 S2_Nm1_T1
14011 26 -5 0 S2_Nm1_T1
14012 26 -5 0 S2_Nm1_T1
14013 26 -5 0 S2_Nm1_T1
14015 26 -5 0 S2_Nm1_T1
14017 26 -5 0 S2_Nm1_T1
14018 26 -5 0 S2_Nm1_T1
14022 26 -5 0 S2_Nm1_T1
14023 26 -5 0 S2_Nm1_T1
14025 26 -5 0 S2_Nm1_T1
14027 26 -5 0 S2_Nm1_T1
14029 26 -5 0 S2_Nm1_T1
14030 26 -5 0 S2_Nm1_T1
14031 26 -5 0 S2_Nm1_T1
14032 26 -5 0 S2_Nm1_T1
14033 26 -5 0 S2_Nm1_T1
14011 27 -5 0 S2_Nm1_T1
14012 27 -5 0 S2_Nm1_T1
14013 27 -5 0 S2_Nm1_T1
14015 27 -5 0 S2_Nm1_T1
14017 27 -5 0 S2_Nm1_T1
14018 27 -5 0 S2_Nm1_T1
14022 27 -5 0 S2_Nm1_T1
14023 27 -5 0 S2_Nm1_T1
14025 27 -5 0 S2_Nm1_T1
14027 27 -5 0 S2_Nm1_T1
14029 27 -5 0 S2_Nm1_T1
14030 27 -5 0 S2_Nm1_T1
14031 27 -5 0 S2_Nm1_T1
14032 27 -5 0 S2_Nm1_T1
14033 27 -5 0 S2_Nm1_T1
14011 28 -5 0 S2_Nm1_T1
14012 28 -5 0 S2_Nm1_T1
14013 28 -5 0 S2_Nm1_T1
14015 28 -5 0 S2_Nm1_T1
14017 28 -5 0 S2_Nm1_T1
14018 28 -5 0 S2_Nm1_T1
14022 28 -5 0 S2_Nm1_T1
14023 28 -5 0 S2_Nm1_T1
14025 28 -5 0 S2_Nm1_T1
14027 28 -5 0 S2_Nm1_T1
14029 28 -5 0 S2_Nm1_T1
14030 28 -5 0 S2_Nm1_T1
14031 28 -5 0 S2_Nm1_T1
14032 28 -5 0 S2_Nm1_T1
14033 28 -5 0 S2_Nm1_T1
14011 29 -5 0 S2_Nm1_T1
14012 29 -5 0 S2_Nm1_T1
14013 29 -5 0 S2_Nm1_T1
14015 29 -5 0 S2_Nm1_T1
14017 29 -5 0 S2_Nm1_T1
14018 29 -5 0 S2_Nm1_T1
14022 29 -5 0 S2_Nm1_T1
14023 29 -5 0 S2_Nm1_T1
14025 29 -5 0 S2_Nm1_T1
14027 29 -5 0 S2_Nm1_T1
14029 29 -5 0 S2_Nm1_T1
14030 29 -5 0 S2_Nm1_T1
14031 29 -5 0 S2_Nm1_T1
14032 29 -5 0 S2_Nm1_T1
14033 29 -5 0 S2_Nm1_T1
14011 30 -5 0 S2_Nm1_T1
14012 30 -5 0 S2_Nm1_T1
14013 30 -5 0 S2_Nm1_T1
14015 30 -5 0 S2_Nm1_T1
14017 30 -5 0 S2_Nm1_T1
14018 30 -5 0 S2_Nm1_T1
14022 30 -5 0 S2_Nm1_T1
14023 30 -5 0 S2_Nm1_T1
14025 30 -5 0 S2_Nm1_T1
14027 30 -5 0 S2_Nm1_T1
14029 30 -5 0 S2_Nm1_T1
14030 30 -5 0 S2_Nm1_T1
14031 30 -5 0 S2_Nm1_T1
14032 30 -5 0 S2_Nm1_T1
14033 30 -5 0 S2_Nm1_T1
14011 31 -5 0 S2_Nm1_T1
14012 31 -5 0 S2_Nm1_T1
14013 31 -5 0 S2_Nm1_T1
14015 31 -5 0 S2_Nm1_T1
14017 31 -5 0 S2_Nm1_T1
14018 31 -5 0 S2_Nm1_T1
14022 31 -5 0 S2_Nm1_T1
14023 31 -5 0 S2_Nm1_T1
14025 31 -5 0 S2_Nm1_T1
14027 31 -5 0 S2_Nm1_T1
14029 31 -5 0 S2_Nm1_T1
14030 31 -5 0 S2_Nm1_T1
14031 31 -5 0 S2_Nm1_T1
14032 31 -5 0 S2_Nm1_T1
14033 31 -5 0 S2_Nm1_T1
