speciesID lakeID variable value scenario
15070 1 -0.5 0 S2_Nm1_T1
15072 1 -0.5 0 S2_Nm1_T1
15073 1 -0.5 39.6726294325107 S2_Nm1_T1
15074 1 -0.5 18.2047546048923 S2_Nm1_T1
15077 1 -0.5 0 S2_Nm1_T1
15079 1 -0.5 152.522189316232 S2_Nm1_T1
15081 1 -0.5 81.3485254080936 S2_Nm1_T1
15082 1 -0.5 415.754530574257 S2_Nm1_T1
15084 1 -0.5 638.279236753589 S2_Nm1_T1
15086 1 -0.5 0 S2_Nm1_T1
14001 1 -0.5 0 S2_Nm1_T1
14002 1 -0.5 0 S2_Nm1_T1
14003 1 -0.5 0 S2_Nm1_T1
14005 1 -0.5 0 S2_Nm1_T1
14008 1 -0.5 0 S2_Nm1_T1
15070 2 -0.5 0 S2_Nm1_T1
15072 2 -0.5 0 S2_Nm1_T1
15073 2 -0.5 0 S2_Nm1_T1
15074 2 -0.5 0 S2_Nm1_T1
15077 2 -0.5 0 S2_Nm1_T1
15079 2 -0.5 0 S2_Nm1_T1
15081 2 -0.5 0 S2_Nm1_T1
15082 2 -0.5 0 S2_Nm1_T1
15084 2 -0.5 0 S2_Nm1_T1
15086 2 -0.5 0 S2_Nm1_T1
14001 2 -0.5 0 S2_Nm1_T1
14002 2 -0.5 0 S2_Nm1_T1
14003 2 -0.5 0 S2_Nm1_T1
14005 2 -0.5 0 S2_Nm1_T1
14008 2 -0.5 0 S2_Nm1_T1
15070 3 -0.5 0 S2_Nm1_T1
15072 3 -0.5 0 S2_Nm1_T1
15073 3 -0.5 0 S2_Nm1_T1
15074 3 -0.5 0 S2_Nm1_T1
15077 3 -0.5 0 S2_Nm1_T1
15079 3 -0.5 0 S2_Nm1_T1
15081 3 -0.5 0 S2_Nm1_T1
15082 3 -0.5 0 S2_Nm1_T1
15084 3 -0.5 0 S2_Nm1_T1
15086 3 -0.5 0 S2_Nm1_T1
14001 3 -0.5 0 S2_Nm1_T1
14002 3 -0.5 0 S2_Nm1_T1
14003 3 -0.5 0 S2_Nm1_T1
14005 3 -0.5 0 S2_Nm1_T1
14008 3 -0.5 0 S2_Nm1_T1
15070 4 -0.5 0 S2_Nm1_T1
15072 4 -0.5 0 S2_Nm1_T1
15073 4 -0.5 0 S2_Nm1_T1
15074 4 -0.5 0 S2_Nm1_T1
15077 4 -0.5 0 S2_Nm1_T1
15079 4 -0.5 54.940956951205 S2_Nm1_T1
15081 4 -0.5 0 S2_Nm1_T1
15082 4 -0.5 0 S2_Nm1_T1
15084 4 -0.5 102.110958304784 S2_Nm1_T1
15086 4 -0.5 0 S2_Nm1_T1
14001 4 -0.5 0 S2_Nm1_T1
14002 4 -0.5 0 S2_Nm1_T1
14003 4 -0.5 0 S2_Nm1_T1
14005 4 -0.5 0 S2_Nm1_T1
14008 4 -0.5 0 S2_Nm1_T1
15070 5 -0.5 0 S2_Nm1_T1
15072 5 -0.5 0 S2_Nm1_T1
15073 5 -0.5 0 S2_Nm1_T1
15074 5 -0.5 0 S2_Nm1_T1
15077 5 -0.5 0 S2_Nm1_T1
15079 5 -0.5 0 S2_Nm1_T1
15081 5 -0.5 0 S2_Nm1_T1
15082 5 -0.5 0 S2_Nm1_T1
15084 5 -0.5 0 S2_Nm1_T1
15086 5 -0.5 0 S2_Nm1_T1
14001 5 -0.5 0 S2_Nm1_T1
14002 5 -0.5 0 S2_Nm1_T1
14003 5 -0.5 0 S2_Nm1_T1
14005 5 -0.5 0 S2_Nm1_T1
14008 5 -0.5 0 S2_Nm1_T1
15070 6 -0.5 0 S2_Nm1_T1
15072 6 -0.5 0 S2_Nm1_T1
15073 6 -0.5 0 S2_Nm1_T1
15074 6 -0.5 0 S2_Nm1_T1
15077 6 -0.5 0 S2_Nm1_T1
15079 6 -0.5 41.1824304743108 S2_Nm1_T1
15081 6 -0.5 0 S2_Nm1_T1
15082 6 -0.5 0 S2_Nm1_T1
15084 6 -0.5 19.4696492422184 S2_Nm1_T1
15086 6 -0.5 0 S2_Nm1_T1
14001 6 -0.5 0 S2_Nm1_T1
14002 6 -0.5 0 S2_Nm1_T1
14003 6 -0.5 0 S2_Nm1_T1
14005 6 -0.5 0 S2_Nm1_T1
14008 6 -0.5 0 S2_Nm1_T1
15070 7 -0.5 0 S2_Nm1_T1
15072 7 -0.5 0 S2_Nm1_T1
15073 7 -0.5 0 S2_Nm1_T1
15074 7 -0.5 0 S2_Nm1_T1
15077 7 -0.5 0 S2_Nm1_T1
15079 7 -0.5 0 S2_Nm1_T1
15081 7 -0.5 0 S2_Nm1_T1
15082 7 -0.5 0 S2_Nm1_T1
15084 7 -0.5 0 S2_Nm1_T1
15086 7 -0.5 0 S2_Nm1_T1
14001 7 -0.5 0 S2_Nm1_T1
14002 7 -0.5 0 S2_Nm1_T1
14003 7 -0.5 0 S2_Nm1_T1
14005 7 -0.5 0 S2_Nm1_T1
14008 7 -0.5 0 S2_Nm1_T1
15070 8 -0.5 0 S2_Nm1_T1
15072 8 -0.5 0 S2_Nm1_T1
15073 8 -0.5 0 S2_Nm1_T1
15074 8 -0.5 0 S2_Nm1_T1
15077 8 -0.5 0 S2_Nm1_T1
15079 8 -0.5 126.672846175638 S2_Nm1_T1
15081 8 -0.5 5.27019598826373 S2_Nm1_T1
15082 8 -0.5 232.294557968198 S2_Nm1_T1
15084 8 -0.5 436.504772596113 S2_Nm1_T1
15086 8 -0.5 0 S2_Nm1_T1
14001 8 -0.5 0 S2_Nm1_T1
14002 8 -0.5 0 S2_Nm1_T1
14003 8 -0.5 0 S2_Nm1_T1
14005 8 -0.5 0 S2_Nm1_T1
14008 8 -0.5 0 S2_Nm1_T1
15070 9 -0.5 0 S2_Nm1_T1
15072 9 -0.5 0 S2_Nm1_T1
15073 9 -0.5 0 S2_Nm1_T1
15074 9 -0.5 0 S2_Nm1_T1
15077 9 -0.5 0 S2_Nm1_T1
15079 9 -0.5 27.8991733181631 S2_Nm1_T1
15081 9 -0.5 0 S2_Nm1_T1
15082 9 -0.5 0 S2_Nm1_T1
15084 9 -0.5 9.37185687057645 S2_Nm1_T1
15086 9 -0.5 0 S2_Nm1_T1
14001 9 -0.5 0 S2_Nm1_T1
14002 9 -0.5 0 S2_Nm1_T1
14003 9 -0.5 0 S2_Nm1_T1
14005 9 -0.5 0 S2_Nm1_T1
14008 9 -0.5 0 S2_Nm1_T1
15070 10 -0.5 0 S2_Nm1_T1
15072 10 -0.5 0 S2_Nm1_T1
15073 10 -0.5 0 S2_Nm1_T1
15074 10 -0.5 0 S2_Nm1_T1
15077 10 -0.5 0 S2_Nm1_T1
15079 10 -0.5 122.843751930622 S2_Nm1_T1
15081 10 -0.5 1.17418630030628 S2_Nm1_T1
15082 10 -0.5 199.651384866092 S2_Nm1_T1
15084 10 -0.5 398.440124163537 S2_Nm1_T1
15086 10 -0.5 0 S2_Nm1_T1
14001 10 -0.5 0 S2_Nm1_T1
14002 10 -0.5 0 S2_Nm1_T1
14003 10 -0.5 0 S2_Nm1_T1
14005 10 -0.5 0 S2_Nm1_T1
14008 10 -0.5 0 S2_Nm1_T1
15070 11 -0.5 0 S2_Nm1_T1
15072 11 -0.5 0 S2_Nm1_T1
15073 11 -0.5 4.07858456610463 S2_Nm1_T1
15074 11 -0.5 0 S2_Nm1_T1
15077 11 -0.5 0 S2_Nm1_T1
15079 11 -0.5 114.276926776679 S2_Nm1_T1
15081 11 -0.5 43.207921369239 S2_Nm1_T1
15082 11 -0.5 353.764421781168 S2_Nm1_T1
15084 11 -0.5 578.502979722765 S2_Nm1_T1
15086 11 -0.5 0 S2_Nm1_T1
14001 11 -0.5 0 S2_Nm1_T1
14002 11 -0.5 0 S2_Nm1_T1
14003 11 -0.5 0 S2_Nm1_T1
14005 11 -0.5 0 S2_Nm1_T1
14008 11 -0.5 0 S2_Nm1_T1
15070 12 -0.5 0 S2_Nm1_T1
15072 12 -0.5 0 S2_Nm1_T1
15073 12 -0.5 20.3997567331639 S2_Nm1_T1
15074 12 -0.5 0 S2_Nm1_T1
15077 12 -0.5 0 S2_Nm1_T1
15079 12 -0.5 111.833198354969 S2_Nm1_T1
15081 12 -0.5 51.4757917760274 S2_Nm1_T1
15082 12 -0.5 343.537449957057 S2_Nm1_T1
15084 12 -0.5 541.798658181704 S2_Nm1_T1
15086 12 -0.5 0 S2_Nm1_T1
14001 12 -0.5 0 S2_Nm1_T1
14002 12 -0.5 0 S2_Nm1_T1
14003 12 -0.5 0 S2_Nm1_T1
14005 12 -0.5 0 S2_Nm1_T1
14008 12 -0.5 0 S2_Nm1_T1
15070 13 -0.5 0 S2_Nm1_T1
15072 13 -0.5 0 S2_Nm1_T1
15073 13 -0.5 0 S2_Nm1_T1
15074 13 -0.5 0 S2_Nm1_T1
15077 13 -0.5 0 S2_Nm1_T1
15079 13 -0.5 0 S2_Nm1_T1
15081 13 -0.5 0 S2_Nm1_T1
15082 13 -0.5 0 S2_Nm1_T1
15084 13 -0.5 0 S2_Nm1_T1
15086 13 -0.5 0 S2_Nm1_T1
14001 13 -0.5 0 S2_Nm1_T1
14002 13 -0.5 0 S2_Nm1_T1
14003 13 -0.5 0 S2_Nm1_T1
14005 13 -0.5 0 S2_Nm1_T1
14008 13 -0.5 0 S2_Nm1_T1
15070 14 -0.5 0 S2_Nm1_T1
15072 14 -0.5 0 S2_Nm1_T1
15073 14 -0.5 0 S2_Nm1_T1
15074 14 -0.5 0 S2_Nm1_T1
15077 14 -0.5 0 S2_Nm1_T1
15079 14 -0.5 0 S2_Nm1_T1
15081 14 -0.5 0 S2_Nm1_T1
15082 14 -0.5 0 S2_Nm1_T1
15084 14 -0.5 0 S2_Nm1_T1
15086 14 -0.5 0 S2_Nm1_T1
14001 14 -0.5 0 S2_Nm1_T1
14002 14 -0.5 0 S2_Nm1_T1
14003 14 -0.5 0 S2_Nm1_T1
14005 14 -0.5 0 S2_Nm1_T1
14008 14 -0.5 0 S2_Nm1_T1
15070 15 -0.5 0 S2_Nm1_T1
15072 15 -0.5 0 S2_Nm1_T1
15073 15 -0.5 0 S2_Nm1_T1
15074 15 -0.5 0 S2_Nm1_T1
15077 15 -0.5 0 S2_Nm1_T1
15079 15 -0.5 146.906352644307 S2_Nm1_T1
15081 15 -0.5 5.79443639910822 S2_Nm1_T1
15082 15 -0.5 230.902642915006 S2_Nm1_T1
15084 15 -0.5 432.067960974353 S2_Nm1_T1
15086 15 -0.5 0 S2_Nm1_T1
14001 15 -0.5 0 S2_Nm1_T1
14002 15 -0.5 0 S2_Nm1_T1
14003 15 -0.5 0 S2_Nm1_T1
14005 15 -0.5 0 S2_Nm1_T1
14008 15 -0.5 0 S2_Nm1_T1
15070 16 -0.5 0 S2_Nm1_T1
15072 16 -0.5 0 S2_Nm1_T1
15073 16 -0.5 2.79724832133357 S2_Nm1_T1
15074 16 -0.5 0 S2_Nm1_T1
15077 16 -0.5 0 S2_Nm1_T1
15079 16 -0.5 159.499959559139 S2_Nm1_T1
15081 16 -0.5 71.6428149880224 S2_Nm1_T1
15082 16 -0.5 369.7807885265 S2_Nm1_T1
15084 16 -0.5 591.982280892358 S2_Nm1_T1
15086 16 -0.5 0 S2_Nm1_T1
14001 16 -0.5 0 S2_Nm1_T1
14002 16 -0.5 0 S2_Nm1_T1
14003 16 -0.5 0 S2_Nm1_T1
14005 16 -0.5 0 S2_Nm1_T1
14008 16 -0.5 0 S2_Nm1_T1
15070 17 -0.5 0 S2_Nm1_T1
15072 17 -0.5 0 S2_Nm1_T1
15073 17 -0.5 0 S2_Nm1_T1
15074 17 -0.5 0 S2_Nm1_T1
15077 17 -0.5 0 S2_Nm1_T1
15079 17 -0.5 1.71785682960747 S2_Nm1_T1
15081 17 -0.5 0 S2_Nm1_T1
15082 17 -0.5 0 S2_Nm1_T1
15084 17 -0.5 0 S2_Nm1_T1
15086 17 -0.5 0 S2_Nm1_T1
14001 17 -0.5 0 S2_Nm1_T1
14002 17 -0.5 0 S2_Nm1_T1
14003 17 -0.5 0 S2_Nm1_T1
14005 17 -0.5 0 S2_Nm1_T1
14008 17 -0.5 0 S2_Nm1_T1
15070 18 -0.5 0 S2_Nm1_T1
15072 18 -0.5 0 S2_Nm1_T1
15073 18 -0.5 28.7090330233962 S2_Nm1_T1
15074 18 -0.5 2.74883999010666 S2_Nm1_T1
15077 18 -0.5 0 S2_Nm1_T1
15079 18 -0.5 136.513693706141 S2_Nm1_T1
15081 18 -0.5 67.8941630308366 S2_Nm1_T1
15082 18 -0.5 373.661541539571 S2_Nm1_T1
15084 18 -0.5 581.019662896867 S2_Nm1_T1
15086 18 -0.5 0 S2_Nm1_T1
14001 18 -0.5 0 S2_Nm1_T1
14002 18 -0.5 0 S2_Nm1_T1
14003 18 -0.5 0 S2_Nm1_T1
14005 18 -0.5 0 S2_Nm1_T1
14008 18 -0.5 0 S2_Nm1_T1
15070 19 -0.5 0 S2_Nm1_T1
15072 19 -0.5 0 S2_Nm1_T1
15073 19 -0.5 0 S2_Nm1_T1
15074 19 -0.5 0 S2_Nm1_T1
15077 19 -0.5 0 S2_Nm1_T1
15079 19 -0.5 109.026668285028 S2_Nm1_T1
15081 19 -0.5 0 S2_Nm1_T1
15082 19 -0.5 139.79745063482 S2_Nm1_T1
15084 19 -0.5 312.469823269108 S2_Nm1_T1
15086 19 -0.5 0 S2_Nm1_T1
14001 19 -0.5 0 S2_Nm1_T1
14002 19 -0.5 0 S2_Nm1_T1
14003 19 -0.5 0 S2_Nm1_T1
14005 19 -0.5 0 S2_Nm1_T1
14008 19 -0.5 0 S2_Nm1_T1
15070 20 -0.5 0 S2_Nm1_T1
15072 20 -0.5 0 S2_Nm1_T1
15073 20 -0.5 0 S2_Nm1_T1
15074 20 -0.5 0 S2_Nm1_T1
15077 20 -0.5 0 S2_Nm1_T1
15079 20 -0.5 159.668946180136 S2_Nm1_T1
15081 20 -0.5 52.4683595763424 S2_Nm1_T1
15082 20 -0.5 328.710458707173 S2_Nm1_T1
15084 20 -0.5 555.018645461163 S2_Nm1_T1
15086 20 -0.5 0 S2_Nm1_T1
14001 20 -0.5 0 S2_Nm1_T1
14002 20 -0.5 0 S2_Nm1_T1
14003 20 -0.5 0 S2_Nm1_T1
14005 20 -0.5 0 S2_Nm1_T1
14008 20 -0.5 0 S2_Nm1_T1
15070 21 -0.5 0 S2_Nm1_T1
15072 21 -0.5 0 S2_Nm1_T1
15073 21 -0.5 0 S2_Nm1_T1
15074 21 -0.5 0 S2_Nm1_T1
15077 21 -0.5 0 S2_Nm1_T1
15079 21 -0.5 106.392052330622 S2_Nm1_T1
15081 21 -0.5 0 S2_Nm1_T1
15082 21 -0.5 138.894134598808 S2_Nm1_T1
15084 21 -0.5 313.572176987575 S2_Nm1_T1
15086 21 -0.5 0 S2_Nm1_T1
14001 21 -0.5 0 S2_Nm1_T1
14002 21 -0.5 0 S2_Nm1_T1
14003 21 -0.5 0 S2_Nm1_T1
14005 21 -0.5 0 S2_Nm1_T1
14008 21 -0.5 0 S2_Nm1_T1
15070 22 -0.5 0 S2_Nm1_T1
15072 22 -0.5 0 S2_Nm1_T1
15073 22 -0.5 33.589519506983 S2_Nm1_T1
15074 22 -0.5 18.4333563022335 S2_Nm1_T1
15077 22 -0.5 0 S2_Nm1_T1
15079 22 -0.5 164.119684258312 S2_Nm1_T1
15081 22 -0.5 87.2593731232464 S2_Nm1_T1
15082 22 -0.5 420.563598334882 S2_Nm1_T1
15084 22 -0.5 648.25202826788 S2_Nm1_T1
15086 22 -0.5 0 S2_Nm1_T1
14001 22 -0.5 0 S2_Nm1_T1
14002 22 -0.5 0 S2_Nm1_T1
14003 22 -0.5 0 S2_Nm1_T1
14005 22 -0.5 0 S2_Nm1_T1
14008 22 -0.5 0 S2_Nm1_T1
15070 23 -0.5 0 S2_Nm1_T1
15072 23 -0.5 0 S2_Nm1_T1
15073 23 -0.5 0 S2_Nm1_T1
15074 23 -0.5 0 S2_Nm1_T1
15077 23 -0.5 0 S2_Nm1_T1
15079 23 -0.5 72.1762503024847 S2_Nm1_T1
15081 23 -0.5 0 S2_Nm1_T1
15082 23 -0.5 4.20831610940755 S2_Nm1_T1
15084 23 -0.5 124.53973182918 S2_Nm1_T1
15086 23 -0.5 0 S2_Nm1_T1
14001 23 -0.5 0 S2_Nm1_T1
14002 23 -0.5 0 S2_Nm1_T1
14003 23 -0.5 0 S2_Nm1_T1
14005 23 -0.5 0 S2_Nm1_T1
14008 23 -0.5 0 S2_Nm1_T1
15070 24 -0.5 0 S2_Nm1_T1
15072 24 -0.5 0 S2_Nm1_T1
15073 24 -0.5 0 S2_Nm1_T1
15074 24 -0.5 0 S2_Nm1_T1
15077 24 -0.5 0 S2_Nm1_T1
15079 24 -0.5 123.027846341884 S2_Nm1_T1
15081 24 -0.5 1.21707298403148 S2_Nm1_T1
15082 24 -0.5 203.875330642104 S2_Nm1_T1
15084 24 -0.5 405.341040341142 S2_Nm1_T1
15086 24 -0.5 0 S2_Nm1_T1
14001 24 -0.5 0 S2_Nm1_T1
14002 24 -0.5 0 S2_Nm1_T1
14003 24 -0.5 0 S2_Nm1_T1
14005 24 -0.5 0 S2_Nm1_T1
14008 24 -0.5 0 S2_Nm1_T1
15070 25 -0.5 0 S2_Nm1_T1
15072 25 -0.5 0 S2_Nm1_T1
15073 25 -0.5 0 S2_Nm1_T1
15074 25 -0.5 0 S2_Nm1_T1
15077 25 -0.5 0 S2_Nm1_T1
15079 25 -0.5 0 S2_Nm1_T1
15081 25 -0.5 0 S2_Nm1_T1
15082 25 -0.5 0 S2_Nm1_T1
15084 25 -0.5 0 S2_Nm1_T1
15086 25 -0.5 0 S2_Nm1_T1
14001 25 -0.5 0 S2_Nm1_T1
14002 25 -0.5 0 S2_Nm1_T1
14003 25 -0.5 0 S2_Nm1_T1
14005 25 -0.5 0 S2_Nm1_T1
14008 25 -0.5 0 S2_Nm1_T1
15070 26 -0.5 0 S2_Nm1_T1
15072 26 -0.5 0 S2_Nm1_T1
15073 26 -0.5 3.2960376361085 S2_Nm1_T1
15074 26 -0.5 0 S2_Nm1_T1
15077 26 -0.5 0 S2_Nm1_T1
15079 26 -0.5 162.362757368293 S2_Nm1_T1
15081 26 -0.5 73.7559973324361 S2_Nm1_T1
15082 26 -0.5 384.132571852272 S2_Nm1_T1
15084 26 -0.5 615.770975044521 S2_Nm1_T1
15086 26 -0.5 0 S2_Nm1_T1
14001 26 -0.5 0 S2_Nm1_T1
14002 26 -0.5 0 S2_Nm1_T1
14003 26 -0.5 0 S2_Nm1_T1
14005 26 -0.5 0 S2_Nm1_T1
14008 26 -0.5 0 S2_Nm1_T1
15070 27 -0.5 0 S2_Nm1_T1
15072 27 -0.5 0 S2_Nm1_T1
15073 27 -0.5 0 S2_Nm1_T1
15074 27 -0.5 0 S2_Nm1_T1
15077 27 -0.5 0 S2_Nm1_T1
15079 27 -0.5 0 S2_Nm1_T1
15081 27 -0.5 0 S2_Nm1_T1
15082 27 -0.5 0 S2_Nm1_T1
15084 27 -0.5 0 S2_Nm1_T1
15086 27 -0.5 0 S2_Nm1_T1
14001 27 -0.5 0 S2_Nm1_T1
14002 27 -0.5 0 S2_Nm1_T1
14003 27 -0.5 0 S2_Nm1_T1
14005 27 -0.5 0 S2_Nm1_T1
14008 27 -0.5 0 S2_Nm1_T1
15070 28 -0.5 0 S2_Nm1_T1
15072 28 -0.5 0 S2_Nm1_T1
15073 28 -0.5 42.0490807115954 S2_Nm1_T1
15074 28 -0.5 25.0946463053904 S2_Nm1_T1
15077 28 -0.5 0 S2_Nm1_T1
15079 28 -0.5 173.737551032526 S2_Nm1_T1
15081 28 -0.5 96.6078569672317 S2_Nm1_T1
15082 28 -0.5 427.809376670795 S2_Nm1_T1
15084 28 -0.5 655.667140145357 S2_Nm1_T1
15086 28 -0.5 0 S2_Nm1_T1
14001 28 -0.5 1.1196279707562 S2_Nm1_T1
14002 28 -0.5 0 S2_Nm1_T1
14003 28 -0.5 0 S2_Nm1_T1
14005 28 -0.5 0 S2_Nm1_T1
14008 28 -0.5 0 S2_Nm1_T1
15070 29 -0.5 0 S2_Nm1_T1
15072 29 -0.5 0 S2_Nm1_T1
15073 29 -0.5 0 S2_Nm1_T1
15074 29 -0.5 0 S2_Nm1_T1
15077 29 -0.5 0 S2_Nm1_T1
15079 29 -0.5 10.060868773529 S2_Nm1_T1
15081 29 -0.5 0 S2_Nm1_T1
15082 29 -0.5 0 S2_Nm1_T1
15084 29 -0.5 1.42415426258822 S2_Nm1_T1
15086 29 -0.5 0 S2_Nm1_T1
14001 29 -0.5 0 S2_Nm1_T1
14002 29 -0.5 0 S2_Nm1_T1
14003 29 -0.5 0 S2_Nm1_T1
14005 29 -0.5 0 S2_Nm1_T1
14008 29 -0.5 0 S2_Nm1_T1
15070 30 -0.5 0 S2_Nm1_T1
15072 30 -0.5 0 S2_Nm1_T1
15073 30 -0.5 0 S2_Nm1_T1
15074 30 -0.5 0 S2_Nm1_T1
15077 30 -0.5 0 S2_Nm1_T1
15079 30 -0.5 0 S2_Nm1_T1
15081 30 -0.5 0 S2_Nm1_T1
15082 30 -0.5 0 S2_Nm1_T1
15084 30 -0.5 0 S2_Nm1_T1
15086 30 -0.5 0 S2_Nm1_T1
14001 30 -0.5 0 S2_Nm1_T1
14002 30 -0.5 0 S2_Nm1_T1
14003 30 -0.5 0 S2_Nm1_T1
14005 30 -0.5 0 S2_Nm1_T1
14008 30 -0.5 0 S2_Nm1_T1
15070 31 -0.5 0 S2_Nm1_T1
15072 31 -0.5 0 S2_Nm1_T1
15073 31 -0.5 0 S2_Nm1_T1
15074 31 -0.5 0 S2_Nm1_T1
15077 31 -0.5 0 S2_Nm1_T1
15079 31 -0.5 0 S2_Nm1_T1
15081 31 -0.5 0 S2_Nm1_T1
15082 31 -0.5 0 S2_Nm1_T1
15084 31 -0.5 0 S2_Nm1_T1
15086 31 -0.5 0 S2_Nm1_T1
14001 31 -0.5 0 S2_Nm1_T1
14002 31 -0.5 0 S2_Nm1_T1
14003 31 -0.5 0 S2_Nm1_T1
14005 31 -0.5 0 S2_Nm1_T1
14008 31 -0.5 0 S2_Nm1_T1
15070 1 -1.5 0 S2_Nm1_T1
15072 1 -1.5 37.4941094223381 S2_Nm1_T1
15073 1 -1.5 0 S2_Nm1_T1
15074 1 -1.5 117.642510037914 S2_Nm1_T1
15077 1 -1.5 0 S2_Nm1_T1
15079 1 -1.5 14.4545159639895 S2_Nm1_T1
15081 1 -1.5 4.95388258426805 S2_Nm1_T1
15082 1 -1.5 309.723068244722 S2_Nm1_T1
15084 1 -1.5 384.205013687137 S2_Nm1_T1
15086 1 -1.5 42.3867456451133 S2_Nm1_T1
14001 1 -1.5 0 S2_Nm1_T1
14002 1 -1.5 0 S2_Nm1_T1
14003 1 -1.5 67.9244984987646 S2_Nm1_T1
14005 1 -1.5 8.44866779636046 S2_Nm1_T1
14008 1 -1.5 0 S2_Nm1_T1
15070 2 -1.5 0 S2_Nm1_T1
15072 2 -1.5 0 S2_Nm1_T1
15073 2 -1.5 0 S2_Nm1_T1
15074 2 -1.5 0 S2_Nm1_T1
15077 2 -1.5 0 S2_Nm1_T1
15079 2 -1.5 0 S2_Nm1_T1
15081 2 -1.5 0 S2_Nm1_T1
15082 2 -1.5 0 S2_Nm1_T1
15084 2 -1.5 0 S2_Nm1_T1
15086 2 -1.5 0 S2_Nm1_T1
14001 2 -1.5 0 S2_Nm1_T1
14002 2 -1.5 0 S2_Nm1_T1
14003 2 -1.5 0 S2_Nm1_T1
14005 2 -1.5 0 S2_Nm1_T1
14008 2 -1.5 0 S2_Nm1_T1
15070 3 -1.5 0 S2_Nm1_T1
15072 3 -1.5 0 S2_Nm1_T1
15073 3 -1.5 0 S2_Nm1_T1
15074 3 -1.5 0 S2_Nm1_T1
15077 3 -1.5 0 S2_Nm1_T1
15079 3 -1.5 0 S2_Nm1_T1
15081 3 -1.5 0 S2_Nm1_T1
15082 3 -1.5 0 S2_Nm1_T1
15084 3 -1.5 0 S2_Nm1_T1
15086 3 -1.5 0 S2_Nm1_T1
14001 3 -1.5 0 S2_Nm1_T1
14002 3 -1.5 0 S2_Nm1_T1
14003 3 -1.5 0 S2_Nm1_T1
14005 3 -1.5 0 S2_Nm1_T1
14008 3 -1.5 0 S2_Nm1_T1
15070 4 -1.5 0 S2_Nm1_T1
15072 4 -1.5 0 S2_Nm1_T1
15073 4 -1.5 0 S2_Nm1_T1
15074 4 -1.5 0 S2_Nm1_T1
15077 4 -1.5 0 S2_Nm1_T1
15079 4 -1.5 0 S2_Nm1_T1
15081 4 -1.5 0 S2_Nm1_T1
15082 4 -1.5 0 S2_Nm1_T1
15084 4 -1.5 15.8041159531499 S2_Nm1_T1
15086 4 -1.5 0 S2_Nm1_T1
14001 4 -1.5 0 S2_Nm1_T1
14002 4 -1.5 0 S2_Nm1_T1
14003 4 -1.5 19.4559751914146 S2_Nm1_T1
14005 4 -1.5 0 S2_Nm1_T1
14008 4 -1.5 0 S2_Nm1_T1
15070 5 -1.5 0 S2_Nm1_T1
15072 5 -1.5 0 S2_Nm1_T1
15073 5 -1.5 0 S2_Nm1_T1
15074 5 -1.5 0 S2_Nm1_T1
15077 5 -1.5 0 S2_Nm1_T1
15079 5 -1.5 0 S2_Nm1_T1
15081 5 -1.5 0 S2_Nm1_T1
15082 5 -1.5 0 S2_Nm1_T1
15084 5 -1.5 0 S2_Nm1_T1
15086 5 -1.5 0 S2_Nm1_T1
14001 5 -1.5 0 S2_Nm1_T1
14002 5 -1.5 0 S2_Nm1_T1
14003 5 -1.5 0 S2_Nm1_T1
14005 5 -1.5 0 S2_Nm1_T1
14008 5 -1.5 0 S2_Nm1_T1
15070 6 -1.5 0 S2_Nm1_T1
15072 6 -1.5 0 S2_Nm1_T1
15073 6 -1.5 0 S2_Nm1_T1
15074 6 -1.5 0 S2_Nm1_T1
15077 6 -1.5 0 S2_Nm1_T1
15079 6 -1.5 6.99862850633478 S2_Nm1_T1
15081 6 -1.5 0 S2_Nm1_T1
15082 6 -1.5 0 S2_Nm1_T1
15084 6 -1.5 9.52020206154394 S2_Nm1_T1
15086 6 -1.5 0 S2_Nm1_T1
14001 6 -1.5 0 S2_Nm1_T1
14002 6 -1.5 0 S2_Nm1_T1
14003 6 -1.5 45.618174443733 S2_Nm1_T1
14005 6 -1.5 0 S2_Nm1_T1
14008 6 -1.5 0 S2_Nm1_T1
15070 7 -1.5 0 S2_Nm1_T1
15072 7 -1.5 0 S2_Nm1_T1
15073 7 -1.5 0 S2_Nm1_T1
15074 7 -1.5 0 S2_Nm1_T1
15077 7 -1.5 0 S2_Nm1_T1
15079 7 -1.5 0 S2_Nm1_T1
15081 7 -1.5 0 S2_Nm1_T1
15082 7 -1.5 0 S2_Nm1_T1
15084 7 -1.5 0 S2_Nm1_T1
15086 7 -1.5 0 S2_Nm1_T1
14001 7 -1.5 0 S2_Nm1_T1
14002 7 -1.5 0 S2_Nm1_T1
14003 7 -1.5 0 S2_Nm1_T1
14005 7 -1.5 0 S2_Nm1_T1
14008 7 -1.5 0 S2_Nm1_T1
15070 8 -1.5 0 S2_Nm1_T1
15072 8 -1.5 0 S2_Nm1_T1
15073 8 -1.5 0 S2_Nm1_T1
15074 8 -1.5 16.7805896881887 S2_Nm1_T1
15077 8 -1.5 0 S2_Nm1_T1
15079 8 -1.5 39.0838023051349 S2_Nm1_T1
15081 8 -1.5 0 S2_Nm1_T1
15082 8 -1.5 207.226163822432 S2_Nm1_T1
15084 8 -1.5 321.670386737592 S2_Nm1_T1
15086 8 -1.5 0 S2_Nm1_T1
14001 8 -1.5 0 S2_Nm1_T1
14002 8 -1.5 7.65851267534059 S2_Nm1_T1
14003 8 -1.5 95.6408072285202 S2_Nm1_T1
14005 8 -1.5 40.2149201254381 S2_Nm1_T1
14008 8 -1.5 0 S2_Nm1_T1
15070 9 -1.5 0 S2_Nm1_T1
15072 9 -1.5 0 S2_Nm1_T1
15073 9 -1.5 0 S2_Nm1_T1
15074 9 -1.5 0 S2_Nm1_T1
15077 9 -1.5 0 S2_Nm1_T1
15079 9 -1.5 0 S2_Nm1_T1
15081 9 -1.5 0 S2_Nm1_T1
15082 9 -1.5 0 S2_Nm1_T1
15084 9 -1.5 0 S2_Nm1_T1
15086 9 -1.5 0 S2_Nm1_T1
14001 9 -1.5 0 S2_Nm1_T1
14002 9 -1.5 0 S2_Nm1_T1
14003 9 -1.5 14.7044143423002 S2_Nm1_T1
14005 9 -1.5 0 S2_Nm1_T1
14008 9 -1.5 0 S2_Nm1_T1
15070 10 -1.5 0 S2_Nm1_T1
15072 10 -1.5 0 S2_Nm1_T1
15073 10 -1.5 0 S2_Nm1_T1
15074 10 -1.5 0 S2_Nm1_T1
15077 10 -1.5 0 S2_Nm1_T1
15079 10 -1.5 30.1344882384151 S2_Nm1_T1
15081 10 -1.5 0 S2_Nm1_T1
15082 10 -1.5 158.624175458716 S2_Nm1_T1
15084 10 -1.5 262.385773913237 S2_Nm1_T1
15086 10 -1.5 0 S2_Nm1_T1
14001 10 -1.5 0 S2_Nm1_T1
14002 10 -1.5 4.95756219864651 S2_Nm1_T1
14003 10 -1.5 88.2579101484297 S2_Nm1_T1
14005 10 -1.5 29.7216342623584 S2_Nm1_T1
14008 10 -1.5 0 S2_Nm1_T1
15070 11 -1.5 0 S2_Nm1_T1
15072 11 -1.5 0 S2_Nm1_T1
15073 11 -1.5 0 S2_Nm1_T1
15074 11 -1.5 3.38539321592183 S2_Nm1_T1
15077 11 -1.5 0 S2_Nm1_T1
15079 11 -1.5 0 S2_Nm1_T1
15081 11 -1.5 0 S2_Nm1_T1
15082 11 -1.5 72.0131463672669 S2_Nm1_T1
15084 11 -1.5 90.6784926341113 S2_Nm1_T1
15086 11 -1.5 0 S2_Nm1_T1
14001 11 -1.5 0 S2_Nm1_T1
14002 11 -1.5 0 S2_Nm1_T1
14003 11 -1.5 2.51633535389673 S2_Nm1_T1
14005 11 -1.5 0 S2_Nm1_T1
14008 11 -1.5 0 S2_Nm1_T1
15070 12 -1.5 0 S2_Nm1_T1
15072 12 -1.5 0 S2_Nm1_T1
15073 12 -1.5 0 S2_Nm1_T1
15074 12 -1.5 11.894711656441 S2_Nm1_T1
15077 12 -1.5 0 S2_Nm1_T1
15079 12 -1.5 0 S2_Nm1_T1
15081 12 -1.5 0 S2_Nm1_T1
15082 12 -1.5 83.1046409266936 S2_Nm1_T1
15084 12 -1.5 98.0275391357728 S2_Nm1_T1
15086 12 -1.5 0 S2_Nm1_T1
14001 12 -1.5 0 S2_Nm1_T1
14002 12 -1.5 0 S2_Nm1_T1
14003 12 -1.5 3.74745076317696 S2_Nm1_T1
14005 12 -1.5 0 S2_Nm1_T1
14008 12 -1.5 0 S2_Nm1_T1
15070 13 -1.5 0 S2_Nm1_T1
15072 13 -1.5 0 S2_Nm1_T1
15073 13 -1.5 0 S2_Nm1_T1
15074 13 -1.5 0 S2_Nm1_T1
15077 13 -1.5 0 S2_Nm1_T1
15079 13 -1.5 0 S2_Nm1_T1
15081 13 -1.5 0 S2_Nm1_T1
15082 13 -1.5 0 S2_Nm1_T1
15084 13 -1.5 0 S2_Nm1_T1
15086 13 -1.5 0 S2_Nm1_T1
14001 13 -1.5 0 S2_Nm1_T1
14002 13 -1.5 0 S2_Nm1_T1
14003 13 -1.5 0 S2_Nm1_T1
14005 13 -1.5 0 S2_Nm1_T1
14008 13 -1.5 0 S2_Nm1_T1
15070 14 -1.5 0 S2_Nm1_T1
15072 14 -1.5 0 S2_Nm1_T1
15073 14 -1.5 0 S2_Nm1_T1
15074 14 -1.5 0 S2_Nm1_T1
15077 14 -1.5 0 S2_Nm1_T1
15079 14 -1.5 0 S2_Nm1_T1
15081 14 -1.5 0 S2_Nm1_T1
15082 14 -1.5 0 S2_Nm1_T1
15084 14 -1.5 0 S2_Nm1_T1
15086 14 -1.5 0 S2_Nm1_T1
14001 14 -1.5 0 S2_Nm1_T1
14002 14 -1.5 0 S2_Nm1_T1
14003 14 -1.5 0 S2_Nm1_T1
14005 14 -1.5 0 S2_Nm1_T1
14008 14 -1.5 0 S2_Nm1_T1
15070 15 -1.5 0 S2_Nm1_T1
15072 15 -1.5 33.7385410161369 S2_Nm1_T1
15073 15 -1.5 0 S2_Nm1_T1
15074 15 -1.5 52.5720091179283 S2_Nm1_T1
15077 15 -1.5 0 S2_Nm1_T1
15079 15 -1.5 102.160101774897 S2_Nm1_T1
15081 15 -1.5 8.97242132326223 S2_Nm1_T1
15082 15 -1.5 286.061364254492 S2_Nm1_T1
15084 15 -1.5 419.423169880339 S2_Nm1_T1
15086 15 -1.5 0 S2_Nm1_T1
14001 15 -1.5 0 S2_Nm1_T1
14002 15 -1.5 53.2512238108043 S2_Nm1_T1
14003 15 -1.5 156.092020044303 S2_Nm1_T1
14005 15 -1.5 104.74440362422 S2_Nm1_T1
14008 15 -1.5 0 S2_Nm1_T1
15070 16 -1.5 0 S2_Nm1_T1
15072 16 -1.5 77.9754257953638 S2_Nm1_T1
15073 16 -1.5 0 S2_Nm1_T1
15074 16 -1.5 181.385215739799 S2_Nm1_T1
15077 16 -1.5 0 S2_Nm1_T1
15079 16 -1.5 74.3684801304184 S2_Nm1_T1
15081 16 -1.5 39.5104665821104 S2_Nm1_T1
15082 16 -1.5 410.370061975464 S2_Nm1_T1
15084 16 -1.5 528.286169088976 S2_Nm1_T1
15086 16 -1.5 90.9462948039784 S2_Nm1_T1
14001 16 -1.5 0 S2_Nm1_T1
14002 16 -1.5 27.9805580758129 S2_Nm1_T1
14003 16 -1.5 126.832152384935 S2_Nm1_T1
14005 16 -1.5 75.3743847154335 S2_Nm1_T1
14008 16 -1.5 0 S2_Nm1_T1
15070 17 -1.5 0 S2_Nm1_T1
15072 17 -1.5 0 S2_Nm1_T1
15073 17 -1.5 0 S2_Nm1_T1
15074 17 -1.5 0 S2_Nm1_T1
15077 17 -1.5 0 S2_Nm1_T1
15079 17 -1.5 0 S2_Nm1_T1
15081 17 -1.5 0 S2_Nm1_T1
15082 17 -1.5 0 S2_Nm1_T1
15084 17 -1.5 0 S2_Nm1_T1
15086 17 -1.5 0 S2_Nm1_T1
14001 17 -1.5 0 S2_Nm1_T1
14002 17 -1.5 0 S2_Nm1_T1
14003 17 -1.5 1.70922974844345 S2_Nm1_T1
14005 17 -1.5 0 S2_Nm1_T1
14008 17 -1.5 0 S2_Nm1_T1
15070 18 -1.5 0 S2_Nm1_T1
15072 18 -1.5 7.8351095531349 S2_Nm1_T1
15073 18 -1.5 0 S2_Nm1_T1
15074 18 -1.5 84.6873066183765 S2_Nm1_T1
15077 18 -1.5 0 S2_Nm1_T1
15079 18 -1.5 3.86028494766205 S2_Nm1_T1
15081 18 -1.5 1.17866261093491 S2_Nm1_T1
15082 18 -1.5 215.086178102712 S2_Nm1_T1
15084 18 -1.5 268.663238471913 S2_Nm1_T1
15086 18 -1.5 12.9748523282346 S2_Nm1_T1
14001 18 -1.5 0 S2_Nm1_T1
14002 18 -1.5 0 S2_Nm1_T1
14003 18 -1.5 47.7579139889763 S2_Nm1_T1
14005 18 -1.5 1.59636148715215 S2_Nm1_T1
14008 18 -1.5 0 S2_Nm1_T1
15070 19 -1.5 0 S2_Nm1_T1
15072 19 -1.5 0 S2_Nm1_T1
15073 19 -1.5 0 S2_Nm1_T1
15074 19 -1.5 0 S2_Nm1_T1
15077 19 -1.5 0 S2_Nm1_T1
15079 19 -1.5 23.5561748175972 S2_Nm1_T1
15081 19 -1.5 0 S2_Nm1_T1
15082 19 -1.5 113.397296971994 S2_Nm1_T1
15084 19 -1.5 193.004245352694 S2_Nm1_T1
15086 19 -1.5 0 S2_Nm1_T1
14001 19 -1.5 0 S2_Nm1_T1
14002 19 -1.5 3.29968734124648 S2_Nm1_T1
14003 19 -1.5 81.2521500790044 S2_Nm1_T1
14005 19 -1.5 19.4859487502425 S2_Nm1_T1
14008 19 -1.5 0 S2_Nm1_T1
15070 20 -1.5 0 S2_Nm1_T1
15072 20 -1.5 77.6099122777148 S2_Nm1_T1
15073 20 -1.5 0 S2_Nm1_T1
15074 20 -1.5 153.798941700828 S2_Nm1_T1
15077 20 -1.5 0 S2_Nm1_T1
15079 20 -1.5 97.0983251657501 S2_Nm1_T1
15081 20 -1.5 41.2682260426389 S2_Nm1_T1
15082 20 -1.5 392.861906129159 S2_Nm1_T1
15084 20 -1.5 532.836582783866 S2_Nm1_T1
15086 20 -1.5 67.6567362006878 S2_Nm1_T1
14001 20 -1.5 0 S2_Nm1_T1
14002 20 -1.5 47.1299182479821 S2_Nm1_T1
14003 20 -1.5 150.251659707092 S2_Nm1_T1
14005 20 -1.5 101.386981644873 S2_Nm1_T1
14008 20 -1.5 0 S2_Nm1_T1
15070 21 -1.5 0 S2_Nm1_T1
15072 21 -1.5 0 S2_Nm1_T1
15073 21 -1.5 0 S2_Nm1_T1
15074 21 -1.5 0 S2_Nm1_T1
15077 21 -1.5 0 S2_Nm1_T1
15079 21 -1.5 12.2517387712852 S2_Nm1_T1
15081 21 -1.5 0 S2_Nm1_T1
15082 21 -1.5 94.5590200204904 S2_Nm1_T1
15084 21 -1.5 166.218437219301 S2_Nm1_T1
15086 21 -1.5 0 S2_Nm1_T1
14001 21 -1.5 0 S2_Nm1_T1
14002 21 -1.5 1.35056896190362 S2_Nm1_T1
14003 21 -1.5 69.3077068157537 S2_Nm1_T1
14005 21 -1.5 8.27977973564675 S2_Nm1_T1
14008 21 -1.5 0 S2_Nm1_T1
15070 22 -1.5 0 S2_Nm1_T1
15072 22 -1.5 76.1665130948992 S2_Nm1_T1
15073 22 -1.5 0 S2_Nm1_T1
15074 22 -1.5 179.302179425496 S2_Nm1_T1
15077 22 -1.5 0 S2_Nm1_T1
15079 22 -1.5 50.6503370150704 S2_Nm1_T1
15081 22 -1.5 28.4145745503276 S2_Nm1_T1
15082 22 -1.5 416.866153516915 S2_Nm1_T1
15084 22 -1.5 518.731961199135 S2_Nm1_T1
15086 22 -1.5 86.9364059054977 S2_Nm1_T1
14001 22 -1.5 0 S2_Nm1_T1
14002 22 -1.5 10.9432896187632 S2_Nm1_T1
14003 22 -1.5 104.481986120411 S2_Nm1_T1
14005 22 -1.5 47.837015900158 S2_Nm1_T1
14008 22 -1.5 0 S2_Nm1_T1
15070 23 -1.5 0 S2_Nm1_T1
15072 23 -1.5 0 S2_Nm1_T1
15073 23 -1.5 0 S2_Nm1_T1
15074 23 -1.5 0 S2_Nm1_T1
15077 23 -1.5 0 S2_Nm1_T1
15079 23 -1.5 6.57934045188436 S2_Nm1_T1
15081 23 -1.5 0 S2_Nm1_T1
15082 23 -1.5 6.03998729682665 S2_Nm1_T1
15084 23 -1.5 64.6298725646291 S2_Nm1_T1
15086 23 -1.5 0 S2_Nm1_T1
14001 23 -1.5 0 S2_Nm1_T1
14002 23 -1.5 0 S2_Nm1_T1
14003 23 -1.5 54.6182619635991 S2_Nm1_T1
14005 23 -1.5 0 S2_Nm1_T1
14008 23 -1.5 0 S2_Nm1_T1
15070 24 -1.5 0 S2_Nm1_T1
15072 24 -1.5 0 S2_Nm1_T1
15073 24 -1.5 0 S2_Nm1_T1
15074 24 -1.5 0 S2_Nm1_T1
15077 24 -1.5 0 S2_Nm1_T1
15079 24 -1.5 24.5146873871651 S2_Nm1_T1
15081 24 -1.5 0 S2_Nm1_T1
15082 24 -1.5 150.051997024139 S2_Nm1_T1
15084 24 -1.5 249.570953264807 S2_Nm1_T1
15086 24 -1.5 0 S2_Nm1_T1
14001 24 -1.5 0 S2_Nm1_T1
14002 24 -1.5 3.40747077444233 S2_Nm1_T1
14003 24 -1.5 83.2502056681828 S2_Nm1_T1
14005 24 -1.5 23.3649472000848 S2_Nm1_T1
14008 24 -1.5 0 S2_Nm1_T1
15070 25 -1.5 0 S2_Nm1_T1
15072 25 -1.5 0 S2_Nm1_T1
15073 25 -1.5 0 S2_Nm1_T1
15074 25 -1.5 0 S2_Nm1_T1
15077 25 -1.5 0 S2_Nm1_T1
15079 25 -1.5 0 S2_Nm1_T1
15081 25 -1.5 0 S2_Nm1_T1
15082 25 -1.5 0 S2_Nm1_T1
15084 25 -1.5 0 S2_Nm1_T1
15086 25 -1.5 0 S2_Nm1_T1
14001 25 -1.5 0 S2_Nm1_T1
14002 25 -1.5 0 S2_Nm1_T1
14003 25 -1.5 0 S2_Nm1_T1
14005 25 -1.5 0 S2_Nm1_T1
14008 25 -1.5 0 S2_Nm1_T1
15070 26 -1.5 0 S2_Nm1_T1
15072 26 -1.5 75.3297142895152 S2_Nm1_T1
15073 26 -1.5 0 S2_Nm1_T1
15074 26 -1.5 170.505771361295 S2_Nm1_T1
15077 26 -1.5 0 S2_Nm1_T1
15079 26 -1.5 67.4152406324849 S2_Nm1_T1
15081 26 -1.5 32.9182794084369 S2_Nm1_T1
15082 26 -1.5 409.425592840729 S2_Nm1_T1
15084 26 -1.5 532.509611999276 S2_Nm1_T1
15086 26 -1.5 84.7313913243674 S2_Nm1_T1
14001 26 -1.5 0 S2_Nm1_T1
14002 26 -1.5 23.3044804555294 S2_Nm1_T1
14003 26 -1.5 121.119642253305 S2_Nm1_T1
14005 26 -1.5 68.4703414428577 S2_Nm1_T1
14008 26 -1.5 0 S2_Nm1_T1
15070 27 -1.5 0 S2_Nm1_T1
15072 27 -1.5 0 S2_Nm1_T1
15073 27 -1.5 0 S2_Nm1_T1
15074 27 -1.5 0 S2_Nm1_T1
15077 27 -1.5 0 S2_Nm1_T1
15079 27 -1.5 0 S2_Nm1_T1
15081 27 -1.5 0 S2_Nm1_T1
15082 27 -1.5 0 S2_Nm1_T1
15084 27 -1.5 0 S2_Nm1_T1
15086 27 -1.5 0 S2_Nm1_T1
14001 27 -1.5 0 S2_Nm1_T1
14002 27 -1.5 0 S2_Nm1_T1
14003 27 -1.5 0 S2_Nm1_T1
14005 27 -1.5 0 S2_Nm1_T1
14008 27 -1.5 0 S2_Nm1_T1
15070 28 -1.5 6.28722479009254 S2_Nm1_T1
15072 28 -1.5 112.612674997287 S2_Nm1_T1
15073 28 -1.5 4.73126646704436 S2_Nm1_T1
15074 28 -1.5 251.100572876542 S2_Nm1_T1
15077 28 -1.5 0 S2_Nm1_T1
15079 28 -1.5 82.1753018525334 S2_Nm1_T1
15081 28 -1.5 59.3752149322049 S2_Nm1_T1
15082 28 -1.5 487.245402883738 S2_Nm1_T1
15084 28 -1.5 598.050542402106 S2_Nm1_T1
15086 28 -1.5 129.52872310066 S2_Nm1_T1
14001 28 -1.5 0 S2_Nm1_T1
14002 28 -1.5 33.3483537614784 S2_Nm1_T1
14003 28 -1.5 134.532645072187 S2_Nm1_T1
14005 28 -1.5 82.1840538359874 S2_Nm1_T1
14008 28 -1.5 0 S2_Nm1_T1
15070 29 -1.5 0 S2_Nm1_T1
15072 29 -1.5 0 S2_Nm1_T1
15073 29 -1.5 0 S2_Nm1_T1
15074 29 -1.5 0 S2_Nm1_T1
15077 29 -1.5 0 S2_Nm1_T1
15079 29 -1.5 0 S2_Nm1_T1
15081 29 -1.5 0 S2_Nm1_T1
15082 29 -1.5 0 S2_Nm1_T1
15084 29 -1.5 0 S2_Nm1_T1
15086 29 -1.5 0 S2_Nm1_T1
14001 29 -1.5 0 S2_Nm1_T1
14002 29 -1.5 0 S2_Nm1_T1
14003 29 -1.5 0 S2_Nm1_T1
14005 29 -1.5 0 S2_Nm1_T1
14008 29 -1.5 0 S2_Nm1_T1
15070 30 -1.5 0 S2_Nm1_T1
15072 30 -1.5 0 S2_Nm1_T1
15073 30 -1.5 0 S2_Nm1_T1
15074 30 -1.5 0 S2_Nm1_T1
15077 30 -1.5 0 S2_Nm1_T1
15079 30 -1.5 0 S2_Nm1_T1
15081 30 -1.5 0 S2_Nm1_T1
15082 30 -1.5 0 S2_Nm1_T1
15084 30 -1.5 0 S2_Nm1_T1
15086 30 -1.5 0 S2_Nm1_T1
14001 30 -1.5 0 S2_Nm1_T1
14002 30 -1.5 0 S2_Nm1_T1
14003 30 -1.5 0 S2_Nm1_T1
14005 30 -1.5 0 S2_Nm1_T1
14008 30 -1.5 0 S2_Nm1_T1
15070 31 -1.5 0 S2_Nm1_T1
15072 31 -1.5 0 S2_Nm1_T1
15073 31 -1.5 0 S2_Nm1_T1
15074 31 -1.5 0 S2_Nm1_T1
15077 31 -1.5 0 S2_Nm1_T1
15079 31 -1.5 0 S2_Nm1_T1
15081 31 -1.5 0 S2_Nm1_T1
15082 31 -1.5 0 S2_Nm1_T1
15084 31 -1.5 0 S2_Nm1_T1
15086 31 -1.5 0 S2_Nm1_T1
14001 31 -1.5 0 S2_Nm1_T1
14002 31 -1.5 0 S2_Nm1_T1
14003 31 -1.5 0 S2_Nm1_T1
14005 31 -1.5 0 S2_Nm1_T1
14008 31 -1.5 0 S2_Nm1_T1
15070 1 -3 0 S2_Nm1_T1
15072 1 -3 0 S2_Nm1_T1
15073 1 -3 0 S2_Nm1_T1
15074 1 -3 0 S2_Nm1_T1
15077 1 -3 0 S2_Nm1_T1
15079 1 -3 0 S2_Nm1_T1
15081 1 -3 0 S2_Nm1_T1
15082 1 -3 0 S2_Nm1_T1
15084 1 -3 1.70039816227547 S2_Nm1_T1
15086 1 -3 0 S2_Nm1_T1
14001 1 -3 0 S2_Nm1_T1
14002 1 -3 0 S2_Nm1_T1
14003 1 -3 0 S2_Nm1_T1
14005 1 -3 0 S2_Nm1_T1
14008 1 -3 0 S2_Nm1_T1
15070 2 -3 0 S2_Nm1_T1
15072 2 -3 0 S2_Nm1_T1
15073 2 -3 0 S2_Nm1_T1
15074 2 -3 0 S2_Nm1_T1
15077 2 -3 0 S2_Nm1_T1
15079 2 -3 0 S2_Nm1_T1
15081 2 -3 0 S2_Nm1_T1
15082 2 -3 0 S2_Nm1_T1
15084 2 -3 0 S2_Nm1_T1
15086 2 -3 0 S2_Nm1_T1
14001 2 -3 0 S2_Nm1_T1
14002 2 -3 0 S2_Nm1_T1
14003 2 -3 0 S2_Nm1_T1
14005 2 -3 0 S2_Nm1_T1
14008 2 -3 0 S2_Nm1_T1
15070 3 -3 0 S2_Nm1_T1
15072 3 -3 0 S2_Nm1_T1
15073 3 -3 0 S2_Nm1_T1
15074 3 -3 0 S2_Nm1_T1
15077 3 -3 0 S2_Nm1_T1
15079 3 -3 0 S2_Nm1_T1
15081 3 -3 0 S2_Nm1_T1
15082 3 -3 0 S2_Nm1_T1
15084 3 -3 0 S2_Nm1_T1
15086 3 -3 0 S2_Nm1_T1
14001 3 -3 0 S2_Nm1_T1
14002 3 -3 0 S2_Nm1_T1
14003 3 -3 0 S2_Nm1_T1
14005 3 -3 0 S2_Nm1_T1
14008 3 -3 0 S2_Nm1_T1
15070 4 -3 0 S2_Nm1_T1
15072 4 -3 0 S2_Nm1_T1
15073 4 -3 0 S2_Nm1_T1
15074 4 -3 0 S2_Nm1_T1
15077 4 -3 0 S2_Nm1_T1
15079 4 -3 0 S2_Nm1_T1
15081 4 -3 0 S2_Nm1_T1
15082 4 -3 0 S2_Nm1_T1
15084 4 -3 0 S2_Nm1_T1
15086 4 -3 0 S2_Nm1_T1
14001 4 -3 0 S2_Nm1_T1
14002 4 -3 0 S2_Nm1_T1
14003 4 -3 0 S2_Nm1_T1
14005 4 -3 0 S2_Nm1_T1
14008 4 -3 0 S2_Nm1_T1
15070 5 -3 0 S2_Nm1_T1
15072 5 -3 0 S2_Nm1_T1
15073 5 -3 0 S2_Nm1_T1
15074 5 -3 0 S2_Nm1_T1
15077 5 -3 0 S2_Nm1_T1
15079 5 -3 0 S2_Nm1_T1
15081 5 -3 0 S2_Nm1_T1
15082 5 -3 0 S2_Nm1_T1
15084 5 -3 0 S2_Nm1_T1
15086 5 -3 0 S2_Nm1_T1
14001 5 -3 0 S2_Nm1_T1
14002 5 -3 0 S2_Nm1_T1
14003 5 -3 0 S2_Nm1_T1
14005 5 -3 0 S2_Nm1_T1
14008 5 -3 0 S2_Nm1_T1
15070 6 -3 0 S2_Nm1_T1
15072 6 -3 0 S2_Nm1_T1
15073 6 -3 0 S2_Nm1_T1
15074 6 -3 0 S2_Nm1_T1
15077 6 -3 0 S2_Nm1_T1
15079 6 -3 0 S2_Nm1_T1
15081 6 -3 0 S2_Nm1_T1
15082 6 -3 0 S2_Nm1_T1
15084 6 -3 0 S2_Nm1_T1
15086 6 -3 0 S2_Nm1_T1
14001 6 -3 0 S2_Nm1_T1
14002 6 -3 0 S2_Nm1_T1
14003 6 -3 16.3378330936009 S2_Nm1_T1
14005 6 -3 0 S2_Nm1_T1
14008 6 -3 0 S2_Nm1_T1
15070 7 -3 0 S2_Nm1_T1
15072 7 -3 0 S2_Nm1_T1
15073 7 -3 0 S2_Nm1_T1
15074 7 -3 0 S2_Nm1_T1
15077 7 -3 0 S2_Nm1_T1
15079 7 -3 0 S2_Nm1_T1
15081 7 -3 0 S2_Nm1_T1
15082 7 -3 0 S2_Nm1_T1
15084 7 -3 0 S2_Nm1_T1
15086 7 -3 0 S2_Nm1_T1
14001 7 -3 0 S2_Nm1_T1
14002 7 -3 0 S2_Nm1_T1
14003 7 -3 0 S2_Nm1_T1
14005 7 -3 0 S2_Nm1_T1
14008 7 -3 0 S2_Nm1_T1
15070 8 -3 0 S2_Nm1_T1
15072 8 -3 0 S2_Nm1_T1
15073 8 -3 0 S2_Nm1_T1
15074 8 -3 0 S2_Nm1_T1
15077 8 -3 0 S2_Nm1_T1
15079 8 -3 0 S2_Nm1_T1
15081 8 -3 0 S2_Nm1_T1
15082 8 -3 40.1933048088099 S2_Nm1_T1
15084 8 -3 71.1268961363221 S2_Nm1_T1
15086 8 -3 0 S2_Nm1_T1
14001 8 -3 0 S2_Nm1_T1
14002 8 -3 0 S2_Nm1_T1
14003 8 -3 10.9220214154812 S2_Nm1_T1
14005 8 -3 0 S2_Nm1_T1
14008 8 -3 0 S2_Nm1_T1
15070 9 -3 0 S2_Nm1_T1
15072 9 -3 0 S2_Nm1_T1
15073 9 -3 0 S2_Nm1_T1
15074 9 -3 0 S2_Nm1_T1
15077 9 -3 0 S2_Nm1_T1
15079 9 -3 0 S2_Nm1_T1
15081 9 -3 0 S2_Nm1_T1
15082 9 -3 0 S2_Nm1_T1
15084 9 -3 0 S2_Nm1_T1
15086 9 -3 0 S2_Nm1_T1
14001 9 -3 0 S2_Nm1_T1
14002 9 -3 0 S2_Nm1_T1
14003 9 -3 0 S2_Nm1_T1
14005 9 -3 0 S2_Nm1_T1
14008 9 -3 0 S2_Nm1_T1
15070 10 -3 0 S2_Nm1_T1
15072 10 -3 0 S2_Nm1_T1
15073 10 -3 0 S2_Nm1_T1
15074 10 -3 0 S2_Nm1_T1
15077 10 -3 0 S2_Nm1_T1
15079 10 -3 0 S2_Nm1_T1
15081 10 -3 0 S2_Nm1_T1
15082 10 -3 7.73645799897906 S2_Nm1_T1
15084 10 -3 39.9631112053341 S2_Nm1_T1
15086 10 -3 0 S2_Nm1_T1
14001 10 -3 0 S2_Nm1_T1
14002 10 -3 0 S2_Nm1_T1
14003 10 -3 3.72639572707208 S2_Nm1_T1
14005 10 -3 0 S2_Nm1_T1
14008 10 -3 0 S2_Nm1_T1
15070 11 -3 0 S2_Nm1_T1
15072 11 -3 0 S2_Nm1_T1
15073 11 -3 0 S2_Nm1_T1
15074 11 -3 0 S2_Nm1_T1
15077 11 -3 0 S2_Nm1_T1
15079 11 -3 0 S2_Nm1_T1
15081 11 -3 0 S2_Nm1_T1
15082 11 -3 0 S2_Nm1_T1
15084 11 -3 0 S2_Nm1_T1
15086 11 -3 0 S2_Nm1_T1
14001 11 -3 0 S2_Nm1_T1
14002 11 -3 0 S2_Nm1_T1
14003 11 -3 0 S2_Nm1_T1
14005 11 -3 0 S2_Nm1_T1
14008 11 -3 0 S2_Nm1_T1
15070 12 -3 0 S2_Nm1_T1
15072 12 -3 0 S2_Nm1_T1
15073 12 -3 0 S2_Nm1_T1
15074 12 -3 0 S2_Nm1_T1
15077 12 -3 0 S2_Nm1_T1
15079 12 -3 0 S2_Nm1_T1
15081 12 -3 0 S2_Nm1_T1
15082 12 -3 0 S2_Nm1_T1
15084 12 -3 0 S2_Nm1_T1
15086 12 -3 0 S2_Nm1_T1
14001 12 -3 0 S2_Nm1_T1
14002 12 -3 0 S2_Nm1_T1
14003 12 -3 0 S2_Nm1_T1
14005 12 -3 0 S2_Nm1_T1
14008 12 -3 0 S2_Nm1_T1
15070 13 -3 0 S2_Nm1_T1
15072 13 -3 0 S2_Nm1_T1
15073 13 -3 0 S2_Nm1_T1
15074 13 -3 0 S2_Nm1_T1
15077 13 -3 0 S2_Nm1_T1
15079 13 -3 0 S2_Nm1_T1
15081 13 -3 0 S2_Nm1_T1
15082 13 -3 0 S2_Nm1_T1
15084 13 -3 0 S2_Nm1_T1
15086 13 -3 0 S2_Nm1_T1
14001 13 -3 0 S2_Nm1_T1
14002 13 -3 0 S2_Nm1_T1
14003 13 -3 0 S2_Nm1_T1
14005 13 -3 0 S2_Nm1_T1
14008 13 -3 0 S2_Nm1_T1
15070 14 -3 0 S2_Nm1_T1
15072 14 -3 0 S2_Nm1_T1
15073 14 -3 0 S2_Nm1_T1
15074 14 -3 0 S2_Nm1_T1
15077 14 -3 0 S2_Nm1_T1
15079 14 -3 0 S2_Nm1_T1
15081 14 -3 0 S2_Nm1_T1
15082 14 -3 0 S2_Nm1_T1
15084 14 -3 0 S2_Nm1_T1
15086 14 -3 0 S2_Nm1_T1
14001 14 -3 0 S2_Nm1_T1
14002 14 -3 0 S2_Nm1_T1
14003 14 -3 0 S2_Nm1_T1
14005 14 -3 0 S2_Nm1_T1
14008 14 -3 0 S2_Nm1_T1
15070 15 -3 0 S2_Nm1_T1
15072 15 -3 106.930622951044 S2_Nm1_T1
15073 15 -3 0 S2_Nm1_T1
15074 15 -3 2.85037284917352 S2_Nm1_T1
15077 15 -3 0 S2_Nm1_T1
15079 15 -3 39.6711478407437 S2_Nm1_T1
15081 15 -3 0 S2_Nm1_T1
15082 15 -3 203.008870195806 S2_Nm1_T1
15084 15 -3 266.59363719824 S2_Nm1_T1
15086 15 -3 0 S2_Nm1_T1
14001 15 -3 0 S2_Nm1_T1
14002 15 -3 11.5289721051139 S2_Nm1_T1
14003 15 -3 117.927745314367 S2_Nm1_T1
14005 15 -3 47.5320816880198 S2_Nm1_T1
14008 15 -3 0 S2_Nm1_T1
15070 16 -3 0 S2_Nm1_T1
15072 16 -3 61.7819917247908 S2_Nm1_T1
15073 16 -3 0 S2_Nm1_T1
15074 16 -3 21.3998777950089 S2_Nm1_T1
15077 16 -3 0 S2_Nm1_T1
15079 16 -3 0 S2_Nm1_T1
15081 16 -3 0 S2_Nm1_T1
15082 16 -3 149.086889330362 S2_Nm1_T1
15084 16 -3 158.027849943588 S2_Nm1_T1
15086 16 -3 13.7323563084414 S2_Nm1_T1
14001 16 -3 0 S2_Nm1_T1
14002 16 -3 0 S2_Nm1_T1
14003 16 -3 44.455290995887 S2_Nm1_T1
14005 16 -3 0 S2_Nm1_T1
14008 16 -3 0 S2_Nm1_T1
15070 17 -3 0 S2_Nm1_T1
15072 17 -3 0 S2_Nm1_T1
15073 17 -3 0 S2_Nm1_T1
15074 17 -3 0 S2_Nm1_T1
15077 17 -3 0 S2_Nm1_T1
15079 17 -3 0 S2_Nm1_T1
15081 17 -3 0 S2_Nm1_T1
15082 17 -3 0 S2_Nm1_T1
15084 17 -3 0 S2_Nm1_T1
15086 17 -3 0 S2_Nm1_T1
14001 17 -3 0 S2_Nm1_T1
14002 17 -3 0 S2_Nm1_T1
14003 17 -3 0 S2_Nm1_T1
14005 17 -3 0 S2_Nm1_T1
14008 17 -3 0 S2_Nm1_T1
15070 18 -3 0 S2_Nm1_T1
15072 18 -3 0 S2_Nm1_T1
15073 18 -3 0 S2_Nm1_T1
15074 18 -3 0 S2_Nm1_T1
15077 18 -3 0 S2_Nm1_T1
15079 18 -3 0 S2_Nm1_T1
15081 18 -3 0 S2_Nm1_T1
15082 18 -3 0 S2_Nm1_T1
15084 18 -3 0 S2_Nm1_T1
15086 18 -3 0 S2_Nm1_T1
14001 18 -3 0 S2_Nm1_T1
14002 18 -3 0 S2_Nm1_T1
14003 18 -3 0 S2_Nm1_T1
14005 18 -3 0 S2_Nm1_T1
14008 18 -3 0 S2_Nm1_T1
15070 19 -3 0 S2_Nm1_T1
15072 19 -3 0 S2_Nm1_T1
15073 19 -3 0 S2_Nm1_T1
15074 19 -3 0 S2_Nm1_T1
15077 19 -3 0 S2_Nm1_T1
15079 19 -3 0 S2_Nm1_T1
15081 19 -3 0 S2_Nm1_T1
15082 19 -3 1.32610230061338 S2_Nm1_T1
15084 19 -3 23.3228206524082 S2_Nm1_T1
15086 19 -3 0 S2_Nm1_T1
14001 19 -3 0 S2_Nm1_T1
14002 19 -3 0 S2_Nm1_T1
14003 19 -3 3.87361954605228 S2_Nm1_T1
14005 19 -3 0 S2_Nm1_T1
14008 19 -3 0 S2_Nm1_T1
15070 20 -3 0 S2_Nm1_T1
15072 20 -3 110.921437098597 S2_Nm1_T1
15073 20 -3 0 S2_Nm1_T1
15074 20 -3 44.3937416124713 S2_Nm1_T1
15077 20 -3 0 S2_Nm1_T1
15079 20 -3 15.7006397569993 S2_Nm1_T1
15081 20 -3 0 S2_Nm1_T1
15082 20 -3 225.180555006823 S2_Nm1_T1
15084 20 -3 268.525948556143 S2_Nm1_T1
15086 20 -3 30.0986828124123 S2_Nm1_T1
14001 20 -3 0 S2_Nm1_T1
14002 20 -3 2.23760578226304 S2_Nm1_T1
14003 20 -3 91.0548211166329 S2_Nm1_T1
14005 20 -3 21.7131666004951 S2_Nm1_T1
14008 20 -3 0 S2_Nm1_T1
15070 21 -3 0 S2_Nm1_T1
15072 21 -3 0 S2_Nm1_T1
15073 21 -3 0 S2_Nm1_T1
15074 21 -3 0 S2_Nm1_T1
15077 21 -3 0 S2_Nm1_T1
15079 21 -3 0 S2_Nm1_T1
15081 21 -3 0 S2_Nm1_T1
15082 21 -3 0 S2_Nm1_T1
15084 21 -3 2.68264010576743 S2_Nm1_T1
15086 21 -3 0 S2_Nm1_T1
14001 21 -3 0 S2_Nm1_T1
14002 21 -3 0 S2_Nm1_T1
14003 21 -3 0 S2_Nm1_T1
14005 21 -3 0 S2_Nm1_T1
14008 21 -3 0 S2_Nm1_T1
15070 22 -3 0 S2_Nm1_T1
15072 22 -3 8.53303845284068 S2_Nm1_T1
15073 22 -3 0 S2_Nm1_T1
15074 22 -3 0 S2_Nm1_T1
15077 22 -3 0 S2_Nm1_T1
15079 22 -3 0 S2_Nm1_T1
15081 22 -3 0 S2_Nm1_T1
15082 22 -3 70.094226167205 S2_Nm1_T1
15084 22 -3 73.3707728796728 S2_Nm1_T1
15086 22 -3 0 S2_Nm1_T1
14001 22 -3 0 S2_Nm1_T1
14002 22 -3 0 S2_Nm1_T1
14003 22 -3 3.53416802896252 S2_Nm1_T1
14005 22 -3 0 S2_Nm1_T1
14008 22 -3 0 S2_Nm1_T1
15070 23 -3 0 S2_Nm1_T1
15072 23 -3 0 S2_Nm1_T1
15073 23 -3 0 S2_Nm1_T1
15074 23 -3 0 S2_Nm1_T1
15077 23 -3 0 S2_Nm1_T1
15079 23 -3 0 S2_Nm1_T1
15081 23 -3 0 S2_Nm1_T1
15082 23 -3 0 S2_Nm1_T1
15084 23 -3 0 S2_Nm1_T1
15086 23 -3 0 S2_Nm1_T1
14001 23 -3 0 S2_Nm1_T1
14002 23 -3 0 S2_Nm1_T1
14003 23 -3 1.43721337594883 S2_Nm1_T1
14005 23 -3 0 S2_Nm1_T1
14008 23 -3 0 S2_Nm1_T1
15070 24 -3 0 S2_Nm1_T1
15072 24 -3 0 S2_Nm1_T1
15073 24 -3 0 S2_Nm1_T1
15074 24 -3 0 S2_Nm1_T1
15077 24 -3 0 S2_Nm1_T1
15079 24 -3 0 S2_Nm1_T1
15081 24 -3 0 S2_Nm1_T1
15082 24 -3 2.13328459362213 S2_Nm1_T1
15084 24 -3 24.0101358335149 S2_Nm1_T1
15086 24 -3 0 S2_Nm1_T1
14001 24 -3 0 S2_Nm1_T1
14002 24 -3 0 S2_Nm1_T1
14003 24 -3 1.21963273610916 S2_Nm1_T1
14005 24 -3 0 S2_Nm1_T1
14008 24 -3 0 S2_Nm1_T1
15070 25 -3 0 S2_Nm1_T1
15072 25 -3 0 S2_Nm1_T1
15073 25 -3 0 S2_Nm1_T1
15074 25 -3 0 S2_Nm1_T1
15077 25 -3 0 S2_Nm1_T1
15079 25 -3 0 S2_Nm1_T1
15081 25 -3 0 S2_Nm1_T1
15082 25 -3 0 S2_Nm1_T1
15084 25 -3 0 S2_Nm1_T1
15086 25 -3 0 S2_Nm1_T1
14001 25 -3 0 S2_Nm1_T1
14002 25 -3 0 S2_Nm1_T1
14003 25 -3 0 S2_Nm1_T1
14005 25 -3 0 S2_Nm1_T1
14008 25 -3 0 S2_Nm1_T1
15070 26 -3 0 S2_Nm1_T1
15072 26 -3 40.4163299839526 S2_Nm1_T1
15073 26 -3 0 S2_Nm1_T1
15074 26 -3 6.77575679298872 S2_Nm1_T1
15077 26 -3 0 S2_Nm1_T1
15079 26 -3 0 S2_Nm1_T1
15081 26 -3 0 S2_Nm1_T1
15082 26 -3 119.265336458255 S2_Nm1_T1
15084 26 -3 127.689643858128 S2_Nm1_T1
15086 26 -3 3.63499341982571 S2_Nm1_T1
14001 26 -3 0 S2_Nm1_T1
14002 26 -3 0 S2_Nm1_T1
14003 26 -3 28.9387797291066 S2_Nm1_T1
14005 26 -3 0 S2_Nm1_T1
14008 26 -3 0 S2_Nm1_T1
15070 27 -3 0 S2_Nm1_T1
15072 27 -3 0 S2_Nm1_T1
15073 27 -3 0 S2_Nm1_T1
15074 27 -3 0 S2_Nm1_T1
15077 27 -3 0 S2_Nm1_T1
15079 27 -3 0 S2_Nm1_T1
15081 27 -3 0 S2_Nm1_T1
15082 27 -3 0 S2_Nm1_T1
15084 27 -3 0 S2_Nm1_T1
15086 27 -3 0 S2_Nm1_T1
14001 27 -3 0 S2_Nm1_T1
14002 27 -3 0 S2_Nm1_T1
14003 27 -3 0 S2_Nm1_T1
14005 27 -3 0 S2_Nm1_T1
14008 27 -3 0 S2_Nm1_T1
15070 28 -3 0 S2_Nm1_T1
15072 28 -3 79.9547121930427 S2_Nm1_T1
15073 28 -3 0 S2_Nm1_T1
15074 28 -3 48.3631595940178 S2_Nm1_T1
15077 28 -3 0 S2_Nm1_T1
15079 28 -3 0 S2_Nm1_T1
15081 28 -3 0 S2_Nm1_T1
15082 28 -3 167.507485884877 S2_Nm1_T1
15084 28 -3 166.467852188755 S2_Nm1_T1
15086 28 -3 37.2113552658925 S2_Nm1_T1
14001 28 -3 0 S2_Nm1_T1
14002 28 -3 0 S2_Nm1_T1
14003 28 -3 46.1098167307446 S2_Nm1_T1
14005 28 -3 0 S2_Nm1_T1
14008 28 -3 0 S2_Nm1_T1
15070 29 -3 0 S2_Nm1_T1
15072 29 -3 0 S2_Nm1_T1
15073 29 -3 0 S2_Nm1_T1
15074 29 -3 0 S2_Nm1_T1
15077 29 -3 0 S2_Nm1_T1
15079 29 -3 0 S2_Nm1_T1
15081 29 -3 0 S2_Nm1_T1
15082 29 -3 0 S2_Nm1_T1
15084 29 -3 0 S2_Nm1_T1
15086 29 -3 0 S2_Nm1_T1
14001 29 -3 0 S2_Nm1_T1
14002 29 -3 0 S2_Nm1_T1
14003 29 -3 0 S2_Nm1_T1
14005 29 -3 0 S2_Nm1_T1
14008 29 -3 0 S2_Nm1_T1
15070 30 -3 0 S2_Nm1_T1
15072 30 -3 0 S2_Nm1_T1
15073 30 -3 0 S2_Nm1_T1
15074 30 -3 0 S2_Nm1_T1
15077 30 -3 0 S2_Nm1_T1
15079 30 -3 0 S2_Nm1_T1
15081 30 -3 0 S2_Nm1_T1
15082 30 -3 0 S2_Nm1_T1
15084 30 -3 0 S2_Nm1_T1
15086 30 -3 0 S2_Nm1_T1
14001 30 -3 0 S2_Nm1_T1
14002 30 -3 0 S2_Nm1_T1
14003 30 -3 0 S2_Nm1_T1
14005 30 -3 0 S2_Nm1_T1
14008 30 -3 0 S2_Nm1_T1
15070 31 -3 0 S2_Nm1_T1
15072 31 -3 0 S2_Nm1_T1
15073 31 -3 0 S2_Nm1_T1
15074 31 -3 0 S2_Nm1_T1
15077 31 -3 0 S2_Nm1_T1
15079 31 -3 0 S2_Nm1_T1
15081 31 -3 0 S2_Nm1_T1
15082 31 -3 0 S2_Nm1_T1
15084 31 -3 0 S2_Nm1_T1
15086 31 -3 0 S2_Nm1_T1
14001 31 -3 0 S2_Nm1_T1
14002 31 -3 0 S2_Nm1_T1
14003 31 -3 0 S2_Nm1_T1
14005 31 -3 0 S2_Nm1_T1
14008 31 -3 0 S2_Nm1_T1
15070 1 -5 0 S2_Nm1_T1
15072 1 -5 0 S2_Nm1_T1
15073 1 -5 0 S2_Nm1_T1
15074 1 -5 0 S2_Nm1_T1
15077 1 -5 0 S2_Nm1_T1
15079 1 -5 0 S2_Nm1_T1
15081 1 -5 0 S2_Nm1_T1
15082 1 -5 0 S2_Nm1_T1
15084 1 -5 0 S2_Nm1_T1
15086 1 -5 0 S2_Nm1_T1
14001 1 -5 0 S2_Nm1_T1
14002 1 -5 0 S2_Nm1_T1
14003 1 -5 0 S2_Nm1_T1
14005 1 -5 0 S2_Nm1_T1
14008 1 -5 0 S2_Nm1_T1
15070 2 -5 0 S2_Nm1_T1
15072 2 -5 0 S2_Nm1_T1
15073 2 -5 0 S2_Nm1_T1
15074 2 -5 0 S2_Nm1_T1
15077 2 -5 0 S2_Nm1_T1
15079 2 -5 0 S2_Nm1_T1
15081 2 -5 0 S2_Nm1_T1
15082 2 -5 0 S2_Nm1_T1
15084 2 -5 0 S2_Nm1_T1
15086 2 -5 0 S2_Nm1_T1
14001 2 -5 0 S2_Nm1_T1
14002 2 -5 0 S2_Nm1_T1
14003 2 -5 0 S2_Nm1_T1
14005 2 -5 0 S2_Nm1_T1
14008 2 -5 0 S2_Nm1_T1
15070 3 -5 0 S2_Nm1_T1
15072 3 -5 0 S2_Nm1_T1
15073 3 -5 0 S2_Nm1_T1
15074 3 -5 0 S2_Nm1_T1
15077 3 -5 0 S2_Nm1_T1
15079 3 -5 0 S2_Nm1_T1
15081 3 -5 0 S2_Nm1_T1
15082 3 -5 0 S2_Nm1_T1
15084 3 -5 0 S2_Nm1_T1
15086 3 -5 0 S2_Nm1_T1
14001 3 -5 0 S2_Nm1_T1
14002 3 -5 0 S2_Nm1_T1
14003 3 -5 0 S2_Nm1_T1
14005 3 -5 0 S2_Nm1_T1
14008 3 -5 0 S2_Nm1_T1
15070 4 -5 0 S2_Nm1_T1
15072 4 -5 0 S2_Nm1_T1
15073 4 -5 0 S2_Nm1_T1
15074 4 -5 0 S2_Nm1_T1
15077 4 -5 0 S2_Nm1_T1
15079 4 -5 0 S2_Nm1_T1
15081 4 -5 0 S2_Nm1_T1
15082 4 -5 0 S2_Nm1_T1
15084 4 -5 0 S2_Nm1_T1
15086 4 -5 0 S2_Nm1_T1
14001 4 -5 0 S2_Nm1_T1
14002 4 -5 0 S2_Nm1_T1
14003 4 -5 0 S2_Nm1_T1
14005 4 -5 0 S2_Nm1_T1
14008 4 -5 0 S2_Nm1_T1
15070 5 -5 0 S2_Nm1_T1
15072 5 -5 0 S2_Nm1_T1
15073 5 -5 0 S2_Nm1_T1
15074 5 -5 0 S2_Nm1_T1
15077 5 -5 0 S2_Nm1_T1
15079 5 -5 0 S2_Nm1_T1
15081 5 -5 0 S2_Nm1_T1
15082 5 -5 0 S2_Nm1_T1
15084 5 -5 0 S2_Nm1_T1
15086 5 -5 0 S2_Nm1_T1
14001 5 -5 0 S2_Nm1_T1
14002 5 -5 0 S2_Nm1_T1
14003 5 -5 0 S2_Nm1_T1
14005 5 -5 0 S2_Nm1_T1
14008 5 -5 0 S2_Nm1_T1
15070 6 -5 0 S2_Nm1_T1
15072 6 -5 0 S2_Nm1_T1
15073 6 -5 0 S2_Nm1_T1
15074 6 -5 0 S2_Nm1_T1
15077 6 -5 0 S2_Nm1_T1
15079 6 -5 0 S2_Nm1_T1
15081 6 -5 0 S2_Nm1_T1
15082 6 -5 0 S2_Nm1_T1
15084 6 -5 0 S2_Nm1_T1
15086 6 -5 0 S2_Nm1_T1
14001 6 -5 0 S2_Nm1_T1
14002 6 -5 0 S2_Nm1_T1
14003 6 -5 0 S2_Nm1_T1
14005 6 -5 0 S2_Nm1_T1
14008 6 -5 0 S2_Nm1_T1
15070 7 -5 0 S2_Nm1_T1
15072 7 -5 0 S2_Nm1_T1
15073 7 -5 0 S2_Nm1_T1
15074 7 -5 0 S2_Nm1_T1
15077 7 -5 0 S2_Nm1_T1
15079 7 -5 0 S2_Nm1_T1
15081 7 -5 0 S2_Nm1_T1
15082 7 -5 0 S2_Nm1_T1
15084 7 -5 0 S2_Nm1_T1
15086 7 -5 0 S2_Nm1_T1
14001 7 -5 0 S2_Nm1_T1
14002 7 -5 0 S2_Nm1_T1
14003 7 -5 0 S2_Nm1_T1
14005 7 -5 0 S2_Nm1_T1
14008 7 -5 0 S2_Nm1_T1
15070 8 -5 0 S2_Nm1_T1
15072 8 -5 0 S2_Nm1_T1
15073 8 -5 0 S2_Nm1_T1
15074 8 -5 0 S2_Nm1_T1
15077 8 -5 0 S2_Nm1_T1
15079 8 -5 0 S2_Nm1_T1
15081 8 -5 0 S2_Nm1_T1
15082 8 -5 0 S2_Nm1_T1
15084 8 -5 0 S2_Nm1_T1
15086 8 -5 0 S2_Nm1_T1
14001 8 -5 0 S2_Nm1_T1
14002 8 -5 0 S2_Nm1_T1
14003 8 -5 0 S2_Nm1_T1
14005 8 -5 0 S2_Nm1_T1
14008 8 -5 0 S2_Nm1_T1
15070 9 -5 0 S2_Nm1_T1
15072 9 -5 0 S2_Nm1_T1
15073 9 -5 0 S2_Nm1_T1
15074 9 -5 0 S2_Nm1_T1
15077 9 -5 0 S2_Nm1_T1
15079 9 -5 0 S2_Nm1_T1
15081 9 -5 0 S2_Nm1_T1
15082 9 -5 0 S2_Nm1_T1
15084 9 -5 0 S2_Nm1_T1
15086 9 -5 0 S2_Nm1_T1
14001 9 -5 0 S2_Nm1_T1
14002 9 -5 0 S2_Nm1_T1
14003 9 -5 0 S2_Nm1_T1
14005 9 -5 0 S2_Nm1_T1
14008 9 -5 0 S2_Nm1_T1
15070 10 -5 0 S2_Nm1_T1
15072 10 -5 0 S2_Nm1_T1
15073 10 -5 0 S2_Nm1_T1
15074 10 -5 0 S2_Nm1_T1
15077 10 -5 0 S2_Nm1_T1
15079 10 -5 0 S2_Nm1_T1
15081 10 -5 0 S2_Nm1_T1
15082 10 -5 0 S2_Nm1_T1
15084 10 -5 0 S2_Nm1_T1
15086 10 -5 0 S2_Nm1_T1
14001 10 -5 0 S2_Nm1_T1
14002 10 -5 0 S2_Nm1_T1
14003 10 -5 0 S2_Nm1_T1
14005 10 -5 0 S2_Nm1_T1
14008 10 -5 0 S2_Nm1_T1
15070 11 -5 0 S2_Nm1_T1
15072 11 -5 0 S2_Nm1_T1
15073 11 -5 0 S2_Nm1_T1
15074 11 -5 0 S2_Nm1_T1
15077 11 -5 0 S2_Nm1_T1
15079 11 -5 0 S2_Nm1_T1
15081 11 -5 0 S2_Nm1_T1
15082 11 -5 0 S2_Nm1_T1
15084 11 -5 0 S2_Nm1_T1
15086 11 -5 0 S2_Nm1_T1
14001 11 -5 0 S2_Nm1_T1
14002 11 -5 0 S2_Nm1_T1
14003 11 -5 0 S2_Nm1_T1
14005 11 -5 0 S2_Nm1_T1
14008 11 -5 0 S2_Nm1_T1
15070 12 -5 0 S2_Nm1_T1
15072 12 -5 0 S2_Nm1_T1
15073 12 -5 0 S2_Nm1_T1
15074 12 -5 0 S2_Nm1_T1
15077 12 -5 0 S2_Nm1_T1
15079 12 -5 0 S2_Nm1_T1
15081 12 -5 0 S2_Nm1_T1
15082 12 -5 0 S2_Nm1_T1
15084 12 -5 0 S2_Nm1_T1
15086 12 -5 0 S2_Nm1_T1
14001 12 -5 0 S2_Nm1_T1
14002 12 -5 0 S2_Nm1_T1
14003 12 -5 0 S2_Nm1_T1
14005 12 -5 0 S2_Nm1_T1
14008 12 -5 0 S2_Nm1_T1
15070 13 -5 0 S2_Nm1_T1
15072 13 -5 0 S2_Nm1_T1
15073 13 -5 0 S2_Nm1_T1
15074 13 -5 0 S2_Nm1_T1
15077 13 -5 0 S2_Nm1_T1
15079 13 -5 0 S2_Nm1_T1
15081 13 -5 0 S2_Nm1_T1
15082 13 -5 0 S2_Nm1_T1
15084 13 -5 0 S2_Nm1_T1
15086 13 -5 0 S2_Nm1_T1
14001 13 -5 0 S2_Nm1_T1
14002 13 -5 0 S2_Nm1_T1
14003 13 -5 0 S2_Nm1_T1
14005 13 -5 0 S2_Nm1_T1
14008 13 -5 0 S2_Nm1_T1
15070 14 -5 0 S2_Nm1_T1
15072 14 -5 0 S2_Nm1_T1
15073 14 -5 0 S2_Nm1_T1
15074 14 -5 0 S2_Nm1_T1
15077 14 -5 0 S2_Nm1_T1
15079 14 -5 0 S2_Nm1_T1
15081 14 -5 0 S2_Nm1_T1
15082 14 -5 0 S2_Nm1_T1
15084 14 -5 0 S2_Nm1_T1
15086 14 -5 0 S2_Nm1_T1
14001 14 -5 0 S2_Nm1_T1
14002 14 -5 0 S2_Nm1_T1
14003 14 -5 0 S2_Nm1_T1
14005 14 -5 0 S2_Nm1_T1
14008 14 -5 0 S2_Nm1_T1
15070 15 -5 0 S2_Nm1_T1
15072 15 -5 39.3198186627758 S2_Nm1_T1
15073 15 -5 0 S2_Nm1_T1
15074 15 -5 0 S2_Nm1_T1
15077 15 -5 0 S2_Nm1_T1
15079 15 -5 0 S2_Nm1_T1
15081 15 -5 0 S2_Nm1_T1
15082 15 -5 87.4023679100382 S2_Nm1_T1
15084 15 -5 116.777301123448 S2_Nm1_T1
15086 15 -5 0 S2_Nm1_T1
14001 15 -5 0 S2_Nm1_T1
14002 15 -5 0 S2_Nm1_T1
14003 15 -5 44.1134524093365 S2_Nm1_T1
14005 15 -5 0 S2_Nm1_T1
14008 15 -5 0 S2_Nm1_T1
15070 16 -5 0 S2_Nm1_T1
15072 16 -5 0 S2_Nm1_T1
15073 16 -5 0 S2_Nm1_T1
15074 16 -5 0 S2_Nm1_T1
15077 16 -5 0 S2_Nm1_T1
15079 16 -5 0 S2_Nm1_T1
15081 16 -5 0 S2_Nm1_T1
15082 16 -5 0 S2_Nm1_T1
15084 16 -5 0 S2_Nm1_T1
15086 16 -5 0 S2_Nm1_T1
14001 16 -5 0 S2_Nm1_T1
14002 16 -5 0 S2_Nm1_T1
14003 16 -5 0 S2_Nm1_T1
14005 16 -5 0 S2_Nm1_T1
14008 16 -5 0 S2_Nm1_T1
15070 17 -5 0 S2_Nm1_T1
15072 17 -5 0 S2_Nm1_T1
15073 17 -5 0 S2_Nm1_T1
15074 17 -5 0 S2_Nm1_T1
15077 17 -5 0 S2_Nm1_T1
15079 17 -5 0 S2_Nm1_T1
15081 17 -5 0 S2_Nm1_T1
15082 17 -5 0 S2_Nm1_T1
15084 17 -5 0 S2_Nm1_T1
15086 17 -5 0 S2_Nm1_T1
14001 17 -5 0 S2_Nm1_T1
14002 17 -5 0 S2_Nm1_T1
14003 17 -5 0 S2_Nm1_T1
14005 17 -5 0 S2_Nm1_T1
14008 17 -5 0 S2_Nm1_T1
15070 18 -5 0 S2_Nm1_T1
15072 18 -5 0 S2_Nm1_T1
15073 18 -5 0 S2_Nm1_T1
15074 18 -5 0 S2_Nm1_T1
15077 18 -5 0 S2_Nm1_T1
15079 18 -5 0 S2_Nm1_T1
15081 18 -5 0 S2_Nm1_T1
15082 18 -5 0 S2_Nm1_T1
15084 18 -5 0 S2_Nm1_T1
15086 18 -5 0 S2_Nm1_T1
14001 18 -5 0 S2_Nm1_T1
14002 18 -5 0 S2_Nm1_T1
14003 18 -5 0 S2_Nm1_T1
14005 18 -5 0 S2_Nm1_T1
14008 18 -5 0 S2_Nm1_T1
15070 19 -5 0 S2_Nm1_T1
15072 19 -5 0 S2_Nm1_T1
15073 19 -5 0 S2_Nm1_T1
15074 19 -5 0 S2_Nm1_T1
15077 19 -5 0 S2_Nm1_T1
15079 19 -5 0 S2_Nm1_T1
15081 19 -5 0 S2_Nm1_T1
15082 19 -5 0 S2_Nm1_T1
15084 19 -5 0 S2_Nm1_T1
15086 19 -5 0 S2_Nm1_T1
14001 19 -5 0 S2_Nm1_T1
14002 19 -5 0 S2_Nm1_T1
14003 19 -5 0 S2_Nm1_T1
14005 19 -5 0 S2_Nm1_T1
14008 19 -5 0 S2_Nm1_T1
15070 20 -5 0 S2_Nm1_T1
15072 20 -5 11.8944864126686 S2_Nm1_T1
15073 20 -5 0 S2_Nm1_T1
15074 20 -5 0 S2_Nm1_T1
15077 20 -5 0 S2_Nm1_T1
15079 20 -5 0 S2_Nm1_T1
15081 20 -5 0 S2_Nm1_T1
15082 20 -5 57.2035346237926 S2_Nm1_T1
15084 20 -5 70.6730530319649 S2_Nm1_T1
15086 20 -5 0 S2_Nm1_T1
14001 20 -5 0 S2_Nm1_T1
14002 20 -5 0 S2_Nm1_T1
14003 20 -5 5.25069542743107 S2_Nm1_T1
14005 20 -5 0 S2_Nm1_T1
14008 20 -5 0 S2_Nm1_T1
15070 21 -5 0 S2_Nm1_T1
15072 21 -5 0 S2_Nm1_T1
15073 21 -5 0 S2_Nm1_T1
15074 21 -5 0 S2_Nm1_T1
15077 21 -5 0 S2_Nm1_T1
15079 21 -5 0 S2_Nm1_T1
15081 21 -5 0 S2_Nm1_T1
15082 21 -5 0 S2_Nm1_T1
15084 21 -5 0 S2_Nm1_T1
15086 21 -5 0 S2_Nm1_T1
14001 21 -5 0 S2_Nm1_T1
14002 21 -5 0 S2_Nm1_T1
14003 21 -5 0 S2_Nm1_T1
14005 21 -5 0 S2_Nm1_T1
14008 21 -5 0 S2_Nm1_T1
15070 22 -5 0 S2_Nm1_T1
15072 22 -5 0 S2_Nm1_T1
15073 22 -5 0 S2_Nm1_T1
15074 22 -5 0 S2_Nm1_T1
15077 22 -5 0 S2_Nm1_T1
15079 22 -5 0 S2_Nm1_T1
15081 22 -5 0 S2_Nm1_T1
15082 22 -5 0 S2_Nm1_T1
15084 22 -5 0 S2_Nm1_T1
15086 22 -5 0 S2_Nm1_T1
14001 22 -5 0 S2_Nm1_T1
14002 22 -5 0 S2_Nm1_T1
14003 22 -5 0 S2_Nm1_T1
14005 22 -5 0 S2_Nm1_T1
14008 22 -5 0 S2_Nm1_T1
15070 23 -5 0 S2_Nm1_T1
15072 23 -5 0 S2_Nm1_T1
15073 23 -5 0 S2_Nm1_T1
15074 23 -5 0 S2_Nm1_T1
15077 23 -5 0 S2_Nm1_T1
15079 23 -5 0 S2_Nm1_T1
15081 23 -5 0 S2_Nm1_T1
15082 23 -5 0 S2_Nm1_T1
15084 23 -5 0 S2_Nm1_T1
15086 23 -5 0 S2_Nm1_T1
14001 23 -5 0 S2_Nm1_T1
14002 23 -5 0 S2_Nm1_T1
14003 23 -5 0 S2_Nm1_T1
14005 23 -5 0 S2_Nm1_T1
14008 23 -5 0 S2_Nm1_T1
15070 24 -5 0 S2_Nm1_T1
15072 24 -5 0 S2_Nm1_T1
15073 24 -5 0 S2_Nm1_T1
15074 24 -5 0 S2_Nm1_T1
15077 24 -5 0 S2_Nm1_T1
15079 24 -5 0 S2_Nm1_T1
15081 24 -5 0 S2_Nm1_T1
15082 24 -5 0 S2_Nm1_T1
15084 24 -5 0 S2_Nm1_T1
15086 24 -5 0 S2_Nm1_T1
14001 24 -5 0 S2_Nm1_T1
14002 24 -5 0 S2_Nm1_T1
14003 24 -5 0 S2_Nm1_T1
14005 24 -5 0 S2_Nm1_T1
14008 24 -5 0 S2_Nm1_T1
15070 25 -5 0 S2_Nm1_T1
15072 25 -5 0 S2_Nm1_T1
15073 25 -5 0 S2_Nm1_T1
15074 25 -5 0 S2_Nm1_T1
15077 25 -5 0 S2_Nm1_T1
15079 25 -5 0 S2_Nm1_T1
15081 25 -5 0 S2_Nm1_T1
15082 25 -5 0 S2_Nm1_T1
15084 25 -5 0 S2_Nm1_T1
15086 25 -5 0 S2_Nm1_T1
14001 25 -5 0 S2_Nm1_T1
14002 25 -5 0 S2_Nm1_T1
14003 25 -5 0 S2_Nm1_T1
14005 25 -5 0 S2_Nm1_T1
14008 25 -5 0 S2_Nm1_T1
15070 26 -5 0 S2_Nm1_T1
15072 26 -5 0 S2_Nm1_T1
15073 26 -5 0 S2_Nm1_T1
15074 26 -5 0 S2_Nm1_T1
15077 26 -5 0 S2_Nm1_T1
15079 26 -5 0 S2_Nm1_T1
15081 26 -5 0 S2_Nm1_T1
15082 26 -5 0 S2_Nm1_T1
15084 26 -5 0 S2_Nm1_T1
15086 26 -5 0 S2_Nm1_T1
14001 26 -5 0 S2_Nm1_T1
14002 26 -5 0 S2_Nm1_T1
14003 26 -5 0 S2_Nm1_T1
14005 26 -5 0 S2_Nm1_T1
14008 26 -5 0 S2_Nm1_T1
15070 27 -5 0 S2_Nm1_T1
15072 27 -5 0 S2_Nm1_T1
15073 27 -5 0 S2_Nm1_T1
15074 27 -5 0 S2_Nm1_T1
15077 27 -5 0 S2_Nm1_T1
15079 27 -5 0 S2_Nm1_T1
15081 27 -5 0 S2_Nm1_T1
15082 27 -5 0 S2_Nm1_T1
15084 27 -5 0 S2_Nm1_T1
15086 27 -5 0 S2_Nm1_T1
14001 27 -5 0 S2_Nm1_T1
14002 27 -5 0 S2_Nm1_T1
14003 27 -5 0 S2_Nm1_T1
14005 27 -5 0 S2_Nm1_T1
14008 27 -5 0 S2_Nm1_T1
15070 28 -5 0 S2_Nm1_T1
15072 28 -5 0 S2_Nm1_T1
15073 28 -5 0 S2_Nm1_T1
15074 28 -5 0 S2_Nm1_T1
15077 28 -5 0 S2_Nm1_T1
15079 28 -5 0 S2_Nm1_T1
15081 28 -5 0 S2_Nm1_T1
15082 28 -5 0 S2_Nm1_T1
15084 28 -5 0 S2_Nm1_T1
15086 28 -5 0 S2_Nm1_T1
14001 28 -5 0 S2_Nm1_T1
14002 28 -5 0 S2_Nm1_T1
14003 28 -5 0 S2_Nm1_T1
14005 28 -5 0 S2_Nm1_T1
14008 28 -5 0 S2_Nm1_T1
15070 29 -5 0 S2_Nm1_T1
15072 29 -5 0 S2_Nm1_T1
15073 29 -5 0 S2_Nm1_T1
15074 29 -5 0 S2_Nm1_T1
15077 29 -5 0 S2_Nm1_T1
15079 29 -5 0 S2_Nm1_T1
15081 29 -5 0 S2_Nm1_T1
15082 29 -5 0 S2_Nm1_T1
15084 29 -5 0 S2_Nm1_T1
15086 29 -5 0 S2_Nm1_T1
14001 29 -5 0 S2_Nm1_T1
14002 29 -5 0 S2_Nm1_T1
14003 29 -5 0 S2_Nm1_T1
14005 29 -5 0 S2_Nm1_T1
14008 29 -5 0 S2_Nm1_T1
15070 30 -5 0 S2_Nm1_T1
15072 30 -5 0 S2_Nm1_T1
15073 30 -5 0 S2_Nm1_T1
15074 30 -5 0 S2_Nm1_T1
15077 30 -5 0 S2_Nm1_T1
15079 30 -5 0 S2_Nm1_T1
15081 30 -5 0 S2_Nm1_T1
15082 30 -5 0 S2_Nm1_T1
15084 30 -5 0 S2_Nm1_T1
15086 30 -5 0 S2_Nm1_T1
14001 30 -5 0 S2_Nm1_T1
14002 30 -5 0 S2_Nm1_T1
14003 30 -5 0 S2_Nm1_T1
14005 30 -5 0 S2_Nm1_T1
14008 30 -5 0 S2_Nm1_T1
15070 31 -5 0 S2_Nm1_T1
15072 31 -5 0 S2_Nm1_T1
15073 31 -5 0 S2_Nm1_T1
15074 31 -5 0 S2_Nm1_T1
15077 31 -5 0 S2_Nm1_T1
15079 31 -5 0 S2_Nm1_T1
15081 31 -5 0 S2_Nm1_T1
15082 31 -5 0 S2_Nm1_T1
15084 31 -5 0 S2_Nm1_T1
15086 31 -5 0 S2_Nm1_T1
14001 31 -5 0 S2_Nm1_T1
14002 31 -5 0 S2_Nm1_T1
14003 31 -5 0 S2_Nm1_T1
14005 31 -5 0 S2_Nm1_T1
14008 31 -5 0 S2_Nm1_T1
