speciesID lakeID variable value scenario
15023 1 -0.5 754.405706125706 S2_N1_T0
15024 1 -0.5 115.66827169352 S2_N1_T0
15025 1 -0.5 0 S2_N1_T0
15026 1 -0.5 0 S2_N1_T0
15027 1 -0.5 171.140028818559 S2_N1_T0
15028 1 -0.5 0 S2_N1_T0
15029 1 -0.5 510.583812476572 S2_N1_T0
15030 1 -0.5 0 S2_N1_T0
15032 1 -0.5 0 S2_N1_T0
15033 1 -0.5 250.125475078871 S2_N1_T0
15035 1 -0.5 78.7290927124787 S2_N1_T0
15036 1 -0.5 323.744799257153 S2_N1_T0
15037 1 -0.5 0 S2_N1_T0
15039 1 -0.5 41.4723127811436 S2_N1_T0
15041 1 -0.5 0 S2_N1_T0
15023 2 -0.5 27.7104321164933 S2_N1_T0
15024 2 -0.5 0 S2_N1_T0
15025 2 -0.5 0 S2_N1_T0
15026 2 -0.5 0 S2_N1_T0
15027 2 -0.5 0 S2_N1_T0
15028 2 -0.5 0 S2_N1_T0
15029 2 -0.5 0 S2_N1_T0
15030 2 -0.5 0 S2_N1_T0
15032 2 -0.5 0 S2_N1_T0
15033 2 -0.5 0 S2_N1_T0
15035 2 -0.5 0 S2_N1_T0
15036 2 -0.5 0 S2_N1_T0
15037 2 -0.5 0 S2_N1_T0
15039 2 -0.5 0 S2_N1_T0
15041 2 -0.5 0 S2_N1_T0
15023 3 -0.5 381.622196894149 S2_N1_T0
15024 3 -0.5 4.66765611559899 S2_N1_T0
15025 3 -0.5 0 S2_N1_T0
15026 3 -0.5 0 S2_N1_T0
15027 3 -0.5 61.7069469997675 S2_N1_T0
15028 3 -0.5 0 S2_N1_T0
15029 3 -0.5 139.926526542143 S2_N1_T0
15030 3 -0.5 0 S2_N1_T0
15032 3 -0.5 0 S2_N1_T0
15033 3 -0.5 1.02857040221635 S2_N1_T0
15035 3 -0.5 0 S2_N1_T0
15036 3 -0.5 144.73461346274 S2_N1_T0
15037 3 -0.5 0 S2_N1_T0
15039 3 -0.5 0 S2_N1_T0
15041 3 -0.5 0 S2_N1_T0
15023 4 -0.5 637.496347423198 S2_N1_T0
15024 4 -0.5 73.6229479144354 S2_N1_T0
15025 4 -0.5 0 S2_N1_T0
15026 4 -0.5 0 S2_N1_T0
15027 4 -0.5 122.408287593475 S2_N1_T0
15028 4 -0.5 0 S2_N1_T0
15029 4 -0.5 338.493496748406 S2_N1_T0
15030 4 -0.5 0 S2_N1_T0
15032 4 -0.5 0 S2_N1_T0
15033 4 -0.5 122.852469882778 S2_N1_T0
15035 4 -0.5 19.976216666276 S2_N1_T0
15036 4 -0.5 273.240804995691 S2_N1_T0
15037 4 -0.5 0 S2_N1_T0
15039 4 -0.5 19.9022393235232 S2_N1_T0
15041 4 -0.5 0 S2_N1_T0
15023 5 -0.5 0 S2_N1_T0
15024 5 -0.5 0 S2_N1_T0
15025 5 -0.5 0 S2_N1_T0
15026 5 -0.5 0 S2_N1_T0
15027 5 -0.5 0 S2_N1_T0
15028 5 -0.5 0 S2_N1_T0
15029 5 -0.5 0 S2_N1_T0
15030 5 -0.5 0 S2_N1_T0
15032 5 -0.5 0 S2_N1_T0
15033 5 -0.5 0 S2_N1_T0
15035 5 -0.5 0 S2_N1_T0
15036 5 -0.5 0 S2_N1_T0
15037 5 -0.5 0 S2_N1_T0
15039 5 -0.5 0 S2_N1_T0
15041 5 -0.5 0 S2_N1_T0
15023 6 -0.5 599.030958728079 S2_N1_T0
15024 6 -0.5 73.7154730711254 S2_N1_T0
15025 6 -0.5 0 S2_N1_T0
15026 6 -0.5 0 S2_N1_T0
15027 6 -0.5 132.282631644445 S2_N1_T0
15028 6 -0.5 0 S2_N1_T0
15029 6 -0.5 306.984959863096 S2_N1_T0
15030 6 -0.5 0 S2_N1_T0
15032 6 -0.5 0 S2_N1_T0
15033 6 -0.5 105.622423553192 S2_N1_T0
15035 6 -0.5 4.59589567284973 S2_N1_T0
15036 6 -0.5 270.001935614887 S2_N1_T0
15037 6 -0.5 0 S2_N1_T0
15039 6 -0.5 22.8705124835012 S2_N1_T0
15041 6 -0.5 0 S2_N1_T0
15023 7 -0.5 30.4816893458471 S2_N1_T0
15024 7 -0.5 0 S2_N1_T0
15025 7 -0.5 0 S2_N1_T0
15026 7 -0.5 0 S2_N1_T0
15027 7 -0.5 0 S2_N1_T0
15028 7 -0.5 0 S2_N1_T0
15029 7 -0.5 0 S2_N1_T0
15030 7 -0.5 0 S2_N1_T0
15032 7 -0.5 0 S2_N1_T0
15033 7 -0.5 0 S2_N1_T0
15035 7 -0.5 0 S2_N1_T0
15036 7 -0.5 0 S2_N1_T0
15037 7 -0.5 0 S2_N1_T0
15039 7 -0.5 0 S2_N1_T0
15041 7 -0.5 0 S2_N1_T0
15023 8 -0.5 683.71498041244 S2_N1_T0
15024 8 -0.5 105.954302179639 S2_N1_T0
15025 8 -0.5 0 S2_N1_T0
15026 8 -0.5 0 S2_N1_T0
15027 8 -0.5 155.326938440562 S2_N1_T0
15028 8 -0.5 0 S2_N1_T0
15029 8 -0.5 430.658178914574 S2_N1_T0
15030 8 -0.5 0 S2_N1_T0
15032 8 -0.5 0 S2_N1_T0
15033 8 -0.5 209.124836666985 S2_N1_T0
15035 8 -0.5 71.0464923362749 S2_N1_T0
15036 8 -0.5 305.946417920182 S2_N1_T0
15037 8 -0.5 0 S2_N1_T0
15039 8 -0.5 41.9550396989941 S2_N1_T0
15041 8 -0.5 0 S2_N1_T0
15023 9 -0.5 587.091519815551 S2_N1_T0
15024 9 -0.5 64.198050748384 S2_N1_T0
15025 9 -0.5 0 S2_N1_T0
15026 9 -0.5 0 S2_N1_T0
15027 9 -0.5 117.907068817919 S2_N1_T0
15028 9 -0.5 0 S2_N1_T0
15029 9 -0.5 292.817330778582 S2_N1_T0
15030 9 -0.5 0 S2_N1_T0
15032 9 -0.5 0 S2_N1_T0
15033 9 -0.5 93.7076627862595 S2_N1_T0
15035 9 -0.5 2.26644751719742 S2_N1_T0
15036 9 -0.5 256.043807295197 S2_N1_T0
15037 9 -0.5 0 S2_N1_T0
15039 9 -0.5 14.0217248170873 S2_N1_T0
15041 9 -0.5 0 S2_N1_T0
15023 10 -0.5 718.617086830772 S2_N1_T0
15024 10 -0.5 107.45352150354 S2_N1_T0
15025 10 -0.5 0 S2_N1_T0
15026 10 -0.5 0 S2_N1_T0
15027 10 -0.5 159.978272725148 S2_N1_T0
15028 10 -0.5 0 S2_N1_T0
15029 10 -0.5 444.389462163376 S2_N1_T0
15030 10 -0.5 0 S2_N1_T0
15032 10 -0.5 0 S2_N1_T0
15033 10 -0.5 204.59546437007 S2_N1_T0
15035 10 -0.5 74.4153562826627 S2_N1_T0
15036 10 -0.5 318.304357028608 S2_N1_T0
15037 10 -0.5 0 S2_N1_T0
15039 10 -0.5 44.6013981980642 S2_N1_T0
15041 10 -0.5 0 S2_N1_T0
15023 11 -0.5 707.819616168632 S2_N1_T0
15024 11 -0.5 88.2250687054152 S2_N1_T0
15025 11 -0.5 0 S2_N1_T0
15026 11 -0.5 0 S2_N1_T0
15027 11 -0.5 131.133610650025 S2_N1_T0
15028 11 -0.5 0 S2_N1_T0
15029 11 -0.5 458.975935655154 S2_N1_T0
15030 11 -0.5 0 S2_N1_T0
15032 11 -0.5 0 S2_N1_T0
15033 11 -0.5 214.687822439844 S2_N1_T0
15035 11 -0.5 51.4676117284384 S2_N1_T0
15036 11 -0.5 283.207786416632 S2_N1_T0
15037 11 -0.5 0 S2_N1_T0
15039 11 -0.5 18.5168302924688 S2_N1_T0
15041 11 -0.5 0 S2_N1_T0
15023 12 -0.5 656.54811258978 S2_N1_T0
15024 12 -0.5 83.9125796398522 S2_N1_T0
15025 12 -0.5 0 S2_N1_T0
15026 12 -0.5 0 S2_N1_T0
15027 12 -0.5 125.031048292837 S2_N1_T0
15028 12 -0.5 0 S2_N1_T0
15029 12 -0.5 426.757821878772 S2_N1_T0
15030 12 -0.5 0 S2_N1_T0
15032 12 -0.5 0 S2_N1_T0
15033 12 -0.5 209.967925545809 S2_N1_T0
15035 12 -0.5 43.1879197429717 S2_N1_T0
15036 12 -0.5 264.816373708922 S2_N1_T0
15037 12 -0.5 0 S2_N1_T0
15039 12 -0.5 14.8783887067597 S2_N1_T0
15041 12 -0.5 0 S2_N1_T0
15023 13 -0.5 388.549750889621 S2_N1_T0
15024 13 -0.5 13.7821145221197 S2_N1_T0
15025 13 -0.5 0 S2_N1_T0
15026 13 -0.5 0 S2_N1_T0
15027 13 -0.5 49.5989238999791 S2_N1_T0
15028 13 -0.5 0 S2_N1_T0
15029 13 -0.5 159.082248631965 S2_N1_T0
15030 13 -0.5 0 S2_N1_T0
15032 13 -0.5 0 S2_N1_T0
15033 13 -0.5 12.0334079774572 S2_N1_T0
15035 13 -0.5 0 S2_N1_T0
15036 13 -0.5 158.129973604847 S2_N1_T0
15037 13 -0.5 0 S2_N1_T0
15039 13 -0.5 0 S2_N1_T0
15041 13 -0.5 0 S2_N1_T0
15023 14 -0.5 233.394188293924 S2_N1_T0
15024 14 -0.5 0 S2_N1_T0
15025 14 -0.5 0 S2_N1_T0
15026 14 -0.5 0 S2_N1_T0
15027 14 -0.5 26.8527727552302 S2_N1_T0
15028 14 -0.5 0 S2_N1_T0
15029 14 -0.5 48.1142831823851 S2_N1_T0
15030 14 -0.5 0 S2_N1_T0
15032 14 -0.5 0 S2_N1_T0
15033 14 -0.5 0 S2_N1_T0
15035 14 -0.5 0 S2_N1_T0
15036 14 -0.5 58.2090449175946 S2_N1_T0
15037 14 -0.5 0 S2_N1_T0
15039 14 -0.5 0 S2_N1_T0
15041 14 -0.5 0 S2_N1_T0
15023 15 -0.5 750.864913313635 S2_N1_T0
15024 15 -0.5 126.013321509523 S2_N1_T0
15025 15 -0.5 0 S2_N1_T0
15026 15 -0.5 0 S2_N1_T0
15027 15 -0.5 186.426967833814 S2_N1_T0
15028 15 -0.5 0 S2_N1_T0
15029 15 -0.5 475.736702959159 S2_N1_T0
15030 15 -0.5 0 S2_N1_T0
15032 15 -0.5 0 S2_N1_T0
15033 15 -0.5 227.224321505777 S2_N1_T0
15035 15 -0.5 96.2481622945093 S2_N1_T0
15036 15 -0.5 345.851394898576 S2_N1_T0
15037 15 -0.5 0 S2_N1_T0
15039 15 -0.5 64.4203697064302 S2_N1_T0
15041 15 -0.5 0 S2_N1_T0
15023 16 -0.5 725.489408742521 S2_N1_T0
15024 16 -0.5 122.800342525441 S2_N1_T0
15025 16 -0.5 0 S2_N1_T0
15026 16 -0.5 0 S2_N1_T0
15027 16 -0.5 178.941402787461 S2_N1_T0
15028 16 -0.5 0 S2_N1_T0
15029 16 -0.5 485.783091537115 S2_N1_T0
15030 16 -0.5 0 S2_N1_T0
15032 16 -0.5 0 S2_N1_T0
15033 16 -0.5 250.474040787635 S2_N1_T0
15035 16 -0.5 87.7056276788669 S2_N1_T0
15036 16 -0.5 327.834612648983 S2_N1_T0
15037 16 -0.5 0 S2_N1_T0
15039 16 -0.5 53.1206263222227 S2_N1_T0
15041 16 -0.5 0 S2_N1_T0
15023 17 -0.5 472.173061724287 S2_N1_T0
15024 17 -0.5 40.3930978419606 S2_N1_T0
15025 17 -0.5 0 S2_N1_T0
15026 17 -0.5 0 S2_N1_T0
15027 17 -0.5 96.1945906017986 S2_N1_T0
15028 17 -0.5 0 S2_N1_T0
15029 17 -0.5 215.07720172794 S2_N1_T0
15030 17 -0.5 0 S2_N1_T0
15032 17 -0.5 0 S2_N1_T0
15033 17 -0.5 44.2414681847777 S2_N1_T0
15035 17 -0.5 0 S2_N1_T0
15036 17 -0.5 208.102042477814 S2_N1_T0
15037 17 -0.5 0 S2_N1_T0
15039 17 -0.5 2.7893417389044 S2_N1_T0
15041 17 -0.5 0 S2_N1_T0
15023 18 -0.5 693.945047417572 S2_N1_T0
15024 18 -0.5 102.349460466255 S2_N1_T0
15025 18 -0.5 0 S2_N1_T0
15026 18 -0.5 0 S2_N1_T0
15027 18 -0.5 151.242512978014 S2_N1_T0
15028 18 -0.5 0 S2_N1_T0
15029 18 -0.5 460.967474116938 S2_N1_T0
15030 18 -0.5 0 S2_N1_T0
15032 18 -0.5 0 S2_N1_T0
15033 18 -0.5 232.688574695642 S2_N1_T0
15035 18 -0.5 63.1220148452104 S2_N1_T0
15036 18 -0.5 295.393235341685 S2_N1_T0
15037 18 -0.5 0 S2_N1_T0
15039 18 -0.5 30.4414955748092 S2_N1_T0
15041 18 -0.5 0 S2_N1_T0
15023 19 -0.5 698.23149075541 S2_N1_T0
15024 19 -0.5 101.176191442106 S2_N1_T0
15025 19 -0.5 0 S2_N1_T0
15026 19 -0.5 0 S2_N1_T0
15027 19 -0.5 152.984342204801 S2_N1_T0
15028 19 -0.5 0 S2_N1_T0
15029 19 -0.5 418.191110928417 S2_N1_T0
15030 19 -0.5 0 S2_N1_T0
15032 19 -0.5 0 S2_N1_T0
15033 19 -0.5 186.320555055114 S2_N1_T0
15035 19 -0.5 65.8029368663996 S2_N1_T0
15036 19 -0.5 309.890476211619 S2_N1_T0
15037 19 -0.5 0 S2_N1_T0
15039 19 -0.5 41.2767924665327 S2_N1_T0
15041 19 -0.5 0 S2_N1_T0
15023 20 -0.5 735.517144087567 S2_N1_T0
15024 20 -0.5 126.762351090639 S2_N1_T0
15025 20 -0.5 0 S2_N1_T0
15026 20 -0.5 0 S2_N1_T0
15027 20 -0.5 184.627097811628 S2_N1_T0
15028 20 -0.5 0 S2_N1_T0
15029 20 -0.5 485.638982358791 S2_N1_T0
15030 20 -0.5 0 S2_N1_T0
15032 20 -0.5 0 S2_N1_T0
15033 20 -0.5 246.993375598462 S2_N1_T0
15035 20 -0.5 94.5074495732449 S2_N1_T0
15036 20 -0.5 337.248476165099 S2_N1_T0
15037 20 -0.5 0 S2_N1_T0
15039 20 -0.5 60.0409887726034 S2_N1_T0
15041 20 -0.5 0 S2_N1_T0
15023 21 -0.5 709.48858573942 S2_N1_T0
15024 21 -0.5 99.7445492724806 S2_N1_T0
15025 21 -0.5 0 S2_N1_T0
15026 21 -0.5 0 S2_N1_T0
15027 21 -0.5 151.415639294699 S2_N1_T0
15028 21 -0.5 0 S2_N1_T0
15029 21 -0.5 423.953972675151 S2_N1_T0
15030 21 -0.5 0 S2_N1_T0
15032 21 -0.5 0 S2_N1_T0
15033 21 -0.5 184.547178394535 S2_N1_T0
15035 21 -0.5 64.9365177475432 S2_N1_T0
15036 21 -0.5 311.010697627248 S2_N1_T0
15037 21 -0.5 0 S2_N1_T0
15039 21 -0.5 39.3516434454774 S2_N1_T0
15041 21 -0.5 0 S2_N1_T0
15023 22 -0.5 768.029091568652 S2_N1_T0
15024 22 -0.5 125.347695133074 S2_N1_T0
15025 22 -0.5 0 S2_N1_T0
15026 22 -0.5 0 S2_N1_T0
15027 22 -0.5 184.117795791957 S2_N1_T0
15028 22 -0.5 0 S2_N1_T0
15029 22 -0.5 522.720961439519 S2_N1_T0
15030 22 -0.5 0 S2_N1_T0
15032 22 -0.5 0 S2_N1_T0
15033 22 -0.5 259.370718029956 S2_N1_T0
15035 22 -0.5 90.0629711131885 S2_N1_T0
15036 22 -0.5 338.110525271842 S2_N1_T0
15037 22 -0.5 0 S2_N1_T0
15039 22 -0.5 51.7249271304348 S2_N1_T0
15041 22 -0.5 0 S2_N1_T0
15023 23 -0.5 672.376727124123 S2_N1_T0
15024 23 -0.5 86.9476535711584 S2_N1_T0
15025 23 -0.5 0 S2_N1_T0
15026 23 -0.5 0 S2_N1_T0
15027 23 -0.5 142.937807231496 S2_N1_T0
15028 23 -0.5 0 S2_N1_T0
15029 23 -0.5 367.738781487759 S2_N1_T0
15030 23 -0.5 0 S2_N1_T0
15032 23 -0.5 0 S2_N1_T0
15033 23 -0.5 138.911877833308 S2_N1_T0
15035 23 -0.5 35.7613541135361 S2_N1_T0
15036 23 -0.5 296.904928089994 S2_N1_T0
15037 23 -0.5 0 S2_N1_T0
15039 23 -0.5 33.1369283098736 S2_N1_T0
15041 23 -0.5 0 S2_N1_T0
15023 24 -0.5 733.228565498942 S2_N1_T0
15024 24 -0.5 108.213056435093 S2_N1_T0
15025 24 -0.5 0 S2_N1_T0
15026 24 -0.5 0 S2_N1_T0
15027 24 -0.5 161.401634249207 S2_N1_T0
15028 24 -0.5 0 S2_N1_T0
15029 24 -0.5 454.34574096572 S2_N1_T0
15030 24 -0.5 0 S2_N1_T0
15032 24 -0.5 0 S2_N1_T0
15033 24 -0.5 205.208311108967 S2_N1_T0
15035 24 -0.5 75.8566122225729 S2_N1_T0
15036 24 -0.5 322.468360625591 S2_N1_T0
15037 24 -0.5 0 S2_N1_T0
15039 24 -0.5 44.7753610217338 S2_N1_T0
15041 24 -0.5 0 S2_N1_T0
15023 25 -0.5 239.275977937815 S2_N1_T0
15024 25 -0.5 0 S2_N1_T0
15025 25 -0.5 0 S2_N1_T0
15026 25 -0.5 0 S2_N1_T0
15027 25 -0.5 29.1648819305563 S2_N1_T0
15028 25 -0.5 0 S2_N1_T0
15029 25 -0.5 52.9231127993653 S2_N1_T0
15030 25 -0.5 0 S2_N1_T0
15032 25 -0.5 0 S2_N1_T0
15033 25 -0.5 0 S2_N1_T0
15035 25 -0.5 0 S2_N1_T0
15036 25 -0.5 60.8075029139909 S2_N1_T0
15037 25 -0.5 0 S2_N1_T0
15039 25 -0.5 0 S2_N1_T0
15041 25 -0.5 0 S2_N1_T0
15023 26 -0.5 753.813907589342 S2_N1_T0
15024 26 -0.5 125.581793690202 S2_N1_T0
15025 26 -0.5 0 S2_N1_T0
15026 26 -0.5 0 S2_N1_T0
15027 26 -0.5 183.616662401544 S2_N1_T0
15028 26 -0.5 0 S2_N1_T0
15029 26 -0.5 506.212459378224 S2_N1_T0
15030 26 -0.5 0 S2_N1_T0
15032 26 -0.5 0 S2_N1_T0
15033 26 -0.5 255.025832214436 S2_N1_T0
15035 26 -0.5 91.532051551428 S2_N1_T0
15036 26 -0.5 337.233827513783 S2_N1_T0
15037 26 -0.5 0 S2_N1_T0
15039 26 -0.5 54.6703039696965 S2_N1_T0
15041 26 -0.5 0 S2_N1_T0
15023 27 -0.5 18.7912183847182 S2_N1_T0
15024 27 -0.5 0 S2_N1_T0
15025 27 -0.5 0 S2_N1_T0
15026 27 -0.5 0 S2_N1_T0
15027 27 -0.5 0 S2_N1_T0
15028 27 -0.5 0 S2_N1_T0
15029 27 -0.5 0 S2_N1_T0
15030 27 -0.5 0 S2_N1_T0
15032 27 -0.5 0 S2_N1_T0
15033 27 -0.5 0 S2_N1_T0
15035 27 -0.5 0 S2_N1_T0
15036 27 -0.5 0 S2_N1_T0
15037 27 -0.5 0 S2_N1_T0
15039 27 -0.5 0 S2_N1_T0
15041 27 -0.5 0 S2_N1_T0
15023 28 -0.5 773.188480020381 S2_N1_T0
15024 28 -0.5 132.332478979492 S2_N1_T0
15025 28 -0.5 0 S2_N1_T0
15026 28 -0.5 0 S2_N1_T0
15027 28 -0.5 193.900968216476 S2_N1_T0
15028 28 -0.5 0 S2_N1_T0
15029 28 -0.5 529.232202527464 S2_N1_T0
15030 28 -0.5 0 S2_N1_T0
15032 28 -0.5 0 S2_N1_T0
15033 28 -0.5 268.261972411316 S2_N1_T0
15035 28 -0.5 97.9133790063997 S2_N1_T0
15036 28 -0.5 346.937050423998 S2_N1_T0
15037 28 -0.5 0 S2_N1_T0
15039 28 -0.5 59.3287700072605 S2_N1_T0
15041 28 -0.5 0 S2_N1_T0
15023 29 -0.5 526.64307597053 S2_N1_T0
15024 29 -0.5 47.2021205530736 S2_N1_T0
15025 29 -0.5 0 S2_N1_T0
15026 29 -0.5 0 S2_N1_T0
15027 29 -0.5 89.518692500546 S2_N1_T0
15028 29 -0.5 0 S2_N1_T0
15029 29 -0.5 250.43944302189 S2_N1_T0
15030 29 -0.5 0 S2_N1_T0
15032 29 -0.5 0 S2_N1_T0
15033 29 -0.5 72.1797018760766 S2_N1_T0
15035 29 -0.5 0 S2_N1_T0
15036 29 -0.5 220.902560278482 S2_N1_T0
15037 29 -0.5 0 S2_N1_T0
15039 29 -0.5 4.46122580651739 S2_N1_T0
15041 29 -0.5 0 S2_N1_T0
15023 30 -0.5 227.696461451802 S2_N1_T0
15024 30 -0.5 0 S2_N1_T0
15025 30 -0.5 0 S2_N1_T0
15026 30 -0.5 0 S2_N1_T0
15027 30 -0.5 22.5676418938852 S2_N1_T0
15028 30 -0.5 0 S2_N1_T0
15029 30 -0.5 42.3680674264511 S2_N1_T0
15030 30 -0.5 0 S2_N1_T0
15032 30 -0.5 0 S2_N1_T0
15033 30 -0.5 0 S2_N1_T0
15035 30 -0.5 0 S2_N1_T0
15036 30 -0.5 53.0252690014681 S2_N1_T0
15037 30 -0.5 0 S2_N1_T0
15039 30 -0.5 0 S2_N1_T0
15041 30 -0.5 0 S2_N1_T0
15023 31 -0.5 439.048702910937 S2_N1_T0
15024 31 -0.5 2.85790686051328 S2_N1_T0
15025 31 -0.5 0 S2_N1_T0
15026 31 -0.5 0 S2_N1_T0
15027 31 -0.5 84.4389515895537 S2_N1_T0
15028 31 -0.5 0 S2_N1_T0
15029 31 -0.5 167.146128947074 S2_N1_T0
15030 31 -0.5 0 S2_N1_T0
15032 31 -0.5 0 S2_N1_T0
15033 31 -0.5 0 S2_N1_T0
15035 31 -0.5 0 S2_N1_T0
15036 31 -0.5 172.147614429701 S2_N1_T0
15037 31 -0.5 0 S2_N1_T0
15039 31 -0.5 0 S2_N1_T0
15041 31 -0.5 0 S2_N1_T0
15023 1 -1.5 439.849870586569 S2_N1_T0
15024 1 -1.5 56.0873169235802 S2_N1_T0
15025 1 -1.5 188.705638106934 S2_N1_T0
15026 1 -1.5 1.47263197584626 S2_N1_T0
15027 1 -1.5 27.9156665673026 S2_N1_T0
15028 1 -1.5 0 S2_N1_T0
15029 1 -1.5 305.016227470159 S2_N1_T0
15030 1 -1.5 0 S2_N1_T0
15032 1 -1.5 96.5776546948059 S2_N1_T0
15033 1 -1.5 86.1691782975102 S2_N1_T0
15035 1 -1.5 12.4902930549977 S2_N1_T0
15036 1 -1.5 117.38804349129 S2_N1_T0
15037 1 -1.5 0 S2_N1_T0
15039 1 -1.5 0 S2_N1_T0
15041 1 -1.5 142.295185477168 S2_N1_T0
15023 2 -1.5 10.4038353171865 S2_N1_T0
15024 2 -1.5 0 S2_N1_T0
15025 2 -1.5 0 S2_N1_T0
15026 2 -1.5 0 S2_N1_T0
15027 2 -1.5 0 S2_N1_T0
15028 2 -1.5 0 S2_N1_T0
15029 2 -1.5 0 S2_N1_T0
15030 2 -1.5 0 S2_N1_T0
15032 2 -1.5 0 S2_N1_T0
15033 2 -1.5 0 S2_N1_T0
15035 2 -1.5 0 S2_N1_T0
15036 2 -1.5 0 S2_N1_T0
15037 2 -1.5 0 S2_N1_T0
15039 2 -1.5 0 S2_N1_T0
15041 2 -1.5 0 S2_N1_T0
15023 3 -1.5 233.953849107265 S2_N1_T0
15024 3 -1.5 1.98734378596403 S2_N1_T0
15025 3 -1.5 5.61520771588032 S2_N1_T0
15026 3 -1.5 0 S2_N1_T0
15027 3 -1.5 2.79202637643751 S2_N1_T0
15028 3 -1.5 0 S2_N1_T0
15029 3 -1.5 85.6850249922916 S2_N1_T0
15030 3 -1.5 0 S2_N1_T0
15032 3 -1.5 0 S2_N1_T0
15033 3 -1.5 0 S2_N1_T0
15035 3 -1.5 0 S2_N1_T0
15036 3 -1.5 55.8110081615618 S2_N1_T0
15037 3 -1.5 0 S2_N1_T0
15039 3 -1.5 0 S2_N1_T0
15041 3 -1.5 16.6335657188747 S2_N1_T0
15023 4 -1.5 388.639892942636 S2_N1_T0
15024 4 -1.5 38.5505152099274 S2_N1_T0
15025 4 -1.5 106.673752153734 S2_N1_T0
15026 4 -1.5 0 S2_N1_T0
15027 4 -1.5 13.3503287494051 S2_N1_T0
15028 4 -1.5 0 S2_N1_T0
15029 4 -1.5 199.39150145533 S2_N1_T0
15030 4 -1.5 0 S2_N1_T0
15032 4 -1.5 23.3919558240919 S2_N1_T0
15033 4 -1.5 27.8928527388406 S2_N1_T0
15035 4 -1.5 1.22837624301251 S2_N1_T0
15036 4 -1.5 114.655599997162 S2_N1_T0
15037 4 -1.5 0 S2_N1_T0
15039 4 -1.5 0 S2_N1_T0
15041 4 -1.5 94.1273682895572 S2_N1_T0
15023 5 -1.5 0 S2_N1_T0
15024 5 -1.5 0 S2_N1_T0
15025 5 -1.5 0 S2_N1_T0
15026 5 -1.5 0 S2_N1_T0
15027 5 -1.5 0 S2_N1_T0
15028 5 -1.5 0 S2_N1_T0
15029 5 -1.5 0 S2_N1_T0
15030 5 -1.5 0 S2_N1_T0
15032 5 -1.5 0 S2_N1_T0
15033 5 -1.5 0 S2_N1_T0
15035 5 -1.5 0 S2_N1_T0
15036 5 -1.5 0 S2_N1_T0
15037 5 -1.5 0 S2_N1_T0
15039 5 -1.5 0 S2_N1_T0
15041 5 -1.5 0 S2_N1_T0
15023 6 -1.5 486.668081277459 S2_N1_T0
15024 6 -1.5 83.3743691636814 S2_N1_T0
15025 6 -1.5 160.845864424514 S2_N1_T0
15026 6 -1.5 0 S2_N1_T0
15027 6 -1.5 81.9197333265132 S2_N1_T0
15028 6 -1.5 13.9483521403972 S2_N1_T0
15029 6 -1.5 287.993065296144 S2_N1_T0
15030 6 -1.5 0 S2_N1_T0
15032 6 -1.5 28.6702164332592 S2_N1_T0
15033 6 -1.5 66.0396198606681 S2_N1_T0
15035 6 -1.5 6.98220877104559 S2_N1_T0
15036 6 -1.5 199.75232694146 S2_N1_T0
15037 6 -1.5 0 S2_N1_T0
15039 6 -1.5 3.36043780657828 S2_N1_T0
15041 6 -1.5 149.664718323481 S2_N1_T0
15023 7 -1.5 12.7695007134405 S2_N1_T0
15024 7 -1.5 0 S2_N1_T0
15025 7 -1.5 0 S2_N1_T0
15026 7 -1.5 0 S2_N1_T0
15027 7 -1.5 0 S2_N1_T0
15028 7 -1.5 0 S2_N1_T0
15029 7 -1.5 0 S2_N1_T0
15030 7 -1.5 0 S2_N1_T0
15032 7 -1.5 0 S2_N1_T0
15033 7 -1.5 0 S2_N1_T0
15035 7 -1.5 0 S2_N1_T0
15036 7 -1.5 0 S2_N1_T0
15037 7 -1.5 0 S2_N1_T0
15039 7 -1.5 0 S2_N1_T0
15041 7 -1.5 0 S2_N1_T0
15023 8 -1.5 488.423656755644 S2_N1_T0
15024 8 -1.5 84.7627873567145 S2_N1_T0
15025 8 -1.5 217.950479832995 S2_N1_T0
15026 8 -1.5 6.02769346168131 S2_N1_T0
15027 8 -1.5 61.2277524911184 S2_N1_T0
15028 8 -1.5 1.04726153926435 S2_N1_T0
15029 8 -1.5 343.84467814691 S2_N1_T0
15030 8 -1.5 0 S2_N1_T0
15032 8 -1.5 125.629732441453 S2_N1_T0
15033 8 -1.5 109.945157744835 S2_N1_T0
15035 8 -1.5 39.369287208562 S2_N1_T0
15036 8 -1.5 170.777305823647 S2_N1_T0
15037 8 -1.5 0 S2_N1_T0
15039 8 -1.5 1.65933941385352 S2_N1_T0
15041 8 -1.5 184.583995381908 S2_N1_T0
15023 9 -1.5 415.956557209939 S2_N1_T0
15024 9 -1.5 51.1910312866386 S2_N1_T0
15025 9 -1.5 113.304432053138 S2_N1_T0
15026 9 -1.5 0 S2_N1_T0
15027 9 -1.5 35.4089791606482 S2_N1_T0
15028 9 -1.5 1.4422654524054 S2_N1_T0
15029 9 -1.5 218.404048880935 S2_N1_T0
15030 9 -1.5 0 S2_N1_T0
15032 9 -1.5 5.61228496480477 S2_N1_T0
15033 9 -1.5 29.0587319240497 S2_N1_T0
15035 9 -1.5 0 S2_N1_T0
15036 9 -1.5 144.364819786159 S2_N1_T0
15037 9 -1.5 0 S2_N1_T0
15039 9 -1.5 0 S2_N1_T0
15041 9 -1.5 105.742409146857 S2_N1_T0
15023 10 -1.5 506.471970393185 S2_N1_T0
15024 10 -1.5 80.1444094577567 S2_N1_T0
15025 10 -1.5 209.589194640245 S2_N1_T0
15026 10 -1.5 4.46463994492091 S2_N1_T0
15027 10 -1.5 58.4927586856504 S2_N1_T0
15028 10 -1.5 1.04320883116946 S2_N1_T0
15029 10 -1.5 342.542676253991 S2_N1_T0
15030 10 -1.5 0 S2_N1_T0
15032 10 -1.5 116.403782674362 S2_N1_T0
15033 10 -1.5 100.219813656941 S2_N1_T0
15035 10 -1.5 36.5376781766191 S2_N1_T0
15036 10 -1.5 169.576539305606 S2_N1_T0
15037 10 -1.5 0 S2_N1_T0
15039 10 -1.5 1.34585105336767 S2_N1_T0
15041 10 -1.5 175.060695548968 S2_N1_T0
15023 11 -1.5 173.027233188288 S2_N1_T0
15024 11 -1.5 3.73042776636221 S2_N1_T0
15025 11 -1.5 68.5947776176558 S2_N1_T0
15026 11 -1.5 0 S2_N1_T0
15027 11 -1.5 0 S2_N1_T0
15028 11 -1.5 0 S2_N1_T0
15029 11 -1.5 117.881798684465 S2_N1_T0
15030 11 -1.5 0 S2_N1_T0
15032 11 -1.5 22.5583634076618 S2_N1_T0
15033 11 -1.5 11.7170249060166 S2_N1_T0
15035 11 -1.5 0 S2_N1_T0
15036 11 -1.5 22.850265968474 S2_N1_T0
15037 11 -1.5 0 S2_N1_T0
15039 11 -1.5 0 S2_N1_T0
15041 11 -1.5 49.9374917419216 S2_N1_T0
15023 12 -1.5 173.919422920631 S2_N1_T0
15024 12 -1.5 5.0629914123414 S2_N1_T0
15025 12 -1.5 71.9569031606708 S2_N1_T0
15026 12 -1.5 0 S2_N1_T0
15027 12 -1.5 0 S2_N1_T0
15028 12 -1.5 0 S2_N1_T0
15029 12 -1.5 120.282505659144 S2_N1_T0
15030 12 -1.5 0 S2_N1_T0
15032 12 -1.5 24.5399886667538 S2_N1_T0
15033 12 -1.5 15.7801820743731 S2_N1_T0
15035 12 -1.5 0 S2_N1_T0
15036 12 -1.5 24.048548993307 S2_N1_T0
15037 12 -1.5 0 S2_N1_T0
15039 12 -1.5 0 S2_N1_T0
15041 12 -1.5 54.6212101872098 S2_N1_T0
15023 13 -1.5 259.060158158666 S2_N1_T0
15024 13 -1.5 10.5421258278273 S2_N1_T0
15025 13 -1.5 32.025108625209 S2_N1_T0
15026 13 -1.5 0 S2_N1_T0
15027 13 -1.5 2.92232855185635 S2_N1_T0
15028 13 -1.5 0 S2_N1_T0
15029 13 -1.5 115.012306465785 S2_N1_T0
15030 13 -1.5 0 S2_N1_T0
15032 13 -1.5 0 S2_N1_T0
15033 13 -1.5 0 S2_N1_T0
15035 13 -1.5 0 S2_N1_T0
15036 13 -1.5 77.5353043185106 S2_N1_T0
15037 13 -1.5 0 S2_N1_T0
15039 13 -1.5 0 S2_N1_T0
15041 13 -1.5 45.5511060474714 S2_N1_T0
15023 14 -1.5 193.585766930042 S2_N1_T0
15024 14 -1.5 0 S2_N1_T0
15025 14 -1.5 0 S2_N1_T0
15026 14 -1.5 0 S2_N1_T0
15027 14 -1.5 7.84246478683154 S2_N1_T0
15028 14 -1.5 0 S2_N1_T0
15029 14 -1.5 54.3682948879765 S2_N1_T0
15030 14 -1.5 0 S2_N1_T0
15032 14 -1.5 0 S2_N1_T0
15033 14 -1.5 0 S2_N1_T0
15035 14 -1.5 0 S2_N1_T0
15036 14 -1.5 28.561444709404 S2_N1_T0
15037 14 -1.5 0 S2_N1_T0
15039 14 -1.5 0 S2_N1_T0
15041 14 -1.5 3.28364377474374 S2_N1_T0
15023 15 -1.5 634.760044039658 S2_N1_T0
15024 15 -1.5 142.934152539157 S2_N1_T0
15025 15 -1.5 315.089762403071 S2_N1_T0
15026 15 -1.5 70.4964673656814 S2_N1_T0
15027 15 -1.5 136.822189976377 S2_N1_T0
15028 15 -1.5 28.4458076076551 S2_N1_T0
15029 15 -1.5 479.246424715917 S2_N1_T0
15030 15 -1.5 0 S2_N1_T0
15032 15 -1.5 189.697298385557 S2_N1_T0
15033 15 -1.5 175.342820544247 S2_N1_T0
15035 15 -1.5 99.9103799469258 S2_N1_T0
15036 15 -1.5 272.385570497452 S2_N1_T0
15037 15 -1.5 0 S2_N1_T0
15039 15 -1.5 33.3879911029792 S2_N1_T0
15041 15 -1.5 265.864686138009 S2_N1_T0
15023 16 -1.5 548.209966639553 S2_N1_T0
15024 16 -1.5 108.549441104977 S2_N1_T0
15025 16 -1.5 284.386953652805 S2_N1_T0
15026 16 -1.5 30.6939176075769 S2_N1_T0
15027 16 -1.5 91.3523842401147 S2_N1_T0
15028 16 -1.5 3.27555749393782 S2_N1_T0
15029 16 -1.5 425.714746963528 S2_N1_T0
15030 16 -1.5 0 S2_N1_T0
15032 16 -1.5 162.718391547032 S2_N1_T0
15033 16 -1.5 151.531592244332 S2_N1_T0
15035 16 -1.5 63.131954734435 S2_N1_T0
15036 16 -1.5 203.244140325791 S2_N1_T0
15037 16 -1.5 0 S2_N1_T0
15039 16 -1.5 5.87478960590449 S2_N1_T0
15041 16 -1.5 233.652638821343 S2_N1_T0
15023 17 -1.5 390.439813208728 S2_N1_T0
15024 17 -1.5 57.4638472970737 S2_N1_T0
15025 17 -1.5 102.820213981817 S2_N1_T0
15026 17 -1.5 0 S2_N1_T0
15027 17 -1.5 56.7095167114424 S2_N1_T0
15028 17 -1.5 8.40443639886147 S2_N1_T0
15029 17 -1.5 211.145581876392 S2_N1_T0
15030 17 -1.5 0 S2_N1_T0
15032 17 -1.5 0 S2_N1_T0
15033 17 -1.5 16.8793082379273 S2_N1_T0
15035 17 -1.5 0 S2_N1_T0
15036 17 -1.5 160.569722333702 S2_N1_T0
15037 17 -1.5 0 S2_N1_T0
15039 17 -1.5 0 S2_N1_T0
15041 17 -1.5 105.898815101492 S2_N1_T0
15023 18 -1.5 351.264452467678 S2_N1_T0
15024 18 -1.5 40.5920402624437 S2_N1_T0
15025 18 -1.5 144.997753526923 S2_N1_T0
15026 18 -1.5 0 S2_N1_T0
15027 18 -1.5 9.49768649657556 S2_N1_T0
15028 18 -1.5 0 S2_N1_T0
15029 18 -1.5 226.604276419217 S2_N1_T0
15030 18 -1.5 0 S2_N1_T0
15032 18 -1.5 75.6262130939232 S2_N1_T0
15033 18 -1.5 66.3746563545023 S2_N1_T0
15035 18 -1.5 3.54165518967619 S2_N1_T0
15036 18 -1.5 89.2465078959677 S2_N1_T0
15037 18 -1.5 0 S2_N1_T0
15039 18 -1.5 0 S2_N1_T0
15041 18 -1.5 113.710845720641 S2_N1_T0
15023 19 -1.5 497.158055570288 S2_N1_T0
15024 19 -1.5 78.3305830772984 S2_N1_T0
15025 19 -1.5 195.175387926876 S2_N1_T0
15026 19 -1.5 2.20806678213629 S2_N1_T0
15027 19 -1.5 57.2041004860694 S2_N1_T0
15028 19 -1.5 1.2823219586838 S2_N1_T0
15029 19 -1.5 324.932077590625 S2_N1_T0
15030 19 -1.5 0 S2_N1_T0
15032 19 -1.5 105.261807445666 S2_N1_T0
15033 19 -1.5 92.2561021743407 S2_N1_T0
15035 19 -1.5 32.2932983473813 S2_N1_T0
15036 19 -1.5 170.210789517813 S2_N1_T0
15037 19 -1.5 0 S2_N1_T0
15039 19 -1.5 1.36189790745899 S2_N1_T0
15041 19 -1.5 166.772467647534 S2_N1_T0
15023 20 -1.5 596.425373585842 S2_N1_T0
15024 20 -1.5 131.512288026013 S2_N1_T0
15025 20 -1.5 313.486057223721 S2_N1_T0
15026 20 -1.5 60.3168569636987 S2_N1_T0
15027 20 -1.5 119.011672499243 S2_N1_T0
15028 20 -1.5 13.586576043934 S2_N1_T0
15029 20 -1.5 466.372364972104 S2_N1_T0
15030 20 -1.5 0 S2_N1_T0
15032 20 -1.5 188.439140137684 S2_N1_T0
15033 20 -1.5 174.958762864232 S2_N1_T0
15035 20 -1.5 86.8096556580612 S2_N1_T0
15036 20 -1.5 243.901928994713 S2_N1_T0
15037 20 -1.5 0 S2_N1_T0
15039 20 -1.5 19.581204828676 S2_N1_T0
15041 20 -1.5 261.404804406236 S2_N1_T0
15023 21 -1.5 478.870454285097 S2_N1_T0
15024 21 -1.5 67.1389434591409 S2_N1_T0
15025 21 -1.5 175.681518869785 S2_N1_T0
15026 21 -1.5 1.09293197933068 S2_N1_T0
15027 21 -1.5 43.090054035829 S2_N1_T0
15028 21 -1.5 0 S2_N1_T0
15029 21 -1.5 300.745981373549 S2_N1_T0
15030 21 -1.5 0 S2_N1_T0
15032 21 -1.5 92.699974753949 S2_N1_T0
15033 21 -1.5 78.8668859263687 S2_N1_T0
15035 21 -1.5 21.7717467250673 S2_N1_T0
15036 21 -1.5 152.186866561777 S2_N1_T0
15037 21 -1.5 0 S2_N1_T0
15039 21 -1.5 0 S2_N1_T0
15041 21 -1.5 147.53737027045 S2_N1_T0
15023 22 -1.5 533.277541614987 S2_N1_T0
15024 22 -1.5 86.8002791412073 S2_N1_T0
15025 22 -1.5 261.660527242491 S2_N1_T0
15026 22 -1.5 14.8374942403993 S2_N1_T0
15027 22 -1.5 68.0055678817919 S2_N1_T0
15028 22 -1.5 0 S2_N1_T0
15029 22 -1.5 405.001444195857 S2_N1_T0
15030 22 -1.5 0 S2_N1_T0
15032 22 -1.5 136.945856766951 S2_N1_T0
15033 22 -1.5 125.723426834811 S2_N1_T0
15035 22 -1.5 42.9729236645864 S2_N1_T0
15036 22 -1.5 169.422735934574 S2_N1_T0
15037 22 -1.5 0 S2_N1_T0
15039 22 -1.5 1.31540235839292 S2_N1_T0
15041 22 -1.5 203.150672775933 S2_N1_T0
15023 23 -1.5 492.311009705876 S2_N1_T0
15024 23 -1.5 71.2848708962511 S2_N1_T0
15025 23 -1.5 161.558713747396 S2_N1_T0
15026 23 -1.5 0 S2_N1_T0
15027 23 -1.5 57.6887570267105 S2_N1_T0
15028 23 -1.5 2.81458656672596 S2_N1_T0
15029 23 -1.5 289.540028031306 S2_N1_T0
15030 23 -1.5 0 S2_N1_T0
15032 23 -1.5 59.7218473341231 S2_N1_T0
15033 23 -1.5 66.2100648218326 S2_N1_T0
15035 23 -1.5 13.7013527085354 S2_N1_T0
15036 23 -1.5 173.541604580092 S2_N1_T0
15037 23 -1.5 0 S2_N1_T0
15039 23 -1.5 1.15628532021965 S2_N1_T0
15041 23 -1.5 141.573349476184 S2_N1_T0
15023 24 -1.5 505.86520950522 S2_N1_T0
15024 24 -1.5 75.2466359291257 S2_N1_T0
15025 24 -1.5 202.887026837399 S2_N1_T0
15026 24 -1.5 3.66230507920617 S2_N1_T0
15027 24 -1.5 53.1812420562325 S2_N1_T0
15028 24 -1.5 0 S2_N1_T0
15029 24 -1.5 337.006655531206 S2_N1_T0
15030 24 -1.5 0 S2_N1_T0
15032 24 -1.5 111.023630907543 S2_N1_T0
15033 24 -1.5 94.1372034922396 S2_N1_T0
15035 24 -1.5 32.3180653584762 S2_N1_T0
15036 24 -1.5 162.665748631312 S2_N1_T0
15037 24 -1.5 0 S2_N1_T0
15039 24 -1.5 0 S2_N1_T0
15041 24 -1.5 166.781573543695 S2_N1_T0
15023 25 -1.5 181.234486105497 S2_N1_T0
15024 25 -1.5 0 S2_N1_T0
15025 25 -1.5 0 S2_N1_T0
15026 25 -1.5 0 S2_N1_T0
15027 25 -1.5 4.39115755110266 S2_N1_T0
15028 25 -1.5 0 S2_N1_T0
15029 25 -1.5 43.9167159372574 S2_N1_T0
15030 25 -1.5 0 S2_N1_T0
15032 25 -1.5 0 S2_N1_T0
15033 25 -1.5 0 S2_N1_T0
15035 25 -1.5 0 S2_N1_T0
15036 25 -1.5 19.5367697122394 S2_N1_T0
15037 25 -1.5 0 S2_N1_T0
15039 25 -1.5 0 S2_N1_T0
15041 25 -1.5 1.65336537247103 S2_N1_T0
15023 26 -1.5 557.395039427551 S2_N1_T0
15024 26 -1.5 102.680498932172 S2_N1_T0
15025 26 -1.5 282.285325409694 S2_N1_T0
15026 26 -1.5 28.1892224896698 S2_N1_T0
15027 26 -1.5 85.8663042078955 S2_N1_T0
15028 26 -1.5 2.40375880391484 S2_N1_T0
15029 26 -1.5 428.842877332222 S2_N1_T0
15030 26 -1.5 0 S2_N1_T0
15032 26 -1.5 156.808550839979 S2_N1_T0
15033 26 -1.5 144.104271703848 S2_N1_T0
15035 26 -1.5 58.9307050867213 S2_N1_T0
15036 26 -1.5 196.434609039169 S2_N1_T0
15037 26 -1.5 0 S2_N1_T0
15039 26 -1.5 4.20644323245836 S2_N1_T0
15041 26 -1.5 226.851340705866 S2_N1_T0
15023 27 -1.5 1.60091191913303 S2_N1_T0
15024 27 -1.5 0 S2_N1_T0
15025 27 -1.5 0 S2_N1_T0
15026 27 -1.5 0 S2_N1_T0
15027 27 -1.5 0 S2_N1_T0
15028 27 -1.5 0 S2_N1_T0
15029 27 -1.5 0 S2_N1_T0
15030 27 -1.5 0 S2_N1_T0
15032 27 -1.5 0 S2_N1_T0
15033 27 -1.5 0 S2_N1_T0
15035 27 -1.5 0 S2_N1_T0
15036 27 -1.5 0 S2_N1_T0
15037 27 -1.5 0 S2_N1_T0
15039 27 -1.5 0 S2_N1_T0
15041 27 -1.5 0 S2_N1_T0
15023 28 -1.5 588.860185953142 S2_N1_T0
15024 28 -1.5 114.039222876865 S2_N1_T0
15025 28 -1.5 312.248635363759 S2_N1_T0
15026 28 -1.5 44.9323795715658 S2_N1_T0
15027 28 -1.5 100.714977341833 S2_N1_T0
15028 28 -1.5 4.56285902294451 S2_N1_T0
15029 28 -1.5 467.860532057377 S2_N1_T0
15030 28 -1.5 0 S2_N1_T0
15032 28 -1.5 172.041296636011 S2_N1_T0
15033 28 -1.5 162.075315247577 S2_N1_T0
15035 28 -1.5 69.4742915963167 S2_N1_T0
15036 28 -1.5 214.386555114838 S2_N1_T0
15037 28 -1.5 0 S2_N1_T0
15039 28 -1.5 7.68276018282911 S2_N1_T0
15041 28 -1.5 247.754336661016 S2_N1_T0
15023 29 -1.5 300.130841190966 S2_N1_T0
15024 29 -1.5 17.6254668679853 S2_N1_T0
15025 29 -1.5 61.7011499010804 S2_N1_T0
15026 29 -1.5 0 S2_N1_T0
15027 29 -1.5 3.22049278613457 S2_N1_T0
15028 29 -1.5 0 S2_N1_T0
15029 29 -1.5 141.575469722194 S2_N1_T0
15030 29 -1.5 0 S2_N1_T0
15032 29 -1.5 0 S2_N1_T0
15033 29 -1.5 3.1564397457168 S2_N1_T0
15035 29 -1.5 0 S2_N1_T0
15036 29 -1.5 84.8185203512199 S2_N1_T0
15037 29 -1.5 0 S2_N1_T0
15039 29 -1.5 0 S2_N1_T0
15041 29 -1.5 62.0790535581759 S2_N1_T0
15023 30 -1.5 178.73260199791 S2_N1_T0
15024 30 -1.5 0 S2_N1_T0
15025 30 -1.5 0 S2_N1_T0
15026 30 -1.5 0 S2_N1_T0
15027 30 -1.5 4.16235096754909 S2_N1_T0
15028 30 -1.5 0 S2_N1_T0
15029 30 -1.5 40.6570153615664 S2_N1_T0
15030 30 -1.5 0 S2_N1_T0
15032 30 -1.5 0 S2_N1_T0
15033 30 -1.5 0 S2_N1_T0
15035 30 -1.5 0 S2_N1_T0
15036 30 -1.5 18.3747176494983 S2_N1_T0
15037 30 -1.5 0 S2_N1_T0
15039 30 -1.5 0 S2_N1_T0
15041 30 -1.5 1.73443055723656 S2_N1_T0
15023 31 -1.5 297.433498536028 S2_N1_T0
15024 31 -1.5 2.41905682949627 S2_N1_T0
15025 31 -1.5 11.8608832565018 S2_N1_T0
15026 31 -1.5 0 S2_N1_T0
15027 31 -1.5 11.9198581044841 S2_N1_T0
15028 31 -1.5 0 S2_N1_T0
15029 31 -1.5 119.936195567857 S2_N1_T0
15030 31 -1.5 0 S2_N1_T0
15032 31 -1.5 0 S2_N1_T0
15033 31 -1.5 0 S2_N1_T0
15035 31 -1.5 0 S2_N1_T0
15036 31 -1.5 86.5349564948963 S2_N1_T0
15037 31 -1.5 0 S2_N1_T0
15039 31 -1.5 0 S2_N1_T0
15041 31 -1.5 17.806912332252 S2_N1_T0
15023 1 -3 40.5174425316132 S2_N1_T0
15024 1 -3 0 S2_N1_T0
15025 1 -3 5.67289856095752 S2_N1_T0
15026 1 -3 0 S2_N1_T0
15027 1 -3 0 S2_N1_T0
15028 1 -3 0 S2_N1_T0
15029 1 -3 12.8159387570354 S2_N1_T0
15030 1 -3 0 S2_N1_T0
15032 1 -3 0 S2_N1_T0
15033 1 -3 0 S2_N1_T0
15035 1 -3 0 S2_N1_T0
15036 1 -3 0 S2_N1_T0
15037 1 -3 0 S2_N1_T0
15039 1 -3 0 S2_N1_T0
15041 1 -3 0 S2_N1_T0
15023 2 -3 1.64038749563894 S2_N1_T0
15024 2 -3 0 S2_N1_T0
15025 2 -3 0 S2_N1_T0
15026 2 -3 0 S2_N1_T0
15027 2 -3 0 S2_N1_T0
15028 2 -3 0 S2_N1_T0
15029 2 -3 0 S2_N1_T0
15030 2 -3 0 S2_N1_T0
15032 2 -3 0 S2_N1_T0
15033 2 -3 0 S2_N1_T0
15035 2 -3 0 S2_N1_T0
15036 2 -3 0 S2_N1_T0
15037 2 -3 0 S2_N1_T0
15039 2 -3 0 S2_N1_T0
15041 2 -3 0 S2_N1_T0
15023 3 -3 66.7014869110881 S2_N1_T0
15024 3 -3 0 S2_N1_T0
15025 3 -3 0 S2_N1_T0
15026 3 -3 0 S2_N1_T0
15027 3 -3 0 S2_N1_T0
15028 3 -3 0 S2_N1_T0
15029 3 -3 0 S2_N1_T0
15030 3 -3 0 S2_N1_T0
15032 3 -3 0 S2_N1_T0
15033 3 -3 0 S2_N1_T0
15035 3 -3 0 S2_N1_T0
15036 3 -3 0 S2_N1_T0
15037 3 -3 0 S2_N1_T0
15039 3 -3 0 S2_N1_T0
15041 3 -3 0 S2_N1_T0
15023 4 -3 71.2206001330634 S2_N1_T0
15024 4 -3 0 S2_N1_T0
15025 4 -3 1.25140594775354 S2_N1_T0
15026 4 -3 0 S2_N1_T0
15027 4 -3 0 S2_N1_T0
15028 4 -3 0 S2_N1_T0
15029 4 -3 9.63856022318556 S2_N1_T0
15030 4 -3 0 S2_N1_T0
15032 4 -3 0 S2_N1_T0
15033 4 -3 0 S2_N1_T0
15035 4 -3 0 S2_N1_T0
15036 4 -3 0 S2_N1_T0
15037 4 -3 0 S2_N1_T0
15039 4 -3 0 S2_N1_T0
15041 4 -3 0 S2_N1_T0
15023 5 -3 0 S2_N1_T0
15024 5 -3 0 S2_N1_T0
15025 5 -3 0 S2_N1_T0
15026 5 -3 0 S2_N1_T0
15027 5 -3 0 S2_N1_T0
15028 5 -3 0 S2_N1_T0
15029 5 -3 0 S2_N1_T0
15030 5 -3 0 S2_N1_T0
15032 5 -3 0 S2_N1_T0
15033 5 -3 0 S2_N1_T0
15035 5 -3 0 S2_N1_T0
15036 5 -3 0 S2_N1_T0
15037 5 -3 0 S2_N1_T0
15039 5 -3 0 S2_N1_T0
15041 5 -3 0 S2_N1_T0
15023 6 -3 316.982300577802 S2_N1_T0
15024 6 -3 34.4984139835055 S2_N1_T0
15025 6 -3 107.611154014942 S2_N1_T0
15026 6 -3 0 S2_N1_T0
15027 6 -3 12.8730760611895 S2_N1_T0
15028 6 -3 4.10605223538086 S2_N1_T0
15029 6 -3 174.045864888816 S2_N1_T0
15030 6 -3 0 S2_N1_T0
15032 6 -3 1.49424071634353 S2_N1_T0
15033 6 -3 11.235184626795 S2_N1_T0
15035 6 -3 0 S2_N1_T0
15036 6 -3 111.594212235897 S2_N1_T0
15037 6 -3 0 S2_N1_T0
15039 6 -3 0 S2_N1_T0
15041 6 -3 85.4556817665141 S2_N1_T0
15023 7 -3 2.36748229542397 S2_N1_T0
15024 7 -3 0 S2_N1_T0
15025 7 -3 0 S2_N1_T0
15026 7 -3 0 S2_N1_T0
15027 7 -3 0 S2_N1_T0
15028 7 -3 0 S2_N1_T0
15029 7 -3 0 S2_N1_T0
15030 7 -3 0 S2_N1_T0
15032 7 -3 0 S2_N1_T0
15033 7 -3 0 S2_N1_T0
15035 7 -3 0 S2_N1_T0
15036 7 -3 0 S2_N1_T0
15037 7 -3 0 S2_N1_T0
15039 7 -3 0 S2_N1_T0
15041 7 -3 0 S2_N1_T0
15023 8 -3 169.353280481548 S2_N1_T0
15024 8 -3 4.38972487523762 S2_N1_T0
15025 8 -3 78.8196683559565 S2_N1_T0
15026 8 -3 0 S2_N1_T0
15027 8 -3 0 S2_N1_T0
15028 8 -3 0 S2_N1_T0
15029 8 -3 110.61997654405 S2_N1_T0
15030 8 -3 0 S2_N1_T0
15032 8 -3 18.0250267811851 S2_N1_T0
15033 8 -3 6.51536357611316 S2_N1_T0
15035 8 -3 0 S2_N1_T0
15036 8 -3 26.2904754062574 S2_N1_T0
15037 8 -3 0 S2_N1_T0
15039 8 -3 0 S2_N1_T0
15041 8 -3 50.440582748496 S2_N1_T0
15023 9 -3 160.170319327891 S2_N1_T0
15024 9 -3 0 S2_N1_T0
15025 9 -3 23.7693838163223 S2_N1_T0
15026 9 -3 0 S2_N1_T0
15027 9 -3 0 S2_N1_T0
15028 9 -3 0 S2_N1_T0
15029 9 -3 66.8934846016142 S2_N1_T0
15030 9 -3 0 S2_N1_T0
15032 9 -3 0 S2_N1_T0
15033 9 -3 0 S2_N1_T0
15035 9 -3 0 S2_N1_T0
15036 9 -3 18.1854604548334 S2_N1_T0
15037 9 -3 0 S2_N1_T0
15039 9 -3 0 S2_N1_T0
15041 9 -3 15.3543231230308 S2_N1_T0
15023 10 -3 155.460107270317 S2_N1_T0
15024 10 -3 1.80143456288357 S2_N1_T0
15025 10 -3 64.1109972948987 S2_N1_T0
15026 10 -3 0 S2_N1_T0
15027 10 -3 0 S2_N1_T0
15028 10 -3 0 S2_N1_T0
15029 10 -3 96.1979406950282 S2_N1_T0
15030 10 -3 0 S2_N1_T0
15032 10 -3 8.28291255760637 S2_N1_T0
15033 10 -3 2.10335239061445 S2_N1_T0
15035 10 -3 0 S2_N1_T0
15036 10 -3 17.5287786805046 S2_N1_T0
15037 10 -3 0 S2_N1_T0
15039 10 -3 0 S2_N1_T0
15041 10 -3 37.8922627310354 S2_N1_T0
15023 11 -3 0 S2_N1_T0
15024 11 -3 0 S2_N1_T0
15025 11 -3 0 S2_N1_T0
15026 11 -3 0 S2_N1_T0
15027 11 -3 0 S2_N1_T0
15028 11 -3 0 S2_N1_T0
15029 11 -3 0 S2_N1_T0
15030 11 -3 0 S2_N1_T0
15032 11 -3 0 S2_N1_T0
15033 11 -3 0 S2_N1_T0
15035 11 -3 0 S2_N1_T0
15036 11 -3 0 S2_N1_T0
15037 11 -3 0 S2_N1_T0
15039 11 -3 0 S2_N1_T0
15041 11 -3 0 S2_N1_T0
15023 12 -3 0 S2_N1_T0
15024 12 -3 0 S2_N1_T0
15025 12 -3 0 S2_N1_T0
15026 12 -3 0 S2_N1_T0
15027 12 -3 0 S2_N1_T0
15028 12 -3 0 S2_N1_T0
15029 12 -3 0 S2_N1_T0
15030 12 -3 0 S2_N1_T0
15032 12 -3 0 S2_N1_T0
15033 12 -3 0 S2_N1_T0
15035 12 -3 0 S2_N1_T0
15036 12 -3 0 S2_N1_T0
15037 12 -3 0 S2_N1_T0
15039 12 -3 0 S2_N1_T0
15041 12 -3 0 S2_N1_T0
15023 13 -3 100.366260764898 S2_N1_T0
15024 13 -3 0 S2_N1_T0
15025 13 -3 0 S2_N1_T0
15026 13 -3 0 S2_N1_T0
15027 13 -3 0 S2_N1_T0
15028 13 -3 0 S2_N1_T0
15029 13 -3 8.18293486901763 S2_N1_T0
15030 13 -3 0 S2_N1_T0
15032 13 -3 0 S2_N1_T0
15033 13 -3 0 S2_N1_T0
15035 13 -3 0 S2_N1_T0
15036 13 -3 1.33505605165845 S2_N1_T0
15037 13 -3 0 S2_N1_T0
15039 13 -3 0 S2_N1_T0
15041 13 -3 0 S2_N1_T0
15023 14 -3 139.458937836934 S2_N1_T0
15024 14 -3 0 S2_N1_T0
15025 14 -3 0 S2_N1_T0
15026 14 -3 0 S2_N1_T0
15027 14 -3 0 S2_N1_T0
15028 14 -3 0 S2_N1_T0
15029 14 -3 13.2131094321255 S2_N1_T0
15030 14 -3 0 S2_N1_T0
15032 14 -3 0 S2_N1_T0
15033 14 -3 0 S2_N1_T0
15035 14 -3 0 S2_N1_T0
15036 14 -3 3.88323927670533 S2_N1_T0
15037 14 -3 0 S2_N1_T0
15039 14 -3 0 S2_N1_T0
15041 14 -3 0 S2_N1_T0
15023 15 -3 460.55540384905 S2_N1_T0
15024 15 -3 88.3451033655001 S2_N1_T0
15025 15 -3 242.127157266736 S2_N1_T0
15026 15 -3 12.0962209178391 S2_N1_T0
15027 15 -3 68.9658488033768 S2_N1_T0
15028 15 -3 15.8234063027196 S2_N1_T0
15029 15 -3 322.732979057104 S2_N1_T0
15030 15 -3 39.1615544979828 S2_N1_T0
15032 15 -3 123.287383507772 S2_N1_T0
15033 15 -3 107.876622080739 S2_N1_T0
15035 15 -3 46.5871850469394 S2_N1_T0
15036 15 -3 176.867979035642 S2_N1_T0
15037 15 -3 31.6085154271749 S2_N1_T0
15039 15 -3 2.4585901139845 S2_N1_T0
15041 15 -3 178.487934309652 S2_N1_T0
15023 16 -3 230.444616022524 S2_N1_T0
15024 16 -3 24.6501712660217 S2_N1_T0
15025 16 -3 130.613778221153 S2_N1_T0
15026 16 -3 0 S2_N1_T0
15027 16 -3 1.92021039586913 S2_N1_T0
15028 16 -3 0 S2_N1_T0
15029 16 -3 167.881354104219 S2_N1_T0
15030 16 -3 8.68888729973103 S2_N1_T0
15032 16 -3 54.3006791249116 S2_N1_T0
15033 16 -3 41.240297216091 S2_N1_T0
15035 16 -3 0 S2_N1_T0
15036 16 -3 63.3303023070994 S2_N1_T0
15037 16 -3 0 S2_N1_T0
15039 16 -3 0 S2_N1_T0
15041 16 -3 88.0378946749609 S2_N1_T0
15023 17 -3 279.125463777129 S2_N1_T0
15024 17 -3 20.993720847104 S2_N1_T0
15025 17 -3 72.5755504430932 S2_N1_T0
15026 17 -3 0 S2_N1_T0
15027 17 -3 8.54623081921484 S2_N1_T0
15028 17 -3 5.44665331203955 S2_N1_T0
15029 17 -3 139.375741327341 S2_N1_T0
15030 17 -3 0 S2_N1_T0
15032 17 -3 0 S2_N1_T0
15033 17 -3 1.09916078344754 S2_N1_T0
15035 17 -3 0 S2_N1_T0
15036 17 -3 96.8543488989773 S2_N1_T0
15037 17 -3 0 S2_N1_T0
15039 17 -3 0 S2_N1_T0
15041 17 -3 63.5141151390383 S2_N1_T0
15023 18 -3 7.02334240445486 S2_N1_T0
15024 18 -3 0 S2_N1_T0
15025 18 -3 0 S2_N1_T0
15026 18 -3 0 S2_N1_T0
15027 18 -3 0 S2_N1_T0
15028 18 -3 0 S2_N1_T0
15029 18 -3 0 S2_N1_T0
15030 18 -3 0 S2_N1_T0
15032 18 -3 0 S2_N1_T0
15033 18 -3 0 S2_N1_T0
15035 18 -3 0 S2_N1_T0
15036 18 -3 0 S2_N1_T0
15037 18 -3 0 S2_N1_T0
15039 18 -3 0 S2_N1_T0
15041 18 -3 0 S2_N1_T0
15023 19 -3 165.475595240992 S2_N1_T0
15024 19 -3 2.32404166457701 S2_N1_T0
15025 19 -3 64.086577145805 S2_N1_T0
15026 19 -3 0 S2_N1_T0
15027 19 -3 0 S2_N1_T0
15028 19 -3 0 S2_N1_T0
15029 19 -3 98.9635107194763 S2_N1_T0
15030 19 -3 0 S2_N1_T0
15032 19 -3 6.51953531531694 S2_N1_T0
15033 19 -3 1.90647391301639 S2_N1_T0
15035 19 -3 0 S2_N1_T0
15036 19 -3 23.1628624750493 S2_N1_T0
15037 19 -3 0 S2_N1_T0
15039 19 -3 0 S2_N1_T0
15041 19 -3 39.601554822552 S2_N1_T0
15023 20 -3 363.669339735596 S2_N1_T0
15024 20 -3 62.6479201648095 S2_N1_T0
15025 20 -3 200.225125506601 S2_N1_T0
15026 20 -3 2.5560844400927 S2_N1_T0
15027 20 -3 30.8792507807249 S2_N1_T0
15028 20 -3 1.98715216036576 S2_N1_T0
15029 20 -3 255.918673951369 S2_N1_T0
15030 20 -3 33.7952163025929 S2_N1_T0
15032 20 -3 99.9027621825376 S2_N1_T0
15033 20 -3 85.4696880690778 S2_N1_T0
15035 20 -3 18.2449055331979 S2_N1_T0
15036 20 -3 126.663577208533 S2_N1_T0
15037 20 -3 10.5307424226569 S2_N1_T0
15039 20 -3 0 S2_N1_T0
15041 20 -3 142.703779375975 S2_N1_T0
15023 21 -3 122.93708584733 S2_N1_T0
15024 21 -3 0 S2_N1_T0
15025 21 -3 35.5170288270571 S2_N1_T0
15026 21 -3 0 S2_N1_T0
15027 21 -3 0 S2_N1_T0
15028 21 -3 0 S2_N1_T0
15029 21 -3 64.578260696731 S2_N1_T0
15030 21 -3 0 S2_N1_T0
15032 21 -3 1.00939672557196 S2_N1_T0
15033 21 -3 0 S2_N1_T0
15035 21 -3 0 S2_N1_T0
15036 21 -3 4.5383553944859 S2_N1_T0
15037 21 -3 0 S2_N1_T0
15039 21 -3 0 S2_N1_T0
15041 21 -3 16.4017696312532 S2_N1_T0
15023 22 -3 137.582770415713 S2_N1_T0
15024 22 -3 1.28208755001482 S2_N1_T0
15025 22 -3 69.9825942550382 S2_N1_T0
15026 22 -3 0 S2_N1_T0
15027 22 -3 0 S2_N1_T0
15028 22 -3 0 S2_N1_T0
15029 22 -3 96.3300034868156 S2_N1_T0
15030 22 -3 0 S2_N1_T0
15032 22 -3 10.7029483674955 S2_N1_T0
15033 22 -3 3.95551276736522 S2_N1_T0
15035 22 -3 0 S2_N1_T0
15036 22 -3 9.16603887647789 S2_N1_T0
15037 22 -3 0 S2_N1_T0
15039 22 -3 0 S2_N1_T0
15041 22 -3 37.6814409350531 S2_N1_T0
15023 23 -3 190.866364937105 S2_N1_T0
15024 23 -3 2.87151933568426 S2_N1_T0
15025 23 -3 57.6133944249524 S2_N1_T0
15026 23 -3 0 S2_N1_T0
15027 23 -3 0 S2_N1_T0
15028 23 -3 0 S2_N1_T0
15029 23 -3 102.513454070719 S2_N1_T0
15030 23 -3 0 S2_N1_T0
15032 23 -3 0 S2_N1_T0
15033 23 -3 0 S2_N1_T0
15035 23 -3 0 S2_N1_T0
15036 23 -3 37.8394650021868 S2_N1_T0
15037 23 -3 0 S2_N1_T0
15039 23 -3 0 S2_N1_T0
15041 23 -3 37.5448025441922 S2_N1_T0
15023 24 -3 136.4323338466 S2_N1_T0
15024 24 -3 0 S2_N1_T0
15025 24 -3 50.9943269537668 S2_N1_T0
15026 24 -3 0 S2_N1_T0
15027 24 -3 0 S2_N1_T0
15028 24 -3 0 S2_N1_T0
15029 24 -3 81.0103317405069 S2_N1_T0
15030 24 -3 0 S2_N1_T0
15032 24 -3 3.70708200056964 S2_N1_T0
15033 24 -3 0 S2_N1_T0
15035 24 -3 0 S2_N1_T0
15036 24 -3 8.53308542414062 S2_N1_T0
15037 24 -3 0 S2_N1_T0
15039 24 -3 0 S2_N1_T0
15041 24 -3 26.5625426162037 S2_N1_T0
15023 25 -3 104.027750993755 S2_N1_T0
15024 25 -3 0 S2_N1_T0
15025 25 -3 0 S2_N1_T0
15026 25 -3 0 S2_N1_T0
15027 25 -3 0 S2_N1_T0
15028 25 -3 0 S2_N1_T0
15029 25 -3 2.69798306158572 S2_N1_T0
15030 25 -3 0 S2_N1_T0
15032 25 -3 0 S2_N1_T0
15033 25 -3 0 S2_N1_T0
15035 25 -3 0 S2_N1_T0
15036 25 -3 0 S2_N1_T0
15037 25 -3 0 S2_N1_T0
15039 25 -3 0 S2_N1_T0
15041 25 -3 0 S2_N1_T0
15023 26 -3 200.939642298213 S2_N1_T0
15024 26 -3 13.4608572744527 S2_N1_T0
15025 26 -3 110.938943835874 S2_N1_T0
15026 26 -3 0 S2_N1_T0
15027 26 -3 0 S2_N1_T0
15028 26 -3 0 S2_N1_T0
15029 26 -3 145.524174701618 S2_N1_T0
15030 26 -3 3.18889880500207 S2_N1_T0
15032 26 -3 40.0072607286005 S2_N1_T0
15033 26 -3 26.1393883017468 S2_N1_T0
15035 26 -3 0 S2_N1_T0
15036 26 -3 45.5675171135263 S2_N1_T0
15037 26 -3 0 S2_N1_T0
15039 26 -3 0 S2_N1_T0
15041 26 -3 71.2397224661326 S2_N1_T0
15023 27 -3 0 S2_N1_T0
15024 27 -3 0 S2_N1_T0
15025 27 -3 0 S2_N1_T0
15026 27 -3 0 S2_N1_T0
15027 27 -3 0 S2_N1_T0
15028 27 -3 0 S2_N1_T0
15029 27 -3 0 S2_N1_T0
15030 27 -3 0 S2_N1_T0
15032 27 -3 0 S2_N1_T0
15033 27 -3 0 S2_N1_T0
15035 27 -3 0 S2_N1_T0
15036 27 -3 0 S2_N1_T0
15037 27 -3 0 S2_N1_T0
15039 27 -3 0 S2_N1_T0
15041 27 -3 0 S2_N1_T0
15023 28 -3 238.479215654839 S2_N1_T0
15024 28 -3 26.3558799779281 S2_N1_T0
15025 28 -3 137.766468414272 S2_N1_T0
15026 28 -3 0 S2_N1_T0
15027 28 -3 2.5333125551567 S2_N1_T0
15028 28 -3 0 S2_N1_T0
15029 28 -3 177.057315468 S2_N1_T0
15030 28 -3 14.7725535227202 S2_N1_T0
15032 28 -3 57.1091208517306 S2_N1_T0
15033 28 -3 45.1245869291503 S2_N1_T0
15035 28 -3 1.12738814610915 S2_N1_T0
15036 28 -3 66.657005842638 S2_N1_T0
15037 28 -3 0 S2_N1_T0
15039 28 -3 0 S2_N1_T0
15041 28 -3 90.2471653293345 S2_N1_T0
15023 29 -3 46.5258521438913 S2_N1_T0
15024 29 -3 0 S2_N1_T0
15025 29 -3 0 S2_N1_T0
15026 29 -3 0 S2_N1_T0
15027 29 -3 0 S2_N1_T0
15028 29 -3 0 S2_N1_T0
15029 29 -3 1.20345117552446 S2_N1_T0
15030 29 -3 0 S2_N1_T0
15032 29 -3 0 S2_N1_T0
15033 29 -3 0 S2_N1_T0
15035 29 -3 0 S2_N1_T0
15036 29 -3 0 S2_N1_T0
15037 29 -3 0 S2_N1_T0
15039 29 -3 0 S2_N1_T0
15041 29 -3 0 S2_N1_T0
15023 30 -3 112.256735642256 S2_N1_T0
15024 30 -3 0 S2_N1_T0
15025 30 -3 0 S2_N1_T0
15026 30 -3 0 S2_N1_T0
15027 30 -3 0 S2_N1_T0
15028 30 -3 0 S2_N1_T0
15029 30 -3 3.89330148214809 S2_N1_T0
15030 30 -3 0 S2_N1_T0
15032 30 -3 0 S2_N1_T0
15033 30 -3 0 S2_N1_T0
15035 30 -3 0 S2_N1_T0
15036 30 -3 1.05163782782752 S2_N1_T0
15037 30 -3 0 S2_N1_T0
15039 30 -3 0 S2_N1_T0
15041 30 -3 0 S2_N1_T0
15023 31 -3 120.879989366941 S2_N1_T0
15024 31 -3 0 S2_N1_T0
15025 31 -3 0 S2_N1_T0
15026 31 -3 0 S2_N1_T0
15027 31 -3 0 S2_N1_T0
15028 31 -3 0 S2_N1_T0
15029 31 -3 8.248337918358 S2_N1_T0
15030 31 -3 0 S2_N1_T0
15032 31 -3 0 S2_N1_T0
15033 31 -3 0 S2_N1_T0
15035 31 -3 0 S2_N1_T0
15036 31 -3 1.44797062261411 S2_N1_T0
15037 31 -3 0 S2_N1_T0
15039 31 -3 0 S2_N1_T0
15041 31 -3 0 S2_N1_T0
15023 1 -5 0 S2_N1_T0
15024 1 -5 0 S2_N1_T0
15025 1 -5 0 S2_N1_T0
15026 1 -5 0 S2_N1_T0
15027 1 -5 0 S2_N1_T0
15028 1 -5 0 S2_N1_T0
15029 1 -5 0 S2_N1_T0
15030 1 -5 0 S2_N1_T0
15032 1 -5 0 S2_N1_T0
15033 1 -5 0 S2_N1_T0
15035 1 -5 0 S2_N1_T0
15036 1 -5 0 S2_N1_T0
15037 1 -5 0 S2_N1_T0
15039 1 -5 0 S2_N1_T0
15041 1 -5 0 S2_N1_T0
15023 2 -5 0 S2_N1_T0
15024 2 -5 0 S2_N1_T0
15025 2 -5 0 S2_N1_T0
15026 2 -5 0 S2_N1_T0
15027 2 -5 0 S2_N1_T0
15028 2 -5 0 S2_N1_T0
15029 2 -5 0 S2_N1_T0
15030 2 -5 0 S2_N1_T0
15032 2 -5 0 S2_N1_T0
15033 2 -5 0 S2_N1_T0
15035 2 -5 0 S2_N1_T0
15036 2 -5 0 S2_N1_T0
15037 2 -5 0 S2_N1_T0
15039 2 -5 0 S2_N1_T0
15041 2 -5 0 S2_N1_T0
15023 3 -5 0 S2_N1_T0
15024 3 -5 0 S2_N1_T0
15025 3 -5 0 S2_N1_T0
15026 3 -5 0 S2_N1_T0
15027 3 -5 0 S2_N1_T0
15028 3 -5 0 S2_N1_T0
15029 3 -5 0 S2_N1_T0
15030 3 -5 0 S2_N1_T0
15032 3 -5 0 S2_N1_T0
15033 3 -5 0 S2_N1_T0
15035 3 -5 0 S2_N1_T0
15036 3 -5 0 S2_N1_T0
15037 3 -5 0 S2_N1_T0
15039 3 -5 0 S2_N1_T0
15041 3 -5 0 S2_N1_T0
15023 4 -5 0 S2_N1_T0
15024 4 -5 0 S2_N1_T0
15025 4 -5 0 S2_N1_T0
15026 4 -5 0 S2_N1_T0
15027 4 -5 0 S2_N1_T0
15028 4 -5 0 S2_N1_T0
15029 4 -5 0 S2_N1_T0
15030 4 -5 0 S2_N1_T0
15032 4 -5 0 S2_N1_T0
15033 4 -5 0 S2_N1_T0
15035 4 -5 0 S2_N1_T0
15036 4 -5 0 S2_N1_T0
15037 4 -5 0 S2_N1_T0
15039 4 -5 0 S2_N1_T0
15041 4 -5 0 S2_N1_T0
15023 5 -5 0 S2_N1_T0
15024 5 -5 0 S2_N1_T0
15025 5 -5 0 S2_N1_T0
15026 5 -5 0 S2_N1_T0
15027 5 -5 0 S2_N1_T0
15028 5 -5 0 S2_N1_T0
15029 5 -5 0 S2_N1_T0
15030 5 -5 0 S2_N1_T0
15032 5 -5 0 S2_N1_T0
15033 5 -5 0 S2_N1_T0
15035 5 -5 0 S2_N1_T0
15036 5 -5 0 S2_N1_T0
15037 5 -5 0 S2_N1_T0
15039 5 -5 0 S2_N1_T0
15041 5 -5 0 S2_N1_T0
15023 6 -5 151.458750212301 S2_N1_T0
15024 6 -5 0 S2_N1_T0
15025 6 -5 21.1208506269414 S2_N1_T0
15026 6 -5 0 S2_N1_T0
15027 6 -5 0 S2_N1_T0
15028 6 -5 0 S2_N1_T0
15029 6 -5 61.6820973806098 S2_N1_T0
15030 6 -5 0 S2_N1_T0
15032 6 -5 0 S2_N1_T0
15033 6 -5 0 S2_N1_T0
15035 6 -5 0 S2_N1_T0
15036 6 -5 14.4146336042721 S2_N1_T0
15037 6 -5 0 S2_N1_T0
15039 6 -5 0 S2_N1_T0
15041 6 -5 12.5587051872861 S2_N1_T0
15023 7 -5 0 S2_N1_T0
15024 7 -5 0 S2_N1_T0
15025 7 -5 0 S2_N1_T0
15026 7 -5 0 S2_N1_T0
15027 7 -5 0 S2_N1_T0
15028 7 -5 0 S2_N1_T0
15029 7 -5 0 S2_N1_T0
15030 7 -5 0 S2_N1_T0
15032 7 -5 0 S2_N1_T0
15033 7 -5 0 S2_N1_T0
15035 7 -5 0 S2_N1_T0
15036 7 -5 0 S2_N1_T0
15037 7 -5 0 S2_N1_T0
15039 7 -5 0 S2_N1_T0
15041 7 -5 0 S2_N1_T0
15023 8 -5 1.23015743233694 S2_N1_T0
15024 8 -5 0 S2_N1_T0
15025 8 -5 0 S2_N1_T0
15026 8 -5 0 S2_N1_T0
15027 8 -5 0 S2_N1_T0
15028 8 -5 0 S2_N1_T0
15029 8 -5 0 S2_N1_T0
15030 8 -5 0 S2_N1_T0
15032 8 -5 0 S2_N1_T0
15033 8 -5 0 S2_N1_T0
15035 8 -5 0 S2_N1_T0
15036 8 -5 0 S2_N1_T0
15037 8 -5 0 S2_N1_T0
15039 8 -5 0 S2_N1_T0
15041 8 -5 0 S2_N1_T0
15023 9 -5 1.92509520998477 S2_N1_T0
15024 9 -5 0 S2_N1_T0
15025 9 -5 0 S2_N1_T0
15026 9 -5 0 S2_N1_T0
15027 9 -5 0 S2_N1_T0
15028 9 -5 0 S2_N1_T0
15029 9 -5 0 S2_N1_T0
15030 9 -5 0 S2_N1_T0
15032 9 -5 0 S2_N1_T0
15033 9 -5 0 S2_N1_T0
15035 9 -5 0 S2_N1_T0
15036 9 -5 0 S2_N1_T0
15037 9 -5 0 S2_N1_T0
15039 9 -5 0 S2_N1_T0
15041 9 -5 0 S2_N1_T0
15023 10 -5 0 S2_N1_T0
15024 10 -5 0 S2_N1_T0
15025 10 -5 0 S2_N1_T0
15026 10 -5 0 S2_N1_T0
15027 10 -5 0 S2_N1_T0
15028 10 -5 0 S2_N1_T0
15029 10 -5 0 S2_N1_T0
15030 10 -5 0 S2_N1_T0
15032 10 -5 0 S2_N1_T0
15033 10 -5 0 S2_N1_T0
15035 10 -5 0 S2_N1_T0
15036 10 -5 0 S2_N1_T0
15037 10 -5 0 S2_N1_T0
15039 10 -5 0 S2_N1_T0
15041 10 -5 0 S2_N1_T0
15023 11 -5 0 S2_N1_T0
15024 11 -5 0 S2_N1_T0
15025 11 -5 0 S2_N1_T0
15026 11 -5 0 S2_N1_T0
15027 11 -5 0 S2_N1_T0
15028 11 -5 0 S2_N1_T0
15029 11 -5 0 S2_N1_T0
15030 11 -5 0 S2_N1_T0
15032 11 -5 0 S2_N1_T0
15033 11 -5 0 S2_N1_T0
15035 11 -5 0 S2_N1_T0
15036 11 -5 0 S2_N1_T0
15037 11 -5 0 S2_N1_T0
15039 11 -5 0 S2_N1_T0
15041 11 -5 0 S2_N1_T0
15023 12 -5 0 S2_N1_T0
15024 12 -5 0 S2_N1_T0
15025 12 -5 0 S2_N1_T0
15026 12 -5 0 S2_N1_T0
15027 12 -5 0 S2_N1_T0
15028 12 -5 0 S2_N1_T0
15029 12 -5 0 S2_N1_T0
15030 12 -5 0 S2_N1_T0
15032 12 -5 0 S2_N1_T0
15033 12 -5 0 S2_N1_T0
15035 12 -5 0 S2_N1_T0
15036 12 -5 0 S2_N1_T0
15037 12 -5 0 S2_N1_T0
15039 12 -5 0 S2_N1_T0
15041 12 -5 0 S2_N1_T0
15023 13 -5 0 S2_N1_T0
15024 13 -5 0 S2_N1_T0
15025 13 -5 0 S2_N1_T0
15026 13 -5 0 S2_N1_T0
15027 13 -5 0 S2_N1_T0
15028 13 -5 0 S2_N1_T0
15029 13 -5 0 S2_N1_T0
15030 13 -5 0 S2_N1_T0
15032 13 -5 0 S2_N1_T0
15033 13 -5 0 S2_N1_T0
15035 13 -5 0 S2_N1_T0
15036 13 -5 0 S2_N1_T0
15037 13 -5 0 S2_N1_T0
15039 13 -5 0 S2_N1_T0
15041 13 -5 0 S2_N1_T0
15023 14 -5 70.9991255919062 S2_N1_T0
15024 14 -5 0 S2_N1_T0
15025 14 -5 0 S2_N1_T0
15026 14 -5 0 S2_N1_T0
15027 14 -5 0 S2_N1_T0
15028 14 -5 0 S2_N1_T0
15029 14 -5 0 S2_N1_T0
15030 14 -5 0 S2_N1_T0
15032 14 -5 0 S2_N1_T0
15033 14 -5 0 S2_N1_T0
15035 14 -5 0 S2_N1_T0
15036 14 -5 0 S2_N1_T0
15037 14 -5 0 S2_N1_T0
15039 14 -5 0 S2_N1_T0
15041 14 -5 0 S2_N1_T0
15023 15 -5 245.56615118957 S2_N1_T0
15024 15 -5 27.8851648432842 S2_N1_T0
15025 15 -5 127.062644978377 S2_N1_T0
15026 15 -5 0 S2_N1_T0
15027 15 -5 2.91132028880373 S2_N1_T0
15028 15 -5 0 S2_N1_T0
15029 15 -5 171.673978297979 S2_N1_T0
15030 15 -5 20.5396240431601 S2_N1_T0
15032 15 -5 50.8082082754084 S2_N1_T0
15033 15 -5 33.9086735602163 S2_N1_T0
15035 15 -5 1.47921441670291 S2_N1_T0
15036 15 -5 78.0944779419785 S2_N1_T0
15037 15 -5 28.6101431379827 S2_N1_T0
15039 15 -5 0 S2_N1_T0
15041 15 -5 87.143084373964 S2_N1_T0
15023 16 -5 29.0798690833221 S2_N1_T0
15024 16 -5 0 S2_N1_T0
15025 16 -5 2.6764082037933 S2_N1_T0
15026 16 -5 0 S2_N1_T0
15027 16 -5 0 S2_N1_T0
15028 16 -5 0 S2_N1_T0
15029 16 -5 5.82974025186479 S2_N1_T0
15030 16 -5 0 S2_N1_T0
15032 16 -5 0 S2_N1_T0
15033 16 -5 0 S2_N1_T0
15035 16 -5 0 S2_N1_T0
15036 16 -5 0 S2_N1_T0
15037 16 -5 0 S2_N1_T0
15039 16 -5 0 S2_N1_T0
15041 16 -5 0 S2_N1_T0
15023 17 -5 162.541572523842 S2_N1_T0
15024 17 -5 0 S2_N1_T0
15025 17 -5 10.7958930109822 S2_N1_T0
15026 17 -5 0 S2_N1_T0
15027 17 -5 0 S2_N1_T0
15028 17 -5 0 S2_N1_T0
15029 17 -5 54.8213391595625 S2_N1_T0
15030 17 -5 0 S2_N1_T0
15032 17 -5 0 S2_N1_T0
15033 17 -5 0 S2_N1_T0
15035 17 -5 0 S2_N1_T0
15036 17 -5 19.4684711059878 S2_N1_T0
15037 17 -5 0 S2_N1_T0
15039 17 -5 0 S2_N1_T0
15041 17 -5 9.57793802788198 S2_N1_T0
15023 18 -5 0 S2_N1_T0
15024 18 -5 0 S2_N1_T0
15025 18 -5 0 S2_N1_T0
15026 18 -5 0 S2_N1_T0
15027 18 -5 0 S2_N1_T0
15028 18 -5 0 S2_N1_T0
15029 18 -5 0 S2_N1_T0
15030 18 -5 0 S2_N1_T0
15032 18 -5 0 S2_N1_T0
15033 18 -5 0 S2_N1_T0
15035 18 -5 0 S2_N1_T0
15036 18 -5 0 S2_N1_T0
15037 18 -5 0 S2_N1_T0
15039 18 -5 0 S2_N1_T0
15041 18 -5 0 S2_N1_T0
15023 19 -5 0 S2_N1_T0
15024 19 -5 0 S2_N1_T0
15025 19 -5 0 S2_N1_T0
15026 19 -5 0 S2_N1_T0
15027 19 -5 0 S2_N1_T0
15028 19 -5 0 S2_N1_T0
15029 19 -5 0 S2_N1_T0
15030 19 -5 0 S2_N1_T0
15032 19 -5 0 S2_N1_T0
15033 19 -5 0 S2_N1_T0
15035 19 -5 0 S2_N1_T0
15036 19 -5 0 S2_N1_T0
15037 19 -5 0 S2_N1_T0
15039 19 -5 0 S2_N1_T0
15041 19 -5 0 S2_N1_T0
15023 20 -5 142.649579427531 S2_N1_T0
15024 20 -5 1.76671710161589 S2_N1_T0
15025 20 -5 69.3676985608022 S2_N1_T0
15026 20 -5 0 S2_N1_T0
15027 20 -5 0 S2_N1_T0
15028 20 -5 0 S2_N1_T0
15029 20 -5 95.4617024386254 S2_N1_T0
15030 20 -5 3.82820995503075 S2_N1_T0
15032 20 -5 11.4519375599262 S2_N1_T0
15033 20 -5 3.61243065234495 S2_N1_T0
15035 20 -5 0 S2_N1_T0
15036 20 -5 12.1825068144341 S2_N1_T0
15037 20 -5 0 S2_N1_T0
15039 20 -5 0 S2_N1_T0
15041 20 -5 39.2649269667633 S2_N1_T0
15023 21 -5 0 S2_N1_T0
15024 21 -5 0 S2_N1_T0
15025 21 -5 0 S2_N1_T0
15026 21 -5 0 S2_N1_T0
15027 21 -5 0 S2_N1_T0
15028 21 -5 0 S2_N1_T0
15029 21 -5 0 S2_N1_T0
15030 21 -5 0 S2_N1_T0
15032 21 -5 0 S2_N1_T0
15033 21 -5 0 S2_N1_T0
15035 21 -5 0 S2_N1_T0
15036 21 -5 0 S2_N1_T0
15037 21 -5 0 S2_N1_T0
15039 21 -5 0 S2_N1_T0
15041 21 -5 0 S2_N1_T0
15023 22 -5 0 S2_N1_T0
15024 22 -5 0 S2_N1_T0
15025 22 -5 0 S2_N1_T0
15026 22 -5 0 S2_N1_T0
15027 22 -5 0 S2_N1_T0
15028 22 -5 0 S2_N1_T0
15029 22 -5 0 S2_N1_T0
15030 22 -5 0 S2_N1_T0
15032 22 -5 0 S2_N1_T0
15033 22 -5 0 S2_N1_T0
15035 22 -5 0 S2_N1_T0
15036 22 -5 0 S2_N1_T0
15037 22 -5 0 S2_N1_T0
15039 22 -5 0 S2_N1_T0
15041 22 -5 0 S2_N1_T0
15023 23 -5 6.82943503031511 S2_N1_T0
15024 23 -5 0 S2_N1_T0
15025 23 -5 0 S2_N1_T0
15026 23 -5 0 S2_N1_T0
15027 23 -5 0 S2_N1_T0
15028 23 -5 0 S2_N1_T0
15029 23 -5 0 S2_N1_T0
15030 23 -5 0 S2_N1_T0
15032 23 -5 0 S2_N1_T0
15033 23 -5 0 S2_N1_T0
15035 23 -5 0 S2_N1_T0
15036 23 -5 0 S2_N1_T0
15037 23 -5 0 S2_N1_T0
15039 23 -5 0 S2_N1_T0
15041 23 -5 0 S2_N1_T0
15023 24 -5 0 S2_N1_T0
15024 24 -5 0 S2_N1_T0
15025 24 -5 0 S2_N1_T0
15026 24 -5 0 S2_N1_T0
15027 24 -5 0 S2_N1_T0
15028 24 -5 0 S2_N1_T0
15029 24 -5 0 S2_N1_T0
15030 24 -5 0 S2_N1_T0
15032 24 -5 0 S2_N1_T0
15033 24 -5 0 S2_N1_T0
15035 24 -5 0 S2_N1_T0
15036 24 -5 0 S2_N1_T0
15037 24 -5 0 S2_N1_T0
15039 24 -5 0 S2_N1_T0
15041 24 -5 0 S2_N1_T0
15023 25 -5 12.4387181023271 S2_N1_T0
15024 25 -5 0 S2_N1_T0
15025 25 -5 0 S2_N1_T0
15026 25 -5 0 S2_N1_T0
15027 25 -5 0 S2_N1_T0
15028 25 -5 0 S2_N1_T0
15029 25 -5 0 S2_N1_T0
15030 25 -5 0 S2_N1_T0
15032 25 -5 0 S2_N1_T0
15033 25 -5 0 S2_N1_T0
15035 25 -5 0 S2_N1_T0
15036 25 -5 0 S2_N1_T0
15037 25 -5 0 S2_N1_T0
15039 25 -5 0 S2_N1_T0
15041 25 -5 0 S2_N1_T0
15023 26 -5 5.56930364363904 S2_N1_T0
15024 26 -5 0 S2_N1_T0
15025 26 -5 0 S2_N1_T0
15026 26 -5 0 S2_N1_T0
15027 26 -5 0 S2_N1_T0
15028 26 -5 0 S2_N1_T0
15029 26 -5 0 S2_N1_T0
15030 26 -5 0 S2_N1_T0
15032 26 -5 0 S2_N1_T0
15033 26 -5 0 S2_N1_T0
15035 26 -5 0 S2_N1_T0
15036 26 -5 0 S2_N1_T0
15037 26 -5 0 S2_N1_T0
15039 26 -5 0 S2_N1_T0
15041 26 -5 0 S2_N1_T0
15023 27 -5 0 S2_N1_T0
15024 27 -5 0 S2_N1_T0
15025 27 -5 0 S2_N1_T0
15026 27 -5 0 S2_N1_T0
15027 27 -5 0 S2_N1_T0
15028 27 -5 0 S2_N1_T0
15029 27 -5 0 S2_N1_T0
15030 27 -5 0 S2_N1_T0
15032 27 -5 0 S2_N1_T0
15033 27 -5 0 S2_N1_T0
15035 27 -5 0 S2_N1_T0
15036 27 -5 0 S2_N1_T0
15037 27 -5 0 S2_N1_T0
15039 27 -5 0 S2_N1_T0
15041 27 -5 0 S2_N1_T0
15023 28 -5 28.7520305120649 S2_N1_T0
15024 28 -5 0 S2_N1_T0
15025 28 -5 2.81098556393771 S2_N1_T0
15026 28 -5 0 S2_N1_T0
15027 28 -5 0 S2_N1_T0
15028 28 -5 0 S2_N1_T0
15029 28 -5 6.51392004557911 S2_N1_T0
15030 28 -5 0 S2_N1_T0
15032 28 -5 0 S2_N1_T0
15033 28 -5 0 S2_N1_T0
15035 28 -5 0 S2_N1_T0
15036 28 -5 0 S2_N1_T0
15037 28 -5 0 S2_N1_T0
15039 28 -5 0 S2_N1_T0
15041 28 -5 0 S2_N1_T0
15023 29 -5 0 S2_N1_T0
15024 29 -5 0 S2_N1_T0
15025 29 -5 0 S2_N1_T0
15026 29 -5 0 S2_N1_T0
15027 29 -5 0 S2_N1_T0
15028 29 -5 0 S2_N1_T0
15029 29 -5 0 S2_N1_T0
15030 29 -5 0 S2_N1_T0
15032 29 -5 0 S2_N1_T0
15033 29 -5 0 S2_N1_T0
15035 29 -5 0 S2_N1_T0
15036 29 -5 0 S2_N1_T0
15037 29 -5 0 S2_N1_T0
15039 29 -5 0 S2_N1_T0
15041 29 -5 0 S2_N1_T0
15023 30 -5 27.9373087352245 S2_N1_T0
15024 30 -5 0 S2_N1_T0
15025 30 -5 0 S2_N1_T0
15026 30 -5 0 S2_N1_T0
15027 30 -5 0 S2_N1_T0
15028 30 -5 0 S2_N1_T0
15029 30 -5 0 S2_N1_T0
15030 30 -5 0 S2_N1_T0
15032 30 -5 0 S2_N1_T0
15033 30 -5 0 S2_N1_T0
15035 30 -5 0 S2_N1_T0
15036 30 -5 0 S2_N1_T0
15037 30 -5 0 S2_N1_T0
15039 30 -5 0 S2_N1_T0
15041 30 -5 0 S2_N1_T0
15023 31 -5 0 S2_N1_T0
15024 31 -5 0 S2_N1_T0
15025 31 -5 0 S2_N1_T0
15026 31 -5 0 S2_N1_T0
15027 31 -5 0 S2_N1_T0
15028 31 -5 0 S2_N1_T0
15029 31 -5 0 S2_N1_T0
15030 31 -5 0 S2_N1_T0
15032 31 -5 0 S2_N1_T0
15033 31 -5 0 S2_N1_T0
15035 31 -5 0 S2_N1_T0
15036 31 -5 0 S2_N1_T0
15037 31 -5 0 S2_N1_T0
15039 31 -5 0 S2_N1_T0
15041 31 -5 0 S2_N1_T0
