speciesID lakeID variable value scenario
14037 1 -0.5 4.78132584741644 S2_N0_T1
14038 1 -0.5 147.706125877798 S2_N0_T1
14039 1 -0.5 0 S2_N0_T1
14042 1 -0.5 0 S2_N0_T1
14043 1 -0.5 0 S2_N0_T1
14046 1 -0.5 275.59699459701 S2_N0_T1
14047 1 -0.5 0 S2_N0_T1
14049 1 -0.5 0 S2_N0_T1
14053 1 -0.5 143.212501823654 S2_N0_T1
14054 1 -0.5 0 S2_N0_T1
14055 1 -0.5 129.034190164887 S2_N0_T1
14057 1 -0.5 18.7299068689386 S2_N0_T1
14060 1 -0.5 138.900371953826 S2_N0_T1
14061 1 -0.5 0 S2_N0_T1
14062 1 -0.5 161.013479533891 S2_N0_T1
14037 2 -0.5 0 S2_N0_T1
14038 2 -0.5 0 S2_N0_T1
14039 2 -0.5 0 S2_N0_T1
14042 2 -0.5 0 S2_N0_T1
14043 2 -0.5 0 S2_N0_T1
14046 2 -0.5 0 S2_N0_T1
14047 2 -0.5 0 S2_N0_T1
14049 2 -0.5 0 S2_N0_T1
14053 2 -0.5 0 S2_N0_T1
14054 2 -0.5 0 S2_N0_T1
14055 2 -0.5 0 S2_N0_T1
14057 2 -0.5 0 S2_N0_T1
14060 2 -0.5 0 S2_N0_T1
14061 2 -0.5 0 S2_N0_T1
14062 2 -0.5 0 S2_N0_T1
14037 3 -0.5 0 S2_N0_T1
14038 3 -0.5 57.8022015064947 S2_N0_T1
14039 3 -0.5 0 S2_N0_T1
14042 3 -0.5 0 S2_N0_T1
14043 3 -0.5 0 S2_N0_T1
14046 3 -0.5 38.1817712205415 S2_N0_T1
14047 3 -0.5 0 S2_N0_T1
14049 3 -0.5 0 S2_N0_T1
14053 3 -0.5 30.4118346882716 S2_N0_T1
14054 3 -0.5 0 S2_N0_T1
14055 3 -0.5 1.74458908118549 S2_N0_T1
14057 3 -0.5 0 S2_N0_T1
14060 3 -0.5 1.13844650736702 S2_N0_T1
14061 3 -0.5 0 S2_N0_T1
14062 3 -0.5 11.0392725521907 S2_N0_T1
14037 4 -0.5 2.16300981060861 S2_N0_T1
14038 4 -0.5 125.439588591222 S2_N0_T1
14039 4 -0.5 0 S2_N0_T1
14042 4 -0.5 0 S2_N0_T1
14043 4 -0.5 0 S2_N0_T1
14046 4 -0.5 246.004675562593 S2_N0_T1
14047 4 -0.5 0 S2_N0_T1
14049 4 -0.5 0 S2_N0_T1
14053 4 -0.5 120.500816932058 S2_N0_T1
14054 4 -0.5 0 S2_N0_T1
14055 4 -0.5 100.059691636688 S2_N0_T1
14057 4 -0.5 3.25754047290962 S2_N0_T1
14060 4 -0.5 98.4635333509772 S2_N0_T1
14061 4 -0.5 0 S2_N0_T1
14062 4 -0.5 141.289178050429 S2_N0_T1
14037 5 -0.5 0 S2_N0_T1
14038 5 -0.5 0 S2_N0_T1
14039 5 -0.5 0 S2_N0_T1
14042 5 -0.5 0 S2_N0_T1
14043 5 -0.5 0 S2_N0_T1
14046 5 -0.5 0 S2_N0_T1
14047 5 -0.5 0 S2_N0_T1
14049 5 -0.5 0 S2_N0_T1
14053 5 -0.5 0 S2_N0_T1
14054 5 -0.5 0 S2_N0_T1
14055 5 -0.5 0 S2_N0_T1
14057 5 -0.5 0 S2_N0_T1
14060 5 -0.5 0 S2_N0_T1
14061 5 -0.5 0 S2_N0_T1
14062 5 -0.5 0 S2_N0_T1
14037 6 -0.5 5.91426194232925 S2_N0_T1
14038 6 -0.5 128.728007929402 S2_N0_T1
14039 6 -0.5 0 S2_N0_T1
14042 6 -0.5 0 S2_N0_T1
14043 6 -0.5 0 S2_N0_T1
14046 6 -0.5 236.561992939835 S2_N0_T1
14047 6 -0.5 0 S2_N0_T1
14049 6 -0.5 0 S2_N0_T1
14053 6 -0.5 126.180233227834 S2_N0_T1
14054 6 -0.5 0 S2_N0_T1
14055 6 -0.5 97.6664474073144 S2_N0_T1
14057 6 -0.5 6.22818172828637 S2_N0_T1
14060 6 -0.5 94.6523564032531 S2_N0_T1
14061 6 -0.5 0 S2_N0_T1
14062 6 -0.5 149.221349447672 S2_N0_T1
14037 7 -0.5 0 S2_N0_T1
14038 7 -0.5 0 S2_N0_T1
14039 7 -0.5 0 S2_N0_T1
14042 7 -0.5 0 S2_N0_T1
14043 7 -0.5 0 S2_N0_T1
14046 7 -0.5 0 S2_N0_T1
14047 7 -0.5 0 S2_N0_T1
14049 7 -0.5 0 S2_N0_T1
14053 7 -0.5 0 S2_N0_T1
14054 7 -0.5 0 S2_N0_T1
14055 7 -0.5 0 S2_N0_T1
14057 7 -0.5 0 S2_N0_T1
14060 7 -0.5 0 S2_N0_T1
14061 7 -0.5 0 S2_N0_T1
14062 7 -0.5 0 S2_N0_T1
14037 8 -0.5 3.50596477271173 S2_N0_T1
14038 8 -0.5 143.694948999517 S2_N0_T1
14039 8 -0.5 0 S2_N0_T1
14042 8 -0.5 0 S2_N0_T1
14043 8 -0.5 0 S2_N0_T1
14046 8 -0.5 260.553727145988 S2_N0_T1
14047 8 -0.5 0 S2_N0_T1
14049 8 -0.5 0 S2_N0_T1
14053 8 -0.5 135.49386861343 S2_N0_T1
14054 8 -0.5 0 S2_N0_T1
14055 8 -0.5 125.886988179283 S2_N0_T1
14057 8 -0.5 19.0029649540972 S2_N0_T1
14060 8 -0.5 134.643150367417 S2_N0_T1
14061 8 -0.5 0 S2_N0_T1
14062 8 -0.5 155.741806101457 S2_N0_T1
14037 9 -0.5 2.14316185673198 S2_N0_T1
14038 9 -0.5 119.184700922648 S2_N0_T1
14039 9 -0.5 0 S2_N0_T1
14042 9 -0.5 0 S2_N0_T1
14043 9 -0.5 0 S2_N0_T1
14046 9 -0.5 224.997613255593 S2_N0_T1
14047 9 -0.5 0 S2_N0_T1
14049 9 -0.5 0 S2_N0_T1
14053 9 -0.5 113.999836864469 S2_N0_T1
14054 9 -0.5 0 S2_N0_T1
14055 9 -0.5 87.0135934169499 S2_N0_T1
14057 9 -0.5 2.42801525632396 S2_N0_T1
14060 9 -0.5 83.1245127092418 S2_N0_T1
14061 9 -0.5 0 S2_N0_T1
14062 9 -0.5 134.730513695727 S2_N0_T1
14037 10 -0.5 7.90734577037081 S2_N0_T1
14038 10 -0.5 149.293862992992 S2_N0_T1
14039 10 -0.5 0 S2_N0_T1
14042 10 -0.5 0 S2_N0_T1
14043 10 -0.5 0 S2_N0_T1
14046 10 -0.5 277.093397105346 S2_N0_T1
14047 10 -0.5 0 S2_N0_T1
14049 10 -0.5 0 S2_N0_T1
14053 10 -0.5 146.107683794167 S2_N0_T1
14054 10 -0.5 0 S2_N0_T1
14055 10 -0.5 131.115183375815 S2_N0_T1
14057 10 -0.5 20.4489475224975 S2_N0_T1
14060 10 -0.5 137.694113394144 S2_N0_T1
14061 10 -0.5 0 S2_N0_T1
14062 10 -0.5 167.874949584104 S2_N0_T1
14037 11 -0.5 0 S2_N0_T1
14038 11 -0.5 122.008717842428 S2_N0_T1
14039 11 -0.5 0 S2_N0_T1
14042 11 -0.5 0 S2_N0_T1
14043 11 -0.5 0 S2_N0_T1
14046 11 -0.5 241.698143263434 S2_N0_T1
14047 11 -0.5 0 S2_N0_T1
14049 11 -0.5 0 S2_N0_T1
14053 11 -0.5 105.212766469863 S2_N0_T1
14054 11 -0.5 0 S2_N0_T1
14055 11 -0.5 99.9046210615733 S2_N0_T1
14057 11 -0.5 2.68344513203544 S2_N0_T1
14060 11 -0.5 109.279195782317 S2_N0_T1
14061 11 -0.5 0 S2_N0_T1
14062 11 -0.5 115.875541383624 S2_N0_T1
14037 12 -0.5 0 S2_N0_T1
14038 12 -0.5 114.066179895945 S2_N0_T1
14039 12 -0.5 0 S2_N0_T1
14042 12 -0.5 0 S2_N0_T1
14043 12 -0.5 0 S2_N0_T1
14046 12 -0.5 220.366833958979 S2_N0_T1
14047 12 -0.5 0 S2_N0_T1
14049 12 -0.5 0 S2_N0_T1
14053 12 -0.5 90.1198390215354 S2_N0_T1
14054 12 -0.5 0 S2_N0_T1
14055 12 -0.5 91.2813618610545 S2_N0_T1
14057 12 -0.5 2.21698872578556 S2_N0_T1
14060 12 -0.5 102.947711757375 S2_N0_T1
14061 12 -0.5 0 S2_N0_T1
14062 12 -0.5 99.1805525800574 S2_N0_T1
14037 13 -0.5 0 S2_N0_T1
14038 13 -0.5 64.8643229677435 S2_N0_T1
14039 13 -0.5 0 S2_N0_T1
14042 13 -0.5 0 S2_N0_T1
14043 13 -0.5 0 S2_N0_T1
14046 13 -0.5 100.883884121929 S2_N0_T1
14047 13 -0.5 0 S2_N0_T1
14049 13 -0.5 0 S2_N0_T1
14053 13 -0.5 42.0149870405459 S2_N0_T1
14054 13 -0.5 0 S2_N0_T1
14055 13 -0.5 18.9447048323228 S2_N0_T1
14057 13 -0.5 0 S2_N0_T1
14060 13 -0.5 10.9653706786586 S2_N0_T1
14061 13 -0.5 0 S2_N0_T1
14062 13 -0.5 32.4583249324041 S2_N0_T1
14037 14 -0.5 0 S2_N0_T1
14038 14 -0.5 8.56214682253608 S2_N0_T1
14039 14 -0.5 0 S2_N0_T1
14042 14 -0.5 0 S2_N0_T1
14043 14 -0.5 0 S2_N0_T1
14046 14 -0.5 0 S2_N0_T1
14047 14 -0.5 0 S2_N0_T1
14049 14 -0.5 0 S2_N0_T1
14053 14 -0.5 0 S2_N0_T1
14054 14 -0.5 0 S2_N0_T1
14055 14 -0.5 0 S2_N0_T1
14057 14 -0.5 0 S2_N0_T1
14060 14 -0.5 0 S2_N0_T1
14061 14 -0.5 0 S2_N0_T1
14062 14 -0.5 0 S2_N0_T1
14037 15 -0.5 44.1061224237059 S2_N0_T1
14038 15 -0.5 167.209864218614 S2_N0_T1
14039 15 -0.5 0 S2_N0_T1
14042 15 -0.5 0 S2_N0_T1
14043 15 -0.5 0 S2_N0_T1
14046 15 -0.5 301.253729410987 S2_N0_T1
14047 15 -0.5 2.67795298029706 S2_N0_T1
14049 15 -0.5 0 S2_N0_T1
14053 15 -0.5 169.248849695241 S2_N0_T1
14054 15 -0.5 0 S2_N0_T1
14055 15 -0.5 149.955194203846 S2_N0_T1
14057 15 -0.5 41.193989907867 S2_N0_T1
14060 15 -0.5 160.331618711362 S2_N0_T1
14061 15 -0.5 0 S2_N0_T1
14062 15 -0.5 194.628558297095 S2_N0_T1
14037 16 -0.5 8.50275494721248 S2_N0_T1
14038 16 -0.5 155.375070035407 S2_N0_T1
14039 16 -0.5 0 S2_N0_T1
14042 16 -0.5 0 S2_N0_T1
14043 16 -0.5 0 S2_N0_T1
14046 16 -0.5 276.270985128826 S2_N0_T1
14047 16 -0.5 0 S2_N0_T1
14049 16 -0.5 0 S2_N0_T1
14053 16 -0.5 149.09888635469 S2_N0_T1
14054 16 -0.5 0 S2_N0_T1
14055 16 -0.5 137.755420489026 S2_N0_T1
14057 16 -0.5 32.6393305328868 S2_N0_T1
14060 16 -0.5 150.556592582186 S2_N0_T1
14061 16 -0.5 0 S2_N0_T1
14062 16 -0.5 170.149753360998 S2_N0_T1
14037 17 -0.5 0 S2_N0_T1
14038 17 -0.5 95.7448706240906 S2_N0_T1
14039 17 -0.5 0 S2_N0_T1
14042 17 -0.5 0 S2_N0_T1
14043 17 -0.5 0 S2_N0_T1
14046 17 -0.5 154.575874621528 S2_N0_T1
14047 17 -0.5 0 S2_N0_T1
14049 17 -0.5 0 S2_N0_T1
14053 17 -0.5 83.6084540272273 S2_N0_T1
14054 17 -0.5 0 S2_N0_T1
14055 17 -0.5 52.0950402196131 S2_N0_T1
14057 17 -0.5 0 S2_N0_T1
14060 17 -0.5 42.7816517371348 S2_N0_T1
14061 17 -0.5 0 S2_N0_T1
14062 17 -0.5 94.2674436839427 S2_N0_T1
14037 18 -0.5 0 S2_N0_T1
14038 18 -0.5 133.696816722372 S2_N0_T1
14039 18 -0.5 0 S2_N0_T1
14042 18 -0.5 0 S2_N0_T1
14043 18 -0.5 0 S2_N0_T1
14046 18 -0.5 247.659006347009 S2_N0_T1
14047 18 -0.5 0 S2_N0_T1
14049 18 -0.5 0 S2_N0_T1
14053 18 -0.5 119.668489618283 S2_N0_T1
14054 18 -0.5 0 S2_N0_T1
14055 18 -0.5 114.084200355003 S2_N0_T1
14057 18 -0.5 9.75723011195967 S2_N0_T1
14060 18 -0.5 124.679715885362 S2_N0_T1
14061 18 -0.5 0 S2_N0_T1
14062 18 -0.5 134.880986912965 S2_N0_T1
14037 19 -0.5 6.7416441295988 S2_N0_T1
14038 19 -0.5 145.688421605186 S2_N0_T1
14039 19 -0.5 0 S2_N0_T1
14042 19 -0.5 0 S2_N0_T1
14043 19 -0.5 0 S2_N0_T1
14046 19 -0.5 271.955175538415 S2_N0_T1
14047 19 -0.5 0 S2_N0_T1
14049 19 -0.5 0 S2_N0_T1
14053 19 -0.5 142.10026250095 S2_N0_T1
14054 19 -0.5 0 S2_N0_T1
14055 19 -0.5 126.762972989388 S2_N0_T1
14057 19 -0.5 16.9396916005584 S2_N0_T1
14060 19 -0.5 131.628985859433 S2_N0_T1
14061 19 -0.5 0 S2_N0_T1
14062 19 -0.5 164.431476724256 S2_N0_T1
14037 20 -0.5 18.7022554163325 S2_N0_T1
14038 20 -0.5 161.825460840861 S2_N0_T1
14039 20 -0.5 0 S2_N0_T1
14042 20 -0.5 0 S2_N0_T1
14043 20 -0.5 0 S2_N0_T1
14046 20 -0.5 286.710739184424 S2_N0_T1
14047 20 -0.5 1.16805399032134 S2_N0_T1
14049 20 -0.5 0 S2_N0_T1
14053 20 -0.5 158.344946941951 S2_N0_T1
14054 20 -0.5 0 S2_N0_T1
14055 20 -0.5 144.680830904634 S2_N0_T1
14057 20 -0.5 38.8376268496187 S2_N0_T1
14060 20 -0.5 157.629692585572 S2_N0_T1
14061 20 -0.5 0 S2_N0_T1
14062 20 -0.5 181.340342507629 S2_N0_T1
14037 21 -0.5 6.92039396836081 S2_N0_T1
14038 21 -0.5 144.841230321712 S2_N0_T1
14039 21 -0.5 0 S2_N0_T1
14042 21 -0.5 0 S2_N0_T1
14043 21 -0.5 0 S2_N0_T1
14046 21 -0.5 274.396639755686 S2_N0_T1
14047 21 -0.5 0 S2_N0_T1
14049 21 -0.5 0 S2_N0_T1
14053 21 -0.5 142.707921502072 S2_N0_T1
14054 21 -0.5 0 S2_N0_T1
14055 21 -0.5 125.722534012454 S2_N0_T1
14057 21 -0.5 14.5113018329083 S2_N0_T1
14060 21 -0.5 129.674278877862 S2_N0_T1
14061 21 -0.5 0 S2_N0_T1
14062 21 -0.5 164.400273761565 S2_N0_T1
14037 22 -0.5 13.8345842154834 S2_N0_T1
14038 22 -0.5 157.375177230282 S2_N0_T1
14039 22 -0.5 0 S2_N0_T1
14042 22 -0.5 0 S2_N0_T1
14043 22 -0.5 0 S2_N0_T1
14046 22 -0.5 287.868385003961 S2_N0_T1
14047 22 -0.5 0 S2_N0_T1
14049 22 -0.5 0 S2_N0_T1
14053 22 -0.5 156.070498986822 S2_N0_T1
14054 22 -0.5 0 S2_N0_T1
14055 22 -0.5 139.480473918506 S2_N0_T1
14057 22 -0.5 30.4751164411529 S2_N0_T1
14060 22 -0.5 150.813879171928 S2_N0_T1
14061 22 -0.5 0 S2_N0_T1
14062 22 -0.5 176.249978338073 S2_N0_T1
14037 23 -0.5 11.7771542416589 S2_N0_T1
14038 23 -0.5 139.549960082224 S2_N0_T1
14039 23 -0.5 0 S2_N0_T1
14042 23 -0.5 0 S2_N0_T1
14043 23 -0.5 0 S2_N0_T1
14046 23 -0.5 268.031938061351 S2_N0_T1
14047 23 -0.5 0 S2_N0_T1
14049 23 -0.5 0 S2_N0_T1
14053 23 -0.5 141.123261707733 S2_N0_T1
14054 23 -0.5 0 S2_N0_T1
14055 23 -0.5 115.354218972941 S2_N0_T1
14057 23 -0.5 9.94470561740255 S2_N0_T1
14060 23 -0.5 114.443757861043 S2_N0_T1
14061 23 -0.5 0 S2_N0_T1
14062 23 -0.5 165.034010331762 S2_N0_T1
14037 24 -0.5 10.4912300972655 S2_N0_T1
14038 24 -0.5 150.357621156495 S2_N0_T1
14039 24 -0.5 0 S2_N0_T1
14042 24 -0.5 0 S2_N0_T1
14043 24 -0.5 0 S2_N0_T1
14046 24 -0.5 282.051933535592 S2_N0_T1
14047 24 -0.5 0 S2_N0_T1
14049 24 -0.5 0 S2_N0_T1
14053 24 -0.5 149.566007429123 S2_N0_T1
14054 24 -0.5 0 S2_N0_T1
14055 24 -0.5 132.201398759454 S2_N0_T1
14057 24 -0.5 20.0453518463064 S2_N0_T1
14060 24 -0.5 138.130235068398 S2_N0_T1
14061 24 -0.5 0 S2_N0_T1
14062 24 -0.5 171.112225009717 S2_N0_T1
14037 25 -0.5 0 S2_N0_T1
14038 25 -0.5 8.94046357252343 S2_N0_T1
14039 25 -0.5 0 S2_N0_T1
14042 25 -0.5 0 S2_N0_T1
14043 25 -0.5 0 S2_N0_T1
14046 25 -0.5 0 S2_N0_T1
14047 25 -0.5 0 S2_N0_T1
14049 25 -0.5 0 S2_N0_T1
14053 25 -0.5 0 S2_N0_T1
14054 25 -0.5 0 S2_N0_T1
14055 25 -0.5 0 S2_N0_T1
14057 25 -0.5 0 S2_N0_T1
14060 25 -0.5 0 S2_N0_T1
14061 25 -0.5 0 S2_N0_T1
14062 25 -0.5 0 S2_N0_T1
14037 26 -0.5 13.6474541224034 S2_N0_T1
14038 26 -0.5 158.977528873913 S2_N0_T1
14039 26 -0.5 0 S2_N0_T1
14042 26 -0.5 0 S2_N0_T1
14043 26 -0.5 0 S2_N0_T1
14046 26 -0.5 286.569643984768 S2_N0_T1
14047 26 -0.5 0 S2_N0_T1
14049 26 -0.5 0 S2_N0_T1
14053 26 -0.5 155.966933458895 S2_N0_T1
14054 26 -0.5 0 S2_N0_T1
14055 26 -0.5 141.318938102788 S2_N0_T1
14057 26 -0.5 33.8059242235084 S2_N0_T1
14060 26 -0.5 153.34802900585 S2_N0_T1
14061 26 -0.5 0 S2_N0_T1
14062 26 -0.5 177.199507991464 S2_N0_T1
14037 27 -0.5 0 S2_N0_T1
14038 27 -0.5 0 S2_N0_T1
14039 27 -0.5 0 S2_N0_T1
14042 27 -0.5 0 S2_N0_T1
14043 27 -0.5 0 S2_N0_T1
14046 27 -0.5 0 S2_N0_T1
14047 27 -0.5 0 S2_N0_T1
14049 27 -0.5 0 S2_N0_T1
14053 27 -0.5 0 S2_N0_T1
14054 27 -0.5 0 S2_N0_T1
14055 27 -0.5 0 S2_N0_T1
14057 27 -0.5 0 S2_N0_T1
14060 27 -0.5 0 S2_N0_T1
14061 27 -0.5 0 S2_N0_T1
14062 27 -0.5 0 S2_N0_T1
14037 28 -0.5 23.7591676339863 S2_N0_T1
14038 28 -0.5 164.008928321903 S2_N0_T1
14039 28 -0.5 0 S2_N0_T1
14042 28 -0.5 0 S2_N0_T1
14043 28 -0.5 0 S2_N0_T1
14046 28 -0.5 294.843317576709 S2_N0_T1
14047 28 -0.5 1.05764495087313 S2_N0_T1
14049 28 -0.5 0 S2_N0_T1
14053 28 -0.5 163.348191475286 S2_N0_T1
14054 28 -0.5 0 S2_N0_T1
14055 28 -0.5 146.432299641623 S2_N0_T1
14057 28 -0.5 39.2313351671286 S2_N0_T1
14060 28 -0.5 159.632508700618 S2_N0_T1
14061 28 -0.5 0 S2_N0_T1
14062 28 -0.5 185.151474878373 S2_N0_T1
14037 29 -0.5 0 S2_N0_T1
14038 29 -0.5 98.4439628612302 S2_N0_T1
14039 29 -0.5 0 S2_N0_T1
14042 29 -0.5 0 S2_N0_T1
14043 29 -0.5 0 S2_N0_T1
14046 29 -0.5 189.150062673215 S2_N0_T1
14047 29 -0.5 0 S2_N0_T1
14049 29 -0.5 0 S2_N0_T1
14053 29 -0.5 84.1305941655409 S2_N0_T1
14054 29 -0.5 0 S2_N0_T1
14055 29 -0.5 64.6344116024046 S2_N0_T1
14057 29 -0.5 0 S2_N0_T1
14060 29 -0.5 60.7374876319632 S2_N0_T1
14061 29 -0.5 0 S2_N0_T1
14062 29 -0.5 98.6357347166594 S2_N0_T1
14037 30 -0.5 0 S2_N0_T1
14038 30 -0.5 6.62346244414232 S2_N0_T1
14039 30 -0.5 0 S2_N0_T1
14042 30 -0.5 0 S2_N0_T1
14043 30 -0.5 0 S2_N0_T1
14046 30 -0.5 0 S2_N0_T1
14047 30 -0.5 0 S2_N0_T1
14049 30 -0.5 0 S2_N0_T1
14053 30 -0.5 0 S2_N0_T1
14054 30 -0.5 0 S2_N0_T1
14055 30 -0.5 0 S2_N0_T1
14057 30 -0.5 0 S2_N0_T1
14060 30 -0.5 0 S2_N0_T1
14061 30 -0.5 0 S2_N0_T1
14062 30 -0.5 0 S2_N0_T1
14037 31 -0.5 0 S2_N0_T1
14038 31 -0.5 55.3167056944076 S2_N0_T1
14039 31 -0.5 0 S2_N0_T1
14042 31 -0.5 0 S2_N0_T1
14043 31 -0.5 0 S2_N0_T1
14046 31 -0.5 60.5865348645591 S2_N0_T1
14047 31 -0.5 0 S2_N0_T1
14049 31 -0.5 0 S2_N0_T1
14053 31 -0.5 54.2703519139501 S2_N0_T1
14054 31 -0.5 0 S2_N0_T1
14055 31 -0.5 2.22717004044956 S2_N0_T1
14057 31 -0.5 0 S2_N0_T1
14060 31 -0.5 1.06466818139665 S2_N0_T1
14061 31 -0.5 0 S2_N0_T1
14062 31 -0.5 26.8589858812377 S2_N0_T1
14037 1 -1.5 0 S2_N0_T1
14038 1 -1.5 37.4515930559057 S2_N0_T1
14039 1 -1.5 0 S2_N0_T1
14042 1 -1.5 0 S2_N0_T1
14043 1 -1.5 372.51714616509 S2_N0_T1
14046 1 -1.5 33.5478479873049 S2_N0_T1
14047 1 -1.5 0 S2_N0_T1
14049 1 -1.5 0 S2_N0_T1
14053 1 -1.5 8.09320123456104 S2_N0_T1
14054 1 -1.5 0 S2_N0_T1
14055 1 -1.5 1.89662384068637 S2_N0_T1
14057 1 -1.5 0 S2_N0_T1
14060 1 -1.5 15.4907056455117 S2_N0_T1
14061 1 -1.5 14.2385037267967 S2_N0_T1
14062 1 -1.5 4.05763696784011 S2_N0_T1
14037 2 -1.5 0 S2_N0_T1
14038 2 -1.5 0 S2_N0_T1
14039 2 -1.5 0 S2_N0_T1
14042 2 -1.5 0 S2_N0_T1
14043 2 -1.5 0 S2_N0_T1
14046 2 -1.5 0 S2_N0_T1
14047 2 -1.5 0 S2_N0_T1
14049 2 -1.5 0 S2_N0_T1
14053 2 -1.5 0 S2_N0_T1
14054 2 -1.5 0 S2_N0_T1
14055 2 -1.5 0 S2_N0_T1
14057 2 -1.5 0 S2_N0_T1
14060 2 -1.5 0 S2_N0_T1
14061 2 -1.5 0 S2_N0_T1
14062 2 -1.5 0 S2_N0_T1
14037 3 -1.5 0 S2_N0_T1
14038 3 -1.5 17.4508511050822 S2_N0_T1
14039 3 -1.5 0 S2_N0_T1
14042 3 -1.5 0 S2_N0_T1
14043 3 -1.5 244.913706644706 S2_N0_T1
14046 3 -1.5 0 S2_N0_T1
14047 3 -1.5 0 S2_N0_T1
14049 3 -1.5 0 S2_N0_T1
14053 3 -1.5 1.60778282032734 S2_N0_T1
14054 3 -1.5 0 S2_N0_T1
14055 3 -1.5 0 S2_N0_T1
14057 3 -1.5 0 S2_N0_T1
14060 3 -1.5 0 S2_N0_T1
14061 3 -1.5 1.42065946019313 S2_N0_T1
14062 3 -1.5 0 S2_N0_T1
14037 4 -1.5 0 S2_N0_T1
14038 4 -1.5 43.8824459100985 S2_N0_T1
14039 4 -1.5 0 S2_N0_T1
14042 4 -1.5 0 S2_N0_T1
14043 4 -1.5 370.246362152557 S2_N0_T1
14046 4 -1.5 49.8200972106243 S2_N0_T1
14047 4 -1.5 0 S2_N0_T1
14049 4 -1.5 0 S2_N0_T1
14053 4 -1.5 16.3359344191514 S2_N0_T1
14054 4 -1.5 0 S2_N0_T1
14055 4 -1.5 2.31105955966699 S2_N0_T1
14057 4 -1.5 0 S2_N0_T1
14060 4 -1.5 8.19543602950059 S2_N0_T1
14061 4 -1.5 12.1718931610366 S2_N0_T1
14062 4 -1.5 7.95156262469696 S2_N0_T1
14037 5 -1.5 0 S2_N0_T1
14038 5 -1.5 0 S2_N0_T1
14039 5 -1.5 0 S2_N0_T1
14042 5 -1.5 0 S2_N0_T1
14043 5 -1.5 0 S2_N0_T1
14046 5 -1.5 0 S2_N0_T1
14047 5 -1.5 0 S2_N0_T1
14049 5 -1.5 0 S2_N0_T1
14053 5 -1.5 0 S2_N0_T1
14054 5 -1.5 0 S2_N0_T1
14055 5 -1.5 0 S2_N0_T1
14057 5 -1.5 0 S2_N0_T1
14060 5 -1.5 0 S2_N0_T1
14061 5 -1.5 0 S2_N0_T1
14062 5 -1.5 0 S2_N0_T1
14037 6 -1.5 2.65569272105674 S2_N0_T1
14038 6 -1.5 112.48586401353 S2_N0_T1
14039 6 -1.5 28.5746267323975 S2_N0_T1
14042 6 -1.5 0 S2_N0_T1
14043 6 -1.5 498.956154433044 S2_N0_T1
14046 6 -1.5 149.969062428134 S2_N0_T1
14047 6 -1.5 0 S2_N0_T1
14049 6 -1.5 3.48192473593877 S2_N0_T1
14053 6 -1.5 108.720673222965 S2_N0_T1
14054 6 -1.5 0 S2_N0_T1
14055 6 -1.5 50.8958977731547 S2_N0_T1
14057 6 -1.5 0 S2_N0_T1
14060 6 -1.5 59.3253023412867 S2_N0_T1
14061 6 -1.5 90.1582442129676 S2_N0_T1
14062 6 -1.5 100.090162473694 S2_N0_T1
14037 7 -1.5 0 S2_N0_T1
14038 7 -1.5 0 S2_N0_T1
14039 7 -1.5 0 S2_N0_T1
14042 7 -1.5 0 S2_N0_T1
14043 7 -1.5 0 S2_N0_T1
14046 7 -1.5 0 S2_N0_T1
14047 7 -1.5 0 S2_N0_T1
14049 7 -1.5 0 S2_N0_T1
14053 7 -1.5 0 S2_N0_T1
14054 7 -1.5 0 S2_N0_T1
14055 7 -1.5 0 S2_N0_T1
14057 7 -1.5 0 S2_N0_T1
14060 7 -1.5 0 S2_N0_T1
14061 7 -1.5 0 S2_N0_T1
14062 7 -1.5 0 S2_N0_T1
14037 8 -1.5 0 S2_N0_T1
14038 8 -1.5 85.2455952272356 S2_N0_T1
14039 8 -1.5 9.3087617941277 S2_N0_T1
14042 8 -1.5 0 S2_N0_T1
14043 8 -1.5 444.727354264241 S2_N0_T1
14046 8 -1.5 105.129427809391 S2_N0_T1
14047 8 -1.5 0 S2_N0_T1
14049 8 -1.5 0 S2_N0_T1
14053 8 -1.5 63.1717026690026 S2_N0_T1
14054 8 -1.5 0 S2_N0_T1
14055 8 -1.5 30.802378921328 S2_N0_T1
14057 8 -1.5 0 S2_N0_T1
14060 8 -1.5 55.8156186097721 S2_N0_T1
14061 8 -1.5 61.5550009929072 S2_N0_T1
14062 8 -1.5 45.9852831491282 S2_N0_T1
14037 9 -1.5 0 S2_N0_T1
14038 9 -1.5 71.9067367635055 S2_N0_T1
14039 9 -1.5 1.31084167607443 S2_N0_T1
14042 9 -1.5 0 S2_N0_T1
14043 9 -1.5 412.362122483202 S2_N0_T1
14046 9 -1.5 90.6090572995707 S2_N0_T1
14047 9 -1.5 0 S2_N0_T1
14049 9 -1.5 0 S2_N0_T1
14053 9 -1.5 54.4658878344923 S2_N0_T1
14054 9 -1.5 0 S2_N0_T1
14055 9 -1.5 11.1876563429552 S2_N0_T1
14057 9 -1.5 0 S2_N0_T1
14060 9 -1.5 19.6869715243003 S2_N0_T1
14061 9 -1.5 41.0407273029751 S2_N0_T1
14062 9 -1.5 36.8722033568291 S2_N0_T1
14037 10 -1.5 0 S2_N0_T1
14038 10 -1.5 81.9364306252782 S2_N0_T1
14039 10 -1.5 8.13876795830809 S2_N0_T1
14042 10 -1.5 0 S2_N0_T1
14043 10 -1.5 453.938097322798 S2_N0_T1
14046 10 -1.5 105.900245212911 S2_N0_T1
14047 10 -1.5 0 S2_N0_T1
14049 10 -1.5 0 S2_N0_T1
14053 10 -1.5 61.1931045329545 S2_N0_T1
14054 10 -1.5 0 S2_N0_T1
14055 10 -1.5 27.4560865541488 S2_N0_T1
14057 10 -1.5 0 S2_N0_T1
14060 10 -1.5 51.8692848267208 S2_N0_T1
14061 10 -1.5 57.8575637094547 S2_N0_T1
14062 10 -1.5 46.8018003772882 S2_N0_T1
14037 11 -1.5 0 S2_N0_T1
14038 11 -1.5 0 S2_N0_T1
14039 11 -1.5 0 S2_N0_T1
14042 11 -1.5 0 S2_N0_T1
14043 11 -1.5 204.948869653345 S2_N0_T1
14046 11 -1.5 0 S2_N0_T1
14047 11 -1.5 0 S2_N0_T1
14049 11 -1.5 0 S2_N0_T1
14053 11 -1.5 0 S2_N0_T1
14054 11 -1.5 0 S2_N0_T1
14055 11 -1.5 0 S2_N0_T1
14057 11 -1.5 0 S2_N0_T1
14060 11 -1.5 0 S2_N0_T1
14061 11 -1.5 0 S2_N0_T1
14062 11 -1.5 0 S2_N0_T1
14037 12 -1.5 0 S2_N0_T1
14038 12 -1.5 0 S2_N0_T1
14039 12 -1.5 0 S2_N0_T1
14042 12 -1.5 0 S2_N0_T1
14043 12 -1.5 202.169441534448 S2_N0_T1
14046 12 -1.5 0 S2_N0_T1
14047 12 -1.5 0 S2_N0_T1
14049 12 -1.5 0 S2_N0_T1
14053 12 -1.5 0 S2_N0_T1
14054 12 -1.5 0 S2_N0_T1
14055 12 -1.5 0 S2_N0_T1
14057 12 -1.5 0 S2_N0_T1
14060 12 -1.5 0 S2_N0_T1
14061 12 -1.5 0 S2_N0_T1
14062 12 -1.5 0 S2_N0_T1
14037 13 -1.5 0 S2_N0_T1
14038 13 -1.5 33.1099100313517 S2_N0_T1
14039 13 -1.5 0 S2_N0_T1
14042 13 -1.5 0 S2_N0_T1
14043 13 -1.5 271.008071255082 S2_N0_T1
14046 13 -1.5 10.389877532545 S2_N0_T1
14047 13 -1.5 0 S2_N0_T1
14049 13 -1.5 0 S2_N0_T1
14053 13 -1.5 7.85177270211667 S2_N0_T1
14054 13 -1.5 0 S2_N0_T1
14055 13 -1.5 0 S2_N0_T1
14057 13 -1.5 0 S2_N0_T1
14060 13 -1.5 0 S2_N0_T1
14061 13 -1.5 3.69720383595977 S2_N0_T1
14062 13 -1.5 1.49079641130839 S2_N0_T1
14037 14 -1.5 0 S2_N0_T1
14038 14 -1.5 12.9469594903115 S2_N0_T1
14039 14 -1.5 0 S2_N0_T1
14042 14 -1.5 0 S2_N0_T1
14043 14 -1.5 163.931888924399 S2_N0_T1
14046 14 -1.5 0 S2_N0_T1
14047 14 -1.5 0 S2_N0_T1
14049 14 -1.5 0 S2_N0_T1
14053 14 -1.5 0 S2_N0_T1
14054 14 -1.5 0 S2_N0_T1
14055 14 -1.5 0 S2_N0_T1
14057 14 -1.5 0 S2_N0_T1
14060 14 -1.5 0 S2_N0_T1
14061 14 -1.5 2.93662729791821 S2_N0_T1
14062 14 -1.5 0 S2_N0_T1
14037 15 -1.5 26.1479618913076 S2_N0_T1
14038 15 -1.5 153.507798422366 S2_N0_T1
14039 15 -1.5 90.774529180176 S2_N0_T1
14042 15 -1.5 0 S2_N0_T1
14043 15 -1.5 618.64748173477 S2_N0_T1
14046 15 -1.5 210.804341683397 S2_N0_T1
14047 15 -1.5 2.98801014476301 S2_N0_T1
14049 15 -1.5 42.423017947531 S2_N0_T1
14053 15 -1.5 156.414040129678 S2_N0_T1
14054 15 -1.5 0 S2_N0_T1
14055 15 -1.5 96.120739669458 S2_N0_T1
14057 15 -1.5 8.99034996674951 S2_N0_T1
14060 15 -1.5 122.384044201227 S2_N0_T1
14061 15 -1.5 146.856109344729 S2_N0_T1
14062 15 -1.5 146.330496884163 S2_N0_T1
14037 16 -1.5 0 S2_N0_T1
14038 16 -1.5 105.7509982191 S2_N0_T1
14039 16 -1.5 31.1083357651065 S2_N0_T1
14042 16 -1.5 0 S2_N0_T1
14043 16 -1.5 494.28787697081 S2_N0_T1
14046 16 -1.5 133.972589035644 S2_N0_T1
14047 16 -1.5 0 S2_N0_T1
14049 16 -1.5 1.96299597346687 S2_N0_T1
14053 16 -1.5 89.1266625593046 S2_N0_T1
14054 16 -1.5 0 S2_N0_T1
14055 16 -1.5 51.0870206717449 S2_N0_T1
14057 16 -1.5 0 S2_N0_T1
14060 16 -1.5 78.5305108097742 S2_N0_T1
14061 16 -1.5 88.8365652582012 S2_N0_T1
14062 16 -1.5 76.2902458090339 S2_N0_T1
14037 17 -1.5 0 S2_N0_T1
14038 17 -1.5 91.9351860640015 S2_N0_T1
14039 17 -1.5 2.21262679521751 S2_N0_T1
14042 17 -1.5 0 S2_N0_T1
14043 17 -1.5 410.709180131493 S2_N0_T1
14046 17 -1.5 98.4188085745294 S2_N0_T1
14047 17 -1.5 0 S2_N0_T1
14049 17 -1.5 0 S2_N0_T1
14053 17 -1.5 82.1904874934306 S2_N0_T1
14054 17 -1.5 0 S2_N0_T1
14055 17 -1.5 19.3289758013808 S2_N0_T1
14057 17 -1.5 0 S2_N0_T1
14060 17 -1.5 19.8189848558638 S2_N0_T1
14061 17 -1.5 66.1261852167056 S2_N0_T1
14062 17 -1.5 59.0503338532002 S2_N0_T1
14037 18 -1.5 0 S2_N0_T1
14038 18 -1.5 19.5389318812439 S2_N0_T1
14039 18 -1.5 0 S2_N0_T1
14042 18 -1.5 0 S2_N0_T1
14043 18 -1.5 317.830370802907 S2_N0_T1
14046 18 -1.5 8.22645737903412 S2_N0_T1
14047 18 -1.5 0 S2_N0_T1
14049 18 -1.5 0 S2_N0_T1
14053 18 -1.5 1.34020136550784 S2_N0_T1
14054 18 -1.5 0 S2_N0_T1
14055 18 -1.5 0 S2_N0_T1
14057 18 -1.5 0 S2_N0_T1
14060 18 -1.5 4.49006637503811 S2_N0_T1
14061 18 -1.5 2.80399984742776 S2_N0_T1
14062 18 -1.5 0 S2_N0_T1
14037 19 -1.5 0 S2_N0_T1
14038 19 -1.5 83.9614211352151 S2_N0_T1
14039 19 -1.5 8.81204300218042 S2_N0_T1
14042 19 -1.5 0 S2_N0_T1
14043 19 -1.5 454.525368957081 S2_N0_T1
14046 19 -1.5 109.619647640935 S2_N0_T1
14047 19 -1.5 0 S2_N0_T1
14049 19 -1.5 0 S2_N0_T1
14053 19 -1.5 64.6465419901934 S2_N0_T1
14054 19 -1.5 0 S2_N0_T1
14055 19 -1.5 29.1421758422254 S2_N0_T1
14057 19 -1.5 0 S2_N0_T1
14060 19 -1.5 51.3577891491468 S2_N0_T1
14061 19 -1.5 58.702184700037 S2_N0_T1
14062 19 -1.5 50.5921628990829 S2_N0_T1
14037 20 -1.5 4.30372115295007 S2_N0_T1
14038 20 -1.5 133.713388324424 S2_N0_T1
14039 20 -1.5 65.0661259555262 S2_N0_T1
14042 20 -1.5 0 S2_N0_T1
14043 20 -1.5 559.545239031902 S2_N0_T1
14046 20 -1.5 175.722850326028 S2_N0_T1
14047 20 -1.5 0 S2_N0_T1
14049 20 -1.5 16.763994633172 S2_N0_T1
14053 20 -1.5 126.566408392625 S2_N0_T1
14054 20 -1.5 0 S2_N0_T1
14055 20 -1.5 77.9647007436891 S2_N0_T1
14057 20 -1.5 2.91507743153725 S2_N0_T1
14060 20 -1.5 105.308561297632 S2_N0_T1
14061 20 -1.5 122.587532230146 S2_N0_T1
14062 20 -1.5 116.229062412036 S2_N0_T1
14037 21 -1.5 0 S2_N0_T1
14038 21 -1.5 68.9560863805367 S2_N0_T1
14039 21 -1.5 2.82074360921216 S2_N0_T1
14042 21 -1.5 0 S2_N0_T1
14043 21 -1.5 430.184227299623 S2_N0_T1
14046 21 -1.5 88.9247631869391 S2_N0_T1
14047 21 -1.5 0 S2_N0_T1
14049 21 -1.5 0 S2_N0_T1
14053 21 -1.5 45.4778065561794 S2_N0_T1
14054 21 -1.5 0 S2_N0_T1
14055 21 -1.5 15.4407175724496 S2_N0_T1
14057 21 -1.5 0 S2_N0_T1
14060 21 -1.5 37.2866780165393 S2_N0_T1
14061 21 -1.5 42.2218841235048 S2_N0_T1
14062 21 -1.5 30.810126437811 S2_N0_T1
14037 22 -1.5 0 S2_N0_T1
14038 22 -1.5 77.6623035017592 S2_N0_T1
14039 22 -1.5 6.97058938138386 S2_N0_T1
14042 22 -1.5 0 S2_N0_T1
14043 22 -1.5 453.874385819419 S2_N0_T1
14046 22 -1.5 98.5831587731789 S2_N0_T1
14047 22 -1.5 0 S2_N0_T1
14049 22 -1.5 0 S2_N0_T1
14053 22 -1.5 54.6806654338502 S2_N0_T1
14054 22 -1.5 0 S2_N0_T1
14055 22 -1.5 23.7257051536791 S2_N0_T1
14057 22 -1.5 0 S2_N0_T1
14060 22 -1.5 53.1492386523747 S2_N0_T1
14061 22 -1.5 58.6958245657668 S2_N0_T1
14062 22 -1.5 40.6407853558736 S2_N0_T1
14037 23 -1.5 0 S2_N0_T1
14038 23 -1.5 87.5366931374208 S2_N0_T1
14039 23 -1.5 9.96708516381564 S2_N0_T1
14042 23 -1.5 0 S2_N0_T1
14043 23 -1.5 467.223531885083 S2_N0_T1
14046 23 -1.5 121.646697943979 S2_N0_T1
14047 23 -1.5 0 S2_N0_T1
14049 23 -1.5 0 S2_N0_T1
14053 23 -1.5 75.5051173368246 S2_N0_T1
14054 23 -1.5 0 S2_N0_T1
14055 23 -1.5 30.5986783383928 S2_N0_T1
14057 23 -1.5 0 S2_N0_T1
14060 23 -1.5 45.9243540208353 S2_N0_T1
14061 23 -1.5 61.5254570010895 S2_N0_T1
14062 23 -1.5 65.5755369798368 S2_N0_T1
14037 24 -1.5 0 S2_N0_T1
14038 24 -1.5 75.2099726549726 S2_N0_T1
14039 24 -1.5 5.31739596034288 S2_N0_T1
14042 24 -1.5 0 S2_N0_T1
14043 24 -1.5 446.7088241977 S2_N0_T1
14046 24 -1.5 98.2933776166252 S2_N0_T1
14047 24 -1.5 0 S2_N0_T1
14049 24 -1.5 0 S2_N0_T1
14053 24 -1.5 53.5187065601389 S2_N0_T1
14054 24 -1.5 0 S2_N0_T1
14055 24 -1.5 21.3944576254874 S2_N0_T1
14057 24 -1.5 0 S2_N0_T1
14060 24 -1.5 45.9188396512651 S2_N0_T1
14061 24 -1.5 51.0378731725425 S2_N0_T1
14062 24 -1.5 39.6155256072945 S2_N0_T1
14037 25 -1.5 0 S2_N0_T1
14038 25 -1.5 6.6328071529456 S2_N0_T1
14039 25 -1.5 0 S2_N0_T1
14042 25 -1.5 0 S2_N0_T1
14043 25 -1.5 155.169556505338 S2_N0_T1
14046 25 -1.5 0 S2_N0_T1
14047 25 -1.5 0 S2_N0_T1
14049 25 -1.5 0 S2_N0_T1
14053 25 -1.5 0 S2_N0_T1
14054 25 -1.5 0 S2_N0_T1
14055 25 -1.5 0 S2_N0_T1
14057 25 -1.5 0 S2_N0_T1
14060 25 -1.5 0 S2_N0_T1
14061 25 -1.5 1.1902773674928 S2_N0_T1
14062 25 -1.5 0 S2_N0_T1
14037 26 -1.5 0 S2_N0_T1
14038 26 -1.5 98.7420506928554 S2_N0_T1
14039 26 -1.5 24.4334213055445 S2_N0_T1
14042 26 -1.5 0 S2_N0_T1
14043 26 -1.5 490.718036056226 S2_N0_T1
14046 26 -1.5 127.290619149673 S2_N0_T1
14047 26 -1.5 0 S2_N0_T1
14049 26 -1.5 1.16423231454777 S2_N0_T1
14053 26 -1.5 81.5810442217113 S2_N0_T1
14054 26 -1.5 0 S2_N0_T1
14055 26 -1.5 44.2466848127311 S2_N0_T1
14057 26 -1.5 0 S2_N0_T1
14060 26 -1.5 72.1382531376357 S2_N0_T1
14061 26 -1.5 81.345468913886 S2_N0_T1
14062 26 -1.5 69.1722797562359 S2_N0_T1
14037 27 -1.5 0 S2_N0_T1
14038 27 -1.5 0 S2_N0_T1
14039 27 -1.5 0 S2_N0_T1
14042 27 -1.5 0 S2_N0_T1
14043 27 -1.5 0 S2_N0_T1
14046 27 -1.5 0 S2_N0_T1
14047 27 -1.5 0 S2_N0_T1
14049 27 -1.5 0 S2_N0_T1
14053 27 -1.5 0 S2_N0_T1
14054 27 -1.5 0 S2_N0_T1
14055 27 -1.5 0 S2_N0_T1
14057 27 -1.5 0 S2_N0_T1
14060 27 -1.5 0 S2_N0_T1
14061 27 -1.5 0 S2_N0_T1
14062 27 -1.5 0 S2_N0_T1
14037 28 -1.5 1.10146936730431 S2_N0_T1
14038 28 -1.5 109.328266617893 S2_N0_T1
14039 28 -1.5 38.3823874868096 S2_N0_T1
14042 28 -1.5 0 S2_N0_T1
14043 28 -1.5 518.751195921429 S2_N0_T1
14046 28 -1.5 143.988052355778 S2_N0_T1
14047 28 -1.5 0 S2_N0_T1
14049 28 -1.5 2.86839791915752 S2_N0_T1
14053 28 -1.5 96.3693016211204 S2_N0_T1
14054 28 -1.5 0 S2_N0_T1
14055 28 -1.5 55.0031702656662 S2_N0_T1
14057 28 -1.5 0 S2_N0_T1
14060 28 -1.5 83.2039494782576 S2_N0_T1
14061 28 -1.5 95.5395966305232 S2_N0_T1
14062 28 -1.5 86.1791593153522 S2_N0_T1
14037 29 -1.5 0 S2_N0_T1
14038 29 -1.5 27.7269022637672 S2_N0_T1
14039 29 -1.5 0 S2_N0_T1
14042 29 -1.5 0 S2_N0_T1
14043 29 -1.5 308.810940258902 S2_N0_T1
14046 29 -1.5 18.2751929431668 S2_N0_T1
14047 29 -1.5 0 S2_N0_T1
14049 29 -1.5 0 S2_N0_T1
14053 29 -1.5 4.62311369075816 S2_N0_T1
14054 29 -1.5 0 S2_N0_T1
14055 29 -1.5 0 S2_N0_T1
14057 29 -1.5 0 S2_N0_T1
14060 29 -1.5 1.31250772746087 S2_N0_T1
14061 29 -1.5 2.62949760789445 S2_N0_T1
14062 29 -1.5 1.86800764509107 S2_N0_T1
14037 30 -1.5 0 S2_N0_T1
14038 30 -1.5 7.19370153669096 S2_N0_T1
14039 30 -1.5 0 S2_N0_T1
14042 30 -1.5 0 S2_N0_T1
14043 30 -1.5 151.229735085963 S2_N0_T1
14046 30 -1.5 0 S2_N0_T1
14047 30 -1.5 0 S2_N0_T1
14049 30 -1.5 0 S2_N0_T1
14053 30 -1.5 0 S2_N0_T1
14054 30 -1.5 0 S2_N0_T1
14055 30 -1.5 0 S2_N0_T1
14057 30 -1.5 0 S2_N0_T1
14060 30 -1.5 0 S2_N0_T1
14061 30 -1.5 1.28310683888455 S2_N0_T1
14062 30 -1.5 0 S2_N0_T1
14037 31 -1.5 0 S2_N0_T1
14038 31 -1.5 21.7504247164986 S2_N0_T1
14039 31 -1.5 0 S2_N0_T1
14042 31 -1.5 0 S2_N0_T1
14043 31 -1.5 302.921607573596 S2_N0_T1
14046 31 -1.5 1.59345966633559 S2_N0_T1
14047 31 -1.5 0 S2_N0_T1
14049 31 -1.5 0 S2_N0_T1
14053 31 -1.5 11.4184730862707 S2_N0_T1
14054 31 -1.5 0 S2_N0_T1
14055 31 -1.5 0 S2_N0_T1
14057 31 -1.5 0 S2_N0_T1
14060 31 -1.5 0 S2_N0_T1
14061 31 -1.5 5.26407812653197 S2_N0_T1
14062 31 -1.5 0 S2_N0_T1
14037 1 -3 0 S2_N0_T1
14038 1 -3 0 S2_N0_T1
14039 1 -3 0 S2_N0_T1
14042 1 -3 0 S2_N0_T1
14043 1 -3 27.5284730296191 S2_N0_T1
14046 1 -3 0 S2_N0_T1
14047 1 -3 0 S2_N0_T1
14049 1 -3 0 S2_N0_T1
14053 1 -3 0 S2_N0_T1
14054 1 -3 0 S2_N0_T1
14055 1 -3 0 S2_N0_T1
14057 1 -3 0 S2_N0_T1
14060 1 -3 0 S2_N0_T1
14061 1 -3 0 S2_N0_T1
14062 1 -3 0 S2_N0_T1
14037 2 -3 0 S2_N0_T1
14038 2 -3 0 S2_N0_T1
14039 2 -3 0 S2_N0_T1
14042 2 -3 0 S2_N0_T1
14043 2 -3 0 S2_N0_T1
14046 2 -3 0 S2_N0_T1
14047 2 -3 0 S2_N0_T1
14049 2 -3 0 S2_N0_T1
14053 2 -3 0 S2_N0_T1
14054 2 -3 0 S2_N0_T1
14055 2 -3 0 S2_N0_T1
14057 2 -3 0 S2_N0_T1
14060 2 -3 0 S2_N0_T1
14061 2 -3 0 S2_N0_T1
14062 2 -3 0 S2_N0_T1
14037 3 -3 0 S2_N0_T1
14038 3 -3 0 S2_N0_T1
14039 3 -3 0 S2_N0_T1
14042 3 -3 0 S2_N0_T1
14043 3 -3 84.0877661025267 S2_N0_T1
14046 3 -3 0 S2_N0_T1
14047 3 -3 0 S2_N0_T1
14049 3 -3 0 S2_N0_T1
14053 3 -3 0 S2_N0_T1
14054 3 -3 0 S2_N0_T1
14055 3 -3 0 S2_N0_T1
14057 3 -3 0 S2_N0_T1
14060 3 -3 0 S2_N0_T1
14061 3 -3 0 S2_N0_T1
14062 3 -3 0 S2_N0_T1
14037 4 -3 0 S2_N0_T1
14038 4 -3 0 S2_N0_T1
14039 4 -3 0 S2_N0_T1
14042 4 -3 0 S2_N0_T1
14043 4 -3 78.0785616389704 S2_N0_T1
14046 4 -3 0 S2_N0_T1
14047 4 -3 0 S2_N0_T1
14049 4 -3 0 S2_N0_T1
14053 4 -3 0 S2_N0_T1
14054 4 -3 0 S2_N0_T1
14055 4 -3 0 S2_N0_T1
14057 4 -3 0 S2_N0_T1
14060 4 -3 0 S2_N0_T1
14061 4 -3 0 S2_N0_T1
14062 4 -3 0 S2_N0_T1
14037 5 -3 0 S2_N0_T1
14038 5 -3 0 S2_N0_T1
14039 5 -3 0 S2_N0_T1
14042 5 -3 0 S2_N0_T1
14043 5 -3 0 S2_N0_T1
14046 5 -3 0 S2_N0_T1
14047 5 -3 0 S2_N0_T1
14049 5 -3 0 S2_N0_T1
14053 5 -3 0 S2_N0_T1
14054 5 -3 0 S2_N0_T1
14055 5 -3 0 S2_N0_T1
14057 5 -3 0 S2_N0_T1
14060 5 -3 0 S2_N0_T1
14061 5 -3 0 S2_N0_T1
14062 5 -3 0 S2_N0_T1
14037 6 -3 0 S2_N0_T1
14038 6 -3 46.5214216947337 S2_N0_T1
14039 6 -3 2.02724236029908 S2_N0_T1
14042 6 -3 0 S2_N0_T1
14043 6 -3 362.859061301001 S2_N0_T1
14046 6 -3 50.5787045297117 S2_N0_T1
14047 6 -3 0 S2_N0_T1
14049 6 -3 0 S2_N0_T1
14053 6 -3 21.819421342633 S2_N0_T1
14054 6 -3 0 S2_N0_T1
14055 6 -3 2.07076230122998 S2_N0_T1
14057 6 -3 0 S2_N0_T1
14060 6 -3 5.41817306580919 S2_N0_T1
14061 6 -3 27.4384790592841 S2_N0_T1
14062 6 -3 9.77101308739394 S2_N0_T1
14037 7 -3 0 S2_N0_T1
14038 7 -3 0 S2_N0_T1
14039 7 -3 0 S2_N0_T1
14042 7 -3 0 S2_N0_T1
14043 7 -3 0 S2_N0_T1
14046 7 -3 0 S2_N0_T1
14047 7 -3 0 S2_N0_T1
14049 7 -3 0 S2_N0_T1
14053 7 -3 0 S2_N0_T1
14054 7 -3 0 S2_N0_T1
14055 7 -3 0 S2_N0_T1
14057 7 -3 0 S2_N0_T1
14060 7 -3 0 S2_N0_T1
14061 7 -3 0 S2_N0_T1
14062 7 -3 0 S2_N0_T1
14037 8 -3 0 S2_N0_T1
14038 8 -3 0 S2_N0_T1
14039 8 -3 0 S2_N0_T1
14042 8 -3 0 S2_N0_T1
14043 8 -3 189.152492710542 S2_N0_T1
14046 8 -3 0 S2_N0_T1
14047 8 -3 0 S2_N0_T1
14049 8 -3 0 S2_N0_T1
14053 8 -3 0 S2_N0_T1
14054 8 -3 0 S2_N0_T1
14055 8 -3 0 S2_N0_T1
14057 8 -3 0 S2_N0_T1
14060 8 -3 0 S2_N0_T1
14061 8 -3 0 S2_N0_T1
14062 8 -3 0 S2_N0_T1
14037 9 -3 0 S2_N0_T1
14038 9 -3 0 S2_N0_T1
14039 9 -3 0 S2_N0_T1
14042 9 -3 0 S2_N0_T1
14043 9 -3 190.458972989775 S2_N0_T1
14046 9 -3 0 S2_N0_T1
14047 9 -3 0 S2_N0_T1
14049 9 -3 0 S2_N0_T1
14053 9 -3 0 S2_N0_T1
14054 9 -3 0 S2_N0_T1
14055 9 -3 0 S2_N0_T1
14057 9 -3 0 S2_N0_T1
14060 9 -3 0 S2_N0_T1
14061 9 -3 0 S2_N0_T1
14062 9 -3 0 S2_N0_T1
14037 10 -3 0 S2_N0_T1
14038 10 -3 0 S2_N0_T1
14039 10 -3 0 S2_N0_T1
14042 10 -3 0 S2_N0_T1
14043 10 -3 172.962743578825 S2_N0_T1
14046 10 -3 0 S2_N0_T1
14047 10 -3 0 S2_N0_T1
14049 10 -3 0 S2_N0_T1
14053 10 -3 0 S2_N0_T1
14054 10 -3 0 S2_N0_T1
14055 10 -3 0 S2_N0_T1
14057 10 -3 0 S2_N0_T1
14060 10 -3 0 S2_N0_T1
14061 10 -3 0 S2_N0_T1
14062 10 -3 0 S2_N0_T1
14037 11 -3 0 S2_N0_T1
14038 11 -3 0 S2_N0_T1
14039 11 -3 0 S2_N0_T1
14042 11 -3 0 S2_N0_T1
14043 11 -3 0 S2_N0_T1
14046 11 -3 0 S2_N0_T1
14047 11 -3 0 S2_N0_T1
14049 11 -3 0 S2_N0_T1
14053 11 -3 0 S2_N0_T1
14054 11 -3 0 S2_N0_T1
14055 11 -3 0 S2_N0_T1
14057 11 -3 0 S2_N0_T1
14060 11 -3 0 S2_N0_T1
14061 11 -3 0 S2_N0_T1
14062 11 -3 0 S2_N0_T1
14037 12 -3 0 S2_N0_T1
14038 12 -3 0 S2_N0_T1
14039 12 -3 0 S2_N0_T1
14042 12 -3 0 S2_N0_T1
14043 12 -3 0 S2_N0_T1
14046 12 -3 0 S2_N0_T1
14047 12 -3 0 S2_N0_T1
14049 12 -3 0 S2_N0_T1
14053 12 -3 0 S2_N0_T1
14054 12 -3 0 S2_N0_T1
14055 12 -3 0 S2_N0_T1
14057 12 -3 0 S2_N0_T1
14060 12 -3 0 S2_N0_T1
14061 12 -3 0 S2_N0_T1
14062 12 -3 0 S2_N0_T1
14037 13 -3 0 S2_N0_T1
14038 13 -3 0 S2_N0_T1
14039 13 -3 0 S2_N0_T1
14042 13 -3 0 S2_N0_T1
14043 13 -3 125.707076078186 S2_N0_T1
14046 13 -3 0 S2_N0_T1
14047 13 -3 0 S2_N0_T1
14049 13 -3 0 S2_N0_T1
14053 13 -3 0 S2_N0_T1
14054 13 -3 0 S2_N0_T1
14055 13 -3 0 S2_N0_T1
14057 13 -3 0 S2_N0_T1
14060 13 -3 0 S2_N0_T1
14061 13 -3 0 S2_N0_T1
14062 13 -3 0 S2_N0_T1
14037 14 -3 0 S2_N0_T1
14038 14 -3 1.10176171165934 S2_N0_T1
14039 14 -3 0 S2_N0_T1
14042 14 -3 0 S2_N0_T1
14043 14 -3 139.62185930521 S2_N0_T1
14046 14 -3 0 S2_N0_T1
14047 14 -3 0 S2_N0_T1
14049 14 -3 0 S2_N0_T1
14053 14 -3 0 S2_N0_T1
14054 14 -3 0 S2_N0_T1
14055 14 -3 0 S2_N0_T1
14057 14 -3 0 S2_N0_T1
14060 14 -3 0 S2_N0_T1
14061 14 -3 0 S2_N0_T1
14062 14 -3 0 S2_N0_T1
14037 15 -3 0 S2_N0_T1
14038 15 -3 84.3030169470229 S2_N0_T1
14039 15 -3 48.2029699112921 S2_N0_T1
14042 15 -3 0 S2_N0_T1
14043 15 -3 481.380112663578 S2_N0_T1
14046 15 -3 107.452064775362 S2_N0_T1
14047 15 -3 0 S2_N0_T1
14049 15 -3 2.80235914735168 S2_N0_T1
14053 15 -3 68.5783952372622 S2_N0_T1
14054 15 -3 0 S2_N0_T1
14055 15 -3 36.7897707578755 S2_N0_T1
14057 15 -3 0 S2_N0_T1
14060 15 -3 59.9920364897023 S2_N0_T1
14061 15 -3 82.3971080936688 S2_N0_T1
14062 15 -3 62.7629498837536 S2_N0_T1
14037 16 -3 0 S2_N0_T1
14038 16 -3 5.64954737882052 S2_N0_T1
14039 16 -3 0 S2_N0_T1
14042 16 -3 0 S2_N0_T1
14043 16 -3 251.553340828838 S2_N0_T1
14046 16 -3 1.5703814319176 S2_N0_T1
14047 16 -3 0 S2_N0_T1
14049 16 -3 0 S2_N0_T1
14053 16 -3 0 S2_N0_T1
14054 16 -3 0 S2_N0_T1
14055 16 -3 0 S2_N0_T1
14057 16 -3 0 S2_N0_T1
14060 16 -3 0 S2_N0_T1
14061 16 -3 1.31719448403209 S2_N0_T1
14062 16 -3 0 S2_N0_T1
14037 17 -3 0 S2_N0_T1
14038 17 -3 44.4190572708789 S2_N0_T1
14039 17 -3 0 S2_N0_T1
14042 17 -3 0 S2_N0_T1
14043 17 -3 331.577187118866 S2_N0_T1
14046 17 -3 27.6028556535308 S2_N0_T1
14047 17 -3 0 S2_N0_T1
14049 17 -3 0 S2_N0_T1
14053 17 -3 18.5945276512689 S2_N0_T1
14054 17 -3 0 S2_N0_T1
14055 17 -3 0 S2_N0_T1
14057 17 -3 0 S2_N0_T1
14060 17 -3 1.30613825732442 S2_N0_T1
14061 17 -3 23.3142183450653 S2_N0_T1
14062 17 -3 4.57965166565169 S2_N0_T1
14037 18 -3 0 S2_N0_T1
14038 18 -3 0 S2_N0_T1
14039 18 -3 0 S2_N0_T1
14042 18 -3 0 S2_N0_T1
14043 18 -3 2.48140321371029 S2_N0_T1
14046 18 -3 0 S2_N0_T1
14047 18 -3 0 S2_N0_T1
14049 18 -3 0 S2_N0_T1
14053 18 -3 0 S2_N0_T1
14054 18 -3 0 S2_N0_T1
14055 18 -3 0 S2_N0_T1
14057 18 -3 0 S2_N0_T1
14060 18 -3 0 S2_N0_T1
14061 18 -3 0 S2_N0_T1
14062 18 -3 0 S2_N0_T1
14037 19 -3 0 S2_N0_T1
14038 19 -3 0 S2_N0_T1
14039 19 -3 0 S2_N0_T1
14042 19 -3 0 S2_N0_T1
14043 19 -3 186.842878961598 S2_N0_T1
14046 19 -3 0 S2_N0_T1
14047 19 -3 0 S2_N0_T1
14049 19 -3 0 S2_N0_T1
14053 19 -3 0 S2_N0_T1
14054 19 -3 0 S2_N0_T1
14055 19 -3 0 S2_N0_T1
14057 19 -3 0 S2_N0_T1
14060 19 -3 0 S2_N0_T1
14061 19 -3 0 S2_N0_T1
14062 19 -3 0 S2_N0_T1
14037 20 -3 0 S2_N0_T1
14038 20 -3 48.9878330407859 S2_N0_T1
14039 20 -3 6.66649603617898 S2_N0_T1
14042 20 -3 0 S2_N0_T1
14043 20 -3 373.378059398406 S2_N0_T1
14046 20 -3 50.3692564644826 S2_N0_T1
14047 20 -3 0 S2_N0_T1
14049 20 -3 0 S2_N0_T1
14053 20 -3 19.2597531615542 S2_N0_T1
14054 20 -3 0 S2_N0_T1
14055 20 -3 5.25262523116352 S2_N0_T1
14057 20 -3 0 S2_N0_T1
14060 20 -3 25.2063772237256 S2_N0_T1
14061 20 -3 39.1209337108649 S2_N0_T1
14062 20 -3 8.9967201018669 S2_N0_T1
14037 21 -3 0 S2_N0_T1
14038 21 -3 0 S2_N0_T1
14039 21 -3 0 S2_N0_T1
14042 21 -3 0 S2_N0_T1
14043 21 -3 135.284148776578 S2_N0_T1
14046 21 -3 0 S2_N0_T1
14047 21 -3 0 S2_N0_T1
14049 21 -3 0 S2_N0_T1
14053 21 -3 0 S2_N0_T1
14054 21 -3 0 S2_N0_T1
14055 21 -3 0 S2_N0_T1
14057 21 -3 0 S2_N0_T1
14060 21 -3 0 S2_N0_T1
14061 21 -3 0 S2_N0_T1
14062 21 -3 0 S2_N0_T1
14037 22 -3 0 S2_N0_T1
14038 22 -3 0 S2_N0_T1
14039 22 -3 0 S2_N0_T1
14042 22 -3 0 S2_N0_T1
14043 22 -3 145.718994986059 S2_N0_T1
14046 22 -3 0 S2_N0_T1
14047 22 -3 0 S2_N0_T1
14049 22 -3 0 S2_N0_T1
14053 22 -3 0 S2_N0_T1
14054 22 -3 0 S2_N0_T1
14055 22 -3 0 S2_N0_T1
14057 22 -3 0 S2_N0_T1
14060 22 -3 0 S2_N0_T1
14061 22 -3 0 S2_N0_T1
14062 22 -3 0 S2_N0_T1
14037 23 -3 0 S2_N0_T1
14038 23 -3 1.11802617367155 S2_N0_T1
14039 23 -3 0 S2_N0_T1
14042 23 -3 0 S2_N0_T1
14043 23 -3 220.563114001672 S2_N0_T1
14046 23 -3 0 S2_N0_T1
14047 23 -3 0 S2_N0_T1
14049 23 -3 0 S2_N0_T1
14053 23 -3 0 S2_N0_T1
14054 23 -3 0 S2_N0_T1
14055 23 -3 0 S2_N0_T1
14057 23 -3 0 S2_N0_T1
14060 23 -3 0 S2_N0_T1
14061 23 -3 0 S2_N0_T1
14062 23 -3 0 S2_N0_T1
14037 24 -3 0 S2_N0_T1
14038 24 -3 0 S2_N0_T1
14039 24 -3 0 S2_N0_T1
14042 24 -3 0 S2_N0_T1
14043 24 -3 149.257000039033 S2_N0_T1
14046 24 -3 0 S2_N0_T1
14047 24 -3 0 S2_N0_T1
14049 24 -3 0 S2_N0_T1
14053 24 -3 0 S2_N0_T1
14054 24 -3 0 S2_N0_T1
14055 24 -3 0 S2_N0_T1
14057 24 -3 0 S2_N0_T1
14060 24 -3 0 S2_N0_T1
14061 24 -3 0 S2_N0_T1
14062 24 -3 0 S2_N0_T1
14037 25 -3 0 S2_N0_T1
14038 25 -3 0 S2_N0_T1
14039 25 -3 0 S2_N0_T1
14042 25 -3 0 S2_N0_T1
14043 25 -3 106.336149673983 S2_N0_T1
14046 25 -3 0 S2_N0_T1
14047 25 -3 0 S2_N0_T1
14049 25 -3 0 S2_N0_T1
14053 25 -3 0 S2_N0_T1
14054 25 -3 0 S2_N0_T1
14055 25 -3 0 S2_N0_T1
14057 25 -3 0 S2_N0_T1
14060 25 -3 0 S2_N0_T1
14061 25 -3 0 S2_N0_T1
14062 25 -3 0 S2_N0_T1
14037 26 -3 0 S2_N0_T1
14038 26 -3 1.31501153655453 S2_N0_T1
14039 26 -3 0 S2_N0_T1
14042 26 -3 0 S2_N0_T1
14043 26 -3 219.649976099649 S2_N0_T1
14046 26 -3 0 S2_N0_T1
14047 26 -3 0 S2_N0_T1
14049 26 -3 0 S2_N0_T1
14053 26 -3 0 S2_N0_T1
14054 26 -3 0 S2_N0_T1
14055 26 -3 0 S2_N0_T1
14057 26 -3 0 S2_N0_T1
14060 26 -3 0 S2_N0_T1
14061 26 -3 0 S2_N0_T1
14062 26 -3 0 S2_N0_T1
14037 27 -3 0 S2_N0_T1
14038 27 -3 0 S2_N0_T1
14039 27 -3 0 S2_N0_T1
14042 27 -3 0 S2_N0_T1
14043 27 -3 0 S2_N0_T1
14046 27 -3 0 S2_N0_T1
14047 27 -3 0 S2_N0_T1
14049 27 -3 0 S2_N0_T1
14053 27 -3 0 S2_N0_T1
14054 27 -3 0 S2_N0_T1
14055 27 -3 0 S2_N0_T1
14057 27 -3 0 S2_N0_T1
14060 27 -3 0 S2_N0_T1
14061 27 -3 0 S2_N0_T1
14062 27 -3 0 S2_N0_T1
14037 28 -3 0 S2_N0_T1
14038 28 -3 5.34233217498913 S2_N0_T1
14039 28 -3 0 S2_N0_T1
14042 28 -3 0 S2_N0_T1
14043 28 -3 256.672505690352 S2_N0_T1
14046 28 -3 1.74506399226872 S2_N0_T1
14047 28 -3 0 S2_N0_T1
14049 28 -3 0 S2_N0_T1
14053 28 -3 0 S2_N0_T1
14054 28 -3 0 S2_N0_T1
14055 28 -3 0 S2_N0_T1
14057 28 -3 0 S2_N0_T1
14060 28 -3 0 S2_N0_T1
14061 28 -3 1.32417559505668 S2_N0_T1
14062 28 -3 0 S2_N0_T1
14037 29 -3 0 S2_N0_T1
14038 29 -3 0 S2_N0_T1
14039 29 -3 0 S2_N0_T1
14042 29 -3 0 S2_N0_T1
14043 29 -3 56.9100571884468 S2_N0_T1
14046 29 -3 0 S2_N0_T1
14047 29 -3 0 S2_N0_T1
14049 29 -3 0 S2_N0_T1
14053 29 -3 0 S2_N0_T1
14054 29 -3 0 S2_N0_T1
14055 29 -3 0 S2_N0_T1
14057 29 -3 0 S2_N0_T1
14060 29 -3 0 S2_N0_T1
14061 29 -3 0 S2_N0_T1
14062 29 -3 0 S2_N0_T1
14037 30 -3 0 S2_N0_T1
14038 30 -3 0 S2_N0_T1
14039 30 -3 0 S2_N0_T1
14042 30 -3 0 S2_N0_T1
14043 30 -3 114.437817007151 S2_N0_T1
14046 30 -3 0 S2_N0_T1
14047 30 -3 0 S2_N0_T1
14049 30 -3 0 S2_N0_T1
14053 30 -3 0 S2_N0_T1
14054 30 -3 0 S2_N0_T1
14055 30 -3 0 S2_N0_T1
14057 30 -3 0 S2_N0_T1
14060 30 -3 0 S2_N0_T1
14061 30 -3 0 S2_N0_T1
14062 30 -3 0 S2_N0_T1
14037 31 -3 0 S2_N0_T1
14038 31 -3 0 S2_N0_T1
14039 31 -3 0 S2_N0_T1
14042 31 -3 0 S2_N0_T1
14043 31 -3 139.829496840287 S2_N0_T1
14046 31 -3 0 S2_N0_T1
14047 31 -3 0 S2_N0_T1
14049 31 -3 0 S2_N0_T1
14053 31 -3 0 S2_N0_T1
14054 31 -3 0 S2_N0_T1
14055 31 -3 0 S2_N0_T1
14057 31 -3 0 S2_N0_T1
14060 31 -3 0 S2_N0_T1
14061 31 -3 0 S2_N0_T1
14062 31 -3 0 S2_N0_T1
14037 1 -5 0 S2_N0_T1
14038 1 -5 0 S2_N0_T1
14039 1 -5 0 S2_N0_T1
14042 1 -5 0 S2_N0_T1
14043 1 -5 0 S2_N0_T1
14046 1 -5 0 S2_N0_T1
14047 1 -5 0 S2_N0_T1
14049 1 -5 0 S2_N0_T1
14053 1 -5 0 S2_N0_T1
14054 1 -5 0 S2_N0_T1
14055 1 -5 0 S2_N0_T1
14057 1 -5 0 S2_N0_T1
14060 1 -5 0 S2_N0_T1
14061 1 -5 0 S2_N0_T1
14062 1 -5 0 S2_N0_T1
14037 2 -5 0 S2_N0_T1
14038 2 -5 0 S2_N0_T1
14039 2 -5 0 S2_N0_T1
14042 2 -5 0 S2_N0_T1
14043 2 -5 0 S2_N0_T1
14046 2 -5 0 S2_N0_T1
14047 2 -5 0 S2_N0_T1
14049 2 -5 0 S2_N0_T1
14053 2 -5 0 S2_N0_T1
14054 2 -5 0 S2_N0_T1
14055 2 -5 0 S2_N0_T1
14057 2 -5 0 S2_N0_T1
14060 2 -5 0 S2_N0_T1
14061 2 -5 0 S2_N0_T1
14062 2 -5 0 S2_N0_T1
14037 3 -5 0 S2_N0_T1
14038 3 -5 0 S2_N0_T1
14039 3 -5 0 S2_N0_T1
14042 3 -5 0 S2_N0_T1
14043 3 -5 0 S2_N0_T1
14046 3 -5 0 S2_N0_T1
14047 3 -5 0 S2_N0_T1
14049 3 -5 0 S2_N0_T1
14053 3 -5 0 S2_N0_T1
14054 3 -5 0 S2_N0_T1
14055 3 -5 0 S2_N0_T1
14057 3 -5 0 S2_N0_T1
14060 3 -5 0 S2_N0_T1
14061 3 -5 0 S2_N0_T1
14062 3 -5 0 S2_N0_T1
14037 4 -5 0 S2_N0_T1
14038 4 -5 0 S2_N0_T1
14039 4 -5 0 S2_N0_T1
14042 4 -5 0 S2_N0_T1
14043 4 -5 0 S2_N0_T1
14046 4 -5 0 S2_N0_T1
14047 4 -5 0 S2_N0_T1
14049 4 -5 0 S2_N0_T1
14053 4 -5 0 S2_N0_T1
14054 4 -5 0 S2_N0_T1
14055 4 -5 0 S2_N0_T1
14057 4 -5 0 S2_N0_T1
14060 4 -5 0 S2_N0_T1
14061 4 -5 0 S2_N0_T1
14062 4 -5 0 S2_N0_T1
14037 5 -5 0 S2_N0_T1
14038 5 -5 0 S2_N0_T1
14039 5 -5 0 S2_N0_T1
14042 5 -5 0 S2_N0_T1
14043 5 -5 0 S2_N0_T1
14046 5 -5 0 S2_N0_T1
14047 5 -5 0 S2_N0_T1
14049 5 -5 0 S2_N0_T1
14053 5 -5 0 S2_N0_T1
14054 5 -5 0 S2_N0_T1
14055 5 -5 0 S2_N0_T1
14057 5 -5 0 S2_N0_T1
14060 5 -5 0 S2_N0_T1
14061 5 -5 0 S2_N0_T1
14062 5 -5 0 S2_N0_T1
14037 6 -5 0 S2_N0_T1
14038 6 -5 0 S2_N0_T1
14039 6 -5 0 S2_N0_T1
14042 6 -5 0 S2_N0_T1
14043 6 -5 165.545414663153 S2_N0_T1
14046 6 -5 0 S2_N0_T1
14047 6 -5 0 S2_N0_T1
14049 6 -5 0 S2_N0_T1
14053 6 -5 0 S2_N0_T1
14054 6 -5 0 S2_N0_T1
14055 6 -5 0 S2_N0_T1
14057 6 -5 0 S2_N0_T1
14060 6 -5 0 S2_N0_T1
14061 6 -5 0 S2_N0_T1
14062 6 -5 0 S2_N0_T1
14037 7 -5 0 S2_N0_T1
14038 7 -5 0 S2_N0_T1
14039 7 -5 0 S2_N0_T1
14042 7 -5 0 S2_N0_T1
14043 7 -5 0 S2_N0_T1
14046 7 -5 0 S2_N0_T1
14047 7 -5 0 S2_N0_T1
14049 7 -5 0 S2_N0_T1
14053 7 -5 0 S2_N0_T1
14054 7 -5 0 S2_N0_T1
14055 7 -5 0 S2_N0_T1
14057 7 -5 0 S2_N0_T1
14060 7 -5 0 S2_N0_T1
14061 7 -5 0 S2_N0_T1
14062 7 -5 0 S2_N0_T1
14037 8 -5 0 S2_N0_T1
14038 8 -5 0 S2_N0_T1
14039 8 -5 0 S2_N0_T1
14042 8 -5 0 S2_N0_T1
14043 8 -5 0 S2_N0_T1
14046 8 -5 0 S2_N0_T1
14047 8 -5 0 S2_N0_T1
14049 8 -5 0 S2_N0_T1
14053 8 -5 0 S2_N0_T1
14054 8 -5 0 S2_N0_T1
14055 8 -5 0 S2_N0_T1
14057 8 -5 0 S2_N0_T1
14060 8 -5 0 S2_N0_T1
14061 8 -5 0 S2_N0_T1
14062 8 -5 0 S2_N0_T1
14037 9 -5 0 S2_N0_T1
14038 9 -5 0 S2_N0_T1
14039 9 -5 0 S2_N0_T1
14042 9 -5 0 S2_N0_T1
14043 9 -5 1.43454681814032 S2_N0_T1
14046 9 -5 0 S2_N0_T1
14047 9 -5 0 S2_N0_T1
14049 9 -5 0 S2_N0_T1
14053 9 -5 0 S2_N0_T1
14054 9 -5 0 S2_N0_T1
14055 9 -5 0 S2_N0_T1
14057 9 -5 0 S2_N0_T1
14060 9 -5 0 S2_N0_T1
14061 9 -5 0 S2_N0_T1
14062 9 -5 0 S2_N0_T1
14037 10 -5 0 S2_N0_T1
14038 10 -5 0 S2_N0_T1
14039 10 -5 0 S2_N0_T1
14042 10 -5 0 S2_N0_T1
14043 10 -5 0 S2_N0_T1
14046 10 -5 0 S2_N0_T1
14047 10 -5 0 S2_N0_T1
14049 10 -5 0 S2_N0_T1
14053 10 -5 0 S2_N0_T1
14054 10 -5 0 S2_N0_T1
14055 10 -5 0 S2_N0_T1
14057 10 -5 0 S2_N0_T1
14060 10 -5 0 S2_N0_T1
14061 10 -5 0 S2_N0_T1
14062 10 -5 0 S2_N0_T1
14037 11 -5 0 S2_N0_T1
14038 11 -5 0 S2_N0_T1
14039 11 -5 0 S2_N0_T1
14042 11 -5 0 S2_N0_T1
14043 11 -5 0 S2_N0_T1
14046 11 -5 0 S2_N0_T1
14047 11 -5 0 S2_N0_T1
14049 11 -5 0 S2_N0_T1
14053 11 -5 0 S2_N0_T1
14054 11 -5 0 S2_N0_T1
14055 11 -5 0 S2_N0_T1
14057 11 -5 0 S2_N0_T1
14060 11 -5 0 S2_N0_T1
14061 11 -5 0 S2_N0_T1
14062 11 -5 0 S2_N0_T1
14037 12 -5 0 S2_N0_T1
14038 12 -5 0 S2_N0_T1
14039 12 -5 0 S2_N0_T1
14042 12 -5 0 S2_N0_T1
14043 12 -5 0 S2_N0_T1
14046 12 -5 0 S2_N0_T1
14047 12 -5 0 S2_N0_T1
14049 12 -5 0 S2_N0_T1
14053 12 -5 0 S2_N0_T1
14054 12 -5 0 S2_N0_T1
14055 12 -5 0 S2_N0_T1
14057 12 -5 0 S2_N0_T1
14060 12 -5 0 S2_N0_T1
14061 12 -5 0 S2_N0_T1
14062 12 -5 0 S2_N0_T1
14037 13 -5 0 S2_N0_T1
14038 13 -5 0 S2_N0_T1
14039 13 -5 0 S2_N0_T1
14042 13 -5 0 S2_N0_T1
14043 13 -5 0 S2_N0_T1
14046 13 -5 0 S2_N0_T1
14047 13 -5 0 S2_N0_T1
14049 13 -5 0 S2_N0_T1
14053 13 -5 0 S2_N0_T1
14054 13 -5 0 S2_N0_T1
14055 13 -5 0 S2_N0_T1
14057 13 -5 0 S2_N0_T1
14060 13 -5 0 S2_N0_T1
14061 13 -5 0 S2_N0_T1
14062 13 -5 0 S2_N0_T1
14037 14 -5 0 S2_N0_T1
14038 14 -5 0 S2_N0_T1
14039 14 -5 0 S2_N0_T1
14042 14 -5 0 S2_N0_T1
14043 14 -5 76.0086975520752 S2_N0_T1
14046 14 -5 0 S2_N0_T1
14047 14 -5 0 S2_N0_T1
14049 14 -5 0 S2_N0_T1
14053 14 -5 0 S2_N0_T1
14054 14 -5 0 S2_N0_T1
14055 14 -5 0 S2_N0_T1
14057 14 -5 0 S2_N0_T1
14060 14 -5 0 S2_N0_T1
14061 14 -5 0 S2_N0_T1
14062 14 -5 0 S2_N0_T1
14037 15 -5 0 S2_N0_T1
14038 15 -5 12.8289325064944 S2_N0_T1
14039 15 -5 0 S2_N0_T1
14042 15 -5 0 S2_N0_T1
14043 15 -5 259.967565648353 S2_N0_T1
14046 15 -5 6.16956294311955 S2_N0_T1
14047 15 -5 0 S2_N0_T1
14049 15 -5 0 S2_N0_T1
14053 15 -5 0 S2_N0_T1
14054 15 -5 0 S2_N0_T1
14055 15 -5 0 S2_N0_T1
14057 15 -5 0 S2_N0_T1
14060 15 -5 1.84088253227417 S2_N0_T1
14061 15 -5 3.27501985137523 S2_N0_T1
14062 15 -5 0 S2_N0_T1
14037 16 -5 0 S2_N0_T1
14038 16 -5 0 S2_N0_T1
14039 16 -5 0 S2_N0_T1
14042 16 -5 0 S2_N0_T1
14043 16 -5 20.67611942598 S2_N0_T1
14046 16 -5 0 S2_N0_T1
14047 16 -5 0 S2_N0_T1
14049 16 -5 0 S2_N0_T1
14053 16 -5 0 S2_N0_T1
14054 16 -5 0 S2_N0_T1
14055 16 -5 0 S2_N0_T1
14057 16 -5 0 S2_N0_T1
14060 16 -5 0 S2_N0_T1
14061 16 -5 0 S2_N0_T1
14062 16 -5 0 S2_N0_T1
14037 17 -5 0 S2_N0_T1
14038 17 -5 1.31930900379831 S2_N0_T1
14039 17 -5 0 S2_N0_T1
14042 17 -5 0 S2_N0_T1
14043 17 -5 184.948400100822 S2_N0_T1
14046 17 -5 0 S2_N0_T1
14047 17 -5 0 S2_N0_T1
14049 17 -5 0 S2_N0_T1
14053 17 -5 0 S2_N0_T1
14054 17 -5 0 S2_N0_T1
14055 17 -5 0 S2_N0_T1
14057 17 -5 0 S2_N0_T1
14060 17 -5 0 S2_N0_T1
14061 17 -5 0 S2_N0_T1
14062 17 -5 0 S2_N0_T1
14037 18 -5 0 S2_N0_T1
14038 18 -5 0 S2_N0_T1
14039 18 -5 0 S2_N0_T1
14042 18 -5 0 S2_N0_T1
14043 18 -5 0 S2_N0_T1
14046 18 -5 0 S2_N0_T1
14047 18 -5 0 S2_N0_T1
14049 18 -5 0 S2_N0_T1
14053 18 -5 0 S2_N0_T1
14054 18 -5 0 S2_N0_T1
14055 18 -5 0 S2_N0_T1
14057 18 -5 0 S2_N0_T1
14060 18 -5 0 S2_N0_T1
14061 18 -5 0 S2_N0_T1
14062 18 -5 0 S2_N0_T1
14037 19 -5 0 S2_N0_T1
14038 19 -5 0 S2_N0_T1
14039 19 -5 0 S2_N0_T1
14042 19 -5 0 S2_N0_T1
14043 19 -5 0 S2_N0_T1
14046 19 -5 0 S2_N0_T1
14047 19 -5 0 S2_N0_T1
14049 19 -5 0 S2_N0_T1
14053 19 -5 0 S2_N0_T1
14054 19 -5 0 S2_N0_T1
14055 19 -5 0 S2_N0_T1
14057 19 -5 0 S2_N0_T1
14060 19 -5 0 S2_N0_T1
14061 19 -5 0 S2_N0_T1
14062 19 -5 0 S2_N0_T1
14037 20 -5 0 S2_N0_T1
14038 20 -5 0 S2_N0_T1
14039 20 -5 0 S2_N0_T1
14042 20 -5 0 S2_N0_T1
14043 20 -5 140.388989818743 S2_N0_T1
14046 20 -5 0 S2_N0_T1
14047 20 -5 0 S2_N0_T1
14049 20 -5 0 S2_N0_T1
14053 20 -5 0 S2_N0_T1
14054 20 -5 0 S2_N0_T1
14055 20 -5 0 S2_N0_T1
14057 20 -5 0 S2_N0_T1
14060 20 -5 0 S2_N0_T1
14061 20 -5 0 S2_N0_T1
14062 20 -5 0 S2_N0_T1
14037 21 -5 0 S2_N0_T1
14038 21 -5 0 S2_N0_T1
14039 21 -5 0 S2_N0_T1
14042 21 -5 0 S2_N0_T1
14043 21 -5 0 S2_N0_T1
14046 21 -5 0 S2_N0_T1
14047 21 -5 0 S2_N0_T1
14049 21 -5 0 S2_N0_T1
14053 21 -5 0 S2_N0_T1
14054 21 -5 0 S2_N0_T1
14055 21 -5 0 S2_N0_T1
14057 21 -5 0 S2_N0_T1
14060 21 -5 0 S2_N0_T1
14061 21 -5 0 S2_N0_T1
14062 21 -5 0 S2_N0_T1
14037 22 -5 0 S2_N0_T1
14038 22 -5 0 S2_N0_T1
14039 22 -5 0 S2_N0_T1
14042 22 -5 0 S2_N0_T1
14043 22 -5 0 S2_N0_T1
14046 22 -5 0 S2_N0_T1
14047 22 -5 0 S2_N0_T1
14049 22 -5 0 S2_N0_T1
14053 22 -5 0 S2_N0_T1
14054 22 -5 0 S2_N0_T1
14055 22 -5 0 S2_N0_T1
14057 22 -5 0 S2_N0_T1
14060 22 -5 0 S2_N0_T1
14061 22 -5 0 S2_N0_T1
14062 22 -5 0 S2_N0_T1
14037 23 -5 0 S2_N0_T1
14038 23 -5 0 S2_N0_T1
14039 23 -5 0 S2_N0_T1
14042 23 -5 0 S2_N0_T1
14043 23 -5 4.2381865246686 S2_N0_T1
14046 23 -5 0 S2_N0_T1
14047 23 -5 0 S2_N0_T1
14049 23 -5 0 S2_N0_T1
14053 23 -5 0 S2_N0_T1
14054 23 -5 0 S2_N0_T1
14055 23 -5 0 S2_N0_T1
14057 23 -5 0 S2_N0_T1
14060 23 -5 0 S2_N0_T1
14061 23 -5 0 S2_N0_T1
14062 23 -5 0 S2_N0_T1
14037 24 -5 0 S2_N0_T1
14038 24 -5 0 S2_N0_T1
14039 24 -5 0 S2_N0_T1
14042 24 -5 0 S2_N0_T1
14043 24 -5 0 S2_N0_T1
14046 24 -5 0 S2_N0_T1
14047 24 -5 0 S2_N0_T1
14049 24 -5 0 S2_N0_T1
14053 24 -5 0 S2_N0_T1
14054 24 -5 0 S2_N0_T1
14055 24 -5 0 S2_N0_T1
14057 24 -5 0 S2_N0_T1
14060 24 -5 0 S2_N0_T1
14061 24 -5 0 S2_N0_T1
14062 24 -5 0 S2_N0_T1
14037 25 -5 0 S2_N0_T1
14038 25 -5 0 S2_N0_T1
14039 25 -5 0 S2_N0_T1
14042 25 -5 0 S2_N0_T1
14043 25 -5 20.9260931060749 S2_N0_T1
14046 25 -5 0 S2_N0_T1
14047 25 -5 0 S2_N0_T1
14049 25 -5 0 S2_N0_T1
14053 25 -5 0 S2_N0_T1
14054 25 -5 0 S2_N0_T1
14055 25 -5 0 S2_N0_T1
14057 25 -5 0 S2_N0_T1
14060 25 -5 0 S2_N0_T1
14061 25 -5 0 S2_N0_T1
14062 25 -5 0 S2_N0_T1
14037 26 -5 0 S2_N0_T1
14038 26 -5 0 S2_N0_T1
14039 26 -5 0 S2_N0_T1
14042 26 -5 0 S2_N0_T1
14043 26 -5 1.66967274482653 S2_N0_T1
14046 26 -5 0 S2_N0_T1
14047 26 -5 0 S2_N0_T1
14049 26 -5 0 S2_N0_T1
14053 26 -5 0 S2_N0_T1
14054 26 -5 0 S2_N0_T1
14055 26 -5 0 S2_N0_T1
14057 26 -5 0 S2_N0_T1
14060 26 -5 0 S2_N0_T1
14061 26 -5 0 S2_N0_T1
14062 26 -5 0 S2_N0_T1
14037 27 -5 0 S2_N0_T1
14038 27 -5 0 S2_N0_T1
14039 27 -5 0 S2_N0_T1
14042 27 -5 0 S2_N0_T1
14043 27 -5 0 S2_N0_T1
14046 27 -5 0 S2_N0_T1
14047 27 -5 0 S2_N0_T1
14049 27 -5 0 S2_N0_T1
14053 27 -5 0 S2_N0_T1
14054 27 -5 0 S2_N0_T1
14055 27 -5 0 S2_N0_T1
14057 27 -5 0 S2_N0_T1
14060 27 -5 0 S2_N0_T1
14061 27 -5 0 S2_N0_T1
14062 27 -5 0 S2_N0_T1
14037 28 -5 0 S2_N0_T1
14038 28 -5 0 S2_N0_T1
14039 28 -5 0 S2_N0_T1
14042 28 -5 0 S2_N0_T1
14043 28 -5 17.2873661672057 S2_N0_T1
14046 28 -5 0 S2_N0_T1
14047 28 -5 0 S2_N0_T1
14049 28 -5 0 S2_N0_T1
14053 28 -5 0 S2_N0_T1
14054 28 -5 0 S2_N0_T1
14055 28 -5 0 S2_N0_T1
14057 28 -5 0 S2_N0_T1
14060 28 -5 0 S2_N0_T1
14061 28 -5 0 S2_N0_T1
14062 28 -5 0 S2_N0_T1
14037 29 -5 0 S2_N0_T1
14038 29 -5 0 S2_N0_T1
14039 29 -5 0 S2_N0_T1
14042 29 -5 0 S2_N0_T1
14043 29 -5 0 S2_N0_T1
14046 29 -5 0 S2_N0_T1
14047 29 -5 0 S2_N0_T1
14049 29 -5 0 S2_N0_T1
14053 29 -5 0 S2_N0_T1
14054 29 -5 0 S2_N0_T1
14055 29 -5 0 S2_N0_T1
14057 29 -5 0 S2_N0_T1
14060 29 -5 0 S2_N0_T1
14061 29 -5 0 S2_N0_T1
14062 29 -5 0 S2_N0_T1
14037 30 -5 0 S2_N0_T1
14038 30 -5 0 S2_N0_T1
14039 30 -5 0 S2_N0_T1
14042 30 -5 0 S2_N0_T1
14043 30 -5 40.9443841738476 S2_N0_T1
14046 30 -5 0 S2_N0_T1
14047 30 -5 0 S2_N0_T1
14049 30 -5 0 S2_N0_T1
14053 30 -5 0 S2_N0_T1
14054 30 -5 0 S2_N0_T1
14055 30 -5 0 S2_N0_T1
14057 30 -5 0 S2_N0_T1
14060 30 -5 0 S2_N0_T1
14061 30 -5 0 S2_N0_T1
14062 30 -5 0 S2_N0_T1
14037 31 -5 0 S2_N0_T1
14038 31 -5 0 S2_N0_T1
14039 31 -5 0 S2_N0_T1
14042 31 -5 0 S2_N0_T1
14043 31 -5 0 S2_N0_T1
14046 31 -5 0 S2_N0_T1
14047 31 -5 0 S2_N0_T1
14049 31 -5 0 S2_N0_T1
14053 31 -5 0 S2_N0_T1
14054 31 -5 0 S2_N0_T1
14055 31 -5 0 S2_N0_T1
14057 31 -5 0 S2_N0_T1
14060 31 -5 0 S2_N0_T1
14061 31 -5 0 S2_N0_T1
14062 31 -5 0 S2_N0_T1
