speciesID lakeID variable value scenario
15023 1 -0.5 769.199413918285 S2_N1_Tm1
15024 1 -0.5 127.615098894489 S2_N1_Tm1
15025 1 -0.5 0 S2_N1_Tm1
15026 1 -0.5 0 S2_N1_Tm1
15027 1 -0.5 187.927177716668 S2_N1_Tm1
15028 1 -0.5 0 S2_N1_Tm1
15029 1 -0.5 527.032890623612 S2_N1_Tm1
15030 1 -0.5 0 S2_N1_Tm1
15032 1 -0.5 0 S2_N1_Tm1
15033 1 -0.5 264.579027380472 S2_N1_Tm1
15035 1 -0.5 91.7761572776612 S2_N1_Tm1
15036 1 -0.5 340.096375500199 S2_N1_Tm1
15037 1 -0.5 0 S2_N1_Tm1
15039 1 -0.5 53.418004061816 S2_N1_Tm1
15041 1 -0.5 0 S2_N1_Tm1
15023 2 -0.5 30.575331165644 S2_N1_Tm1
15024 2 -0.5 0 S2_N1_Tm1
15025 2 -0.5 0 S2_N1_Tm1
15026 2 -0.5 0 S2_N1_Tm1
15027 2 -0.5 0 S2_N1_Tm1
15028 2 -0.5 0 S2_N1_Tm1
15029 2 -0.5 0 S2_N1_Tm1
15030 2 -0.5 0 S2_N1_Tm1
15032 2 -0.5 0 S2_N1_Tm1
15033 2 -0.5 0 S2_N1_Tm1
15035 2 -0.5 0 S2_N1_Tm1
15036 2 -0.5 0 S2_N1_Tm1
15037 2 -0.5 0 S2_N1_Tm1
15039 2 -0.5 0 S2_N1_Tm1
15041 2 -0.5 0 S2_N1_Tm1
15023 3 -0.5 391.935045028788 S2_N1_Tm1
15024 3 -0.5 7.8321983098943 S2_N1_Tm1
15025 3 -0.5 0 S2_N1_Tm1
15026 3 -0.5 0 S2_N1_Tm1
15027 3 -0.5 72.0377982079156 S2_N1_Tm1
15028 3 -0.5 0 S2_N1_Tm1
15029 3 -0.5 150.562738921369 S2_N1_Tm1
15030 3 -0.5 0 S2_N1_Tm1
15032 3 -0.5 0 S2_N1_Tm1
15033 3 -0.5 1.69166880990057 S2_N1_Tm1
15035 3 -0.5 0 S2_N1_Tm1
15036 3 -0.5 155.048163621237 S2_N1_Tm1
15037 3 -0.5 0 S2_N1_Tm1
15039 3 -0.5 0 S2_N1_Tm1
15041 3 -0.5 0 S2_N1_Tm1
15023 4 -0.5 650.47598695642 S2_N1_Tm1
15024 4 -0.5 82.8678708082028 S2_N1_Tm1
15025 4 -0.5 0 S2_N1_Tm1
15026 4 -0.5 0 S2_N1_Tm1
15027 4 -0.5 136.320262508334 S2_N1_Tm1
15028 4 -0.5 0 S2_N1_Tm1
15029 4 -0.5 352.980717634064 S2_N1_Tm1
15030 4 -0.5 0 S2_N1_Tm1
15032 4 -0.5 0 S2_N1_Tm1
15033 4 -0.5 134.555546918207 S2_N1_Tm1
15035 4 -0.5 29.5974789023797 S2_N1_Tm1
15036 4 -0.5 287.172196082561 S2_N1_Tm1
15037 4 -0.5 0 S2_N1_Tm1
15039 4 -0.5 29.13144711021 S2_N1_Tm1
15041 4 -0.5 0 S2_N1_Tm1
15023 5 -0.5 0 S2_N1_Tm1
15024 5 -0.5 0 S2_N1_Tm1
15025 5 -0.5 0 S2_N1_Tm1
15026 5 -0.5 0 S2_N1_Tm1
15027 5 -0.5 0 S2_N1_Tm1
15028 5 -0.5 0 S2_N1_Tm1
15029 5 -0.5 0 S2_N1_Tm1
15030 5 -0.5 0 S2_N1_Tm1
15032 5 -0.5 0 S2_N1_Tm1
15033 5 -0.5 0 S2_N1_Tm1
15035 5 -0.5 0 S2_N1_Tm1
15036 5 -0.5 0 S2_N1_Tm1
15037 5 -0.5 0 S2_N1_Tm1
15039 5 -0.5 0 S2_N1_Tm1
15041 5 -0.5 0 S2_N1_Tm1
15023 6 -0.5 604.497347855757 S2_N1_Tm1
15024 6 -0.5 77.5681445620263 S2_N1_Tm1
15025 6 -0.5 0 S2_N1_Tm1
15026 6 -0.5 0 S2_N1_Tm1
15027 6 -0.5 138.007429409449 S2_N1_Tm1
15028 6 -0.5 0 S2_N1_Tm1
15029 6 -0.5 312.842417541222 S2_N1_Tm1
15030 6 -0.5 0 S2_N1_Tm1
15032 6 -0.5 0 S2_N1_Tm1
15033 6 -0.5 110.349169723559 S2_N1_Tm1
15035 6 -0.5 6.06540319673135 S2_N1_Tm1
15036 6 -0.5 275.657690680346 S2_N1_Tm1
15037 6 -0.5 0 S2_N1_Tm1
15039 6 -0.5 26.9673239716867 S2_N1_Tm1
15041 6 -0.5 0 S2_N1_Tm1
15023 7 -0.5 33.2629742692206 S2_N1_Tm1
15024 7 -0.5 0 S2_N1_Tm1
15025 7 -0.5 0 S2_N1_Tm1
15026 7 -0.5 0 S2_N1_Tm1
15027 7 -0.5 0 S2_N1_Tm1
15028 7 -0.5 0 S2_N1_Tm1
15029 7 -0.5 0 S2_N1_Tm1
15030 7 -0.5 0 S2_N1_Tm1
15032 7 -0.5 0 S2_N1_Tm1
15033 7 -0.5 0 S2_N1_Tm1
15035 7 -0.5 0 S2_N1_Tm1
15036 7 -0.5 0 S2_N1_Tm1
15037 7 -0.5 0 S2_N1_Tm1
15039 7 -0.5 0 S2_N1_Tm1
15041 7 -0.5 0 S2_N1_Tm1
15023 8 -0.5 693.534607746192 S2_N1_Tm1
15024 8 -0.5 113.436264604617 S2_N1_Tm1
15025 8 -0.5 0 S2_N1_Tm1
15026 8 -0.5 0 S2_N1_Tm1
15027 8 -0.5 165.949204572065 S2_N1_Tm1
15028 8 -0.5 0 S2_N1_Tm1
15029 8 -0.5 441.442747410661 S2_N1_Tm1
15030 8 -0.5 0 S2_N1_Tm1
15032 8 -0.5 0 S2_N1_Tm1
15033 8 -0.5 218.311548157921 S2_N1_Tm1
15035 8 -0.5 79.6090693900039 S2_N1_Tm1
15036 8 -0.5 316.455106498867 S2_N1_Tm1
15037 8 -0.5 0 S2_N1_Tm1
15039 8 -0.5 50.0522519150663 S2_N1_Tm1
15041 8 -0.5 0 S2_N1_Tm1
15023 9 -0.5 596.416625609965 S2_N1_Tm1
15024 9 -0.5 70.5858405779591 S2_N1_Tm1
15025 9 -0.5 0 S2_N1_Tm1
15026 9 -0.5 0 S2_N1_Tm1
15027 9 -0.5 127.682950749525 S2_N1_Tm1
15028 9 -0.5 0 S2_N1_Tm1
15029 9 -0.5 302.983718264688 S2_N1_Tm1
15030 9 -0.5 0 S2_N1_Tm1
15032 9 -0.5 0 S2_N1_Tm1
15033 9 -0.5 101.710054252309 S2_N1_Tm1
15035 9 -0.5 3.69366908975936 S2_N1_Tm1
15036 9 -0.5 265.802701156583 S2_N1_Tm1
15037 9 -0.5 0 S2_N1_Tm1
15039 9 -0.5 19.7226962318049 S2_N1_Tm1
15041 9 -0.5 0 S2_N1_Tm1
15023 10 -0.5 729.066542220356 S2_N1_Tm1
15024 10 -0.5 115.531651155989 S2_N1_Tm1
15025 10 -0.5 0 S2_N1_Tm1
15026 10 -0.5 0 S2_N1_Tm1
15027 10 -0.5 171.434380622973 S2_N1_Tm1
15028 10 -0.5 0 S2_N1_Tm1
15029 10 -0.5 455.898689324878 S2_N1_Tm1
15030 10 -0.5 0 S2_N1_Tm1
15032 10 -0.5 0 S2_N1_Tm1
15033 10 -0.5 214.46714484578 S2_N1_Tm1
15035 10 -0.5 83.6117907197481 S2_N1_Tm1
15036 10 -0.5 329.553152366593 S2_N1_Tm1
15037 10 -0.5 0 S2_N1_Tm1
15039 10 -0.5 53.2491711441771 S2_N1_Tm1
15041 10 -0.5 0 S2_N1_Tm1
15023 11 -0.5 731.191125218873 S2_N1_Tm1
15024 11 -0.5 107.176456932514 S2_N1_Tm1
15025 11 -0.5 0 S2_N1_Tm1
15026 11 -0.5 0 S2_N1_Tm1
15027 11 -0.5 158.340247496175 S2_N1_Tm1
15028 11 -0.5 0 S2_N1_Tm1
15029 11 -0.5 486.259052666631 S2_N1_Tm1
15030 11 -0.5 0 S2_N1_Tm1
15032 11 -0.5 0 S2_N1_Tm1
15033 11 -0.5 237.940708226158 S2_N1_Tm1
15035 11 -0.5 70.1246565314779 S2_N1_Tm1
15036 11 -0.5 310.091317885236 S2_N1_Tm1
15037 11 -0.5 0 S2_N1_Tm1
15039 11 -0.5 34.688376945085 S2_N1_Tm1
15041 11 -0.5 0 S2_N1_Tm1
15023 12 -0.5 679.282153693732 S2_N1_Tm1
15024 12 -0.5 101.416529323654 S2_N1_Tm1
15025 12 -0.5 0 S2_N1_Tm1
15026 12 -0.5 0 S2_N1_Tm1
15027 12 -0.5 150.465191368099 S2_N1_Tm1
15028 12 -0.5 0 S2_N1_Tm1
15029 12 -0.5 453.051831810277 S2_N1_Tm1
15030 12 -0.5 0 S2_N1_Tm1
15032 12 -0.5 0 S2_N1_Tm1
15033 12 -0.5 231.981050025047 S2_N1_Tm1
15035 12 -0.5 60.8914610104815 S2_N1_Tm1
15036 12 -0.5 290.378235334655 S2_N1_Tm1
15037 12 -0.5 0 S2_N1_Tm1
15039 12 -0.5 29.3560547962071 S2_N1_Tm1
15041 12 -0.5 0 S2_N1_Tm1
15023 13 -0.5 397.614839737725 S2_N1_Tm1
15024 13 -0.5 18.6685597945044 S2_N1_Tm1
15025 13 -0.5 0 S2_N1_Tm1
15026 13 -0.5 0 S2_N1_Tm1
15027 13 -0.5 58.6457033677591 S2_N1_Tm1
15028 13 -0.5 0 S2_N1_Tm1
15029 13 -0.5 168.456554464445 S2_N1_Tm1
15030 13 -0.5 0 S2_N1_Tm1
15032 13 -0.5 0 S2_N1_Tm1
15033 13 -0.5 16.7306541021085 S2_N1_Tm1
15035 13 -0.5 0 S2_N1_Tm1
15036 13 -0.5 167.088305360926 S2_N1_Tm1
15037 13 -0.5 0 S2_N1_Tm1
15039 13 -0.5 0 S2_N1_Tm1
15041 13 -0.5 0 S2_N1_Tm1
15023 14 -0.5 237.018145323024 S2_N1_Tm1
15024 14 -0.5 0 S2_N1_Tm1
15025 14 -0.5 0 S2_N1_Tm1
15026 14 -0.5 0 S2_N1_Tm1
15027 14 -0.5 30.1003787137813 S2_N1_Tm1
15028 14 -0.5 0 S2_N1_Tm1
15029 14 -0.5 52.0015237941882 S2_N1_Tm1
15030 14 -0.5 0 S2_N1_Tm1
15032 14 -0.5 0 S2_N1_Tm1
15033 14 -0.5 0 S2_N1_Tm1
15035 14 -0.5 0 S2_N1_Tm1
15036 14 -0.5 61.9004396428845 S2_N1_Tm1
15037 14 -0.5 0 S2_N1_Tm1
15039 14 -0.5 0 S2_N1_Tm1
15041 14 -0.5 0 S2_N1_Tm1
15023 15 -0.5 755.511511315455 S2_N1_Tm1
15024 15 -0.5 129.533181562723 S2_N1_Tm1
15025 15 -0.5 0 S2_N1_Tm1
15026 15 -0.5 0 S2_N1_Tm1
15027 15 -0.5 191.363108324299 S2_N1_Tm1
15028 15 -0.5 0 S2_N1_Tm1
15029 15 -0.5 480.669097520481 S2_N1_Tm1
15030 15 -0.5 0 S2_N1_Tm1
15032 15 -0.5 0 S2_N1_Tm1
15033 15 -0.5 231.538097432817 S2_N1_Tm1
15035 15 -0.5 100.498649617359 S2_N1_Tm1
15036 15 -0.5 350.68112861483 S2_N1_Tm1
15037 15 -0.5 0 S2_N1_Tm1
15039 15 -0.5 68.4258324845109 S2_N1_Tm1
15041 15 -0.5 0 S2_N1_Tm1
15023 16 -0.5 734.017756436778 S2_N1_Tm1
15024 16 -0.5 129.393816105114 S2_N1_Tm1
15025 16 -0.5 0 S2_N1_Tm1
15026 16 -0.5 0 S2_N1_Tm1
15027 16 -0.5 188.195142741556 S2_N1_Tm1
15028 16 -0.5 0 S2_N1_Tm1
15029 16 -0.5 495.050975922663 S2_N1_Tm1
15030 16 -0.5 0 S2_N1_Tm1
15032 16 -0.5 0 S2_N1_Tm1
15033 16 -0.5 258.555918380688 S2_N1_Tm1
15035 16 -0.5 95.3578517663656 S2_N1_Tm1
15036 16 -0.5 336.941432649935 S2_N1_Tm1
15037 16 -0.5 0 S2_N1_Tm1
15039 16 -0.5 60.3179556092464 S2_N1_Tm1
15041 16 -0.5 0 S2_N1_Tm1
15023 17 -0.5 476.624127293233 S2_N1_Tm1
15024 17 -0.5 43.3833143473239 S2_N1_Tm1
15025 17 -0.5 0 S2_N1_Tm1
15026 17 -0.5 0 S2_N1_Tm1
15027 17 -0.5 100.801214842536 S2_N1_Tm1
15028 17 -0.5 0 S2_N1_Tm1
15029 17 -0.5 219.752342958584 S2_N1_Tm1
15030 17 -0.5 0 S2_N1_Tm1
15032 17 -0.5 0 S2_N1_Tm1
15033 17 -0.5 48.0440204105524 S2_N1_Tm1
15035 17 -0.5 0 S2_N1_Tm1
15036 17 -0.5 212.584891881319 S2_N1_Tm1
15037 17 -0.5 0 S2_N1_Tm1
15039 17 -0.5 3.49163079402706 S2_N1_Tm1
15041 17 -0.5 0 S2_N1_Tm1
15023 18 -0.5 710.375179548949 S2_N1_Tm1
15024 18 -0.5 115.390502934664 S2_N1_Tm1
15025 18 -0.5 0 S2_N1_Tm1
15026 18 -0.5 0 S2_N1_Tm1
15027 18 -0.5 169.66469220902 S2_N1_Tm1
15028 18 -0.5 0 S2_N1_Tm1
15029 18 -0.5 479.519318612932 S2_N1_Tm1
15030 18 -0.5 0 S2_N1_Tm1
15032 18 -0.5 0 S2_N1_Tm1
15033 18 -0.5 248.567159575922 S2_N1_Tm1
15035 18 -0.5 76.9112914001037 S2_N1_Tm1
15036 18 -0.5 313.600267638978 S2_N1_Tm1
15037 18 -0.5 0 S2_N1_Tm1
15039 18 -0.5 43.1239813712008 S2_N1_Tm1
15041 18 -0.5 0 S2_N1_Tm1
15023 19 -0.5 708.254958586703 S2_N1_Tm1
15024 19 -0.5 108.834379756468 S2_N1_Tm1
15025 19 -0.5 0 S2_N1_Tm1
15026 19 -0.5 0 S2_N1_Tm1
15027 19 -0.5 163.892129336753 S2_N1_Tm1
15028 19 -0.5 0 S2_N1_Tm1
15029 19 -0.5 429.227603113821 S2_N1_Tm1
15030 19 -0.5 0 S2_N1_Tm1
15032 19 -0.5 0 S2_N1_Tm1
15033 19 -0.5 195.66964695951 S2_N1_Tm1
15035 19 -0.5 74.5548718902023 S2_N1_Tm1
15036 19 -0.5 320.632675673504 S2_N1_Tm1
15037 19 -0.5 0 S2_N1_Tm1
15039 19 -0.5 49.5300890896306 S2_N1_Tm1
15041 19 -0.5 0 S2_N1_Tm1
15023 20 -0.5 741.731945609281 S2_N1_Tm1
15024 20 -0.5 131.517323670629 S2_N1_Tm1
15025 20 -0.5 0 S2_N1_Tm1
15026 20 -0.5 0 S2_N1_Tm1
15027 20 -0.5 191.291817233904 S2_N1_Tm1
15028 20 -0.5 0 S2_N1_Tm1
15029 20 -0.5 492.314787091428 S2_N1_Tm1
15030 20 -0.5 0 S2_N1_Tm1
15032 20 -0.5 0 S2_N1_Tm1
15033 20 -0.5 252.83045056426 S2_N1_Tm1
15035 20 -0.5 100.155768182736 S2_N1_Tm1
15036 20 -0.5 343.796093238339 S2_N1_Tm1
15037 20 -0.5 0 S2_N1_Tm1
15039 20 -0.5 65.3625397683331 S2_N1_Tm1
15041 20 -0.5 0 S2_N1_Tm1
15023 21 -0.5 720.937904824917 S2_N1_Tm1
15024 21 -0.5 108.589950887296 S2_N1_Tm1
15025 21 -0.5 0 S2_N1_Tm1
15026 21 -0.5 0 S2_N1_Tm1
15027 21 -0.5 164.013414428768 S2_N1_Tm1
15028 21 -0.5 0 S2_N1_Tm1
15029 21 -0.5 436.631507248146 S2_N1_Tm1
15030 21 -0.5 0 S2_N1_Tm1
15032 21 -0.5 0 S2_N1_Tm1
15033 21 -0.5 195.313285895284 S2_N1_Tm1
15035 21 -0.5 74.8768067220558 S2_N1_Tm1
15036 21 -0.5 323.371411565262 S2_N1_Tm1
15037 21 -0.5 0 S2_N1_Tm1
15039 21 -0.5 48.6753814014616 S2_N1_Tm1
15041 21 -0.5 0 S2_N1_Tm1
15023 22 -0.5 779.304995346246 S2_N1_Tm1
15024 22 -0.5 134.316272571951 S2_N1_Tm1
15025 22 -0.5 0 S2_N1_Tm1
15026 22 -0.5 0 S2_N1_Tm1
15027 22 -0.5 196.648507879625 S2_N1_Tm1
15028 22 -0.5 0 S2_N1_Tm1
15029 22 -0.5 535.020541755285 S2_N1_Tm1
15030 22 -0.5 0 S2_N1_Tm1
15032 22 -0.5 0 S2_N1_Tm1
15033 22 -0.5 270.251420434173 S2_N1_Tm1
15035 22 -0.5 100.293521545313 S2_N1_Tm1
15036 22 -0.5 350.305755191336 S2_N1_Tm1
15037 22 -0.5 0 S2_N1_Tm1
15039 22 -0.5 61.1244266161756 S2_N1_Tm1
15041 22 -0.5 0 S2_N1_Tm1
15023 23 -0.5 681.468117377426 S2_N1_Tm1
15024 23 -0.5 93.6733994779835 S2_N1_Tm1
15025 23 -0.5 0 S2_N1_Tm1
15026 23 -0.5 0 S2_N1_Tm1
15027 23 -0.5 152.749883177543 S2_N1_Tm1
15028 23 -0.5 0 S2_N1_Tm1
15029 23 -0.5 377.666763852691 S2_N1_Tm1
15030 23 -0.5 0 S2_N1_Tm1
15032 23 -0.5 0 S2_N1_Tm1
15033 23 -0.5 147.144190238682 S2_N1_Tm1
15035 23 -0.5 43.5126515862117 S2_N1_Tm1
15036 23 -0.5 306.536818580826 S2_N1_Tm1
15037 23 -0.5 0 S2_N1_Tm1
15039 23 -0.5 40.4841791545299 S2_N1_Tm1
15041 23 -0.5 0 S2_N1_Tm1
15023 24 -0.5 744.357570341457 S2_N1_Tm1
15024 24 -0.5 116.890540230911 S2_N1_Tm1
15025 24 -0.5 0 S2_N1_Tm1
15026 24 -0.5 0 S2_N1_Tm1
15027 24 -0.5 173.693528864465 S2_N1_Tm1
15028 24 -0.5 0 S2_N1_Tm1
15029 24 -0.5 466.597668264807 S2_N1_Tm1
15030 24 -0.5 0 S2_N1_Tm1
15032 24 -0.5 0 S2_N1_Tm1
15033 24 -0.5 215.781198671293 S2_N1_Tm1
15035 24 -0.5 85.6799171915266 S2_N1_Tm1
15036 24 -0.5 334.479247032746 S2_N1_Tm1
15037 24 -0.5 0 S2_N1_Tm1
15039 24 -0.5 53.9554032528862 S2_N1_Tm1
15041 24 -0.5 0 S2_N1_Tm1
15023 25 -0.5 244.572535596089 S2_N1_Tm1
15024 25 -0.5 0 S2_N1_Tm1
15025 25 -0.5 0 S2_N1_Tm1
15026 25 -0.5 0 S2_N1_Tm1
15027 25 -0.5 34.0759161252112 S2_N1_Tm1
15028 25 -0.5 0 S2_N1_Tm1
15029 25 -0.5 58.5120082224426 S2_N1_Tm1
15030 25 -0.5 0 S2_N1_Tm1
15032 25 -0.5 0 S2_N1_Tm1
15033 25 -0.5 0 S2_N1_Tm1
15035 25 -0.5 0 S2_N1_Tm1
15036 25 -0.5 66.1195224259122 S2_N1_Tm1
15037 25 -0.5 0 S2_N1_Tm1
15039 25 -0.5 0 S2_N1_Tm1
15041 25 -0.5 0 S2_N1_Tm1
15023 26 -0.5 763.225383474346 S2_N1_Tm1
15024 26 -0.5 132.950761657279 S2_N1_Tm1
15025 26 -0.5 0 S2_N1_Tm1
15026 26 -0.5 0 S2_N1_Tm1
15027 26 -0.5 193.930889834167 S2_N1_Tm1
15028 26 -0.5 0 S2_N1_Tm1
15029 26 -0.5 516.445952830283 S2_N1_Tm1
15030 26 -0.5 0 S2_N1_Tm1
15032 26 -0.5 0 S2_N1_Tm1
15033 26 -0.5 264.01789044905 S2_N1_Tm1
15035 26 -0.5 100.066489727062 S2_N1_Tm1
15036 26 -0.5 347.324505913179 S2_N1_Tm1
15037 26 -0.5 0 S2_N1_Tm1
15039 26 -0.5 62.6010457258365 S2_N1_Tm1
15041 26 -0.5 0 S2_N1_Tm1
15023 27 -0.5 23.7855366966289 S2_N1_Tm1
15024 27 -0.5 0 S2_N1_Tm1
15025 27 -0.5 0 S2_N1_Tm1
15026 27 -0.5 0 S2_N1_Tm1
15027 27 -0.5 0 S2_N1_Tm1
15028 27 -0.5 0 S2_N1_Tm1
15029 27 -0.5 0 S2_N1_Tm1
15030 27 -0.5 0 S2_N1_Tm1
15032 27 -0.5 0 S2_N1_Tm1
15033 27 -0.5 0 S2_N1_Tm1
15035 27 -0.5 0 S2_N1_Tm1
15036 27 -0.5 0 S2_N1_Tm1
15037 27 -0.5 0 S2_N1_Tm1
15039 27 -0.5 0 S2_N1_Tm1
15041 27 -0.5 0 S2_N1_Tm1
15023 28 -0.5 781.863217106731 S2_N1_Tm1
15024 28 -0.5 139.13721635462 S2_N1_Tm1
15025 28 -0.5 0 S2_N1_Tm1
15026 28 -0.5 0 S2_N1_Tm1
15027 28 -0.5 203.376147016224 S2_N1_Tm1
15028 28 -0.5 0 S2_N1_Tm1
15029 28 -0.5 538.582242595456 S2_N1_Tm1
15030 28 -0.5 0 S2_N1_Tm1
15032 28 -0.5 0 S2_N1_Tm1
15033 28 -0.5 276.54900177687 S2_N1_Tm1
15035 28 -0.5 105.888642104663 S2_N1_Tm1
15036 28 -0.5 356.174894346755 S2_N1_Tm1
15037 28 -0.5 0 S2_N1_Tm1
15039 28 -0.5 66.6960131063676 S2_N1_Tm1
15041 28 -0.5 0 S2_N1_Tm1
15023 29 -0.5 539.87038077378 S2_N1_Tm1
15024 29 -0.5 55.6231766263583 S2_N1_Tm1
15025 29 -0.5 0 S2_N1_Tm1
15026 29 -0.5 0 S2_N1_Tm1
15027 29 -0.5 102.794675738761 S2_N1_Tm1
15028 29 -0.5 0 S2_N1_Tm1
15029 29 -0.5 264.909020488077 S2_N1_Tm1
15030 29 -0.5 0 S2_N1_Tm1
15032 29 -0.5 0 S2_N1_Tm1
15033 29 -0.5 82.9418892028577 S2_N1_Tm1
15035 29 -0.5 0 S2_N1_Tm1
15036 29 -0.5 234.634045209081 S2_N1_Tm1
15037 29 -0.5 0 S2_N1_Tm1
15039 29 -0.5 8.20007951686883 S2_N1_Tm1
15041 29 -0.5 0 S2_N1_Tm1
15023 30 -0.5 232.286612199836 S2_N1_Tm1
15024 30 -0.5 0 S2_N1_Tm1
15025 30 -0.5 0 S2_N1_Tm1
15026 30 -0.5 0 S2_N1_Tm1
15027 30 -0.5 26.3500059842745 S2_N1_Tm1
15028 30 -0.5 0 S2_N1_Tm1
15029 30 -0.5 47.193108349525 S2_N1_Tm1
15030 30 -0.5 0 S2_N1_Tm1
15032 30 -0.5 0 S2_N1_Tm1
15033 30 -0.5 0 S2_N1_Tm1
15035 30 -0.5 0 S2_N1_Tm1
15036 30 -0.5 57.6271563091265 S2_N1_Tm1
15037 30 -0.5 0 S2_N1_Tm1
15039 30 -0.5 0 S2_N1_Tm1
15041 30 -0.5 0 S2_N1_Tm1
15023 31 -0.5 448.165592358351 S2_N1_Tm1
15024 31 -0.5 4.70274976736138 S2_N1_Tm1
15025 31 -0.5 0 S2_N1_Tm1
15026 31 -0.5 0 S2_N1_Tm1
15027 31 -0.5 93.9829614778856 S2_N1_Tm1
15028 31 -0.5 0 S2_N1_Tm1
15029 31 -0.5 176.828271967687 S2_N1_Tm1
15030 31 -0.5 0 S2_N1_Tm1
15032 31 -0.5 0 S2_N1_Tm1
15033 31 -0.5 1.35927764956149 S2_N1_Tm1
15035 31 -0.5 0 S2_N1_Tm1
15036 31 -0.5 181.572925220747 S2_N1_Tm1
15037 31 -0.5 0 S2_N1_Tm1
15039 31 -0.5 0 S2_N1_Tm1
15041 31 -0.5 0 S2_N1_Tm1
15023 1 -1.5 545.425289660354 S2_N1_Tm1
15024 1 -1.5 92.8813391844301 S2_N1_Tm1
15025 1 -1.5 276.089975981695 S2_N1_Tm1
15026 1 -1.5 19.8869070976906 S2_N1_Tm1
15027 1 -1.5 75.8978003598405 S2_N1_Tm1
15028 1 -1.5 1.04370980973758 S2_N1_Tm1
15029 1 -1.5 422.088244817846 S2_N1_Tm1
15030 1 -1.5 0 S2_N1_Tm1
15032 1 -1.5 144.482424566938 S2_N1_Tm1
15033 1 -1.5 135.070700023321 S2_N1_Tm1
15035 1 -1.5 48.494005357893 S2_N1_Tm1
15036 1 -1.5 178.380479522593 S2_N1_Tm1
15037 1 -1.5 0 S2_N1_Tm1
15039 1 -1.5 1.95565490321829 S2_N1_Tm1
15041 1 -1.5 215.055420704815 S2_N1_Tm1
15023 2 -1.5 15.5257156612521 S2_N1_Tm1
15024 2 -1.5 0 S2_N1_Tm1
15025 2 -1.5 0 S2_N1_Tm1
15026 2 -1.5 0 S2_N1_Tm1
15027 2 -1.5 0 S2_N1_Tm1
15028 2 -1.5 0 S2_N1_Tm1
15029 2 -1.5 0 S2_N1_Tm1
15030 2 -1.5 0 S2_N1_Tm1
15032 2 -1.5 0 S2_N1_Tm1
15033 2 -1.5 0 S2_N1_Tm1
15035 2 -1.5 0 S2_N1_Tm1
15036 2 -1.5 0 S2_N1_Tm1
15037 2 -1.5 0 S2_N1_Tm1
15039 2 -1.5 0 S2_N1_Tm1
15041 2 -1.5 0 S2_N1_Tm1
15023 3 -1.5 281.561936770908 S2_N1_Tm1
15024 3 -1.5 9.30243365257113 S2_N1_Tm1
15025 3 -1.5 23.1267335282884 S2_N1_Tm1
15026 3 -1.5 0 S2_N1_Tm1
15027 3 -1.5 13.9037270577148 S2_N1_Tm1
15028 3 -1.5 1.1467598965573 S2_N1_Tm1
15029 3 -1.5 119.027732136494 S2_N1_Tm1
15030 3 -1.5 0 S2_N1_Tm1
15032 3 -1.5 0 S2_N1_Tm1
15033 3 -1.5 0 S2_N1_Tm1
15035 3 -1.5 0 S2_N1_Tm1
15036 3 -1.5 87.4937912933508 S2_N1_Tm1
15037 3 -1.5 0 S2_N1_Tm1
15039 3 -1.5 0 S2_N1_Tm1
15041 3 -1.5 37.608623671394 S2_N1_Tm1
15023 4 -1.5 467.884009215866 S2_N1_Tm1
15024 4 -1.5 66.7418941958429 S2_N1_Tm1
15025 4 -1.5 151.670493863801 S2_N1_Tm1
15026 4 -1.5 0 S2_N1_Tm1
15027 4 -1.5 49.6657718736794 S2_N1_Tm1
15028 4 -1.5 1.82932963340519 S2_N1_Tm1
15029 4 -1.5 271.552487500909 S2_N1_Tm1
15030 4 -1.5 0 S2_N1_Tm1
15032 4 -1.5 54.0007304578754 S2_N1_Tm1
15033 4 -1.5 60.987102740842 S2_N1_Tm1
15035 4 -1.5 9.79782979724209 S2_N1_Tm1
15036 4 -1.5 163.60625200956 S2_N1_Tm1
15037 4 -1.5 0 S2_N1_Tm1
15039 4 -1.5 0 S2_N1_Tm1
15041 4 -1.5 134.851372504546 S2_N1_Tm1
15023 5 -1.5 0 S2_N1_Tm1
15024 5 -1.5 0 S2_N1_Tm1
15025 5 -1.5 0 S2_N1_Tm1
15026 5 -1.5 0 S2_N1_Tm1
15027 5 -1.5 0 S2_N1_Tm1
15028 5 -1.5 0 S2_N1_Tm1
15029 5 -1.5 0 S2_N1_Tm1
15030 5 -1.5 0 S2_N1_Tm1
15032 5 -1.5 0 S2_N1_Tm1
15033 5 -1.5 0 S2_N1_Tm1
15035 5 -1.5 0 S2_N1_Tm1
15036 5 -1.5 0 S2_N1_Tm1
15037 5 -1.5 0 S2_N1_Tm1
15039 5 -1.5 0 S2_N1_Tm1
15041 5 -1.5 0 S2_N1_Tm1
15023 6 -1.5 511.619127408028 S2_N1_Tm1
15024 6 -1.5 96.6237120925006 S2_N1_Tm1
15025 6 -1.5 180.058132519406 S2_N1_Tm1
15026 6 -1.5 0 S2_N1_Tm1
15027 6 -1.5 100.302083775094 S2_N1_Tm1
15028 6 -1.5 24.2426308626503 S2_N1_Tm1
15029 6 -1.5 313.545084212184 S2_N1_Tm1
15030 6 -1.5 0 S2_N1_Tm1
15032 6 -1.5 41.9338704389736 S2_N1_Tm1
15033 6 -1.5 80.7761923626755 S2_N1_Tm1
15035 6 -1.5 14.4784091660388 S2_N1_Tm1
15036 6 -1.5 221.556948841805 S2_N1_Tm1
15037 6 -1.5 0 S2_N1_Tm1
15039 6 -1.5 8.09814053751741 S2_N1_Tm1
15041 6 -1.5 167.201459248622 S2_N1_Tm1
15023 7 -1.5 18.2410704168762 S2_N1_Tm1
15024 7 -1.5 0 S2_N1_Tm1
15025 7 -1.5 0 S2_N1_Tm1
15026 7 -1.5 0 S2_N1_Tm1
15027 7 -1.5 0 S2_N1_Tm1
15028 7 -1.5 0 S2_N1_Tm1
15029 7 -1.5 0 S2_N1_Tm1
15030 7 -1.5 0 S2_N1_Tm1
15032 7 -1.5 0 S2_N1_Tm1
15033 7 -1.5 0 S2_N1_Tm1
15035 7 -1.5 0 S2_N1_Tm1
15036 7 -1.5 0 S2_N1_Tm1
15037 7 -1.5 0 S2_N1_Tm1
15039 7 -1.5 0 S2_N1_Tm1
15041 7 -1.5 0 S2_N1_Tm1
15023 8 -1.5 543.055712980053 S2_N1_Tm1
15024 8 -1.5 111.023079515736 S2_N1_Tm1
15025 8 -1.5 263.460838542911 S2_N1_Tm1
15026 8 -1.5 25.9801416399577 S2_N1_Tm1
15027 8 -1.5 94.404453894527 S2_N1_Tm1
15028 8 -1.5 6.09260776393716 S2_N1_Tm1
15029 8 -1.5 402.74164048651 S2_N1_Tm1
15030 8 -1.5 0 S2_N1_Tm1
15032 8 -1.5 157.238799541751 S2_N1_Tm1
15033 8 -1.5 142.175899127585 S2_N1_Tm1
15035 8 -1.5 66.3347251602204 S2_N1_Tm1
15036 8 -1.5 214.109922037166 S2_N1_Tm1
15037 8 -1.5 0 S2_N1_Tm1
15039 8 -1.5 8.73047065622084 S2_N1_Tm1
15041 8 -1.5 224.530276386011 S2_N1_Tm1
15023 9 -1.5 464.294232665233 S2_N1_Tm1
15024 9 -1.5 71.8156852315447 S2_N1_Tm1
15025 9 -1.5 144.022693309391 S2_N1_Tm1
15026 9 -1.5 0 S2_N1_Tm1
15027 9 -1.5 65.5315510595833 S2_N1_Tm1
15028 9 -1.5 7.16668966117916 S2_N1_Tm1
15029 9 -1.5 264.652657733659 S2_N1_Tm1
15030 9 -1.5 0 S2_N1_Tm1
15032 9 -1.5 18.2464535129316 S2_N1_Tm1
15033 9 -1.5 52.9294778058238 S2_N1_Tm1
15035 9 -1.5 3.35229074695339 S2_N1_Tm1
15036 9 -1.5 180.262474377026 S2_N1_Tm1
15037 9 -1.5 0 S2_N1_Tm1
15039 9 -1.5 1.43560213121262 S2_N1_Tm1
15041 9 -1.5 133.939354316259 S2_N1_Tm1
15023 10 -1.5 567.0454538783 S2_N1_Tm1
15024 10 -1.5 107.980000614927 S2_N1_Tm1
15025 10 -1.5 259.722474721522 S2_N1_Tm1
15026 10 -1.5 23.3494546318281 S2_N1_Tm1
15027 10 -1.5 93.9510264881368 S2_N1_Tm1
15028 10 -1.5 7.06071978307436 S2_N1_Tm1
15029 10 -1.5 408.116936075408 S2_N1_Tm1
15030 10 -1.5 0 S2_N1_Tm1
15032 10 -1.5 149.596208620841 S2_N1_Tm1
15033 10 -1.5 133.886642260871 S2_N1_Tm1
15035 10 -1.5 65.2788957481973 S2_N1_Tm1
15036 10 -1.5 217.113701644644 S2_N1_Tm1
15037 10 -1.5 0 S2_N1_Tm1
15039 10 -1.5 8.45723083057811 S2_N1_Tm1
15041 10 -1.5 218.591685620571 S2_N1_Tm1
15023 11 -1.5 375.152804442098 S2_N1_Tm1
15024 11 -1.5 41.333475531736 S2_N1_Tm1
15025 11 -1.5 149.022730889767 S2_N1_Tm1
15026 11 -1.5 0 S2_N1_Tm1
15027 11 -1.5 10.6841368203052 S2_N1_Tm1
15028 11 -1.5 0 S2_N1_Tm1
15029 11 -1.5 237.991661823835 S2_N1_Tm1
15030 11 -1.5 0 S2_N1_Tm1
15032 11 -1.5 77.6752982844912 S2_N1_Tm1
15033 11 -1.5 66.3484006587282 S2_N1_Tm1
15035 11 -1.5 4.26900994118395 S2_N1_Tm1
15036 11 -1.5 93.1487287940344 S2_N1_Tm1
15037 11 -1.5 0 S2_N1_Tm1
15039 11 -1.5 0 S2_N1_Tm1
15041 11 -1.5 114.302553934982 S2_N1_Tm1
15023 12 -1.5 350.855195036224 S2_N1_Tm1
15024 12 -1.5 42.7627218524099 S2_N1_Tm1
15025 12 -1.5 148.890676024825 S2_N1_Tm1
15026 12 -1.5 0 S2_N1_Tm1
15027 12 -1.5 11.214712371241 S2_N1_Tm1
15028 12 -1.5 0 S2_N1_Tm1
15029 12 -1.5 231.29106942614 S2_N1_Tm1
15030 12 -1.5 0 S2_N1_Tm1
15032 12 -1.5 77.5898905856173 S2_N1_Tm1
15033 12 -1.5 69.7742501571621 S2_N1_Tm1
15035 12 -1.5 3.89838523589489 S2_N1_Tm1
15036 12 -1.5 91.3647172118345 S2_N1_Tm1
15037 12 -1.5 0 S2_N1_Tm1
15039 12 -1.5 0 S2_N1_Tm1
15041 12 -1.5 117.690906851325 S2_N1_Tm1
15023 13 -1.5 299.276584604977 S2_N1_Tm1
15024 13 -1.5 25.4905005781907 S2_N1_Tm1
15025 13 -1.5 55.4770437453492 S2_N1_Tm1
15026 13 -1.5 0 S2_N1_Tm1
15027 13 -1.5 11.366192652368 S2_N1_Tm1
15028 13 -1.5 0 S2_N1_Tm1
15029 13 -1.5 145.654294377899 S2_N1_Tm1
15030 13 -1.5 0 S2_N1_Tm1
15032 13 -1.5 0 S2_N1_Tm1
15033 13 -1.5 1.55331625845333 S2_N1_Tm1
15035 13 -1.5 0 S2_N1_Tm1
15036 13 -1.5 105.919850048179 S2_N1_Tm1
15037 13 -1.5 0 S2_N1_Tm1
15039 13 -1.5 0 S2_N1_Tm1
15041 13 -1.5 66.4349151055758 S2_N1_Tm1
15023 14 -1.5 206.47791636252 S2_N1_Tm1
15024 14 -1.5 0 S2_N1_Tm1
15025 14 -1.5 0 S2_N1_Tm1
15026 14 -1.5 0 S2_N1_Tm1
15027 14 -1.5 13.1123531098231 S2_N1_Tm1
15028 14 -1.5 0 S2_N1_Tm1
15029 14 -1.5 66.4943890840343 S2_N1_Tm1
15030 14 -1.5 0 S2_N1_Tm1
15032 14 -1.5 0 S2_N1_Tm1
15033 14 -1.5 0 S2_N1_Tm1
15035 14 -1.5 0 S2_N1_Tm1
15036 14 -1.5 39.04583999512 S2_N1_Tm1
15037 14 -1.5 0 S2_N1_Tm1
15039 14 -1.5 0 S2_N1_Tm1
15041 14 -1.5 5.67856956987919 S2_N1_Tm1
15023 15 -1.5 656.202460267105 S2_N1_Tm1
15024 15 -1.5 156.774407762385 S2_N1_Tm1
15025 15 -1.5 334.23088879753 S2_N1_Tm1
15026 15 -1.5 89.0592181481757 S2_N1_Tm1
15027 15 -1.5 153.80211826524 S2_N1_Tm1
15028 15 -1.5 38.6970948709613 S2_N1_Tm1
15029 15 -1.5 502.607372950851 S2_N1_Tm1
15030 15 -1.5 0 S2_N1_Tm1
15032 15 -1.5 204.696992671707 S2_N1_Tm1
15033 15 -1.5 191.473954263649 S2_N1_Tm1
15035 15 -1.5 113.66564444579 S2_N1_Tm1
15036 15 -1.5 292.157390292171 S2_N1_Tm1
15037 15 -1.5 0 S2_N1_Tm1
15039 15 -1.5 45.5567034824856 S2_N1_Tm1
15041 15 -1.5 283.050996233861 S2_N1_Tm1
15023 16 -1.5 594.095065099342 S2_N1_Tm1
15024 16 -1.5 133.995930861928 S2_N1_Tm1
15025 16 -1.5 324.85811434321 S2_N1_Tm1
15026 16 -1.5 63.5636147319723 S2_N1_Tm1
15027 16 -1.5 121.358720049566 S2_N1_Tm1
15028 16 -1.5 12.591111694456 S2_N1_Tm1
15029 16 -1.5 476.183615813924 S2_N1_Tm1
15030 16 -1.5 0 S2_N1_Tm1
15032 16 -1.5 193.066761137461 S2_N1_Tm1
15033 16 -1.5 183.879318185302 S2_N1_Tm1
15035 16 -1.5 87.3253140000313 S2_N1_Tm1
15036 16 -1.5 242.888202366269 S2_N1_Tm1
15037 16 -1.5 0 S2_N1_Tm1
15039 16 -1.5 19.484046642984 S2_N1_Tm1
15041 16 -1.5 269.22463460708 S2_N1_Tm1
15023 17 -1.5 408.982492680329 S2_N1_Tm1
15024 17 -1.5 67.0827491886268 S2_N1_Tm1
15025 17 -1.5 115.882528567799 S2_N1_Tm1
15026 17 -1.5 0 S2_N1_Tm1
15027 17 -1.5 71.5015993217997 S2_N1_Tm1
15028 17 -1.5 14.6973170757008 S2_N1_Tm1
15029 17 -1.5 228.901200400342 S2_N1_Tm1
15030 17 -1.5 0 S2_N1_Tm1
15032 17 -1.5 0 S2_N1_Tm1
15033 17 -1.5 26.4873967316045 S2_N1_Tm1
15035 17 -1.5 0 S2_N1_Tm1
15036 17 -1.5 176.350869340972 S2_N1_Tm1
15037 17 -1.5 0 S2_N1_Tm1
15039 17 -1.5 1.00140622974571 S2_N1_Tm1
15041 17 -1.5 117.898750976304 S2_N1_Tm1
15023 18 -1.5 471.141568145004 S2_N1_Tm1
15024 18 -1.5 77.8256805522175 S2_N1_Tm1
15025 18 -1.5 230.788939770886 S2_N1_Tm1
15026 18 -1.5 5.24174216543994 S2_N1_Tm1
15027 18 -1.5 53.5671471091486 S2_N1_Tm1
15028 18 -1.5 0 S2_N1_Tm1
15029 18 -1.5 352.244654902048 S2_N1_Tm1
15030 18 -1.5 0 S2_N1_Tm1
15032 18 -1.5 122.883492711909 S2_N1_Tm1
15033 18 -1.5 115.199518433738 S2_N1_Tm1
15035 18 -1.5 30.2109870959728 S2_N1_Tm1
15036 18 -1.5 149.18119844694 S2_N1_Tm1
15037 18 -1.5 0 S2_N1_Tm1
15039 18 -1.5 0 S2_N1_Tm1
15041 18 -1.5 185.752267785514 S2_N1_Tm1
15023 19 -1.5 553.751080962363 S2_N1_Tm1
15024 19 -1.5 104.404503867241 S2_N1_Tm1
15025 19 -1.5 241.01722022763 S2_N1_Tm1
15026 19 -1.5 12.210155661863 S2_N1_Tm1
15027 19 -1.5 91.0620073761694 S2_N1_Tm1
15028 19 -1.5 7.66675235673664 S2_N1_Tm1
15029 19 -1.5 385.477699181266 S2_N1_Tm1
15030 19 -1.5 0 S2_N1_Tm1
15032 19 -1.5 135.072755211253 S2_N1_Tm1
15033 19 -1.5 123.090362409833 S2_N1_Tm1
15035 19 -1.5 59.552773034452 S2_N1_Tm1
15036 19 -1.5 214.862491788294 S2_N1_Tm1
15037 19 -1.5 0 S2_N1_Tm1
15039 19 -1.5 7.83225692545073 S2_N1_Tm1
15041 19 -1.5 206.837895770928 S2_N1_Tm1
15023 20 -1.5 626.964703632917 S2_N1_Tm1
15024 20 -1.5 150.505830159967 S2_N1_Tm1
15025 20 -1.5 340.737403078309 S2_N1_Tm1
15026 20 -1.5 85.2947456820626 S2_N1_Tm1
15027 20 -1.5 141.516585883285 S2_N1_Tm1
15028 20 -1.5 25.6801261395679 S2_N1_Tm1
15029 20 -1.5 499.864902554656 S2_N1_Tm1
15030 20 -1.5 0 S2_N1_Tm1
15032 20 -1.5 209.620800160361 S2_N1_Tm1
15033 20 -1.5 197.694444902449 S2_N1_Tm1
15035 20 -1.5 104.943906952824 S2_N1_Tm1
15036 20 -1.5 271.459837731112 S2_N1_Tm1
15037 20 -1.5 0 S2_N1_Tm1
15039 20 -1.5 34.6012981445379 S2_N1_Tm1
15041 20 -1.5 285.695549257251 S2_N1_Tm1
15023 21 -1.5 547.681742410419 S2_N1_Tm1
15024 21 -1.5 95.8497056487244 S2_N1_Tm1
15025 21 -1.5 229.905400985216 S2_N1_Tm1
15026 21 -1.5 8.34501132522483 S2_N1_Tm1
15027 21 -1.5 81.2511625775505 S2_N1_Tm1
15028 21 -1.5 4.75988048284621 S2_N1_Tm1
15029 21 -1.5 374.247877241797 S2_N1_Tm1
15030 21 -1.5 0 S2_N1_Tm1
15032 21 -1.5 125.949578684524 S2_N1_Tm1
15033 21 -1.5 113.011837221483 S2_N1_Tm1
15035 21 -1.5 51.6665245143554 S2_N1_Tm1
15036 21 -1.5 202.095806855834 S2_N1_Tm1
15037 21 -1.5 0 S2_N1_Tm1
15039 21 -1.5 4.69797684901896 S2_N1_Tm1
15041 21 -1.5 194.866648397588 S2_N1_Tm1
15023 22 -1.5 602.152824875639 S2_N1_Tm1
15024 22 -1.5 119.084899467421 S2_N1_Tm1
15025 22 -1.5 322.436048796757 S2_N1_Tm1
15026 22 -1.5 52.9445828317966 S2_N1_Tm1
15027 22 -1.5 107.010864193179 S2_N1_Tm1
15028 22 -1.5 6.22459381456078 S2_N1_Tm1
15029 22 -1.5 481.910106393328 S2_N1_Tm1
15030 22 -1.5 0 S2_N1_Tm1
15032 22 -1.5 178.55888630999 S2_N1_Tm1
15033 22 -1.5 168.591778091941 S2_N1_Tm1
15035 22 -1.5 74.4517320523684 S2_N1_Tm1
15036 22 -1.5 223.282270463701 S2_N1_Tm1
15037 22 -1.5 0 S2_N1_Tm1
15039 22 -1.5 10.0670646664773 S2_N1_Tm1
15041 22 -1.5 255.178885508915 S2_N1_Tm1
15023 23 -1.5 541.155672947796 S2_N1_Tm1
15024 23 -1.5 93.6437929715278 S2_N1_Tm1
15025 23 -1.5 198.207081849688 S2_N1_Tm1
15026 23 -1.5 0 S2_N1_Tm1
15027 23 -1.5 88.32383201874 S2_N1_Tm1
15028 23 -1.5 12.2473756516834 S2_N1_Tm1
15029 23 -1.5 340.629339302225 S2_N1_Tm1
15030 23 -1.5 0 S2_N1_Tm1
15032 23 -1.5 82.8395116429636 S2_N1_Tm1
15033 23 -1.5 91.4580202631168 S2_N1_Tm1
15035 23 -1.5 34.6913927006179 S2_N1_Tm1
15036 23 -1.5 212.806347745631 S2_N1_Tm1
15037 23 -1.5 0 S2_N1_Tm1
15039 23 -1.5 5.92405805155262 S2_N1_Tm1
15041 23 -1.5 174.799049845487 S2_N1_Tm1
15023 24 -1.5 572.548407210515 S2_N1_Tm1
15024 24 -1.5 104.53075869822 S2_N1_Tm1
15025 24 -1.5 257.938915830167 S2_N1_Tm1
15026 24 -1.5 22.5874647357793 S2_N1_Tm1
15027 24 -1.5 90.8153800599554 S2_N1_Tm1
15028 24 -1.5 6.08075794692496 S2_N1_Tm1
15029 24 -1.5 409.548665263637 S2_N1_Tm1
15030 24 -1.5 0 S2_N1_Tm1
15032 24 -1.5 146.244997469323 S2_N1_Tm1
15033 24 -1.5 129.620683113025 S2_N1_Tm1
15035 24 -1.5 62.7274012026993 S2_N1_Tm1
15036 24 -1.5 213.325452482991 S2_N1_Tm1
15037 24 -1.5 0 S2_N1_Tm1
15039 24 -1.5 7.07010578304673 S2_N1_Tm1
15041 24 -1.5 214.119921431482 S2_N1_Tm1
15023 25 -1.5 200.375986558475 S2_N1_Tm1
15024 25 -1.5 0 S2_N1_Tm1
15025 25 -1.5 0 S2_N1_Tm1
15026 25 -1.5 0 S2_N1_Tm1
15027 25 -1.5 9.9367847316647 S2_N1_Tm1
15028 25 -1.5 0 S2_N1_Tm1
15029 25 -1.5 61.2815780406821 S2_N1_Tm1
15030 25 -1.5 0 S2_N1_Tm1
15032 25 -1.5 0 S2_N1_Tm1
15033 25 -1.5 0 S2_N1_Tm1
15035 25 -1.5 0 S2_N1_Tm1
15036 25 -1.5 33.3726259944112 S2_N1_Tm1
15037 25 -1.5 0 S2_N1_Tm1
15039 25 -1.5 0 S2_N1_Tm1
15041 25 -1.5 3.87063914867648 S2_N1_Tm1
15023 26 -1.5 610.266137433702 S2_N1_Tm1
15024 26 -1.5 130.80258963682 S2_N1_Tm1
15025 26 -1.5 329.094419949258 S2_N1_Tm1
15026 26 -1.5 64.2065694138933 S2_N1_Tm1
15027 26 -1.5 119.032622491183 S2_N1_Tm1
15028 26 -1.5 11.6266805172483 S2_N1_Tm1
15029 26 -1.5 487.403620786442 S2_N1_Tm1
15030 26 -1.5 0 S2_N1_Tm1
15032 26 -1.5 191.310691596082 S2_N1_Tm1
15033 26 -1.5 180.373880690775 S2_N1_Tm1
15035 26 -1.5 85.6593960022101 S2_N1_Tm1
15036 26 -1.5 241.667325388635 S2_N1_Tm1
15037 26 -1.5 0 S2_N1_Tm1
15039 26 -1.5 17.576000411858 S2_N1_Tm1
15041 26 -1.5 267.638565565396 S2_N1_Tm1
15023 27 -1.5 4.29893548653323 S2_N1_Tm1
15024 27 -1.5 0 S2_N1_Tm1
15025 27 -1.5 0 S2_N1_Tm1
15026 27 -1.5 0 S2_N1_Tm1
15027 27 -1.5 0 S2_N1_Tm1
15028 27 -1.5 0 S2_N1_Tm1
15029 27 -1.5 0 S2_N1_Tm1
15030 27 -1.5 0 S2_N1_Tm1
15032 27 -1.5 0 S2_N1_Tm1
15033 27 -1.5 0 S2_N1_Tm1
15035 27 -1.5 0 S2_N1_Tm1
15036 27 -1.5 0 S2_N1_Tm1
15037 27 -1.5 0 S2_N1_Tm1
15039 27 -1.5 0 S2_N1_Tm1
15041 27 -1.5 0 S2_N1_Tm1
15023 28 -1.5 636.181153213938 S2_N1_Tm1
15024 28 -1.5 141.131561808185 S2_N1_Tm1
15025 28 -1.5 354.858045065406 S2_N1_Tm1
15026 28 -1.5 79.5017275721456 S2_N1_Tm1
15027 28 -1.5 132.074390229962 S2_N1_Tm1
15028 28 -1.5 16.4766828114504 S2_N1_Tm1
15029 28 -1.5 520.590708182173 S2_N1_Tm1
15030 28 -1.5 0 S2_N1_Tm1
15032 28 -1.5 204.05248682048 S2_N1_Tm1
15033 28 -1.5 196.60229493986 S2_N1_Tm1
15035 28 -1.5 94.5131670899373 S2_N1_Tm1
15036 28 -1.5 256.334521420599 S2_N1_Tm1
15037 28 -1.5 0 S2_N1_Tm1
15039 28 -1.5 24.010164526237 S2_N1_Tm1
15041 28 -1.5 285.087167868311 S2_N1_Tm1
15023 29 -1.5 373.948484693103 S2_N1_Tm1
15024 29 -1.5 43.3959709978068 S2_N1_Tm1
15025 29 -1.5 98.5359839754426 S2_N1_Tm1
15026 29 -1.5 0 S2_N1_Tm1
15027 29 -1.5 22.3364946412978 S2_N1_Tm1
15028 29 -1.5 0 S2_N1_Tm1
15029 29 -1.5 194.454104086153 S2_N1_Tm1
15030 29 -1.5 0 S2_N1_Tm1
15032 29 -1.5 2.85513557401475 S2_N1_Tm1
15033 29 -1.5 19.7363179104075 S2_N1_Tm1
15035 29 -1.5 0 S2_N1_Tm1
15036 29 -1.5 128.394171167698 S2_N1_Tm1
15037 29 -1.5 0 S2_N1_Tm1
15039 29 -1.5 0 S2_N1_Tm1
15041 29 -1.5 95.3081023629024 S2_N1_Tm1
15023 30 -1.5 195.02330163981 S2_N1_Tm1
15024 30 -1.5 0 S2_N1_Tm1
15025 30 -1.5 0 S2_N1_Tm1
15026 30 -1.5 0 S2_N1_Tm1
15027 30 -1.5 8.38240234520976 S2_N1_Tm1
15028 30 -1.5 0 S2_N1_Tm1
15029 30 -1.5 55.6275270645893 S2_N1_Tm1
15030 30 -1.5 0 S2_N1_Tm1
15032 30 -1.5 0 S2_N1_Tm1
15033 30 -1.5 0 S2_N1_Tm1
15035 30 -1.5 0 S2_N1_Tm1
15036 30 -1.5 29.7664019275386 S2_N1_Tm1
15037 30 -1.5 0 S2_N1_Tm1
15039 30 -1.5 0 S2_N1_Tm1
15041 30 -1.5 3.5611640014512 S2_N1_Tm1
15023 31 -1.5 340.118775181964 S2_N1_Tm1
15024 31 -1.5 9.17757621520797 S2_N1_Tm1
15025 31 -1.5 33.0634583005166 S2_N1_Tm1
15026 31 -1.5 0 S2_N1_Tm1
15027 31 -1.5 34.4692745619703 S2_N1_Tm1
15028 31 -1.5 0 S2_N1_Tm1
15029 31 -1.5 151.717918137733 S2_N1_Tm1
15030 31 -1.5 0 S2_N1_Tm1
15032 31 -1.5 0 S2_N1_Tm1
15033 31 -1.5 0 S2_N1_Tm1
15035 31 -1.5 0 S2_N1_Tm1
15036 31 -1.5 116.62646092703 S2_N1_Tm1
15037 31 -1.5 0 S2_N1_Tm1
15039 31 -1.5 0 S2_N1_Tm1
15041 31 -1.5 37.6803057516033 S2_N1_Tm1
15023 1 -3 155.400765211001 S2_N1_Tm1
15024 1 -3 3.08694832142836 S2_N1_Tm1
15025 1 -3 83.8895228522744 S2_N1_Tm1
15026 1 -3 0 S2_N1_Tm1
15027 1 -3 0 S2_N1_Tm1
15028 1 -3 0 S2_N1_Tm1
15029 1 -3 112.30190612262 S2_N1_Tm1
15030 1 -3 0 S2_N1_Tm1
15032 1 -3 18.6666896429742 S2_N1_Tm1
15033 1 -3 9.3058528483381 S2_N1_Tm1
15035 1 -3 0 S2_N1_Tm1
15036 1 -3 17.6926370887129 S2_N1_Tm1
15037 1 -3 0 S2_N1_Tm1
15039 1 -3 0 S2_N1_Tm1
15041 1 -3 48.49277571616 S2_N1_Tm1
15023 2 -3 4.24072392251611 S2_N1_Tm1
15024 2 -3 0 S2_N1_Tm1
15025 2 -3 0 S2_N1_Tm1
15026 2 -3 0 S2_N1_Tm1
15027 2 -3 0 S2_N1_Tm1
15028 2 -3 0 S2_N1_Tm1
15029 2 -3 0 S2_N1_Tm1
15030 2 -3 0 S2_N1_Tm1
15032 2 -3 0 S2_N1_Tm1
15033 2 -3 0 S2_N1_Tm1
15035 2 -3 0 S2_N1_Tm1
15036 2 -3 0 S2_N1_Tm1
15037 2 -3 0 S2_N1_Tm1
15039 2 -3 0 S2_N1_Tm1
15041 2 -3 0 S2_N1_Tm1
15023 3 -3 139.261146397481 S2_N1_Tm1
15024 3 -3 0 S2_N1_Tm1
15025 3 -3 0 S2_N1_Tm1
15026 3 -3 0 S2_N1_Tm1
15027 3 -3 0 S2_N1_Tm1
15028 3 -3 0 S2_N1_Tm1
15029 3 -3 21.5199688446032 S2_N1_Tm1
15030 3 -3 0 S2_N1_Tm1
15032 3 -3 0 S2_N1_Tm1
15033 3 -3 0 S2_N1_Tm1
15035 3 -3 0 S2_N1_Tm1
15036 3 -3 5.79171307805692 S2_N1_Tm1
15037 3 -3 0 S2_N1_Tm1
15039 3 -3 0 S2_N1_Tm1
15041 3 -3 0 S2_N1_Tm1
15023 4 -3 174.73409543189 S2_N1_Tm1
15024 4 -3 1.69486007813859 S2_N1_Tm1
15025 4 -3 48.4338018186109 S2_N1_Tm1
15026 4 -3 0 S2_N1_Tm1
15027 4 -3 0 S2_N1_Tm1
15028 4 -3 0 S2_N1_Tm1
15029 4 -3 90.122611770721 S2_N1_Tm1
15030 4 -3 0 S2_N1_Tm1
15032 4 -3 0 S2_N1_Tm1
15033 4 -3 0 S2_N1_Tm1
15035 4 -3 0 S2_N1_Tm1
15036 4 -3 27.820636928133 S2_N1_Tm1
15037 4 -3 0 S2_N1_Tm1
15039 4 -3 0 S2_N1_Tm1
15041 4 -3 31.0382808879879 S2_N1_Tm1
15023 5 -3 0 S2_N1_Tm1
15024 5 -3 0 S2_N1_Tm1
15025 5 -3 0 S2_N1_Tm1
15026 5 -3 0 S2_N1_Tm1
15027 5 -3 0 S2_N1_Tm1
15028 5 -3 0 S2_N1_Tm1
15029 5 -3 0 S2_N1_Tm1
15030 5 -3 0 S2_N1_Tm1
15032 5 -3 0 S2_N1_Tm1
15033 5 -3 0 S2_N1_Tm1
15035 5 -3 0 S2_N1_Tm1
15036 5 -3 0 S2_N1_Tm1
15037 5 -3 0 S2_N1_Tm1
15039 5 -3 0 S2_N1_Tm1
15041 5 -3 0 S2_N1_Tm1
15023 6 -3 385.316768958338 S2_N1_Tm1
15024 6 -3 58.958034226318 S2_N1_Tm1
15025 6 -3 144.782035501458 S2_N1_Tm1
15026 6 -3 0 S2_N1_Tm1
15027 6 -3 44.1853477810645 S2_N1_Tm1
15028 6 -3 18.5745969886037 S2_N1_Tm1
15029 6 -3 222.936861304697 S2_N1_Tm1
15030 6 -3 0 S2_N1_Tm1
15032 6 -3 8.43474346876947 S2_N1_Tm1
15033 6 -3 36.2919027276075 S2_N1_Tm1
15035 6 -3 1.35213690971132 S2_N1_Tm1
15036 6 -3 152.158341984322 S2_N1_Tm1
15037 6 -3 1.30006698126707 S2_N1_Tm1
15039 6 -3 0 S2_N1_Tm1
15041 6 -3 117.288843629847 S2_N1_Tm1
15023 7 -3 5.67820439248236 S2_N1_Tm1
15024 7 -3 0 S2_N1_Tm1
15025 7 -3 0 S2_N1_Tm1
15026 7 -3 0 S2_N1_Tm1
15027 7 -3 0 S2_N1_Tm1
15028 7 -3 0 S2_N1_Tm1
15029 7 -3 0 S2_N1_Tm1
15030 7 -3 0 S2_N1_Tm1
15032 7 -3 0 S2_N1_Tm1
15033 7 -3 0 S2_N1_Tm1
15035 7 -3 0 S2_N1_Tm1
15036 7 -3 0 S2_N1_Tm1
15037 7 -3 0 S2_N1_Tm1
15039 7 -3 0 S2_N1_Tm1
15041 7 -3 0 S2_N1_Tm1
15023 8 -3 284.016866062229 S2_N1_Tm1
15024 8 -3 39.2621619591507 S2_N1_Tm1
15025 8 -3 147.842032363151 S2_N1_Tm1
15026 8 -3 0 S2_N1_Tm1
15027 8 -3 6.85878646156941 S2_N1_Tm1
15028 8 -3 0 S2_N1_Tm1
15029 8 -3 194.685424790193 S2_N1_Tm1
15030 8 -3 6.29275062062968 S2_N1_Tm1
15032 8 -3 67.5866559307084 S2_N1_Tm1
15033 8 -3 51.543642902132 S2_N1_Tm1
15035 8 -3 3.56922270032907 S2_N1_Tm1
15036 8 -3 91.8640838168181 S2_N1_Tm1
15037 8 -3 0 S2_N1_Tm1
15039 8 -3 0 S2_N1_Tm1
15041 8 -3 105.764925770576 S2_N1_Tm1
15023 9 -3 254.006542039129 S2_N1_Tm1
15024 9 -3 14.1128043674198 S2_N1_Tm1
15025 9 -3 76.423829954487 S2_N1_Tm1
15026 9 -3 0 S2_N1_Tm1
15027 9 -3 2.12349556253475 S2_N1_Tm1
15028 9 -3 0 S2_N1_Tm1
15029 9 -3 133.646613791146 S2_N1_Tm1
15030 9 -3 0 S2_N1_Tm1
15032 9 -3 0 S2_N1_Tm1
15033 9 -3 1.97817135593174 S2_N1_Tm1
15035 9 -3 0 S2_N1_Tm1
15036 9 -3 76.6330377522858 S2_N1_Tm1
15037 9 -3 0 S2_N1_Tm1
15039 9 -3 0 S2_N1_Tm1
15041 9 -3 58.7293774296436 S2_N1_Tm1
15023 10 -3 274.714233300014 S2_N1_Tm1
15024 10 -3 32.3377379756223 S2_N1_Tm1
15025 10 -3 134.734376175626 S2_N1_Tm1
15026 10 -3 0 S2_N1_Tm1
15027 10 -3 4.40140833724153 S2_N1_Tm1
15028 10 -3 0 S2_N1_Tm1
15029 10 -3 183.086652400124 S2_N1_Tm1
15030 10 -3 1.8437763699449 S2_N1_Tm1
15032 10 -3 56.3952497036309 S2_N1_Tm1
15033 10 -3 39.6760405262265 S2_N1_Tm1
15035 10 -3 2.16660906230368 S2_N1_Tm1
15036 10 -3 85.5028719109148 S2_N1_Tm1
15037 10 -3 0 S2_N1_Tm1
15039 10 -3 0 S2_N1_Tm1
15041 10 -3 94.393084489053 S2_N1_Tm1
15023 11 -3 6.95634134872271 S2_N1_Tm1
15024 11 -3 0 S2_N1_Tm1
15025 11 -3 0 S2_N1_Tm1
15026 11 -3 0 S2_N1_Tm1
15027 11 -3 0 S2_N1_Tm1
15028 11 -3 0 S2_N1_Tm1
15029 11 -3 0 S2_N1_Tm1
15030 11 -3 0 S2_N1_Tm1
15032 11 -3 0 S2_N1_Tm1
15033 11 -3 0 S2_N1_Tm1
15035 11 -3 0 S2_N1_Tm1
15036 11 -3 0 S2_N1_Tm1
15037 11 -3 0 S2_N1_Tm1
15039 11 -3 0 S2_N1_Tm1
15041 11 -3 0 S2_N1_Tm1
15023 12 -3 10.6638772681851 S2_N1_Tm1
15024 12 -3 0 S2_N1_Tm1
15025 12 -3 0 S2_N1_Tm1
15026 12 -3 0 S2_N1_Tm1
15027 12 -3 0 S2_N1_Tm1
15028 12 -3 0 S2_N1_Tm1
15029 12 -3 1.66157089185941 S2_N1_Tm1
15030 12 -3 0 S2_N1_Tm1
15032 12 -3 0 S2_N1_Tm1
15033 12 -3 0 S2_N1_Tm1
15035 12 -3 0 S2_N1_Tm1
15036 12 -3 0 S2_N1_Tm1
15037 12 -3 0 S2_N1_Tm1
15039 12 -3 0 S2_N1_Tm1
15041 12 -3 0 S2_N1_Tm1
15023 13 -3 167.583382717705 S2_N1_Tm1
15024 13 -3 0 S2_N1_Tm1
15025 13 -3 10.6166532734855 S2_N1_Tm1
15026 13 -3 0 S2_N1_Tm1
15027 13 -3 0 S2_N1_Tm1
15028 13 -3 0 S2_N1_Tm1
15029 13 -3 55.796195899829 S2_N1_Tm1
15030 13 -3 0 S2_N1_Tm1
15032 13 -3 0 S2_N1_Tm1
15033 13 -3 0 S2_N1_Tm1
15035 13 -3 0 S2_N1_Tm1
15036 13 -3 22.5802274582841 S2_N1_Tm1
15037 13 -3 0 S2_N1_Tm1
15039 13 -3 0 S2_N1_Tm1
15041 13 -3 11.9181253639906 S2_N1_Tm1
15023 14 -3 165.403833839881 S2_N1_Tm1
15024 14 -3 0 S2_N1_Tm1
15025 14 -3 0 S2_N1_Tm1
15026 14 -3 0 S2_N1_Tm1
15027 14 -3 2.43546702851988 S2_N1_Tm1
15028 14 -3 2.42233333756789 S2_N1_Tm1
15029 14 -3 31.2573190076695 S2_N1_Tm1
15030 14 -3 0 S2_N1_Tm1
15032 14 -3 0 S2_N1_Tm1
15033 14 -3 0 S2_N1_Tm1
15035 14 -3 0 S2_N1_Tm1
15036 14 -3 11.956268103928 S2_N1_Tm1
15037 14 -3 0 S2_N1_Tm1
15039 14 -3 0 S2_N1_Tm1
15041 14 -3 1.47425509536683 S2_N1_Tm1
15023 15 -3 523.168945340218 S2_N1_Tm1
15024 15 -3 114.048362007309 S2_N1_Tm1
15025 15 -3 289.998429000102 S2_N1_Tm1
15026 15 -3 40.9571271075183 S2_N1_Tm1
15027 15 -3 102.121487602614 S2_N1_Tm1
15028 15 -3 35.9462712415736 S2_N1_Tm1
15029 15 -3 385.629875952484 S2_N1_Tm1
15030 15 -3 59.5423570797189 S2_N1_Tm1
15032 15 -3 153.114138346977 S2_N1_Tm1
15033 15 -3 138.526870056743 S2_N1_Tm1
15035 15 -3 73.7203911210606 S2_N1_Tm1
15036 15 -3 217.943174876263 S2_N1_Tm1
15037 15 -3 52.8537132785803 S2_N1_Tm1
15039 15 -3 12.4012708860276 S2_N1_Tm1
15041 15 -3 218.919111310227 S2_N1_Tm1
15023 16 -3 359.48272225602 S2_N1_Tm1
15024 16 -3 63.6913123962511 S2_N1_Tm1
15025 16 -3 206.827846049989 S2_N1_Tm1
15026 16 -3 2.83791564413059 S2_N1_Tm1
15027 16 -3 32.1414810302249 S2_N1_Tm1
15028 16 -3 1.74414441346208 S2_N1_Tm1
15029 16 -3 259.703257240494 S2_N1_Tm1
15030 16 -3 41.847277393029 S2_N1_Tm1
15032 16 -3 102.078597543472 S2_N1_Tm1
15033 16 -3 90.4487035574041 S2_N1_Tm1
15035 16 -3 18.1299306169314 S2_N1_Tm1
15036 16 -3 124.953012236436 S2_N1_Tm1
15037 16 -3 11.7068152845852 S2_N1_Tm1
15039 16 -3 0 S2_N1_Tm1
15041 16 -3 146.180635589494 S2_N1_Tm1
15023 17 -3 324.864060547205 S2_N1_Tm1
15024 17 -3 39.6995477719176 S2_N1_Tm1
15025 17 -3 98.5844663289402 S2_N1_Tm1
15026 17 -3 0 S2_N1_Tm1
15027 17 -3 27.9796309602758 S2_N1_Tm1
15028 17 -3 17.1430717793365 S2_N1_Tm1
15029 17 -3 173.156932499228 S2_N1_Tm1
15030 17 -3 0 S2_N1_Tm1
15032 17 -3 0 S2_N1_Tm1
15033 17 -3 4.86557795959862 S2_N1_Tm1
15035 17 -3 0 S2_N1_Tm1
15036 17 -3 127.429677877875 S2_N1_Tm1
15037 17 -3 0 S2_N1_Tm1
15039 17 -3 0 S2_N1_Tm1
15041 17 -3 86.4042704642585 S2_N1_Tm1
15023 18 -3 112.269090937882 S2_N1_Tm1
15024 18 -3 0 S2_N1_Tm1
15025 18 -3 54.0136614296052 S2_N1_Tm1
15026 18 -3 0 S2_N1_Tm1
15027 18 -3 0 S2_N1_Tm1
15028 18 -3 0 S2_N1_Tm1
15029 18 -3 74.3829055302788 S2_N1_Tm1
15030 18 -3 0 S2_N1_Tm1
15032 18 -3 4.36500055693905 S2_N1_Tm1
15033 18 -3 1.69159155695903 S2_N1_Tm1
15035 18 -3 0 S2_N1_Tm1
15036 18 -3 2.96813325756232 S2_N1_Tm1
15037 18 -3 0 S2_N1_Tm1
15039 18 -3 0 S2_N1_Tm1
15041 18 -3 26.9662932943582 S2_N1_Tm1
15023 19 -3 282.210382267047 S2_N1_Tm1
15024 19 -3 32.9478450243631 S2_N1_Tm1
15025 19 -3 130.720220694806 S2_N1_Tm1
15026 19 -3 0 S2_N1_Tm1
15027 19 -3 4.96509399775362 S2_N1_Tm1
15028 19 -3 0 S2_N1_Tm1
15029 19 -3 181.661450400591 S2_N1_Tm1
15030 19 -3 0 S2_N1_Tm1
15032 19 -3 49.9724048239291 S2_N1_Tm1
15033 19 -3 35.5472867742927 S2_N1_Tm1
15035 19 -3 1.99850674192181 S2_N1_Tm1
15036 19 -3 89.6589318183113 S2_N1_Tm1
15037 19 -3 0 S2_N1_Tm1
15039 19 -3 0 S2_N1_Tm1
15041 19 -3 93.5850034878908 S2_N1_Tm1
15023 20 -3 456.60128290465 S2_N1_Tm1
15024 20 -3 94.5373238262468 S2_N1_Tm1
15025 20 -3 265.796366597411 S2_N1_Tm1
15026 20 -3 21.6016470565003 S2_N1_Tm1
15027 20 -3 73.9753964472114 S2_N1_Tm1
15028 20 -3 14.4773394042687 S2_N1_Tm1
15029 20 -3 341.224724256394 S2_N1_Tm1
15030 20 -3 61.0568416986347 S2_N1_Tm1
15032 20 -3 138.746287693262 S2_N1_Tm1
15033 20 -3 125.150783614611 S2_N1_Tm1
15035 20 -3 51.9137671934051 S2_N1_Tm1
15036 20 -3 177.273803487697 S2_N1_Tm1
15037 20 -3 36.7149786081275 S2_N1_Tm1
15039 20 -3 2.8770551105196 S2_N1_Tm1
15041 20 -3 195.096860561852 S2_N1_Tm1
15023 21 -3 236.096200554898 S2_N1_Tm1
15024 21 -3 17.8140140456656 S2_N1_Tm1
15025 21 -3 105.910450040061 S2_N1_Tm1
15026 21 -3 0 S2_N1_Tm1
15027 21 -3 1.19731474593514 S2_N1_Tm1
15028 21 -3 0 S2_N1_Tm1
15029 21 -3 151.410129829301 S2_N1_Tm1
15030 21 -3 0 S2_N1_Tm1
15032 21 -3 31.9272579221181 S2_N1_Tm1
15033 21 -3 17.5975581594779 S2_N1_Tm1
15035 21 -3 0 S2_N1_Tm1
15036 21 -3 65.5663948572367 S2_N1_Tm1
15037 21 -3 0 S2_N1_Tm1
15039 21 -3 0 S2_N1_Tm1
15041 21 -3 72.6827858373377 S2_N1_Tm1
15023 22 -3 261.708507805827 S2_N1_Tm1
15024 22 -3 33.4299922423531 S2_N1_Tm1
15025 22 -3 151.373619775717 S2_N1_Tm1
15026 22 -3 0 S2_N1_Tm1
15027 22 -3 5.02614708456494 S2_N1_Tm1
15028 22 -3 0 S2_N1_Tm1
15029 22 -3 193.913872479257 S2_N1_Tm1
15030 22 -3 21.3018521720819 S2_N1_Tm1
15032 22 -3 65.9013680514372 S2_N1_Tm1
15033 22 -3 53.9942400650404 S2_N1_Tm1
15035 22 -3 2.14554299394792 S2_N1_Tm1
15036 22 -3 78.209067849228 S2_N1_Tm1
15037 22 -3 0 S2_N1_Tm1
15039 22 -3 0 S2_N1_Tm1
15041 22 -3 100.07469203041 S2_N1_Tm1
15023 23 -3 303.709776628494 S2_N1_Tm1
15024 23 -3 31.2916188316522 S2_N1_Tm1
15025 23 -3 115.215006077069 S2_N1_Tm1
15026 23 -3 0 S2_N1_Tm1
15027 23 -3 7.11320590960443 S2_N1_Tm1
15028 23 -3 1.15261451377676 S2_N1_Tm1
15029 23 -3 176.070965281624 S2_N1_Tm1
15030 23 -3 0 S2_N1_Tm1
15032 23 -3 15.5472225760092 S2_N1_Tm1
15033 23 -3 18.3486252493407 S2_N1_Tm1
15035 23 -3 0 S2_N1_Tm1
15036 23 -3 99.8994616669098 S2_N1_Tm1
15037 23 -3 0 S2_N1_Tm1
15039 23 -3 0 S2_N1_Tm1
15041 23 -3 85.1390967507501 S2_N1_Tm1
15023 24 -3 254.735510933495 S2_N1_Tm1
15024 24 -3 25.3013194242361 S2_N1_Tm1
15025 24 -3 123.503152604894 S2_N1_Tm1
15026 24 -3 0 S2_N1_Tm1
15027 24 -3 2.36000429077764 S2_N1_Tm1
15028 24 -3 0 S2_N1_Tm1
15029 24 -3 170.153014142038 S2_N1_Tm1
15030 24 -3 0 S2_N1_Tm1
15032 24 -3 48.2667198496839 S2_N1_Tm1
15033 24 -3 30.9348268094769 S2_N1_Tm1
15035 24 -3 1.17552283451136 S2_N1_Tm1
15036 24 -3 75.1520615571934 S2_N1_Tm1
15037 24 -3 0 S2_N1_Tm1
15039 24 -3 0 S2_N1_Tm1
15041 24 -3 84.382075856525 S2_N1_Tm1
15023 25 -3 141.041129459508 S2_N1_Tm1
15024 25 -3 0 S2_N1_Tm1
15025 25 -3 0 S2_N1_Tm1
15026 25 -3 0 S2_N1_Tm1
15027 25 -3 0 S2_N1_Tm1
15028 25 -3 0 S2_N1_Tm1
15029 25 -3 14.7721756369707 S2_N1_Tm1
15030 25 -3 0 S2_N1_Tm1
15032 25 -3 0 S2_N1_Tm1
15033 25 -3 0 S2_N1_Tm1
15035 25 -3 0 S2_N1_Tm1
15036 25 -3 4.04737647831497 S2_N1_Tm1
15037 25 -3 0 S2_N1_Tm1
15039 25 -3 0 S2_N1_Tm1
15041 25 -3 0 S2_N1_Tm1
15023 26 -3 337.916781850526 S2_N1_Tm1
15024 26 -3 54.4790860773833 S2_N1_Tm1
15025 26 -3 190.103278689034 S2_N1_Tm1
15026 26 -3 1.6471879616142 S2_N1_Tm1
15027 26 -3 21.9710468947377 S2_N1_Tm1
15028 26 -3 0 S2_N1_Tm1
15029 26 -3 241.223999547227 S2_N1_Tm1
15030 26 -3 34.9745230508182 S2_N1_Tm1
15032 26 -3 91.4757125207673 S2_N1_Tm1
15033 26 -3 78.8435691463975 S2_N1_Tm1
15035 26 -3 11.5519359812172 S2_N1_Tm1
15036 26 -3 112.043796145002 S2_N1_Tm1
15037 26 -3 7.35108220507301 S2_N1_Tm1
15039 26 -3 0 S2_N1_Tm1
15041 26 -3 131.34900603677 S2_N1_Tm1
15023 27 -3 0 S2_N1_Tm1
15024 27 -3 0 S2_N1_Tm1
15025 27 -3 0 S2_N1_Tm1
15026 27 -3 0 S2_N1_Tm1
15027 27 -3 0 S2_N1_Tm1
15028 27 -3 0 S2_N1_Tm1
15029 27 -3 0 S2_N1_Tm1
15030 27 -3 0 S2_N1_Tm1
15032 27 -3 0 S2_N1_Tm1
15033 27 -3 0 S2_N1_Tm1
15035 27 -3 0 S2_N1_Tm1
15036 27 -3 0 S2_N1_Tm1
15037 27 -3 0 S2_N1_Tm1
15039 27 -3 0 S2_N1_Tm1
15041 27 -3 0 S2_N1_Tm1
15023 28 -3 382.095936215258 S2_N1_Tm1
15024 28 -3 66.5637602080298 S2_N1_Tm1
15025 28 -3 221.090211192236 S2_N1_Tm1
15026 28 -3 4.86464193656051 S2_N1_Tm1
15027 28 -3 39.3265678320711 S2_N1_Tm1
15028 28 -3 1.96139147169095 S2_N1_Tm1
15029 28 -3 278.299787869149 S2_N1_Tm1
15030 28 -3 50.9202191157048 S2_N1_Tm1
15032 28 -3 106.645396464855 S2_N1_Tm1
15033 28 -3 96.1405578959197 S2_N1_Tm1
15035 28 -3 22.0958063967276 S2_N1_Tm1
15036 28 -3 130.444851785978 S2_N1_Tm1
15037 28 -3 18.7162682969566 S2_N1_Tm1
15039 28 -3 0 S2_N1_Tm1
15041 28 -3 151.387068437083 S2_N1_Tm1
15023 29 -3 141.077520074577 S2_N1_Tm1
15024 29 -3 0 S2_N1_Tm1
15025 29 -3 13.5993245521618 S2_N1_Tm1
15026 29 -3 0 S2_N1_Tm1
15027 29 -3 0 S2_N1_Tm1
15028 29 -3 0 S2_N1_Tm1
15029 29 -3 50.6573701344612 S2_N1_Tm1
15030 29 -3 0 S2_N1_Tm1
15032 29 -3 0 S2_N1_Tm1
15033 29 -3 0 S2_N1_Tm1
15035 29 -3 0 S2_N1_Tm1
15036 29 -3 9.54380422441876 S2_N1_Tm1
15037 29 -3 0 S2_N1_Tm1
15039 29 -3 0 S2_N1_Tm1
15041 29 -3 9.26610837379077 S2_N1_Tm1
15023 30 -3 144.279917298956 S2_N1_Tm1
15024 30 -3 0 S2_N1_Tm1
15025 30 -3 0 S2_N1_Tm1
15026 30 -3 0 S2_N1_Tm1
15027 30 -3 0 S2_N1_Tm1
15028 30 -3 0 S2_N1_Tm1
15029 30 -3 15.794445073249 S2_N1_Tm1
15030 30 -3 0 S2_N1_Tm1
15032 30 -3 0 S2_N1_Tm1
15033 30 -3 0 S2_N1_Tm1
15035 30 -3 0 S2_N1_Tm1
15036 30 -3 4.87959713052691 S2_N1_Tm1
15037 30 -3 0 S2_N1_Tm1
15039 30 -3 0 S2_N1_Tm1
15041 30 -3 0 S2_N1_Tm1
15023 31 -3 193.497589654537 S2_N1_Tm1
15024 31 -3 0 S2_N1_Tm1
15025 31 -3 2.19588203115556 S2_N1_Tm1
15026 31 -3 0 S2_N1_Tm1
15027 31 -3 0 S2_N1_Tm1
15028 31 -3 0 S2_N1_Tm1
15029 31 -3 58.635710184487 S2_N1_Tm1
15030 31 -3 0 S2_N1_Tm1
15032 31 -3 0 S2_N1_Tm1
15033 31 -3 0 S2_N1_Tm1
15035 31 -3 0 S2_N1_Tm1
15036 31 -3 27.0814743241288 S2_N1_Tm1
15037 31 -3 0 S2_N1_Tm1
15039 31 -3 0 S2_N1_Tm1
15041 31 -3 1.54433872810145 S2_N1_Tm1
15023 1 -5 0 S2_N1_Tm1
15024 1 -5 0 S2_N1_Tm1
15025 1 -5 0 S2_N1_Tm1
15026 1 -5 0 S2_N1_Tm1
15027 1 -5 0 S2_N1_Tm1
15028 1 -5 0 S2_N1_Tm1
15029 1 -5 0 S2_N1_Tm1
15030 1 -5 0 S2_N1_Tm1
15032 1 -5 0 S2_N1_Tm1
15033 1 -5 0 S2_N1_Tm1
15035 1 -5 0 S2_N1_Tm1
15036 1 -5 0 S2_N1_Tm1
15037 1 -5 0 S2_N1_Tm1
15039 1 -5 0 S2_N1_Tm1
15041 1 -5 0 S2_N1_Tm1
15023 2 -5 0 S2_N1_Tm1
15024 2 -5 0 S2_N1_Tm1
15025 2 -5 0 S2_N1_Tm1
15026 2 -5 0 S2_N1_Tm1
15027 2 -5 0 S2_N1_Tm1
15028 2 -5 0 S2_N1_Tm1
15029 2 -5 0 S2_N1_Tm1
15030 2 -5 0 S2_N1_Tm1
15032 2 -5 0 S2_N1_Tm1
15033 2 -5 0 S2_N1_Tm1
15035 2 -5 0 S2_N1_Tm1
15036 2 -5 0 S2_N1_Tm1
15037 2 -5 0 S2_N1_Tm1
15039 2 -5 0 S2_N1_Tm1
15041 2 -5 0 S2_N1_Tm1
15023 3 -5 7.74372754593578 S2_N1_Tm1
15024 3 -5 0 S2_N1_Tm1
15025 3 -5 0 S2_N1_Tm1
15026 3 -5 0 S2_N1_Tm1
15027 3 -5 0 S2_N1_Tm1
15028 3 -5 0 S2_N1_Tm1
15029 3 -5 0 S2_N1_Tm1
15030 3 -5 0 S2_N1_Tm1
15032 3 -5 0 S2_N1_Tm1
15033 3 -5 0 S2_N1_Tm1
15035 3 -5 0 S2_N1_Tm1
15036 3 -5 0 S2_N1_Tm1
15037 3 -5 0 S2_N1_Tm1
15039 3 -5 0 S2_N1_Tm1
15041 3 -5 0 S2_N1_Tm1
15023 4 -5 2.70462841473312 S2_N1_Tm1
15024 4 -5 0 S2_N1_Tm1
15025 4 -5 0 S2_N1_Tm1
15026 4 -5 0 S2_N1_Tm1
15027 4 -5 0 S2_N1_Tm1
15028 4 -5 0 S2_N1_Tm1
15029 4 -5 0 S2_N1_Tm1
15030 4 -5 0 S2_N1_Tm1
15032 4 -5 0 S2_N1_Tm1
15033 4 -5 0 S2_N1_Tm1
15035 4 -5 0 S2_N1_Tm1
15036 4 -5 0 S2_N1_Tm1
15037 4 -5 0 S2_N1_Tm1
15039 4 -5 0 S2_N1_Tm1
15041 4 -5 0 S2_N1_Tm1
15023 5 -5 0 S2_N1_Tm1
15024 5 -5 0 S2_N1_Tm1
15025 5 -5 0 S2_N1_Tm1
15026 5 -5 0 S2_N1_Tm1
15027 5 -5 0 S2_N1_Tm1
15028 5 -5 0 S2_N1_Tm1
15029 5 -5 0 S2_N1_Tm1
15030 5 -5 0 S2_N1_Tm1
15032 5 -5 0 S2_N1_Tm1
15033 5 -5 0 S2_N1_Tm1
15035 5 -5 0 S2_N1_Tm1
15036 5 -5 0 S2_N1_Tm1
15037 5 -5 0 S2_N1_Tm1
15039 5 -5 0 S2_N1_Tm1
15041 5 -5 0 S2_N1_Tm1
15023 6 -5 237.264034601368 S2_N1_Tm1
15024 6 -5 12.4104415895708 S2_N1_Tm1
15025 6 -5 74.0926045513089 S2_N1_Tm1
15026 6 -5 0 S2_N1_Tm1
15027 6 -5 1.69057618697455 S2_N1_Tm1
15028 6 -5 0 S2_N1_Tm1
15029 6 -5 128.504353206915 S2_N1_Tm1
15030 6 -5 0 S2_N1_Tm1
15032 6 -5 0 S2_N1_Tm1
15033 6 -5 1.60592286294517 S2_N1_Tm1
15035 6 -5 0 S2_N1_Tm1
15036 6 -5 72.2842131480797 S2_N1_Tm1
15037 6 -5 6.79432124405217 S2_N1_Tm1
15039 6 -5 0 S2_N1_Tm1
15041 6 -5 55.719312800226 S2_N1_Tm1
15023 7 -5 0 S2_N1_Tm1
15024 7 -5 0 S2_N1_Tm1
15025 7 -5 0 S2_N1_Tm1
15026 7 -5 0 S2_N1_Tm1
15027 7 -5 0 S2_N1_Tm1
15028 7 -5 0 S2_N1_Tm1
15029 7 -5 0 S2_N1_Tm1
15030 7 -5 0 S2_N1_Tm1
15032 7 -5 0 S2_N1_Tm1
15033 7 -5 0 S2_N1_Tm1
15035 7 -5 0 S2_N1_Tm1
15036 7 -5 0 S2_N1_Tm1
15037 7 -5 0 S2_N1_Tm1
15039 7 -5 0 S2_N1_Tm1
15041 7 -5 0 S2_N1_Tm1
15023 8 -5 85.7606420922409 S2_N1_Tm1
15024 8 -5 0 S2_N1_Tm1
15025 8 -5 22.0460496369265 S2_N1_Tm1
15026 8 -5 0 S2_N1_Tm1
15027 8 -5 0 S2_N1_Tm1
15028 8 -5 0 S2_N1_Tm1
15029 8 -5 39.4951915368147 S2_N1_Tm1
15030 8 -5 0 S2_N1_Tm1
15032 8 -5 0 S2_N1_Tm1
15033 8 -5 0 S2_N1_Tm1
15035 8 -5 0 S2_N1_Tm1
15036 8 -5 0 S2_N1_Tm1
15037 8 -5 0 S2_N1_Tm1
15039 8 -5 0 S2_N1_Tm1
15041 8 -5 7.05484512879051 S2_N1_Tm1
15023 9 -5 84.7487505725703 S2_N1_Tm1
15024 9 -5 0 S2_N1_Tm1
15025 9 -5 0 S2_N1_Tm1
15026 9 -5 0 S2_N1_Tm1
15027 9 -5 0 S2_N1_Tm1
15028 9 -5 0 S2_N1_Tm1
15029 9 -5 10.0548399328091 S2_N1_Tm1
15030 9 -5 0 S2_N1_Tm1
15032 9 -5 0 S2_N1_Tm1
15033 9 -5 0 S2_N1_Tm1
15035 9 -5 0 S2_N1_Tm1
15036 9 -5 0 S2_N1_Tm1
15037 9 -5 0 S2_N1_Tm1
15039 9 -5 0 S2_N1_Tm1
15041 9 -5 0 S2_N1_Tm1
15023 10 -5 69.3995997145256 S2_N1_Tm1
15024 10 -5 0 S2_N1_Tm1
15025 10 -5 8.8746042269464 S2_N1_Tm1
15026 10 -5 0 S2_N1_Tm1
15027 10 -5 0 S2_N1_Tm1
15028 10 -5 0 S2_N1_Tm1
15029 10 -5 22.7359743469202 S2_N1_Tm1
15030 10 -5 0 S2_N1_Tm1
15032 10 -5 0 S2_N1_Tm1
15033 10 -5 0 S2_N1_Tm1
15035 10 -5 0 S2_N1_Tm1
15036 10 -5 0 S2_N1_Tm1
15037 10 -5 0 S2_N1_Tm1
15039 10 -5 0 S2_N1_Tm1
15041 10 -5 1.98394592379427 S2_N1_Tm1
15023 11 -5 0 S2_N1_Tm1
15024 11 -5 0 S2_N1_Tm1
15025 11 -5 0 S2_N1_Tm1
15026 11 -5 0 S2_N1_Tm1
15027 11 -5 0 S2_N1_Tm1
15028 11 -5 0 S2_N1_Tm1
15029 11 -5 0 S2_N1_Tm1
15030 11 -5 0 S2_N1_Tm1
15032 11 -5 0 S2_N1_Tm1
15033 11 -5 0 S2_N1_Tm1
15035 11 -5 0 S2_N1_Tm1
15036 11 -5 0 S2_N1_Tm1
15037 11 -5 0 S2_N1_Tm1
15039 11 -5 0 S2_N1_Tm1
15041 11 -5 0 S2_N1_Tm1
15023 12 -5 0 S2_N1_Tm1
15024 12 -5 0 S2_N1_Tm1
15025 12 -5 0 S2_N1_Tm1
15026 12 -5 0 S2_N1_Tm1
15027 12 -5 0 S2_N1_Tm1
15028 12 -5 0 S2_N1_Tm1
15029 12 -5 0 S2_N1_Tm1
15030 12 -5 0 S2_N1_Tm1
15032 12 -5 0 S2_N1_Tm1
15033 12 -5 0 S2_N1_Tm1
15035 12 -5 0 S2_N1_Tm1
15036 12 -5 0 S2_N1_Tm1
15037 12 -5 0 S2_N1_Tm1
15039 12 -5 0 S2_N1_Tm1
15041 12 -5 0 S2_N1_Tm1
15023 13 -5 37.8478299048528 S2_N1_Tm1
15024 13 -5 0 S2_N1_Tm1
15025 13 -5 0 S2_N1_Tm1
15026 13 -5 0 S2_N1_Tm1
15027 13 -5 0 S2_N1_Tm1
15028 13 -5 0 S2_N1_Tm1
15029 13 -5 0 S2_N1_Tm1
15030 13 -5 0 S2_N1_Tm1
15032 13 -5 0 S2_N1_Tm1
15033 13 -5 0 S2_N1_Tm1
15035 13 -5 0 S2_N1_Tm1
15036 13 -5 0 S2_N1_Tm1
15037 13 -5 0 S2_N1_Tm1
15039 13 -5 0 S2_N1_Tm1
15041 13 -5 0 S2_N1_Tm1
15023 14 -5 113.432089179638 S2_N1_Tm1
15024 14 -5 0 S2_N1_Tm1
15025 14 -5 0 S2_N1_Tm1
15026 14 -5 0 S2_N1_Tm1
15027 14 -5 0 S2_N1_Tm1
15028 14 -5 0 S2_N1_Tm1
15029 14 -5 4.21373234203134 S2_N1_Tm1
15030 14 -5 0 S2_N1_Tm1
15032 14 -5 0 S2_N1_Tm1
15033 14 -5 0 S2_N1_Tm1
15035 14 -5 0 S2_N1_Tm1
15036 14 -5 1.11000839071616 S2_N1_Tm1
15037 14 -5 0 S2_N1_Tm1
15039 14 -5 0 S2_N1_Tm1
15041 14 -5 0 S2_N1_Tm1
15023 15 -5 348.247723674914 S2_N1_Tm1
15024 15 -5 64.3792559059147 S2_N1_Tm1
15025 15 -5 190.563607093657 S2_N1_Tm1
15026 15 -5 2.18990477948703 S2_N1_Tm1
15027 15 -5 35.8235350771596 S2_N1_Tm1
15028 15 -5 4.32034185273713 S2_N1_Tm1
15029 15 -5 250.04287381328 S2_N1_Tm1
15030 15 -5 54.7435942940538 S2_N1_Tm1
15032 15 -5 94.3542097133879 S2_N1_Tm1
15033 15 -5 78.6812210766395 S2_N1_Tm1
15035 15 -5 20.9139193187559 S2_N1_Tm1
15036 15 -5 136.662728222119 S2_N1_Tm1
15037 15 -5 66.5480903773535 S2_N1_Tm1
15039 15 -5 0 S2_N1_Tm1
15041 15 -5 137.916658715833 S2_N1_Tm1
15023 16 -5 139.194645488249 S2_N1_Tm1
15024 16 -5 1.8094055334565 S2_N1_Tm1
15025 16 -5 71.7367703225432 S2_N1_Tm1
15026 16 -5 0 S2_N1_Tm1
15027 16 -5 0 S2_N1_Tm1
15028 16 -5 0 S2_N1_Tm1
15029 16 -5 96.030871660567 S2_N1_Tm1
15030 16 -5 6.93171875273504 S2_N1_Tm1
15032 16 -5 12.102853807432 S2_N1_Tm1
15033 16 -5 4.66099444808189 S2_N1_Tm1
15035 16 -5 0 S2_N1_Tm1
15036 16 -5 10.7344883296395 S2_N1_Tm1
15037 16 -5 0 S2_N1_Tm1
15039 16 -5 0 S2_N1_Tm1
15041 16 -5 40.4713677382254 S2_N1_Tm1
15023 17 -5 227.798196083976 S2_N1_Tm1
15024 17 -5 7.09134618919233 S2_N1_Tm1
15025 17 -5 48.2214044912568 S2_N1_Tm1
15026 17 -5 0 S2_N1_Tm1
15027 17 -5 1.76894062475151 S2_N1_Tm1
15028 17 -5 1.46752412996048 S2_N1_Tm1
15029 17 -5 106.730827958367 S2_N1_Tm1
15030 17 -5 0 S2_N1_Tm1
15032 17 -5 0 S2_N1_Tm1
15033 17 -5 0 S2_N1_Tm1
15035 17 -5 0 S2_N1_Tm1
15036 17 -5 66.1937616510778 S2_N1_Tm1
15037 17 -5 1.26966521090635 S2_N1_Tm1
15039 17 -5 0 S2_N1_Tm1
15041 17 -5 41.096317920607 S2_N1_Tm1
15023 18 -5 0 S2_N1_Tm1
15024 18 -5 0 S2_N1_Tm1
15025 18 -5 0 S2_N1_Tm1
15026 18 -5 0 S2_N1_Tm1
15027 18 -5 0 S2_N1_Tm1
15028 18 -5 0 S2_N1_Tm1
15029 18 -5 0 S2_N1_Tm1
15030 18 -5 0 S2_N1_Tm1
15032 18 -5 0 S2_N1_Tm1
15033 18 -5 0 S2_N1_Tm1
15035 18 -5 0 S2_N1_Tm1
15036 18 -5 0 S2_N1_Tm1
15037 18 -5 0 S2_N1_Tm1
15039 18 -5 0 S2_N1_Tm1
15041 18 -5 0 S2_N1_Tm1
15023 19 -5 80.9462324442115 S2_N1_Tm1
15024 19 -5 0 S2_N1_Tm1
15025 19 -5 10.4941988964046 S2_N1_Tm1
15026 19 -5 0 S2_N1_Tm1
15027 19 -5 0 S2_N1_Tm1
15028 19 -5 0 S2_N1_Tm1
15029 19 -5 27.8691520912359 S2_N1_Tm1
15030 19 -5 0 S2_N1_Tm1
15032 19 -5 0 S2_N1_Tm1
15033 19 -5 0 S2_N1_Tm1
15035 19 -5 0 S2_N1_Tm1
15036 19 -5 0 S2_N1_Tm1
15037 19 -5 0 S2_N1_Tm1
15039 19 -5 0 S2_N1_Tm1
15041 19 -5 2.82989913693788 S2_N1_Tm1
15023 20 -5 246.563907905951 S2_N1_Tm1
15024 20 -5 33.4217052634628 S2_N1_Tm1
15025 20 -5 142.198151889348 S2_N1_Tm1
15026 20 -5 0 S2_N1_Tm1
15027 20 -5 4.22681592146092 S2_N1_Tm1
15028 20 -5 0 S2_N1_Tm1
15029 20 -5 182.622218162542 S2_N1_Tm1
15030 20 -5 41.1781943147792 S2_N1_Tm1
15032 20 -5 63.8221894186454 S2_N1_Tm1
15033 20 -5 48.7413877261637 S2_N1_Tm1
15035 20 -5 2.31204213734343 S2_N1_Tm1
15036 20 -5 79.4622594748875 S2_N1_Tm1
15037 20 -5 34.0422818487204 S2_N1_Tm1
15039 20 -5 0 S2_N1_Tm1
15041 20 -5 97.7235159163673 S2_N1_Tm1
15023 21 -5 35.8818407709965 S2_N1_Tm1
15024 21 -5 0 S2_N1_Tm1
15025 21 -5 0 S2_N1_Tm1
15026 21 -5 0 S2_N1_Tm1
15027 21 -5 0 S2_N1_Tm1
15028 21 -5 0 S2_N1_Tm1
15029 21 -5 3.38377526774037 S2_N1_Tm1
15030 21 -5 0 S2_N1_Tm1
15032 21 -5 0 S2_N1_Tm1
15033 21 -5 0 S2_N1_Tm1
15035 21 -5 0 S2_N1_Tm1
15036 21 -5 0 S2_N1_Tm1
15037 21 -5 0 S2_N1_Tm1
15039 21 -5 0 S2_N1_Tm1
15041 21 -5 0 S2_N1_Tm1
15023 22 -5 48.1089293326372 S2_N1_Tm1
15024 22 -5 0 S2_N1_Tm1
15025 22 -5 8.766515473936 S2_N1_Tm1
15026 22 -5 0 S2_N1_Tm1
15027 22 -5 0 S2_N1_Tm1
15028 22 -5 0 S2_N1_Tm1
15029 22 -5 17.6744408029294 S2_N1_Tm1
15030 22 -5 0 S2_N1_Tm1
15032 22 -5 0 S2_N1_Tm1
15033 22 -5 0 S2_N1_Tm1
15035 22 -5 0 S2_N1_Tm1
15036 22 -5 0 S2_N1_Tm1
15037 22 -5 0 S2_N1_Tm1
15039 22 -5 0 S2_N1_Tm1
15041 22 -5 1.21326270222479 S2_N1_Tm1
15023 23 -5 108.233670152876 S2_N1_Tm1
15024 23 -5 0 S2_N1_Tm1
15025 23 -5 10.0122234692473 S2_N1_Tm1
15026 23 -5 0 S2_N1_Tm1
15027 23 -5 0 S2_N1_Tm1
15028 23 -5 0 S2_N1_Tm1
15029 23 -5 37.4318146865652 S2_N1_Tm1
15030 23 -5 0 S2_N1_Tm1
15032 23 -5 0 S2_N1_Tm1
15033 23 -5 0 S2_N1_Tm1
15035 23 -5 0 S2_N1_Tm1
15036 23 -5 1.89803044786219 S2_N1_Tm1
15037 23 -5 0 S2_N1_Tm1
15039 23 -5 0 S2_N1_Tm1
15041 23 -5 3.50603144293447 S2_N1_Tm1
15023 24 -5 48.8457937259088 S2_N1_Tm1
15024 24 -5 0 S2_N1_Tm1
15025 24 -5 2.67610400804842 S2_N1_Tm1
15026 24 -5 0 S2_N1_Tm1
15027 24 -5 0 S2_N1_Tm1
15028 24 -5 0 S2_N1_Tm1
15029 24 -5 9.44227787373223 S2_N1_Tm1
15030 24 -5 0 S2_N1_Tm1
15032 24 -5 0 S2_N1_Tm1
15033 24 -5 0 S2_N1_Tm1
15035 24 -5 0 S2_N1_Tm1
15036 24 -5 0 S2_N1_Tm1
15037 24 -5 0 S2_N1_Tm1
15039 24 -5 0 S2_N1_Tm1
15041 24 -5 0 S2_N1_Tm1
15023 25 -5 66.9126134605813 S2_N1_Tm1
15024 25 -5 0 S2_N1_Tm1
15025 25 -5 0 S2_N1_Tm1
15026 25 -5 0 S2_N1_Tm1
15027 25 -5 0 S2_N1_Tm1
15028 25 -5 0 S2_N1_Tm1
15029 25 -5 0 S2_N1_Tm1
15030 25 -5 0 S2_N1_Tm1
15032 25 -5 0 S2_N1_Tm1
15033 25 -5 0 S2_N1_Tm1
15035 25 -5 0 S2_N1_Tm1
15036 25 -5 0 S2_N1_Tm1
15037 25 -5 0 S2_N1_Tm1
15039 25 -5 0 S2_N1_Tm1
15041 25 -5 0 S2_N1_Tm1
15023 26 -5 110.622352741118 S2_N1_Tm1
15024 26 -5 0 S2_N1_Tm1
15025 26 -5 50.1279656127442 S2_N1_Tm1
15026 26 -5 0 S2_N1_Tm1
15027 26 -5 0 S2_N1_Tm1
15028 26 -5 0 S2_N1_Tm1
15029 26 -5 71.1419537348878 S2_N1_Tm1
15030 26 -5 1.61583260332899 S2_N1_Tm1
15032 26 -5 3.42564258566589 S2_N1_Tm1
15033 26 -5 0 S2_N1_Tm1
15035 26 -5 0 S2_N1_Tm1
15036 26 -5 2.56758711395469 S2_N1_Tm1
15037 26 -5 0 S2_N1_Tm1
15039 26 -5 0 S2_N1_Tm1
15041 26 -5 22.1291761207333 S2_N1_Tm1
15023 27 -5 0 S2_N1_Tm1
15024 27 -5 0 S2_N1_Tm1
15025 27 -5 0 S2_N1_Tm1
15026 27 -5 0 S2_N1_Tm1
15027 27 -5 0 S2_N1_Tm1
15028 27 -5 0 S2_N1_Tm1
15029 27 -5 0 S2_N1_Tm1
15030 27 -5 0 S2_N1_Tm1
15032 27 -5 0 S2_N1_Tm1
15033 27 -5 0 S2_N1_Tm1
15035 27 -5 0 S2_N1_Tm1
15036 27 -5 0 S2_N1_Tm1
15037 27 -5 0 S2_N1_Tm1
15039 27 -5 0 S2_N1_Tm1
15041 27 -5 0 S2_N1_Tm1
15023 28 -5 141.827957797645 S2_N1_Tm1
15024 28 -5 1.83427758672256 S2_N1_Tm1
15025 28 -5 75.590806054611 S2_N1_Tm1
15026 28 -5 0 S2_N1_Tm1
15027 28 -5 0 S2_N1_Tm1
15028 28 -5 0 S2_N1_Tm1
15029 28 -5 101.213338203759 S2_N1_Tm1
15030 28 -5 10.3468983243204 S2_N1_Tm1
15032 28 -5 13.1639444858874 S2_N1_Tm1
15033 28 -5 5.44469518875212 S2_N1_Tm1
15035 28 -5 0 S2_N1_Tm1
15036 28 -5 11.557154508978 S2_N1_Tm1
15037 28 -5 1.24098424925979 S2_N1_Tm1
15039 28 -5 0 S2_N1_Tm1
15041 28 -5 41.2446385691231 S2_N1_Tm1
15023 29 -5 0 S2_N1_Tm1
15024 29 -5 0 S2_N1_Tm1
15025 29 -5 0 S2_N1_Tm1
15026 29 -5 0 S2_N1_Tm1
15027 29 -5 0 S2_N1_Tm1
15028 29 -5 0 S2_N1_Tm1
15029 29 -5 0 S2_N1_Tm1
15030 29 -5 0 S2_N1_Tm1
15032 29 -5 0 S2_N1_Tm1
15033 29 -5 0 S2_N1_Tm1
15035 29 -5 0 S2_N1_Tm1
15036 29 -5 0 S2_N1_Tm1
15037 29 -5 0 S2_N1_Tm1
15039 29 -5 0 S2_N1_Tm1
15041 29 -5 0 S2_N1_Tm1
15023 30 -5 80.1417944667928 S2_N1_Tm1
15024 30 -5 0 S2_N1_Tm1
15025 30 -5 0 S2_N1_Tm1
15026 30 -5 0 S2_N1_Tm1
15027 30 -5 0 S2_N1_Tm1
15028 30 -5 0 S2_N1_Tm1
15029 30 -5 0 S2_N1_Tm1
15030 30 -5 0 S2_N1_Tm1
15032 30 -5 0 S2_N1_Tm1
15033 30 -5 0 S2_N1_Tm1
15035 30 -5 0 S2_N1_Tm1
15036 30 -5 0 S2_N1_Tm1
15037 30 -5 0 S2_N1_Tm1
15039 30 -5 0 S2_N1_Tm1
15041 30 -5 0 S2_N1_Tm1
15023 31 -5 54.4484133057184 S2_N1_Tm1
15024 31 -5 0 S2_N1_Tm1
15025 31 -5 0 S2_N1_Tm1
15026 31 -5 0 S2_N1_Tm1
15027 31 -5 0 S2_N1_Tm1
15028 31 -5 0 S2_N1_Tm1
15029 31 -5 0 S2_N1_Tm1
15030 31 -5 0 S2_N1_Tm1
15032 31 -5 0 S2_N1_Tm1
15033 31 -5 0 S2_N1_Tm1
15035 31 -5 0 S2_N1_Tm1
15036 31 -5 0 S2_N1_Tm1
15037 31 -5 0 S2_N1_Tm1
15039 31 -5 0 S2_N1_Tm1
15041 31 -5 0 S2_N1_Tm1
