speciesID lakeID variable value scenario
14037 1 -0.5 27.3458652739584 S2_N0_Tm1
14038 1 -0.5 165.277993181204 S2_N0_Tm1
14039 1 -0.5 0 S2_N0_Tm1
14042 1 -0.5 0 S2_N0_Tm1
14043 1 -0.5 0 S2_N0_Tm1
14046 1 -0.5 296.776681983551 S2_N0_Tm1
14047 1 -0.5 1.21019153333403 S2_N0_Tm1
14049 1 -0.5 0 S2_N0_Tm1
14053 1 -0.5 165.240434243652 S2_N0_Tm1
14054 1 -0.5 0 S2_N0_Tm1
14055 1 -0.5 147.692888299007 S2_N0_Tm1
14057 1 -0.5 40.8388836849719 S2_N0_Tm1
14060 1 -0.5 161.315694593479 S2_N0_Tm1
14061 1 -0.5 0 S2_N0_Tm1
14062 1 -0.5 187.124055202692 S2_N0_Tm1
14037 2 -0.5 0 S2_N0_Tm1
14038 2 -0.5 0 S2_N0_Tm1
14039 2 -0.5 0 S2_N0_Tm1
14042 2 -0.5 0 S2_N0_Tm1
14043 2 -0.5 0 S2_N0_Tm1
14046 2 -0.5 0 S2_N0_Tm1
14047 2 -0.5 0 S2_N0_Tm1
14049 2 -0.5 0 S2_N0_Tm1
14053 2 -0.5 0 S2_N0_Tm1
14054 2 -0.5 0 S2_N0_Tm1
14055 2 -0.5 0 S2_N0_Tm1
14057 2 -0.5 0 S2_N0_Tm1
14060 2 -0.5 0 S2_N0_Tm1
14061 2 -0.5 0 S2_N0_Tm1
14062 2 -0.5 0 S2_N0_Tm1
14037 3 -0.5 0 S2_N0_Tm1
14038 3 -0.5 68.7647208003492 S2_N0_Tm1
14039 3 -0.5 0 S2_N0_Tm1
14042 3 -0.5 0 S2_N0_Tm1
14043 3 -0.5 0 S2_N0_Tm1
14046 3 -0.5 58.2444986044226 S2_N0_Tm1
14047 3 -0.5 0 S2_N0_Tm1
14049 3 -0.5 0 S2_N0_Tm1
14053 3 -0.5 48.1920992961875 S2_N0_Tm1
14054 3 -0.5 0 S2_N0_Tm1
14055 3 -0.5 4.33989181070825 S2_N0_Tm1
14057 3 -0.5 0 S2_N0_Tm1
14060 3 -0.5 2.41689456226781 S2_N0_Tm1
14061 3 -0.5 0 S2_N0_Tm1
14062 3 -0.5 23.8172088448036 S2_N0_Tm1
14037 4 -0.5 10.2785402514723 S2_N0_Tm1
14038 4 -0.5 140.205947757228 S2_N0_Tm1
14039 4 -0.5 0 S2_N0_Tm1
14042 4 -0.5 0 S2_N0_Tm1
14043 4 -0.5 0 S2_N0_Tm1
14046 4 -0.5 264.260185017767 S2_N0_Tm1
14047 4 -0.5 0 S2_N0_Tm1
14049 4 -0.5 0 S2_N0_Tm1
14053 4 -0.5 139.619624083805 S2_N0_Tm1
14054 4 -0.5 0 S2_N0_Tm1
14055 4 -0.5 116.257189726698 S2_N0_Tm1
14057 4 -0.5 12.2214507092296 S2_N0_Tm1
14060 4 -0.5 116.200115346643 S2_N0_Tm1
14061 4 -0.5 0 S2_N0_Tm1
14062 4 -0.5 163.898719137508 S2_N0_Tm1
14037 5 -0.5 0 S2_N0_Tm1
14038 5 -0.5 0 S2_N0_Tm1
14039 5 -0.5 0 S2_N0_Tm1
14042 5 -0.5 0 S2_N0_Tm1
14043 5 -0.5 0 S2_N0_Tm1
14046 5 -0.5 0 S2_N0_Tm1
14047 5 -0.5 0 S2_N0_Tm1
14049 5 -0.5 0 S2_N0_Tm1
14053 5 -0.5 0 S2_N0_Tm1
14054 5 -0.5 0 S2_N0_Tm1
14055 5 -0.5 0 S2_N0_Tm1
14057 5 -0.5 0 S2_N0_Tm1
14060 5 -0.5 0 S2_N0_Tm1
14061 5 -0.5 0 S2_N0_Tm1
14062 5 -0.5 0 S2_N0_Tm1
14037 6 -0.5 11.4032282408335 S2_N0_Tm1
14038 6 -0.5 134.766315202723 S2_N0_Tm1
14039 6 -0.5 0 S2_N0_Tm1
14042 6 -0.5 0 S2_N0_Tm1
14043 6 -0.5 0 S2_N0_Tm1
14046 6 -0.5 244.254122443573 S2_N0_Tm1
14047 6 -0.5 0 S2_N0_Tm1
14049 6 -0.5 0 S2_N0_Tm1
14053 6 -0.5 133.804497317086 S2_N0_Tm1
14054 6 -0.5 0 S2_N0_Tm1
14055 6 -0.5 104.17038917155 S2_N0_Tm1
14057 6 -0.5 10.7667293601106 S2_N0_Tm1
14060 6 -0.5 101.993264038331 S2_N0_Tm1
14061 6 -0.5 0 S2_N0_Tm1
14062 6 -0.5 158.160240548599 S2_N0_Tm1
14037 7 -0.5 0 S2_N0_Tm1
14038 7 -0.5 0 S2_N0_Tm1
14039 7 -0.5 0 S2_N0_Tm1
14042 7 -0.5 0 S2_N0_Tm1
14043 7 -0.5 0 S2_N0_Tm1
14046 7 -0.5 0 S2_N0_Tm1
14047 7 -0.5 0 S2_N0_Tm1
14049 7 -0.5 0 S2_N0_Tm1
14053 7 -0.5 0 S2_N0_Tm1
14054 7 -0.5 0 S2_N0_Tm1
14055 7 -0.5 0 S2_N0_Tm1
14057 7 -0.5 0 S2_N0_Tm1
14060 7 -0.5 0 S2_N0_Tm1
14061 7 -0.5 0 S2_N0_Tm1
14062 7 -0.5 0 S2_N0_Tm1
14037 8 -0.5 11.546550257124 S2_N0_Tm1
14038 8 -0.5 154.963761918624 S2_N0_Tm1
14039 8 -0.5 0 S2_N0_Tm1
14042 8 -0.5 0 S2_N0_Tm1
14043 8 -0.5 0 S2_N0_Tm1
14046 8 -0.5 274.552005390756 S2_N0_Tm1
14047 8 -0.5 0 S2_N0_Tm1
14049 8 -0.5 0 S2_N0_Tm1
14053 8 -0.5 149.653481447294 S2_N0_Tm1
14054 8 -0.5 0 S2_N0_Tm1
14055 8 -0.5 137.850140873712 S2_N0_Tm1
14057 8 -0.5 32.9756533361889 S2_N0_Tm1
14060 8 -0.5 149.052952079484 S2_N0_Tm1
14061 8 -0.5 0 S2_N0_Tm1
14062 8 -0.5 172.509016169908 S2_N0_Tm1
14037 9 -0.5 6.53753206279704 S2_N0_Tm1
14038 9 -0.5 129.517906708774 S2_N0_Tm1
14039 9 -0.5 0 S2_N0_Tm1
14042 9 -0.5 0 S2_N0_Tm1
14043 9 -0.5 0 S2_N0_Tm1
14046 9 -0.5 238.080938486966 S2_N0_Tm1
14047 9 -0.5 0 S2_N0_Tm1
14049 9 -0.5 0 S2_N0_Tm1
14053 9 -0.5 127.387466873714 S2_N0_Tm1
14054 9 -0.5 0 S2_N0_Tm1
14055 9 -0.5 98.4532897954851 S2_N0_Tm1
14057 9 -0.5 6.57869335867731 S2_N0_Tm1
14060 9 -0.5 95.4672541646891 S2_N0_Tm1
14061 9 -0.5 0 S2_N0_Tm1
14062 9 -0.5 150.560843976967 S2_N0_Tm1
14037 10 -0.5 26.283673388285 S2_N0_Tm1
14038 10 -0.5 161.425347813096 S2_N0_Tm1
14039 10 -0.5 0 S2_N0_Tm1
14042 10 -0.5 0 S2_N0_Tm1
14043 10 -0.5 0 S2_N0_Tm1
14046 10 -0.5 292.019087018716 S2_N0_Tm1
14047 10 -0.5 1.42145825117755 S2_N0_Tm1
14049 10 -0.5 0 S2_N0_Tm1
14053 10 -0.5 161.158362759258 S2_N0_Tm1
14054 10 -0.5 0 S2_N0_Tm1
14055 10 -0.5 143.937801713448 S2_N0_Tm1
14057 10 -0.5 35.5453403975819 S2_N0_Tm1
14060 10 -0.5 153.269920292913 S2_N0_Tm1
14061 10 -0.5 0 S2_N0_Tm1
14062 10 -0.5 185.590122172794 S2_N0_Tm1
14037 11 -0.5 5.21703622052083 S2_N0_Tm1
14038 11 -0.5 150.364792077576 S2_N0_Tm1
14039 11 -0.5 0 S2_N0_Tm1
14042 11 -0.5 0 S2_N0_Tm1
14043 11 -0.5 0 S2_N0_Tm1
14046 11 -0.5 275.539303897265 S2_N0_Tm1
14047 11 -0.5 0 S2_N0_Tm1
14049 11 -0.5 0 S2_N0_Tm1
14053 11 -0.5 144.571284725104 S2_N0_Tm1
14054 11 -0.5 0 S2_N0_Tm1
14055 11 -0.5 131.971449207735 S2_N0_Tm1
14057 11 -0.5 23.2711862015166 S2_N0_Tm1
14060 11 -0.5 142.802829146106 S2_N0_Tm1
14061 11 -0.5 0 S2_N0_Tm1
14062 11 -0.5 163.539411490855 S2_N0_Tm1
14037 12 -0.5 1.75379981977467 S2_N0_Tm1
14038 12 -0.5 141.0569301674 S2_N0_Tm1
14039 12 -0.5 0 S2_N0_Tm1
14042 12 -0.5 0 S2_N0_Tm1
14043 12 -0.5 0 S2_N0_Tm1
14046 12 -0.5 253.500077516501 S2_N0_Tm1
14047 12 -0.5 0 S2_N0_Tm1
14049 12 -0.5 0 S2_N0_Tm1
14053 12 -0.5 128.996551230788 S2_N0_Tm1
14054 12 -0.5 0 S2_N0_Tm1
14055 12 -0.5 122.420794967956 S2_N0_Tm1
14057 12 -0.5 18.6054471278483 S2_N0_Tm1
14060 12 -0.5 134.58363303629 S2_N0_Tm1
14061 12 -0.5 0 S2_N0_Tm1
14062 12 -0.5 146.465514108882 S2_N0_Tm1
14037 13 -0.5 0 S2_N0_Tm1
14038 13 -0.5 74.4093103672023 S2_N0_Tm1
14039 13 -0.5 0 S2_N0_Tm1
14042 13 -0.5 0 S2_N0_Tm1
14043 13 -0.5 0 S2_N0_Tm1
14046 13 -0.5 115.129587315854 S2_N0_Tm1
14047 13 -0.5 0 S2_N0_Tm1
14049 13 -0.5 0 S2_N0_Tm1
14053 13 -0.5 56.3032123830823 S2_N0_Tm1
14054 13 -0.5 0 S2_N0_Tm1
14055 13 -0.5 31.1260106806971 S2_N0_Tm1
14057 13 -0.5 0 S2_N0_Tm1
14060 13 -0.5 18.9181520399549 S2_N0_Tm1
14061 13 -0.5 0 S2_N0_Tm1
14062 13 -0.5 51.6381691540206 S2_N0_Tm1
14037 14 -0.5 0 S2_N0_Tm1
14038 14 -0.5 11.4286420700668 S2_N0_Tm1
14039 14 -0.5 0 S2_N0_Tm1
14042 14 -0.5 0 S2_N0_Tm1
14043 14 -0.5 0 S2_N0_Tm1
14046 14 -0.5 0 S2_N0_Tm1
14047 14 -0.5 0 S2_N0_Tm1
14049 14 -0.5 0 S2_N0_Tm1
14053 14 -0.5 0 S2_N0_Tm1
14054 14 -0.5 0 S2_N0_Tm1
14055 14 -0.5 0 S2_N0_Tm1
14057 14 -0.5 0 S2_N0_Tm1
14060 14 -0.5 0 S2_N0_Tm1
14061 14 -0.5 0 S2_N0_Tm1
14062 14 -0.5 0 S2_N0_Tm1
14037 15 -0.5 61.7887348238812 S2_N0_Tm1
14038 15 -0.5 172.574649848789 S2_N0_Tm1
14039 15 -0.5 0 S2_N0_Tm1
14042 15 -0.5 0 S2_N0_Tm1
14043 15 -0.5 0 S2_N0_Tm1
14046 15 -0.5 307.965077810938 S2_N0_Tm1
14047 15 -0.5 5.00187976390488 S2_N0_Tm1
14049 15 -0.5 0 S2_N0_Tm1
14053 15 -0.5 175.691969316673 S2_N0_Tm1
14054 15 -0.5 0 S2_N0_Tm1
14055 15 -0.5 155.550176448987 S2_N0_Tm1
14057 15 -0.5 46.9670539288257 S2_N0_Tm1
14060 15 -0.5 167.580070012285 S2_N0_Tm1
14061 15 -0.5 0 S2_N0_Tm1
14062 15 -0.5 202.091251012491 S2_N0_Tm1
14037 16 -0.5 22.9280058087621 S2_N0_Tm1
14038 16 -0.5 165.256943024467 S2_N0_Tm1
14039 16 -0.5 0 S2_N0_Tm1
14042 16 -0.5 0 S2_N0_Tm1
14043 16 -0.5 0 S2_N0_Tm1
14046 16 -0.5 288.522488607519 S2_N0_Tm1
14047 16 -0.5 1.61611058157009 S2_N0_Tm1
14049 16 -0.5 0 S2_N0_Tm1
14053 16 -0.5 161.269201719325 S2_N0_Tm1
14054 16 -0.5 0 S2_N0_Tm1
14055 16 -0.5 148.14591120299 S2_N0_Tm1
14057 16 -0.5 44.2359013164024 S2_N0_Tm1
14060 16 -0.5 163.590397017276 S2_N0_Tm1
14061 16 -0.5 0 S2_N0_Tm1
14062 16 -0.5 184.481068659872 S2_N0_Tm1
14037 17 -0.5 0 S2_N0_Tm1
14038 17 -0.5 100.438399998462 S2_N0_Tm1
14039 17 -0.5 0 S2_N0_Tm1
14042 17 -0.5 0 S2_N0_Tm1
14043 17 -0.5 0 S2_N0_Tm1
14046 17 -0.5 160.930002925267 S2_N0_Tm1
14047 17 -0.5 0 S2_N0_Tm1
14049 17 -0.5 0 S2_N0_Tm1
14053 17 -0.5 89.8767144918102 S2_N0_Tm1
14054 17 -0.5 0 S2_N0_Tm1
14055 17 -0.5 57.5589202460238 S2_N0_Tm1
14057 17 -0.5 0 S2_N0_Tm1
14060 17 -0.5 48.6882630967196 S2_N0_Tm1
14061 17 -0.5 0 S2_N0_Tm1
14062 17 -0.5 102.196051548348 S2_N0_Tm1
14037 18 -0.5 5.9940433220705 S2_N0_Tm1
14038 18 -0.5 152.993994927762 S2_N0_Tm1
14039 18 -0.5 0 S2_N0_Tm1
14042 18 -0.5 0 S2_N0_Tm1
14043 18 -0.5 0 S2_N0_Tm1
14046 18 -0.5 271.223446142175 S2_N0_Tm1
14047 18 -0.5 0 S2_N0_Tm1
14049 18 -0.5 0 S2_N0_Tm1
14053 18 -0.5 144.970572103395 S2_N0_Tm1
14054 18 -0.5 0 S2_N0_Tm1
14055 18 -0.5 135.032572834872 S2_N0_Tm1
14057 18 -0.5 31.2556998903636 S2_N0_Tm1
14060 18 -0.5 148.54601277064 S2_N0_Tm1
14061 18 -0.5 0 S2_N0_Tm1
14062 18 -0.5 165.307293062243 S2_N0_Tm1
14037 19 -0.5 21.8186995644564 S2_N0_Tm1
14038 19 -0.5 157.241987258931 S2_N0_Tm1
14039 19 -0.5 0 S2_N0_Tm1
14042 19 -0.5 0 S2_N0_Tm1
14043 19 -0.5 0 S2_N0_Tm1
14046 19 -0.5 286.229499995533 S2_N0_Tm1
14047 19 -0.5 1.18394014541427 S2_N0_Tm1
14049 19 -0.5 0 S2_N0_Tm1
14053 19 -0.5 156.497726761621 S2_N0_Tm1
14054 19 -0.5 0 S2_N0_Tm1
14055 19 -0.5 139.009542836284 S2_N0_Tm1
14057 19 -0.5 31.2163767055647 S2_N0_Tm1
14060 19 -0.5 146.316933054871 S2_N0_Tm1
14061 19 -0.5 0 S2_N0_Tm1
14062 19 -0.5 181.377345014542 S2_N0_Tm1
14037 20 -0.5 35.4608231312003 S2_N0_Tm1
14038 20 -0.5 169.008425736267 S2_N0_Tm1
14039 20 -0.5 0 S2_N0_Tm1
14042 20 -0.5 0 S2_N0_Tm1
14043 20 -0.5 0 S2_N0_Tm1
14046 20 -0.5 295.671840716662 S2_N0_Tm1
14047 20 -0.5 2.66775962475741 S2_N0_Tm1
14049 20 -0.5 0 S2_N0_Tm1
14053 20 -0.5 167.072516449785 S2_N0_Tm1
14054 20 -0.5 0 S2_N0_Tm1
14055 20 -0.5 152.195738026017 S2_N0_Tm1
14057 20 -0.5 46.828278820801 S2_N0_Tm1
14060 20 -0.5 167.265562832134 S2_N0_Tm1
14061 20 -0.5 0 S2_N0_Tm1
14062 20 -0.5 191.541010459925 S2_N0_Tm1
14037 21 -0.5 25.9736560128451 S2_N0_Tm1
14038 21 -0.5 158.121006766005 S2_N0_Tm1
14039 21 -0.5 0 S2_N0_Tm1
14042 21 -0.5 0 S2_N0_Tm1
14043 21 -0.5 0 S2_N0_Tm1
14046 21 -0.5 290.68679857069 S2_N0_Tm1
14047 21 -0.5 1.21995889971904 S2_N0_Tm1
14049 21 -0.5 0 S2_N0_Tm1
14053 21 -0.5 159.289085062663 S2_N0_Tm1
14054 21 -0.5 0 S2_N0_Tm1
14055 21 -0.5 139.827266849918 S2_N0_Tm1
14057 21 -0.5 30.6727984989831 S2_N0_Tm1
14060 21 -0.5 146.456197565916 S2_N0_Tm1
14061 21 -0.5 0 S2_N0_Tm1
14062 21 -0.5 183.915541353935 S2_N0_Tm1
14037 22 -0.5 43.9571147296449 S2_N0_Tm1
14038 22 -0.5 170.662732477163 S2_N0_Tm1
14039 22 -0.5 0 S2_N0_Tm1
14042 22 -0.5 0 S2_N0_Tm1
14043 22 -0.5 0 S2_N0_Tm1
14046 22 -0.5 304.044064392136 S2_N0_Tm1
14047 22 -0.5 2.34567089333315 S2_N0_Tm1
14049 22 -0.5 0 S2_N0_Tm1
14053 22 -0.5 172.340814575361 S2_N0_Tm1
14054 22 -0.5 0 S2_N0_Tm1
14055 22 -0.5 153.435424838337 S2_N0_Tm1
14057 22 -0.5 46.6101064142996 S2_N0_Tm1
14060 22 -0.5 168.275426372097 S2_N0_Tm1
14061 22 -0.5 0 S2_N0_Tm1
14062 22 -0.5 195.364501851657 S2_N0_Tm1
14037 23 -0.5 31.6785955505061 S2_N0_Tm1
14038 23 -0.5 149.909751932549 S2_N0_Tm1
14039 23 -0.5 0 S2_N0_Tm1
14042 23 -0.5 0 S2_N0_Tm1
14043 23 -0.5 0 S2_N0_Tm1
14046 23 -0.5 280.886072616693 S2_N0_Tm1
14047 23 -0.5 1.25260150044947 S2_N0_Tm1
14049 23 -0.5 0 S2_N0_Tm1
14053 23 -0.5 154.039505365109 S2_N0_Tm1
14054 23 -0.5 0 S2_N0_Tm1
14055 23 -0.5 126.404104994691 S2_N0_Tm1
14057 23 -0.5 21.2784280372804 S2_N0_Tm1
14060 23 -0.5 127.273063488337 S2_N0_Tm1
14061 23 -0.5 0 S2_N0_Tm1
14062 23 -0.5 180.108364254209 S2_N0_Tm1
14037 24 -0.5 35.2722795075644 S2_N0_Tm1
14038 24 -0.5 163.342061935893 S2_N0_Tm1
14039 24 -0.5 0 S2_N0_Tm1
14042 24 -0.5 0 S2_N0_Tm1
14043 24 -0.5 0 S2_N0_Tm1
14046 24 -0.5 297.938486517666 S2_N0_Tm1
14047 24 -0.5 1.70997333278265 S2_N0_Tm1
14049 24 -0.5 0 S2_N0_Tm1
14053 24 -0.5 165.616686069298 S2_N0_Tm1
14054 24 -0.5 0 S2_N0_Tm1
14055 24 -0.5 145.91210325717 S2_N0_Tm1
14057 24 -0.5 36.2505006074317 S2_N0_Tm1
14060 24 -0.5 154.800450614392 S2_N0_Tm1
14061 24 -0.5 0 S2_N0_Tm1
14062 24 -0.5 189.965018162587 S2_N0_Tm1
14037 25 -0.5 0 S2_N0_Tm1
14038 25 -0.5 13.4657844968172 S2_N0_Tm1
14039 25 -0.5 0 S2_N0_Tm1
14042 25 -0.5 0 S2_N0_Tm1
14043 25 -0.5 0 S2_N0_Tm1
14046 25 -0.5 0 S2_N0_Tm1
14047 25 -0.5 0 S2_N0_Tm1
14049 25 -0.5 0 S2_N0_Tm1
14053 25 -0.5 0 S2_N0_Tm1
14054 25 -0.5 0 S2_N0_Tm1
14055 25 -0.5 0 S2_N0_Tm1
14057 25 -0.5 0 S2_N0_Tm1
14060 25 -0.5 0 S2_N0_Tm1
14061 25 -0.5 0 S2_N0_Tm1
14062 25 -0.5 0 S2_N0_Tm1
14037 26 -0.5 37.0182753400457 S2_N0_Tm1
14038 26 -0.5 169.978905884681 S2_N0_Tm1
14039 26 -0.5 0 S2_N0_Tm1
14042 26 -0.5 0 S2_N0_Tm1
14043 26 -0.5 0 S2_N0_Tm1
14046 26 -0.5 300.102941459389 S2_N0_Tm1
14047 26 -0.5 2.29384674785112 S2_N0_Tm1
14049 26 -0.5 0 S2_N0_Tm1
14053 26 -0.5 169.421689570513 S2_N0_Tm1
14054 26 -0.5 0 S2_N0_Tm1
14055 26 -0.5 152.857882325551 S2_N0_Tm1
14057 26 -0.5 46.7453295386426 S2_N0_Tm1
14060 26 -0.5 167.911603194225 S2_N0_Tm1
14061 26 -0.5 0 S2_N0_Tm1
14062 26 -0.5 192.998049613052 S2_N0_Tm1
14037 27 -0.5 0 S2_N0_Tm1
14038 27 -0.5 0 S2_N0_Tm1
14039 27 -0.5 0 S2_N0_Tm1
14042 27 -0.5 0 S2_N0_Tm1
14043 27 -0.5 0 S2_N0_Tm1
14046 27 -0.5 0 S2_N0_Tm1
14047 27 -0.5 0 S2_N0_Tm1
14049 27 -0.5 0 S2_N0_Tm1
14053 27 -0.5 0 S2_N0_Tm1
14054 27 -0.5 0 S2_N0_Tm1
14055 27 -0.5 0 S2_N0_Tm1
14057 27 -0.5 0 S2_N0_Tm1
14060 27 -0.5 0 S2_N0_Tm1
14061 27 -0.5 0 S2_N0_Tm1
14062 27 -0.5 0 S2_N0_Tm1
14037 28 -0.5 52.1229386545303 S2_N0_Tm1
14038 28 -0.5 174.171167414322 S2_N0_Tm1
14039 28 -0.5 0 S2_N0_Tm1
14042 28 -0.5 0 S2_N0_Tm1
14043 28 -0.5 0 S2_N0_Tm1
14046 28 -0.5 307.331663190868 S2_N0_Tm1
14047 28 -0.5 3.44301240084808 S2_N0_Tm1
14049 28 -0.5 0 S2_N0_Tm1
14053 28 -0.5 175.650968732475 S2_N0_Tm1
14054 28 -0.5 0 S2_N0_Tm1
14055 28 -0.5 157.055541500571 S2_N0_Tm1
14057 28 -0.5 50.8101328341857 S2_N0_Tm1
14060 28 -0.5 173.26837985551 S2_N0_Tm1
14061 28 -0.5 0 S2_N0_Tm1
14062 28 -0.5 199.530998256925 S2_N0_Tm1
14037 29 -0.5 1.07131055574749 S2_N0_Tm1
14038 29 -0.5 112.941792012962 S2_N0_Tm1
14039 29 -0.5 0 S2_N0_Tm1
14042 29 -0.5 0 S2_N0_Tm1
14043 29 -0.5 0 S2_N0_Tm1
14046 29 -0.5 207.88567548742 S2_N0_Tm1
14047 29 -0.5 0 S2_N0_Tm1
14049 29 -0.5 0 S2_N0_Tm1
14053 29 -0.5 104.195237278112 S2_N0_Tm1
14054 29 -0.5 0 S2_N0_Tm1
14055 29 -0.5 81.8131883977421 S2_N0_Tm1
14057 29 -0.5 1.99488742081401 S2_N0_Tm1
14060 29 -0.5 77.8867545253002 S2_N0_Tm1
14061 29 -0.5 0 S2_N0_Tm1
14062 29 -0.5 123.15922931009 S2_N0_Tm1
14037 30 -0.5 0 S2_N0_Tm1
14038 30 -0.5 9.69699280437957 S2_N0_Tm1
14039 30 -0.5 0 S2_N0_Tm1
14042 30 -0.5 0 S2_N0_Tm1
14043 30 -0.5 0 S2_N0_Tm1
14046 30 -0.5 0 S2_N0_Tm1
14047 30 -0.5 0 S2_N0_Tm1
14049 30 -0.5 0 S2_N0_Tm1
14053 30 -0.5 0 S2_N0_Tm1
14054 30 -0.5 0 S2_N0_Tm1
14055 30 -0.5 0 S2_N0_Tm1
14057 30 -0.5 0 S2_N0_Tm1
14060 30 -0.5 0 S2_N0_Tm1
14061 30 -0.5 0 S2_N0_Tm1
14062 30 -0.5 0 S2_N0_Tm1
14037 31 -0.5 0 S2_N0_Tm1
14038 31 -0.5 65.5999340025806 S2_N0_Tm1
14039 31 -0.5 0 S2_N0_Tm1
14042 31 -0.5 0 S2_N0_Tm1
14043 31 -0.5 0 S2_N0_Tm1
14046 31 -0.5 76.4403239676701 S2_N0_Tm1
14047 31 -0.5 0 S2_N0_Tm1
14049 31 -0.5 0 S2_N0_Tm1
14053 31 -0.5 68.4161012065433 S2_N0_Tm1
14054 31 -0.5 0 S2_N0_Tm1
14055 31 -0.5 4.94740798198752 S2_N0_Tm1
14057 31 -0.5 0 S2_N0_Tm1
14060 31 -0.5 2.03262643392904 S2_N0_Tm1
14061 31 -0.5 0 S2_N0_Tm1
14062 31 -0.5 45.4156103730636 S2_N0_Tm1
14037 1 -1.5 1.45163490203963 S2_N0_Tm1
14038 1 -1.5 112.568547912603 S2_N0_Tm1
14039 1 -1.5 42.5681934837016 S2_N0_Tm1
14042 1 -1.5 0 S2_N0_Tm1
14043 1 -1.5 526.964804471621 S2_N0_Tm1
14046 1 -1.5 148.964500423696 S2_N0_Tm1
14047 1 -1.5 0 S2_N0_Tm1
14049 1 -1.5 3.77579515402844 S2_N0_Tm1
14053 1 -1.5 100.863327282116 S2_N0_Tm1
14054 1 -1.5 0 S2_N0_Tm1
14055 1 -1.5 58.2607741854835 S2_N0_Tm1
14057 1 -1.5 0 S2_N0_Tm1
14060 1 -1.5 86.6191724082846 S2_N0_Tm1
14061 1 -1.5 100.11451811916 S2_N0_Tm1
14062 1 -1.5 91.1094998500127 S2_N0_Tm1
14037 2 -1.5 0 S2_N0_Tm1
14038 2 -1.5 0 S2_N0_Tm1
14039 2 -1.5 0 S2_N0_Tm1
14042 2 -1.5 0 S2_N0_Tm1
14043 2 -1.5 0 S2_N0_Tm1
14046 2 -1.5 0 S2_N0_Tm1
14047 2 -1.5 0 S2_N0_Tm1
14049 2 -1.5 0 S2_N0_Tm1
14053 2 -1.5 0 S2_N0_Tm1
14054 2 -1.5 0 S2_N0_Tm1
14055 2 -1.5 0 S2_N0_Tm1
14057 2 -1.5 0 S2_N0_Tm1
14060 2 -1.5 0 S2_N0_Tm1
14061 2 -1.5 0 S2_N0_Tm1
14062 2 -1.5 0 S2_N0_Tm1
14037 3 -1.5 0 S2_N0_Tm1
14038 3 -1.5 56.6843063644942 S2_N0_Tm1
14039 3 -1.5 0 S2_N0_Tm1
14042 3 -1.5 0 S2_N0_Tm1
14043 3 -1.5 314.452547611252 S2_N0_Tm1
14046 3 -1.5 7.58393513445102 S2_N0_Tm1
14047 3 -1.5 0 S2_N0_Tm1
14049 3 -1.5 0 S2_N0_Tm1
14053 3 -1.5 34.0365115137459 S2_N0_Tm1
14054 3 -1.5 0 S2_N0_Tm1
14055 3 -1.5 0 S2_N0_Tm1
14057 3 -1.5 0 S2_N0_Tm1
14060 3 -1.5 0 S2_N0_Tm1
14061 3 -1.5 29.1911443855697 S2_N0_Tm1
14062 3 -1.5 3.70703589538326 S2_N0_Tm1
14037 4 -1.5 1.31751144689626 S2_N0_Tm1
14038 4 -1.5 104.694575181629 S2_N0_Tm1
14039 4 -1.5 26.3647401312934 S2_N0_Tm1
14042 4 -1.5 0 S2_N0_Tm1
14043 4 -1.5 495.772863183214 S2_N0_Tm1
14046 4 -1.5 143.752844802632 S2_N0_Tm1
14047 4 -1.5 0 S2_N0_Tm1
14049 4 -1.5 2.39264685681673 S2_N0_Tm1
14053 4 -1.5 96.6634068891587 S2_N0_Tm1
14054 4 -1.5 0 S2_N0_Tm1
14055 4 -1.5 47.7628563126947 S2_N0_Tm1
14057 4 -1.5 0 S2_N0_Tm1
14060 4 -1.5 61.8194992826122 S2_N0_Tm1
14061 4 -1.5 81.0046689100243 S2_N0_Tm1
14062 4 -1.5 88.2639416878751 S2_N0_Tm1
14037 5 -1.5 0 S2_N0_Tm1
14038 5 -1.5 0 S2_N0_Tm1
14039 5 -1.5 0 S2_N0_Tm1
14042 5 -1.5 0 S2_N0_Tm1
14043 5 -1.5 0 S2_N0_Tm1
14046 5 -1.5 0 S2_N0_Tm1
14047 5 -1.5 0 S2_N0_Tm1
14049 5 -1.5 0 S2_N0_Tm1
14053 5 -1.5 0 S2_N0_Tm1
14054 5 -1.5 0 S2_N0_Tm1
14055 5 -1.5 0 S2_N0_Tm1
14057 5 -1.5 0 S2_N0_Tm1
14060 5 -1.5 0 S2_N0_Tm1
14061 5 -1.5 0 S2_N0_Tm1
14062 5 -1.5 0 S2_N0_Tm1
14037 6 -1.5 17.0480303620988 S2_N0_Tm1
14038 6 -1.5 137.751651715545 S2_N0_Tm1
14039 6 -1.5 59.176908618783 S2_N0_Tm1
14042 6 -1.5 0 S2_N0_Tm1
14043 6 -1.5 557.657813481353 S2_N0_Tm1
14046 6 -1.5 186.469921376891 S2_N0_Tm1
14047 6 -1.5 2.23783138470648 S2_N0_Tm1
14049 6 -1.5 22.0687005655223 S2_N0_Tm1
14053 6 -1.5 142.38920847319 S2_N0_Tm1
14054 6 -1.5 0 S2_N0_Tm1
14055 6 -1.5 73.1442400856687 S2_N0_Tm1
14057 6 -1.5 1.95742463868178 S2_N0_Tm1
14060 6 -1.5 83.841264398299 S2_N0_Tm1
14061 6 -1.5 122.876720409757 S2_N0_Tm1
14062 6 -1.5 132.536302068296 S2_N0_Tm1
14037 7 -1.5 0 S2_N0_Tm1
14038 7 -1.5 0 S2_N0_Tm1
14039 7 -1.5 0 S2_N0_Tm1
14042 7 -1.5 0 S2_N0_Tm1
14043 7 -1.5 1.05605207485613 S2_N0_Tm1
14046 7 -1.5 0 S2_N0_Tm1
14047 7 -1.5 0 S2_N0_Tm1
14049 7 -1.5 0 S2_N0_Tm1
14053 7 -1.5 0 S2_N0_Tm1
14054 7 -1.5 0 S2_N0_Tm1
14055 7 -1.5 0 S2_N0_Tm1
14057 7 -1.5 0 S2_N0_Tm1
14060 7 -1.5 0 S2_N0_Tm1
14061 7 -1.5 0 S2_N0_Tm1
14062 7 -1.5 0 S2_N0_Tm1
14037 8 -1.5 4.00584808862838 S2_N0_Tm1
14038 8 -1.5 133.789653956085 S2_N0_Tm1
14039 8 -1.5 64.5256423789833 S2_N0_Tm1
14042 8 -1.5 0 S2_N0_Tm1
14043 8 -1.5 549.666809199246 S2_N0_Tm1
14046 8 -1.5 175.029528919212 S2_N0_Tm1
14047 8 -1.5 0 S2_N0_Tm1
14049 8 -1.5 17.5219133015646 S2_N0_Tm1
14053 8 -1.5 126.833080232945 S2_N0_Tm1
14054 8 -1.5 0 S2_N0_Tm1
14055 8 -1.5 78.1892088196424 S2_N0_Tm1
14057 8 -1.5 2.73937272973743 S2_N0_Tm1
14060 8 -1.5 103.716625206905 S2_N0_Tm1
14061 8 -1.5 120.923980135272 S2_N0_Tm1
14062 8 -1.5 116.063021482647 S2_N0_Tm1
14037 9 -1.5 3.04752363356652 S2_N0_Tm1
14038 9 -1.5 113.946731312965 S2_N0_Tm1
14039 9 -1.5 30.5907944168436 S2_N0_Tm1
14042 9 -1.5 0 S2_N0_Tm1
14043 9 -1.5 503.345177877 S2_N0_Tm1
14046 9 -1.5 152.394199008069 S2_N0_Tm1
14047 9 -1.5 0 S2_N0_Tm1
14049 9 -1.5 3.96588234894188 S2_N0_Tm1
14053 9 -1.5 110.827548868245 S2_N0_Tm1
14054 9 -1.5 0 S2_N0_Tm1
14055 9 -1.5 52.2623234598914 S2_N0_Tm1
14057 9 -1.5 0 S2_N0_Tm1
14060 9 -1.5 60.7710870711587 S2_N0_Tm1
14061 9 -1.5 92.083213247585 S2_N0_Tm1
14062 9 -1.5 102.332446001746 S2_N0_Tm1
14037 10 -1.5 6.68109816833403 S2_N0_Tm1
14038 10 -1.5 134.756273747931 S2_N0_Tm1
14039 10 -1.5 67.2092627490719 S2_N0_Tm1
14042 10 -1.5 0 S2_N0_Tm1
14043 10 -1.5 569.816450296249 S2_N0_Tm1
14046 10 -1.5 182.489175133951 S2_N0_Tm1
14047 10 -1.5 0 S2_N0_Tm1
14049 10 -1.5 20.072816670334 S2_N0_Tm1
14053 10 -1.5 130.974062649384 S2_N0_Tm1
14054 10 -1.5 0 S2_N0_Tm1
14055 10 -1.5 79.0728021792554 S2_N0_Tm1
14057 10 -1.5 2.47408322771107 S2_N0_Tm1
14060 10 -1.5 103.286537943542 S2_N0_Tm1
14061 10 -1.5 121.831764876832 S2_N0_Tm1
14062 10 -1.5 121.962426743228 S2_N0_Tm1
14037 11 -1.5 0 S2_N0_Tm1
14038 11 -1.5 58.1977778191273 S2_N0_Tm1
14039 11 -1.5 1.20524333303254 S2_N0_Tm1
14042 11 -1.5 0 S2_N0_Tm1
14043 11 -1.5 409.092629708986 S2_N0_Tm1
14046 11 -1.5 65.0794405074611 S2_N0_Tm1
14047 11 -1.5 0 S2_N0_Tm1
14049 11 -1.5 0 S2_N0_Tm1
14053 11 -1.5 27.8889811406498 S2_N0_Tm1
14054 11 -1.5 0 S2_N0_Tm1
14055 11 -1.5 8.5006645311194 S2_N0_Tm1
14057 11 -1.5 0 S2_N0_Tm1
14060 11 -1.5 34.113159530197 S2_N0_Tm1
14061 11 -1.5 35.6823426222131 S2_N0_Tm1
14062 11 -1.5 14.7986285099281 S2_N0_Tm1
14037 12 -1.5 0 S2_N0_Tm1
14038 12 -1.5 58.2164245532145 S2_N0_Tm1
14039 12 -1.5 0 S2_N0_Tm1
14042 12 -1.5 0 S2_N0_Tm1
14043 12 -1.5 390.848313075808 S2_N0_Tm1
14046 12 -1.5 59.6346002909963 S2_N0_Tm1
14047 12 -1.5 0 S2_N0_Tm1
14049 12 -1.5 0 S2_N0_Tm1
14053 12 -1.5 25.6308853820089 S2_N0_Tm1
14054 12 -1.5 0 S2_N0_Tm1
14055 12 -1.5 8.26109845279762 S2_N0_Tm1
14057 12 -1.5 0 S2_N0_Tm1
14060 12 -1.5 33.1823945075073 S2_N0_Tm1
14061 12 -1.5 34.6855367534508 S2_N0_Tm1
14062 12 -1.5 11.593476969159 S2_N0_Tm1
14037 13 -1.5 0 S2_N0_Tm1
14038 13 -1.5 67.9140989921516 S2_N0_Tm1
14039 13 -1.5 0 S2_N0_Tm1
14042 13 -1.5 0 S2_N0_Tm1
14043 13 -1.5 333.950256533128 S2_N0_Tm1
14046 13 -1.5 59.3001122871404 S2_N0_Tm1
14047 13 -1.5 0 S2_N0_Tm1
14049 13 -1.5 0 S2_N0_Tm1
14053 13 -1.5 50.9603417631711 S2_N0_Tm1
14054 13 -1.5 0 S2_N0_Tm1
14055 13 -1.5 4.47387033056219 S2_N0_Tm1
14057 13 -1.5 0 S2_N0_Tm1
14060 13 -1.5 4.85899105880364 S2_N0_Tm1
14061 13 -1.5 34.8619830024734 S2_N0_Tm1
14062 13 -1.5 15.7486075342222 S2_N0_Tm1
14037 14 -1.5 0 S2_N0_Tm1
14038 14 -1.5 25.0982922878618 S2_N0_Tm1
14039 14 -1.5 0 S2_N0_Tm1
14042 14 -1.5 0 S2_N0_Tm1
14043 14 -1.5 181.702541533712 S2_N0_Tm1
14046 14 -1.5 0 S2_N0_Tm1
14047 14 -1.5 0 S2_N0_Tm1
14049 14 -1.5 0 S2_N0_Tm1
14053 14 -1.5 1.76290333204261 S2_N0_Tm1
14054 14 -1.5 0 S2_N0_Tm1
14055 14 -1.5 0 S2_N0_Tm1
14057 14 -1.5 0 S2_N0_Tm1
14060 14 -1.5 0 S2_N0_Tm1
14061 14 -1.5 9.05290655660411 S2_N0_Tm1
14062 14 -1.5 0 S2_N0_Tm1
14037 15 -1.5 76.2827895574037 S2_N0_Tm1
14038 15 -1.5 178.262752306935 S2_N0_Tm1
14039 15 -1.5 121.578041147958 S2_N0_Tm1
14042 15 -1.5 0 S2_N0_Tm1
14043 15 -1.5 679.333769276318 S2_N0_Tm1
14046 15 -1.5 246.669902564059 S2_N0_Tm1
14047 15 -1.5 15.3156122569876 S2_N0_Tm1
14049 15 -1.5 70.1985843387314 S2_N0_Tm1
14053 15 -1.5 189.262387788204 S2_N0_Tm1
14054 15 -1.5 0 S2_N0_Tm1
14055 15 -1.5 117.606689495808 S2_N0_Tm1
14057 15 -1.5 28.0119872729655 S2_N0_Tm1
14060 15 -1.5 148.033870567883 S2_N0_Tm1
14061 15 -1.5 180.930306447859 S2_N0_Tm1
14062 15 -1.5 175.60396297004 S2_N0_Tm1
14037 16 -1.5 11.2640254755702 S2_N0_Tm1
14038 16 -1.5 149.45038423033 S2_N0_Tm1
14039 16 -1.5 83.5637719824994 S2_N0_Tm1
14042 16 -1.5 0 S2_N0_Tm1
14043 16 -1.5 592.408766212399 S2_N0_Tm1
14046 16 -1.5 195.880899907673 S2_N0_Tm1
14047 16 -1.5 1.69876029186816 S2_N0_Tm1
14049 16 -1.5 33.5235772026166 S2_N0_Tm1
14053 16 -1.5 145.792064247862 S2_N0_Tm1
14054 16 -1.5 0 S2_N0_Tm1
14055 16 -1.5 91.9670084995283 S2_N0_Tm1
14057 16 -1.5 9.44143549207764 S2_N0_Tm1
14060 16 -1.5 122.397314532256 S2_N0_Tm1
14061 16 -1.5 144.49204986274 S2_N0_Tm1
14062 16 -1.5 134.13433034618 S2_N0_Tm1
14037 17 -1.5 1.59841446730079 S2_N0_Tm1
14038 17 -1.5 110.002373294533 S2_N0_Tm1
14039 17 -1.5 10.5158788069066 S2_N0_Tm1
14042 17 -1.5 0 S2_N0_Tm1
14043 17 -1.5 450.24570220362 S2_N0_Tm1
14046 17 -1.5 123.672543243928 S2_N0_Tm1
14047 17 -1.5 0 S2_N0_Tm1
14049 17 -1.5 1.08560248057979 S2_N0_Tm1
14053 17 -1.5 106.198508788441 S2_N0_Tm1
14054 17 -1.5 0 S2_N0_Tm1
14055 17 -1.5 39.1393152860598 S2_N0_Tm1
14057 17 -1.5 0 S2_N0_Tm1
14060 17 -1.5 38.0776865371314 S2_N0_Tm1
14061 17 -1.5 89.5227231438836 S2_N0_Tm1
14062 17 -1.5 89.1084354130972 S2_N0_Tm1
14037 18 -1.5 0 S2_N0_Tm1
14038 18 -1.5 96.9881853730813 S2_N0_Tm1
14039 18 -1.5 20.1383631106131 S2_N0_Tm1
14042 18 -1.5 0 S2_N0_Tm1
14043 18 -1.5 472.928593286155 S2_N0_Tm1
14046 18 -1.5 119.77034590065 S2_N0_Tm1
14047 18 -1.5 0 S2_N0_Tm1
14049 18 -1.5 0 S2_N0_Tm1
14053 18 -1.5 76.6863142686869 S2_N0_Tm1
14054 18 -1.5 0 S2_N0_Tm1
14055 18 -1.5 42.0575634116375 S2_N0_Tm1
14057 18 -1.5 0 S2_N0_Tm1
14060 18 -1.5 70.6414351169266 S2_N0_Tm1
14061 18 -1.5 79.3526817469061 S2_N0_Tm1
14062 18 -1.5 61.6538384754167 S2_N0_Tm1
14037 19 -1.5 6.55070575208014 S2_N0_Tm1
14038 19 -1.5 133.874133985315 S2_N0_Tm1
14039 19 -1.5 65.2513540440744 S2_N0_Tm1
14042 19 -1.5 0 S2_N0_Tm1
14043 19 -1.5 564.351369828295 S2_N0_Tm1
14046 19 -1.5 182.053704310465 S2_N0_Tm1
14047 19 -1.5 0 S2_N0_Tm1
14049 19 -1.5 19.7020389532491 S2_N0_Tm1
14053 19 -1.5 130.545019073181 S2_N0_Tm1
14054 19 -1.5 0 S2_N0_Tm1
14055 19 -1.5 77.8400555656083 S2_N0_Tm1
14057 19 -1.5 2.10880696544987 S2_N0_Tm1
14060 19 -1.5 99.9924382540993 S2_N0_Tm1
14061 19 -1.5 119.296541864716 S2_N0_Tm1
14062 19 -1.5 121.776065929133 S2_N0_Tm1
14037 20 -1.5 34.5606516487037 S2_N0_Tm1
14038 20 -1.5 166.196218925149 S2_N0_Tm1
14039 20 -1.5 104.67365139425 S2_N0_Tm1
14042 20 -1.5 0 S2_N0_Tm1
14043 20 -1.5 635.867963166769 S2_N0_Tm1
14046 20 -1.5 221.827026216999 S2_N0_Tm1
14047 20 -1.5 5.73108018154959 S2_N0_Tm1
14049 20 -1.5 53.4547501542381 S2_N0_Tm1
14053 20 -1.5 168.853117382698 S2_N0_Tm1
14054 20 -1.5 0 S2_N0_Tm1
14055 20 -1.5 106.892918115356 S2_N0_Tm1
14057 20 -1.5 20.5946588151004 S2_N0_Tm1
14060 20 -1.5 138.692137963536 S2_N0_Tm1
14061 20 -1.5 165.97672938754 S2_N0_Tm1
14062 20 -1.5 155.790047730556 S2_N0_Tm1
14037 21 -1.5 4.68676456833587 S2_N0_Tm1
14038 21 -1.5 126.299438460038 S2_N0_Tm1
14039 21 -1.5 57.314938322556 S2_N0_Tm1
14042 21 -1.5 0 S2_N0_Tm1
14043 21 -1.5 553.695400252048 S2_N0_Tm1
14046 21 -1.5 173.430529883887 S2_N0_Tm1
14047 21 -1.5 0 S2_N0_Tm1
14049 21 -1.5 12.9800922606597 S2_N0_Tm1
14053 21 -1.5 121.970562242108 S2_N0_Tm1
14054 21 -1.5 0 S2_N0_Tm1
14055 21 -1.5 71.1246156692401 S2_N0_Tm1
14057 21 -1.5 1.15963253719552 S2_N0_Tm1
14060 21 -1.5 92.6339403311341 S2_N0_Tm1
14061 21 -1.5 110.315551960682 S2_N0_Tm1
14062 21 -1.5 113.861597241092 S2_N0_Tm1
14037 22 -1.5 8.50552579649533 S2_N0_Tm1
14038 22 -1.5 136.463139661129 S2_N0_Tm1
14039 22 -1.5 71.4057641788693 S2_N0_Tm1
14042 22 -1.5 0 S2_N0_Tm1
14043 22 -1.5 582.493300603612 S2_N0_Tm1
14046 22 -1.5 183.580328428573 S2_N0_Tm1
14047 22 -1.5 0 S2_N0_Tm1
14049 22 -1.5 20.6816285487781 S2_N0_Tm1
14053 22 -1.5 132.4847952803 S2_N0_Tm1
14054 22 -1.5 0 S2_N0_Tm1
14055 22 -1.5 81.0915961195592 S2_N0_Tm1
14057 22 -1.5 3.96097366802198 S2_N0_Tm1
14060 22 -1.5 110.272542298282 S2_N0_Tm1
14061 22 -1.5 130.164345953511 S2_N0_Tm1
14062 22 -1.5 123.235181909252 S2_N0_Tm1
14037 23 -1.5 13.0593498481206 S2_N0_Tm1
14038 23 -1.5 131.608408777502 S2_N0_Tm1
14039 23 -1.5 60.8777022456519 S2_N0_Tm1
14042 23 -1.5 0 S2_N0_Tm1
14043 23 -1.5 567.028309667257 S2_N0_Tm1
14046 23 -1.5 186.088559082869 S2_N0_Tm1
14047 23 -1.5 1.0891732042712 S2_N0_Tm1
14049 23 -1.5 19.7386360697028 S2_N0_Tm1
14053 23 -1.5 134.22008882659 S2_N0_Tm1
14054 23 -1.5 0 S2_N0_Tm1
14055 23 -1.5 73.2156438714718 S2_N0_Tm1
14057 23 -1.5 1.27899394679953 S2_N0_Tm1
14060 23 -1.5 88.4344375866608 S2_N0_Tm1
14061 23 -1.5 115.623349184815 S2_N0_Tm1
14062 23 -1.5 127.214402417022 S2_N0_Tm1
14037 24 -1.5 7.1057655164869 S2_N0_Tm1
14038 24 -1.5 131.862074743467 S2_N0_Tm1
14039 24 -1.5 65.3309297674307 S2_N0_Tm1
14042 24 -1.5 0 S2_N0_Tm1
14043 24 -1.5 570.531114281244 S2_N0_Tm1
14046 24 -1.5 180.996703183289 S2_N0_Tm1
14047 24 -1.5 0 S2_N0_Tm1
14049 24 -1.5 18.0895212657181 S2_N0_Tm1
14053 24 -1.5 128.899561390711 S2_N0_Tm1
14054 24 -1.5 0 S2_N0_Tm1
14055 24 -1.5 76.8488746779508 S2_N0_Tm1
14057 24 -1.5 1.93837039395613 S2_N0_Tm1
14060 24 -1.5 100.671472499754 S2_N0_Tm1
14061 24 -1.5 119.002856305925 S2_N0_Tm1
14062 24 -1.5 120.54875490582 S2_N0_Tm1
14037 25 -1.5 0 S2_N0_Tm1
14038 25 -1.5 21.1055009474296 S2_N0_Tm1
14039 25 -1.5 0 S2_N0_Tm1
14042 25 -1.5 0 S2_N0_Tm1
14043 25 -1.5 181.31710735233 S2_N0_Tm1
14046 25 -1.5 0 S2_N0_Tm1
14047 25 -1.5 0 S2_N0_Tm1
14049 25 -1.5 0 S2_N0_Tm1
14053 25 -1.5 1.23760585043151 S2_N0_Tm1
14054 25 -1.5 0 S2_N0_Tm1
14055 25 -1.5 0 S2_N0_Tm1
14057 25 -1.5 0 S2_N0_Tm1
14060 25 -1.5 0 S2_N0_Tm1
14061 25 -1.5 6.8506294103761 S2_N0_Tm1
14062 25 -1.5 0 S2_N0_Tm1
14037 26 -1.5 13.4521614781867 S2_N0_Tm1
14038 26 -1.5 147.625063339678 S2_N0_Tm1
14039 26 -1.5 82.9144840267658 S2_N0_Tm1
14042 26 -1.5 0 S2_N0_Tm1
14043 26 -1.5 600.75454096643 S2_N0_Tm1
14046 26 -1.5 196.924649260862 S2_N0_Tm1
14047 26 -1.5 1.55778756285728 S2_N0_Tm1
14049 26 -1.5 32.4170542262725 S2_N0_Tm1
14053 26 -1.5 145.335975823541 S2_N0_Tm1
14054 26 -1.5 0 S2_N0_Tm1
14055 26 -1.5 90.6914367594309 S2_N0_Tm1
14057 26 -1.5 8.14373262525558 S2_N0_Tm1
14060 26 -1.5 120.664969047474 S2_N0_Tm1
14061 26 -1.5 142.819711559316 S2_N0_Tm1
14062 26 -1.5 134.746297388891 S2_N0_Tm1
14037 27 -1.5 0 S2_N0_Tm1
14038 27 -1.5 0 S2_N0_Tm1
14039 27 -1.5 0 S2_N0_Tm1
14042 27 -1.5 0 S2_N0_Tm1
14043 27 -1.5 0 S2_N0_Tm1
14046 27 -1.5 0 S2_N0_Tm1
14047 27 -1.5 0 S2_N0_Tm1
14049 27 -1.5 0 S2_N0_Tm1
14053 27 -1.5 0 S2_N0_Tm1
14054 27 -1.5 0 S2_N0_Tm1
14055 27 -1.5 0 S2_N0_Tm1
14057 27 -1.5 0 S2_N0_Tm1
14060 27 -1.5 0 S2_N0_Tm1
14061 27 -1.5 0 S2_N0_Tm1
14062 27 -1.5 0 S2_N0_Tm1
14037 28 -1.5 25.2441060389736 S2_N0_Tm1
14038 28 -1.5 154.99534868818 S2_N0_Tm1
14039 28 -1.5 92.9801755355112 S2_N0_Tm1
14042 28 -1.5 0 S2_N0_Tm1
14043 28 -1.5 624.002382539948 S2_N0_Tm1
14046 28 -1.5 208.825198036855 S2_N0_Tm1
14047 28 -1.5 2.72006751871954 S2_N0_Tm1
14049 28 -1.5 41.3945950509133 S2_N0_Tm1
14053 28 -1.5 155.85857615068 S2_N0_Tm1
14054 28 -1.5 0 S2_N0_Tm1
14055 28 -1.5 97.549400827448 S2_N0_Tm1
14057 28 -1.5 13.2302731828818 S2_N0_Tm1
14060 28 -1.5 129.040721669842 S2_N0_Tm1
14061 28 -1.5 154.339211778581 S2_N0_Tm1
14062 28 -1.5 145.05232846381 S2_N0_Tm1
14037 29 -1.5 0 S2_N0_Tm1
14038 29 -1.5 83.5141203240978 S2_N0_Tm1
14039 29 -1.5 3.2535966051173 S2_N0_Tm1
14042 29 -1.5 0 S2_N0_Tm1
14043 29 -1.5 417.9441122512 S2_N0_Tm1
14046 29 -1.5 103.596149909418 S2_N0_Tm1
14047 29 -1.5 0 S2_N0_Tm1
14049 29 -1.5 0 S2_N0_Tm1
14053 29 -1.5 69.0573357328521 S2_N0_Tm1
14054 29 -1.5 0 S2_N0_Tm1
14055 29 -1.5 21.371347755215 S2_N0_Tm1
14057 29 -1.5 0 S2_N0_Tm1
14060 29 -1.5 29.4674246784861 S2_N0_Tm1
14061 29 -1.5 53.8949391354809 S2_N0_Tm1
14062 29 -1.5 50.7337621485042 S2_N0_Tm1
14037 30 -1.5 0 S2_N0_Tm1
14038 30 -1.5 19.4184079234779 S2_N0_Tm1
14039 30 -1.5 0 S2_N0_Tm1
14042 30 -1.5 0 S2_N0_Tm1
14043 30 -1.5 173.184135722714 S2_N0_Tm1
14046 30 -1.5 0 S2_N0_Tm1
14047 30 -1.5 0 S2_N0_Tm1
14049 30 -1.5 0 S2_N0_Tm1
14053 30 -1.5 1.05606037246107 S2_N0_Tm1
14054 30 -1.5 0 S2_N0_Tm1
14055 30 -1.5 0 S2_N0_Tm1
14057 30 -1.5 0 S2_N0_Tm1
14060 30 -1.5 0 S2_N0_Tm1
14061 30 -1.5 5.62236452395888 S2_N0_Tm1
14062 30 -1.5 0 S2_N0_Tm1
14037 31 -1.5 0 S2_N0_Tm1
14038 31 -1.5 58.7739019771749 S2_N0_Tm1
14039 31 -1.5 0 S2_N0_Tm1
14042 31 -1.5 0 S2_N0_Tm1
14043 31 -1.5 372.188280510681 S2_N0_Tm1
14046 31 -1.5 23.0378551268839 S2_N0_Tm1
14047 31 -1.5 0 S2_N0_Tm1
14049 31 -1.5 0 S2_N0_Tm1
14053 31 -1.5 60.2932623757357 S2_N0_Tm1
14054 31 -1.5 0 S2_N0_Tm1
14055 31 -1.5 0 S2_N0_Tm1
14057 31 -1.5 0 S2_N0_Tm1
14060 31 -1.5 0 S2_N0_Tm1
14061 31 -1.5 44.19586747999 S2_N0_Tm1
14062 31 -1.5 11.8121800799647 S2_N0_Tm1
14037 1 -3 0 S2_N0_Tm1
14038 1 -3 7.99916082812058 S2_N0_Tm1
14039 1 -3 0 S2_N0_Tm1
14042 1 -3 0 S2_N0_Tm1
14043 1 -3 268.880293733992 S2_N0_Tm1
14046 1 -3 2.85424251137595 S2_N0_Tm1
14047 1 -3 0 S2_N0_Tm1
14049 1 -3 0 S2_N0_Tm1
14053 1 -3 0 S2_N0_Tm1
14054 1 -3 0 S2_N0_Tm1
14055 1 -3 0 S2_N0_Tm1
14057 1 -3 0 S2_N0_Tm1
14060 1 -3 1.42560792022242 S2_N0_Tm1
14061 1 -3 2.26481726224498 S2_N0_Tm1
14062 1 -3 0 S2_N0_Tm1
14037 2 -3 0 S2_N0_Tm1
14038 2 -3 0 S2_N0_Tm1
14039 2 -3 0 S2_N0_Tm1
14042 2 -3 0 S2_N0_Tm1
14043 2 -3 1.76726014451452 S2_N0_Tm1
14046 2 -3 0 S2_N0_Tm1
14047 2 -3 0 S2_N0_Tm1
14049 2 -3 0 S2_N0_Tm1
14053 2 -3 0 S2_N0_Tm1
14054 2 -3 0 S2_N0_Tm1
14055 2 -3 0 S2_N0_Tm1
14057 2 -3 0 S2_N0_Tm1
14060 2 -3 0 S2_N0_Tm1
14061 2 -3 0 S2_N0_Tm1
14062 2 -3 0 S2_N0_Tm1
14037 3 -3 0 S2_N0_Tm1
14038 3 -3 4.66755456962004 S2_N0_Tm1
14039 3 -3 0 S2_N0_Tm1
14042 3 -3 0 S2_N0_Tm1
14043 3 -3 217.329973838313 S2_N0_Tm1
14046 3 -3 0 S2_N0_Tm1
14047 3 -3 0 S2_N0_Tm1
14049 3 -3 0 S2_N0_Tm1
14053 3 -3 0 S2_N0_Tm1
14054 3 -3 0 S2_N0_Tm1
14055 3 -3 0 S2_N0_Tm1
14057 3 -3 0 S2_N0_Tm1
14060 3 -3 0 S2_N0_Tm1
14061 3 -3 0 S2_N0_Tm1
14062 3 -3 0 S2_N0_Tm1
14037 4 -3 0 S2_N0_Tm1
14038 4 -3 16.0694297378811 S2_N0_Tm1
14039 4 -3 0 S2_N0_Tm1
14042 4 -3 0 S2_N0_Tm1
14043 4 -3 292.677795042128 S2_N0_Tm1
14046 4 -3 10.005869450167 S2_N0_Tm1
14047 4 -3 0 S2_N0_Tm1
14049 4 -3 0 S2_N0_Tm1
14053 4 -3 1.4447223085935 S2_N0_Tm1
14054 4 -3 0 S2_N0_Tm1
14055 4 -3 0 S2_N0_Tm1
14057 4 -3 0 S2_N0_Tm1
14060 4 -3 1.0969041369806 S2_N0_Tm1
14061 4 -3 3.28595007561047 S2_N0_Tm1
14062 4 -3 0 S2_N0_Tm1
14037 5 -3 0 S2_N0_Tm1
14038 5 -3 0 S2_N0_Tm1
14039 5 -3 0 S2_N0_Tm1
14042 5 -3 0 S2_N0_Tm1
14043 5 -3 0 S2_N0_Tm1
14046 5 -3 0 S2_N0_Tm1
14047 5 -3 0 S2_N0_Tm1
14049 5 -3 0 S2_N0_Tm1
14053 5 -3 0 S2_N0_Tm1
14054 5 -3 0 S2_N0_Tm1
14055 5 -3 0 S2_N0_Tm1
14057 5 -3 0 S2_N0_Tm1
14060 5 -3 0 S2_N0_Tm1
14061 5 -3 0 S2_N0_Tm1
14062 5 -3 0 S2_N0_Tm1
14037 6 -3 1.03737943810858 S2_N0_Tm1
14038 6 -3 94.3238488739435 S2_N0_Tm1
14039 6 -3 45.7274428876592 S2_N0_Tm1
14042 6 -3 3.84784731647439 S2_N0_Tm1
14043 6 -3 498.306200599296 S2_N0_Tm1
14046 6 -3 121.243785593899 S2_N0_Tm1
14047 6 -3 0 S2_N0_Tm1
14049 6 -3 4.13311163997185 S2_N0_Tm1
14053 6 -3 85.6017947920473 S2_N0_Tm1
14054 6 -3 0 S2_N0_Tm1
14055 6 -3 37.6396362722947 S2_N0_Tm1
14057 6 -3 0 S2_N0_Tm1
14060 6 -3 46.6602876404786 S2_N0_Tm1
14061 6 -3 88.9337100640061 S2_N0_Tm1
14062 6 -3 80.6107968940844 S2_N0_Tm1
14037 7 -3 0 S2_N0_Tm1
14038 7 -3 0 S2_N0_Tm1
14039 7 -3 0 S2_N0_Tm1
14042 7 -3 0 S2_N0_Tm1
14043 7 -3 2.25360985474997 S2_N0_Tm1
14046 7 -3 0 S2_N0_Tm1
14047 7 -3 0 S2_N0_Tm1
14049 7 -3 0 S2_N0_Tm1
14053 7 -3 0 S2_N0_Tm1
14054 7 -3 0 S2_N0_Tm1
14055 7 -3 0 S2_N0_Tm1
14057 7 -3 0 S2_N0_Tm1
14060 7 -3 0 S2_N0_Tm1
14061 7 -3 0 S2_N0_Tm1
14062 7 -3 0 S2_N0_Tm1
14037 8 -3 0 S2_N0_Tm1
14038 8 -3 57.0064201763825 S2_N0_Tm1
14039 8 -3 11.8571336977577 S2_N0_Tm1
14042 8 -3 0 S2_N0_Tm1
14043 8 -3 389.728879337864 S2_N0_Tm1
14046 8 -3 62.2308761552225 S2_N0_Tm1
14047 8 -3 0 S2_N0_Tm1
14049 8 -3 0 S2_N0_Tm1
14053 8 -3 29.8319896956741 S2_N0_Tm1
14054 8 -3 0 S2_N0_Tm1
14055 8 -3 9.49229380640197 S2_N0_Tm1
14057 8 -3 0 S2_N0_Tm1
14060 8 -3 31.5441536149937 S2_N0_Tm1
14061 8 -3 47.297244316249 S2_N0_Tm1
14062 8 -3 14.8587600995607 S2_N0_Tm1
14037 9 -3 0 S2_N0_Tm1
14038 9 -3 48.7567289603024 S2_N0_Tm1
14039 9 -3 2.50205541562278 S2_N0_Tm1
14042 9 -3 0 S2_N0_Tm1
14043 9 -3 369.391953019726 S2_N0_Tm1
14046 9 -3 54.3696101546956 S2_N0_Tm1
14047 9 -3 0 S2_N0_Tm1
14049 9 -3 0 S2_N0_Tm1
14053 9 -3 24.9999531255155 S2_N0_Tm1
14054 9 -3 0 S2_N0_Tm1
14055 9 -3 2.49414114147402 S2_N0_Tm1
14057 9 -3 0 S2_N0_Tm1
14060 9 -3 6.34095675488254 S2_N0_Tm1
14061 9 -3 30.3960873618936 S2_N0_Tm1
14062 9 -3 11.6506857370409 S2_N0_Tm1
14037 10 -3 0 S2_N0_Tm1
14038 10 -3 52.1826364891685 S2_N0_Tm1
14039 10 -3 8.86947650352322 S2_N0_Tm1
14042 10 -3 0 S2_N0_Tm1
14043 10 -3 387.024619797691 S2_N0_Tm1
14046 10 -3 59.1887770375933 S2_N0_Tm1
14047 10 -3 0 S2_N0_Tm1
14049 10 -3 0 S2_N0_Tm1
14053 10 -3 25.4753699369986 S2_N0_Tm1
14054 10 -3 0 S2_N0_Tm1
14055 10 -3 6.73562257977334 S2_N0_Tm1
14057 10 -3 0 S2_N0_Tm1
14060 10 -3 26.0186548190539 S2_N0_Tm1
14061 10 -3 41.3003731849625 S2_N0_Tm1
14062 10 -3 13.5596879575459 S2_N0_Tm1
14037 11 -3 0 S2_N0_Tm1
14038 11 -3 0 S2_N0_Tm1
14039 11 -3 0 S2_N0_Tm1
14042 11 -3 0 S2_N0_Tm1
14043 11 -3 88.5103967828322 S2_N0_Tm1
14046 11 -3 0 S2_N0_Tm1
14047 11 -3 0 S2_N0_Tm1
14049 11 -3 0 S2_N0_Tm1
14053 11 -3 0 S2_N0_Tm1
14054 11 -3 0 S2_N0_Tm1
14055 11 -3 0 S2_N0_Tm1
14057 11 -3 0 S2_N0_Tm1
14060 11 -3 0 S2_N0_Tm1
14061 11 -3 0 S2_N0_Tm1
14062 11 -3 0 S2_N0_Tm1
14037 12 -3 0 S2_N0_Tm1
14038 12 -3 0 S2_N0_Tm1
14039 12 -3 0 S2_N0_Tm1
14042 12 -3 0 S2_N0_Tm1
14043 12 -3 96.0658460034171 S2_N0_Tm1
14046 12 -3 0 S2_N0_Tm1
14047 12 -3 0 S2_N0_Tm1
14049 12 -3 0 S2_N0_Tm1
14053 12 -3 0 S2_N0_Tm1
14054 12 -3 0 S2_N0_Tm1
14055 12 -3 0 S2_N0_Tm1
14057 12 -3 0 S2_N0_Tm1
14060 12 -3 0 S2_N0_Tm1
14061 12 -3 0 S2_N0_Tm1
14062 12 -3 0 S2_N0_Tm1
14037 13 -3 0 S2_N0_Tm1
14038 13 -3 15.8699719959728 S2_N0_Tm1
14039 13 -3 0 S2_N0_Tm1
14042 13 -3 0 S2_N0_Tm1
14043 13 -3 251.987635201232 S2_N0_Tm1
14046 13 -3 2.56133036741877 S2_N0_Tm1
14047 13 -3 0 S2_N0_Tm1
14049 13 -3 0 S2_N0_Tm1
14053 13 -3 1.67293479355823 S2_N0_Tm1
14054 13 -3 0 S2_N0_Tm1
14055 13 -3 0 S2_N0_Tm1
14057 13 -3 0 S2_N0_Tm1
14060 13 -3 0 S2_N0_Tm1
14061 13 -3 2.65264359673638 S2_N0_Tm1
14062 13 -3 0 S2_N0_Tm1
14037 14 -3 0 S2_N0_Tm1
14038 14 -3 8.49351937862776 S2_N0_Tm1
14039 14 -3 0 S2_N0_Tm1
14042 14 -3 0 S2_N0_Tm1
14043 14 -3 180.04036279915 S2_N0_Tm1
14046 14 -3 0 S2_N0_Tm1
14047 14 -3 0 S2_N0_Tm1
14049 14 -3 0 S2_N0_Tm1
14053 14 -3 0 S2_N0_Tm1
14054 14 -3 0 S2_N0_Tm1
14055 14 -3 0 S2_N0_Tm1
14057 14 -3 0 S2_N0_Tm1
14060 14 -3 0 S2_N0_Tm1
14061 14 -3 5.30575915617443 S2_N0_Tm1
14062 14 -3 0 S2_N0_Tm1
14037 15 -3 11.9728679881734 S2_N0_Tm1
14038 15 -3 132.607653823777 S2_N0_Tm1
14039 15 -3 111.495683585058 S2_N0_Tm1
14042 15 -3 17.744137496208 S2_N0_Tm1
14043 15 -3 626.445253855632 S2_N0_Tm1
14046 15 -3 177.827310416524 S2_N0_Tm1
14047 15 -3 1.24339300859295 S2_N0_Tm1
14049 15 -3 44.3769789428396 S2_N0_Tm1
14053 15 -3 129.603356154019 S2_N0_Tm1
14054 15 -3 31.2639927678578 S2_N0_Tm1
14055 15 -3 79.7191464576748 S2_N0_Tm1
14057 15 -3 3.88692364371039 S2_N0_Tm1
14060 15 -3 107.664023969745 S2_N0_Tm1
14061 15 -3 146.15257256382 S2_N0_Tm1
14062 15 -3 126.078101344235 S2_N0_Tm1
14037 16 -3 0 S2_N0_Tm1
14038 16 -3 76.9413166944094 S2_N0_Tm1
14039 16 -3 37.147530120128 S2_N0_Tm1
14042 16 -3 0 S2_N0_Tm1
14043 16 -3 448.764090417571 S2_N0_Tm1
14046 16 -3 90.3471293411824 S2_N0_Tm1
14047 16 -3 0 S2_N0_Tm1
14049 16 -3 1.213388436373 S2_N0_Tm1
14053 16 -3 55.8302493636986 S2_N0_Tm1
14054 16 -3 0 S2_N0_Tm1
14055 16 -3 28.2983447130805 S2_N0_Tm1
14057 16 -3 0 S2_N0_Tm1
14060 16 -3 55.7634248934126 S2_N0_Tm1
14061 16 -3 75.7391864636116 S2_N0_Tm1
14062 16 -3 42.5570948403752 S2_N0_Tm1
14037 17 -3 0 S2_N0_Tm1
14038 17 -3 79.9377437725407 S2_N0_Tm1
14039 17 -3 10.698346125125 S2_N0_Tm1
14042 17 -3 2.0339405748328 S2_N0_Tm1
14043 17 -3 425.748075197368 S2_N0_Tm1
14046 17 -3 81.9531409468632 S2_N0_Tm1
14047 17 -3 0 S2_N0_Tm1
14049 17 -3 0 S2_N0_Tm1
14053 17 -3 67.4229184346241 S2_N0_Tm1
14054 17 -3 0 S2_N0_Tm1
14055 17 -3 11.3190204565698 S2_N0_Tm1
14057 17 -3 0 S2_N0_Tm1
14060 17 -3 12.837704654213 S2_N0_Tm1
14061 17 -3 69.9435785800726 S2_N0_Tm1
14062 17 -3 42.8131512350169 S2_N0_Tm1
14037 18 -3 0 S2_N0_Tm1
14038 18 -3 1.59075228292218 S2_N0_Tm1
14039 18 -3 0 S2_N0_Tm1
14042 18 -3 0 S2_N0_Tm1
14043 18 -3 217.815406105912 S2_N0_Tm1
14046 18 -3 0 S2_N0_Tm1
14047 18 -3 0 S2_N0_Tm1
14049 18 -3 0 S2_N0_Tm1
14053 18 -3 0 S2_N0_Tm1
14054 18 -3 0 S2_N0_Tm1
14055 18 -3 0 S2_N0_Tm1
14057 18 -3 0 S2_N0_Tm1
14060 18 -3 0 S2_N0_Tm1
14061 18 -3 0 S2_N0_Tm1
14062 18 -3 0 S2_N0_Tm1
14037 19 -3 0 S2_N0_Tm1
14038 19 -3 55.2649407947525 S2_N0_Tm1
14039 19 -3 10.5591894730648 S2_N0_Tm1
14042 19 -3 0 S2_N0_Tm1
14043 19 -3 394.069232871356 S2_N0_Tm1
14046 19 -3 64.4483060554571 S2_N0_Tm1
14047 19 -3 0 S2_N0_Tm1
14049 19 -3 0 S2_N0_Tm1
14053 19 -3 30.1481447780441 S2_N0_Tm1
14054 19 -3 0 S2_N0_Tm1
14055 19 -3 8.17841090559983 S2_N0_Tm1
14057 19 -3 0 S2_N0_Tm1
14060 19 -3 26.7788209377812 S2_N0_Tm1
14061 19 -3 43.7145009132324 S2_N0_Tm1
14062 19 -3 16.8313214493336 S2_N0_Tm1
14037 20 -3 1.3787822271867 S2_N0_Tm1
14038 20 -3 108.736547646592 S2_N0_Tm1
14039 20 -3 78.7940459372273 S2_N0_Tm1
14042 20 -3 2.71190063584385 S2_N0_Tm1
14043 20 -3 543.710811370412 S2_N0_Tm1
14046 20 -3 137.464220851724 S2_N0_Tm1
14047 20 -3 0 S2_N0_Tm1
14049 20 -3 15.2609619318526 S2_N0_Tm1
14053 20 -3 96.0118746180874 S2_N0_Tm1
14054 20 -3 5.89844200147619 S2_N0_Tm1
14055 20 -3 59.1916250079269 S2_N0_Tm1
14057 20 -3 0 S2_N0_Tm1
14060 20 -3 86.8134609245292 S2_N0_Tm1
14061 20 -3 116.107310186191 S2_N0_Tm1
14062 20 -3 92.3918081163701 S2_N0_Tm1
14037 21 -3 0 S2_N0_Tm1
14038 21 -3 39.35213072123 S2_N0_Tm1
14039 21 -3 2.77769034742874 S2_N0_Tm1
14042 21 -3 0 S2_N0_Tm1
14043 21 -3 354.701749173322 S2_N0_Tm1
14046 21 -3 40.9607166124775 S2_N0_Tm1
14047 21 -3 0 S2_N0_Tm1
14049 21 -3 0 S2_N0_Tm1
14053 21 -3 11.4802390008266 S2_N0_Tm1
14054 21 -3 0 S2_N0_Tm1
14055 21 -3 2.27672074773819 S2_N0_Tm1
14057 21 -3 0 S2_N0_Tm1
14060 21 -3 12.2313089673154 S2_N0_Tm1
14061 21 -3 24.0118778856705 S2_N0_Tm1
14062 21 -3 5.74852339955554 S2_N0_Tm1
14037 22 -3 0 S2_N0_Tm1
14038 22 -3 45.9617435740974 S2_N0_Tm1
14039 22 -3 6.02089270219081 S2_N0_Tm1
14042 22 -3 0 S2_N0_Tm1
14043 22 -3 372.991871494913 S2_N0_Tm1
14046 22 -3 48.6914962934271 S2_N0_Tm1
14047 22 -3 0 S2_N0_Tm1
14049 22 -3 0 S2_N0_Tm1
14053 22 -3 17.3007895142355 S2_N0_Tm1
14054 22 -3 0 S2_N0_Tm1
14055 22 -3 4.25818369291805 S2_N0_Tm1
14057 22 -3 0 S2_N0_Tm1
14060 22 -3 24.7287411644945 S2_N0_Tm1
14061 22 -3 38.5081360239512 S2_N0_Tm1
14062 22 -3 8.8498694757216 S2_N0_Tm1
14037 23 -3 0 S2_N0_Tm1
14038 23 -3 61.1949480236728 S2_N0_Tm1
14039 23 -3 13.7214696984873 S2_N0_Tm1
14042 23 -3 0 S2_N0_Tm1
14043 23 -3 416.38245748675 S2_N0_Tm1
14046 23 -3 78.5273668874661 S2_N0_Tm1
14047 23 -3 0 S2_N0_Tm1
14049 23 -3 0 S2_N0_Tm1
14053 23 -3 43.287242860997 S2_N0_Tm1
14054 23 -3 0 S2_N0_Tm1
14055 23 -3 10.3726086825642 S2_N0_Tm1
14057 23 -3 0 S2_N0_Tm1
14060 23 -3 24.205226788001 S2_N0_Tm1
14061 23 -3 49.0752133763059 S2_N0_Tm1
14062 23 -3 30.8638755706642 S2_N0_Tm1
14037 24 -3 0 S2_N0_Tm1
14038 24 -3 44.8795789897238 S2_N0_Tm1
14039 24 -3 5.07038669647943 S2_N0_Tm1
14042 24 -3 0 S2_N0_Tm1
14043 24 -3 370.857045733257 S2_N0_Tm1
14046 24 -3 49.6812178454148 S2_N0_Tm1
14047 24 -3 0 S2_N0_Tm1
14049 24 -3 0 S2_N0_Tm1
14053 24 -3 17.2294901854681 S2_N0_Tm1
14054 24 -3 0 S2_N0_Tm1
14055 24 -3 3.81255304407464 S2_N0_Tm1
14057 24 -3 0 S2_N0_Tm1
14060 24 -3 19.0580123220762 S2_N0_Tm1
14061 24 -3 32.5535362983868 S2_N0_Tm1
14062 24 -3 8.90626251628597 S2_N0_Tm1
14037 25 -3 0 S2_N0_Tm1
14038 25 -3 3.17689069225413 S2_N0_Tm1
14039 25 -3 0 S2_N0_Tm1
14042 25 -3 0 S2_N0_Tm1
14043 25 -3 162.837271239457 S2_N0_Tm1
14046 25 -3 0 S2_N0_Tm1
14047 25 -3 0 S2_N0_Tm1
14049 25 -3 0 S2_N0_Tm1
14053 25 -3 0 S2_N0_Tm1
14054 25 -3 0 S2_N0_Tm1
14055 25 -3 0 S2_N0_Tm1
14057 25 -3 0 S2_N0_Tm1
14060 25 -3 0 S2_N0_Tm1
14061 25 -3 1.68460392608689 S2_N0_Tm1
14062 25 -3 0 S2_N0_Tm1
14037 26 -3 0 S2_N0_Tm1
14038 26 -3 68.0966651544542 S2_N0_Tm1
14039 26 -3 27.1638528552792 S2_N0_Tm1
14042 26 -3 0 S2_N0_Tm1
14043 26 -3 431.125262281304 S2_N0_Tm1
14046 26 -3 80.133984502102 S2_N0_Tm1
14047 26 -3 0 S2_N0_Tm1
14049 26 -3 0 S2_N0_Tm1
14053 26 -3 46.0094946494725 S2_N0_Tm1
14054 26 -3 0 S2_N0_Tm1
14055 26 -3 19.4910856882276 S2_N0_Tm1
14057 26 -3 0 S2_N0_Tm1
14060 26 -3 47.444337964572 S2_N0_Tm1
14061 26 -3 65.2676442064959 S2_N0_Tm1
14062 26 -3 32.2742047151113 S2_N0_Tm1
14037 27 -3 0 S2_N0_Tm1
14038 27 -3 0 S2_N0_Tm1
14039 27 -3 0 S2_N0_Tm1
14042 27 -3 0 S2_N0_Tm1
14043 27 -3 0 S2_N0_Tm1
14046 27 -3 0 S2_N0_Tm1
14047 27 -3 0 S2_N0_Tm1
14049 27 -3 0 S2_N0_Tm1
14053 27 -3 0 S2_N0_Tm1
14054 27 -3 0 S2_N0_Tm1
14055 27 -3 0 S2_N0_Tm1
14057 27 -3 0 S2_N0_Tm1
14060 27 -3 0 S2_N0_Tm1
14061 27 -3 0 S2_N0_Tm1
14062 27 -3 0 S2_N0_Tm1
14037 28 -3 0 S2_N0_Tm1
14038 28 -3 78.8331730014317 S2_N0_Tm1
14039 28 -3 42.3495779745617 S2_N0_Tm1
14042 28 -3 0 S2_N0_Tm1
14043 28 -3 464.972454727355 S2_N0_Tm1
14046 28 -3 96.7092134517545 S2_N0_Tm1
14047 28 -3 0 S2_N0_Tm1
14049 28 -3 1.54577890419579 S2_N0_Tm1
14053 28 -3 60.3280650944167 S2_N0_Tm1
14054 28 -3 0 S2_N0_Tm1
14055 28 -3 31.2874114304623 S2_N0_Tm1
14057 28 -3 0 S2_N0_Tm1
14060 28 -3 59.3412924344307 S2_N0_Tm1
14061 28 -3 80.2885101762474 S2_N0_Tm1
14062 28 -3 51.7931010155904 S2_N0_Tm1
14037 29 -3 0 S2_N0_Tm1
14038 29 -3 6.36510034107221 S2_N0_Tm1
14039 29 -3 0 S2_N0_Tm1
14042 29 -3 0 S2_N0_Tm1
14043 29 -3 247.469382023133 S2_N0_Tm1
14046 29 -3 2.12011916268209 S2_N0_Tm1
14047 29 -3 0 S2_N0_Tm1
14049 29 -3 0 S2_N0_Tm1
14053 29 -3 0 S2_N0_Tm1
14054 29 -3 0 S2_N0_Tm1
14055 29 -3 0 S2_N0_Tm1
14057 29 -3 0 S2_N0_Tm1
14060 29 -3 0 S2_N0_Tm1
14061 29 -3 0 S2_N0_Tm1
14062 29 -3 0 S2_N0_Tm1
14037 30 -3 0 S2_N0_Tm1
14038 30 -3 3.9120397200448 S2_N0_Tm1
14039 30 -3 0 S2_N0_Tm1
14042 30 -3 0 S2_N0_Tm1
14043 30 -3 162.890752448162 S2_N0_Tm1
14046 30 -3 0 S2_N0_Tm1
14047 30 -3 0 S2_N0_Tm1
14049 30 -3 0 S2_N0_Tm1
14053 30 -3 0 S2_N0_Tm1
14054 30 -3 0 S2_N0_Tm1
14055 30 -3 0 S2_N0_Tm1
14057 30 -3 0 S2_N0_Tm1
14060 30 -3 0 S2_N0_Tm1
14061 30 -3 2.09886893718688 S2_N0_Tm1
14062 30 -3 0 S2_N0_Tm1
14037 31 -3 0 S2_N0_Tm1
14038 31 -3 7.67982526922142 S2_N0_Tm1
14039 31 -3 0 S2_N0_Tm1
14042 31 -3 0 S2_N0_Tm1
14043 31 -3 279.081962378027 S2_N0_Tm1
14046 31 -3 0 S2_N0_Tm1
14047 31 -3 0 S2_N0_Tm1
14049 31 -3 0 S2_N0_Tm1
14053 31 -3 2.26581808335456 S2_N0_Tm1
14054 31 -3 0 S2_N0_Tm1
14055 31 -3 0 S2_N0_Tm1
14057 31 -3 0 S2_N0_Tm1
14060 31 -3 0 S2_N0_Tm1
14061 31 -3 3.39234929908222 S2_N0_Tm1
14062 31 -3 0 S2_N0_Tm1
14037 1 -5 0 S2_N0_Tm1
14038 1 -5 0 S2_N0_Tm1
14039 1 -5 0 S2_N0_Tm1
14042 1 -5 0 S2_N0_Tm1
14043 1 -5 27.6457649130973 S2_N0_Tm1
14046 1 -5 0 S2_N0_Tm1
14047 1 -5 0 S2_N0_Tm1
14049 1 -5 0 S2_N0_Tm1
14053 1 -5 0 S2_N0_Tm1
14054 1 -5 0 S2_N0_Tm1
14055 1 -5 0 S2_N0_Tm1
14057 1 -5 0 S2_N0_Tm1
14060 1 -5 0 S2_N0_Tm1
14061 1 -5 0 S2_N0_Tm1
14062 1 -5 0 S2_N0_Tm1
14037 2 -5 0 S2_N0_Tm1
14038 2 -5 0 S2_N0_Tm1
14039 2 -5 0 S2_N0_Tm1
14042 2 -5 0 S2_N0_Tm1
14043 2 -5 0 S2_N0_Tm1
14046 2 -5 0 S2_N0_Tm1
14047 2 -5 0 S2_N0_Tm1
14049 2 -5 0 S2_N0_Tm1
14053 2 -5 0 S2_N0_Tm1
14054 2 -5 0 S2_N0_Tm1
14055 2 -5 0 S2_N0_Tm1
14057 2 -5 0 S2_N0_Tm1
14060 2 -5 0 S2_N0_Tm1
14061 2 -5 0 S2_N0_Tm1
14062 2 -5 0 S2_N0_Tm1
14037 3 -5 0 S2_N0_Tm1
14038 3 -5 0 S2_N0_Tm1
14039 3 -5 0 S2_N0_Tm1
14042 3 -5 0 S2_N0_Tm1
14043 3 -5 78.4223098663649 S2_N0_Tm1
14046 3 -5 0 S2_N0_Tm1
14047 3 -5 0 S2_N0_Tm1
14049 3 -5 0 S2_N0_Tm1
14053 3 -5 0 S2_N0_Tm1
14054 3 -5 0 S2_N0_Tm1
14055 3 -5 0 S2_N0_Tm1
14057 3 -5 0 S2_N0_Tm1
14060 3 -5 0 S2_N0_Tm1
14061 3 -5 0 S2_N0_Tm1
14062 3 -5 0 S2_N0_Tm1
14037 4 -5 0 S2_N0_Tm1
14038 4 -5 0 S2_N0_Tm1
14039 4 -5 0 S2_N0_Tm1
14042 4 -5 0 S2_N0_Tm1
14043 4 -5 70.5532615076461 S2_N0_Tm1
14046 4 -5 0 S2_N0_Tm1
14047 4 -5 0 S2_N0_Tm1
14049 4 -5 0 S2_N0_Tm1
14053 4 -5 0 S2_N0_Tm1
14054 4 -5 0 S2_N0_Tm1
14055 4 -5 0 S2_N0_Tm1
14057 4 -5 0 S2_N0_Tm1
14060 4 -5 0 S2_N0_Tm1
14061 4 -5 0 S2_N0_Tm1
14062 4 -5 0 S2_N0_Tm1
14037 5 -5 0 S2_N0_Tm1
14038 5 -5 0 S2_N0_Tm1
14039 5 -5 0 S2_N0_Tm1
14042 5 -5 0 S2_N0_Tm1
14043 5 -5 0 S2_N0_Tm1
14046 5 -5 0 S2_N0_Tm1
14047 5 -5 0 S2_N0_Tm1
14049 5 -5 0 S2_N0_Tm1
14053 5 -5 0 S2_N0_Tm1
14054 5 -5 0 S2_N0_Tm1
14055 5 -5 0 S2_N0_Tm1
14057 5 -5 0 S2_N0_Tm1
14060 5 -5 0 S2_N0_Tm1
14061 5 -5 0 S2_N0_Tm1
14062 5 -5 0 S2_N0_Tm1
14037 6 -5 0 S2_N0_Tm1
14038 6 -5 46.0396125422727 S2_N0_Tm1
14039 6 -5 3.42855033876259 S2_N0_Tm1
14042 6 -5 0 S2_N0_Tm1
14043 6 -5 342.841535180635 S2_N0_Tm1
14046 6 -5 49.928013047923 S2_N0_Tm1
14047 6 -5 0 S2_N0_Tm1
14049 6 -5 0 S2_N0_Tm1
14053 6 -5 21.7599542572569 S2_N0_Tm1
14054 6 -5 3.0133980416499 S2_N0_Tm1
14055 6 -5 2.06780860041079 S2_N0_Tm1
14057 6 -5 0 S2_N0_Tm1
14060 6 -5 5.42504437583212 S2_N0_Tm1
14061 6 -5 27.799523438774 S2_N0_Tm1
14062 6 -5 9.77093831228134 S2_N0_Tm1
14037 7 -5 0 S2_N0_Tm1
14038 7 -5 0 S2_N0_Tm1
14039 7 -5 0 S2_N0_Tm1
14042 7 -5 0 S2_N0_Tm1
14043 7 -5 0 S2_N0_Tm1
14046 7 -5 0 S2_N0_Tm1
14047 7 -5 0 S2_N0_Tm1
14049 7 -5 0 S2_N0_Tm1
14053 7 -5 0 S2_N0_Tm1
14054 7 -5 0 S2_N0_Tm1
14055 7 -5 0 S2_N0_Tm1
14057 7 -5 0 S2_N0_Tm1
14060 7 -5 0 S2_N0_Tm1
14061 7 -5 0 S2_N0_Tm1
14062 7 -5 0 S2_N0_Tm1
14037 8 -5 0 S2_N0_Tm1
14038 8 -5 0 S2_N0_Tm1
14039 8 -5 0 S2_N0_Tm1
14042 8 -5 0 S2_N0_Tm1
14043 8 -5 169.243428135822 S2_N0_Tm1
14046 8 -5 0 S2_N0_Tm1
14047 8 -5 0 S2_N0_Tm1
14049 8 -5 0 S2_N0_Tm1
14053 8 -5 0 S2_N0_Tm1
14054 8 -5 0 S2_N0_Tm1
14055 8 -5 0 S2_N0_Tm1
14057 8 -5 0 S2_N0_Tm1
14060 8 -5 0 S2_N0_Tm1
14061 8 -5 0 S2_N0_Tm1
14062 8 -5 0 S2_N0_Tm1
14037 9 -5 0 S2_N0_Tm1
14038 9 -5 0 S2_N0_Tm1
14039 9 -5 0 S2_N0_Tm1
14042 9 -5 0 S2_N0_Tm1
14043 9 -5 172.332963158372 S2_N0_Tm1
14046 9 -5 0 S2_N0_Tm1
14047 9 -5 0 S2_N0_Tm1
14049 9 -5 0 S2_N0_Tm1
14053 9 -5 0 S2_N0_Tm1
14054 9 -5 0 S2_N0_Tm1
14055 9 -5 0 S2_N0_Tm1
14057 9 -5 0 S2_N0_Tm1
14060 9 -5 0 S2_N0_Tm1
14061 9 -5 0 S2_N0_Tm1
14062 9 -5 0 S2_N0_Tm1
14037 10 -5 0 S2_N0_Tm1
14038 10 -5 0 S2_N0_Tm1
14039 10 -5 0 S2_N0_Tm1
14042 10 -5 0 S2_N0_Tm1
14043 10 -5 153.345629296791 S2_N0_Tm1
14046 10 -5 0 S2_N0_Tm1
14047 10 -5 0 S2_N0_Tm1
14049 10 -5 0 S2_N0_Tm1
14053 10 -5 0 S2_N0_Tm1
14054 10 -5 0 S2_N0_Tm1
14055 10 -5 0 S2_N0_Tm1
14057 10 -5 0 S2_N0_Tm1
14060 10 -5 0 S2_N0_Tm1
14061 10 -5 0 S2_N0_Tm1
14062 10 -5 0 S2_N0_Tm1
14037 11 -5 0 S2_N0_Tm1
14038 11 -5 0 S2_N0_Tm1
14039 11 -5 0 S2_N0_Tm1
14042 11 -5 0 S2_N0_Tm1
14043 11 -5 0 S2_N0_Tm1
14046 11 -5 0 S2_N0_Tm1
14047 11 -5 0 S2_N0_Tm1
14049 11 -5 0 S2_N0_Tm1
14053 11 -5 0 S2_N0_Tm1
14054 11 -5 0 S2_N0_Tm1
14055 11 -5 0 S2_N0_Tm1
14057 11 -5 0 S2_N0_Tm1
14060 11 -5 0 S2_N0_Tm1
14061 11 -5 0 S2_N0_Tm1
14062 11 -5 0 S2_N0_Tm1
14037 12 -5 0 S2_N0_Tm1
14038 12 -5 0 S2_N0_Tm1
14039 12 -5 0 S2_N0_Tm1
14042 12 -5 0 S2_N0_Tm1
14043 12 -5 0 S2_N0_Tm1
14046 12 -5 0 S2_N0_Tm1
14047 12 -5 0 S2_N0_Tm1
14049 12 -5 0 S2_N0_Tm1
14053 12 -5 0 S2_N0_Tm1
14054 12 -5 0 S2_N0_Tm1
14055 12 -5 0 S2_N0_Tm1
14057 12 -5 0 S2_N0_Tm1
14060 12 -5 0 S2_N0_Tm1
14061 12 -5 0 S2_N0_Tm1
14062 12 -5 0 S2_N0_Tm1
14037 13 -5 0 S2_N0_Tm1
14038 13 -5 0 S2_N0_Tm1
14039 13 -5 0 S2_N0_Tm1
14042 13 -5 0 S2_N0_Tm1
14043 13 -5 116.702031123694 S2_N0_Tm1
14046 13 -5 0 S2_N0_Tm1
14047 13 -5 0 S2_N0_Tm1
14049 13 -5 0 S2_N0_Tm1
14053 13 -5 0 S2_N0_Tm1
14054 13 -5 0 S2_N0_Tm1
14055 13 -5 0 S2_N0_Tm1
14057 13 -5 0 S2_N0_Tm1
14060 13 -5 0 S2_N0_Tm1
14061 13 -5 0 S2_N0_Tm1
14062 13 -5 0 S2_N0_Tm1
14037 14 -5 0 S2_N0_Tm1
14038 14 -5 1.10150835917318 S2_N0_Tm1
14039 14 -5 0 S2_N0_Tm1
14042 14 -5 0 S2_N0_Tm1
14043 14 -5 136.709341409251 S2_N0_Tm1
14046 14 -5 0 S2_N0_Tm1
14047 14 -5 0 S2_N0_Tm1
14049 14 -5 0 S2_N0_Tm1
14053 14 -5 0 S2_N0_Tm1
14054 14 -5 0 S2_N0_Tm1
14055 14 -5 0 S2_N0_Tm1
14057 14 -5 0 S2_N0_Tm1
14060 14 -5 0 S2_N0_Tm1
14061 14 -5 0 S2_N0_Tm1
14062 14 -5 0 S2_N0_Tm1
14037 15 -5 0 S2_N0_Tm1
14038 15 -5 81.8683860411094 S2_N0_Tm1
14039 15 -5 54.7419131128228 S2_N0_Tm1
14042 15 -5 3.52637016619255 S2_N0_Tm1
14043 15 -5 457.890777213062 S2_N0_Tm1
14046 15 -5 102.716834495453 S2_N0_Tm1
14047 15 -5 0 S2_N0_Tm1
14049 15 -5 3.64756060566427 S2_N0_Tm1
14053 15 -5 66.4332660408119 S2_N0_Tm1
14054 15 -5 63.2538124500755 S2_N0_Tm1
14055 15 -5 36.4783489993747 S2_N0_Tm1
14057 15 -5 0 S2_N0_Tm1
14060 15 -5 59.3669292970541 S2_N0_Tm1
14061 15 -5 81.280418417513 S2_N0_Tm1
14062 15 -5 62.4693653806759 S2_N0_Tm1
14037 16 -5 0 S2_N0_Tm1
14038 16 -5 5.64522616987587 S2_N0_Tm1
14039 16 -5 0 S2_N0_Tm1
14042 16 -5 0 S2_N0_Tm1
14043 16 -5 227.640119495921 S2_N0_Tm1
14046 16 -5 1.56568562028163 S2_N0_Tm1
14047 16 -5 0 S2_N0_Tm1
14049 16 -5 0 S2_N0_Tm1
14053 16 -5 0 S2_N0_Tm1
14054 16 -5 0 S2_N0_Tm1
14055 16 -5 0 S2_N0_Tm1
14057 16 -5 0 S2_N0_Tm1
14060 16 -5 0 S2_N0_Tm1
14061 16 -5 1.36422358331453 S2_N0_Tm1
14062 16 -5 0 S2_N0_Tm1
14037 17 -5 0 S2_N0_Tm1
14038 17 -5 44.1043779556804 S2_N0_Tm1
14039 17 -5 0 S2_N0_Tm1
14042 17 -5 0 S2_N0_Tm1
14043 17 -5 318.340041356532 S2_N0_Tm1
14046 17 -5 27.5365285243056 S2_N0_Tm1
14047 17 -5 0 S2_N0_Tm1
14049 17 -5 0 S2_N0_Tm1
14053 17 -5 18.5651217694677 S2_N0_Tm1
14054 17 -5 0 S2_N0_Tm1
14055 17 -5 0 S2_N0_Tm1
14057 17 -5 0 S2_N0_Tm1
14060 17 -5 1.30830043820108 S2_N0_Tm1
14061 17 -5 23.726909121534 S2_N0_Tm1
14062 17 -5 4.58037513725442 S2_N0_Tm1
14037 18 -5 0 S2_N0_Tm1
14038 18 -5 0 S2_N0_Tm1
14039 18 -5 0 S2_N0_Tm1
14042 18 -5 0 S2_N0_Tm1
14043 18 -5 2.58850791521197 S2_N0_Tm1
14046 18 -5 0 S2_N0_Tm1
14047 18 -5 0 S2_N0_Tm1
14049 18 -5 0 S2_N0_Tm1
14053 18 -5 0 S2_N0_Tm1
14054 18 -5 0 S2_N0_Tm1
14055 18 -5 0 S2_N0_Tm1
14057 18 -5 0 S2_N0_Tm1
14060 18 -5 0 S2_N0_Tm1
14061 18 -5 0 S2_N0_Tm1
14062 18 -5 0 S2_N0_Tm1
14037 19 -5 0 S2_N0_Tm1
14038 19 -5 0 S2_N0_Tm1
14039 19 -5 0 S2_N0_Tm1
14042 19 -5 0 S2_N0_Tm1
14043 19 -5 166.530393965295 S2_N0_Tm1
14046 19 -5 0 S2_N0_Tm1
14047 19 -5 0 S2_N0_Tm1
14049 19 -5 0 S2_N0_Tm1
14053 19 -5 0 S2_N0_Tm1
14054 19 -5 0 S2_N0_Tm1
14055 19 -5 0 S2_N0_Tm1
14057 19 -5 0 S2_N0_Tm1
14060 19 -5 0 S2_N0_Tm1
14061 19 -5 0 S2_N0_Tm1
14062 19 -5 0 S2_N0_Tm1
14037 20 -5 0 S2_N0_Tm1
14038 20 -5 48.3042263203665 S2_N0_Tm1
14039 20 -5 10.4633744074199 S2_N0_Tm1
14042 20 -5 0 S2_N0_Tm1
14043 20 -5 348.015530495723 S2_N0_Tm1
14046 20 -5 49.5971104633202 S2_N0_Tm1
14047 20 -5 0 S2_N0_Tm1
14049 20 -5 0 S2_N0_Tm1
14053 20 -5 19.2081237962161 S2_N0_Tm1
14054 20 -5 14.9118448774907 S2_N0_Tm1
14055 20 -5 5.24322386148377 S2_N0_Tm1
14057 20 -5 0 S2_N0_Tm1
14060 20 -5 25.1762034585281 S2_N0_Tm1
14061 20 -5 39.2276426847155 S2_N0_Tm1
14062 20 -5 8.99586075812361 S2_N0_Tm1
14037 21 -5 0 S2_N0_Tm1
14038 21 -5 0 S2_N0_Tm1
14039 21 -5 0 S2_N0_Tm1
14042 21 -5 0 S2_N0_Tm1
14043 21 -5 119.340149239318 S2_N0_Tm1
14046 21 -5 0 S2_N0_Tm1
14047 21 -5 0 S2_N0_Tm1
14049 21 -5 0 S2_N0_Tm1
14053 21 -5 0 S2_N0_Tm1
14054 21 -5 0 S2_N0_Tm1
14055 21 -5 0 S2_N0_Tm1
14057 21 -5 0 S2_N0_Tm1
14060 21 -5 0 S2_N0_Tm1
14061 21 -5 0 S2_N0_Tm1
14062 21 -5 0 S2_N0_Tm1
14037 22 -5 0 S2_N0_Tm1
14038 22 -5 0 S2_N0_Tm1
14039 22 -5 0 S2_N0_Tm1
14042 22 -5 0 S2_N0_Tm1
14043 22 -5 127.964705751002 S2_N0_Tm1
14046 22 -5 0 S2_N0_Tm1
14047 22 -5 0 S2_N0_Tm1
14049 22 -5 0 S2_N0_Tm1
14053 22 -5 0 S2_N0_Tm1
14054 22 -5 0 S2_N0_Tm1
14055 22 -5 0 S2_N0_Tm1
14057 22 -5 0 S2_N0_Tm1
14060 22 -5 0 S2_N0_Tm1
14061 22 -5 0 S2_N0_Tm1
14062 22 -5 0 S2_N0_Tm1
14037 23 -5 0 S2_N0_Tm1
14038 23 -5 1.11713532356199 S2_N0_Tm1
14039 23 -5 0 S2_N0_Tm1
14042 23 -5 0 S2_N0_Tm1
14043 23 -5 198.684988619345 S2_N0_Tm1
14046 23 -5 0 S2_N0_Tm1
14047 23 -5 0 S2_N0_Tm1
14049 23 -5 0 S2_N0_Tm1
14053 23 -5 0 S2_N0_Tm1
14054 23 -5 0 S2_N0_Tm1
14055 23 -5 0 S2_N0_Tm1
14057 23 -5 0 S2_N0_Tm1
14060 23 -5 0 S2_N0_Tm1
14061 23 -5 0 S2_N0_Tm1
14062 23 -5 0 S2_N0_Tm1
14037 24 -5 0 S2_N0_Tm1
14038 24 -5 0 S2_N0_Tm1
14039 24 -5 0 S2_N0_Tm1
14042 24 -5 0 S2_N0_Tm1
14043 24 -5 131.509808678767 S2_N0_Tm1
14046 24 -5 0 S2_N0_Tm1
14047 24 -5 0 S2_N0_Tm1
14049 24 -5 0 S2_N0_Tm1
14053 24 -5 0 S2_N0_Tm1
14054 24 -5 0 S2_N0_Tm1
14055 24 -5 0 S2_N0_Tm1
14057 24 -5 0 S2_N0_Tm1
14060 24 -5 0 S2_N0_Tm1
14061 24 -5 0 S2_N0_Tm1
14062 24 -5 0 S2_N0_Tm1
14037 25 -5 0 S2_N0_Tm1
14038 25 -5 0 S2_N0_Tm1
14039 25 -5 0 S2_N0_Tm1
14042 25 -5 0 S2_N0_Tm1
14043 25 -5 103.076512164301 S2_N0_Tm1
14046 25 -5 0 S2_N0_Tm1
14047 25 -5 0 S2_N0_Tm1
14049 25 -5 0 S2_N0_Tm1
14053 25 -5 0 S2_N0_Tm1
14054 25 -5 0 S2_N0_Tm1
14055 25 -5 0 S2_N0_Tm1
14057 25 -5 0 S2_N0_Tm1
14060 25 -5 0 S2_N0_Tm1
14061 25 -5 0 S2_N0_Tm1
14062 25 -5 0 S2_N0_Tm1
14037 26 -5 0 S2_N0_Tm1
14038 26 -5 1.31389102719668 S2_N0_Tm1
14039 26 -5 0 S2_N0_Tm1
14042 26 -5 0 S2_N0_Tm1
14043 26 -5 196.333339960612 S2_N0_Tm1
14046 26 -5 0 S2_N0_Tm1
14047 26 -5 0 S2_N0_Tm1
14049 26 -5 0 S2_N0_Tm1
14053 26 -5 0 S2_N0_Tm1
14054 26 -5 0 S2_N0_Tm1
14055 26 -5 0 S2_N0_Tm1
14057 26 -5 0 S2_N0_Tm1
14060 26 -5 0 S2_N0_Tm1
14061 26 -5 0 S2_N0_Tm1
14062 26 -5 0 S2_N0_Tm1
14037 27 -5 0 S2_N0_Tm1
14038 27 -5 0 S2_N0_Tm1
14039 27 -5 0 S2_N0_Tm1
14042 27 -5 0 S2_N0_Tm1
14043 27 -5 0 S2_N0_Tm1
14046 27 -5 0 S2_N0_Tm1
14047 27 -5 0 S2_N0_Tm1
14049 27 -5 0 S2_N0_Tm1
14053 27 -5 0 S2_N0_Tm1
14054 27 -5 0 S2_N0_Tm1
14055 27 -5 0 S2_N0_Tm1
14057 27 -5 0 S2_N0_Tm1
14060 27 -5 0 S2_N0_Tm1
14061 27 -5 0 S2_N0_Tm1
14062 27 -5 0 S2_N0_Tm1
14037 28 -5 0 S2_N0_Tm1
14038 28 -5 5.33798287100454 S2_N0_Tm1
14039 28 -5 0 S2_N0_Tm1
14042 28 -5 0 S2_N0_Tm1
14043 28 -5 231.241003177836 S2_N0_Tm1
14046 28 -5 1.73944561593548 S2_N0_Tm1
14047 28 -5 0 S2_N0_Tm1
14049 28 -5 0 S2_N0_Tm1
14053 28 -5 0 S2_N0_Tm1
14054 28 -5 0 S2_N0_Tm1
14055 28 -5 0 S2_N0_Tm1
14057 28 -5 0 S2_N0_Tm1
14060 28 -5 0 S2_N0_Tm1
14061 28 -5 1.3710406662192 S2_N0_Tm1
14062 28 -5 0 S2_N0_Tm1
14037 29 -5 0 S2_N0_Tm1
14038 29 -5 0 S2_N0_Tm1
14039 29 -5 0 S2_N0_Tm1
14042 29 -5 0 S2_N0_Tm1
14043 29 -5 53.6206935815682 S2_N0_Tm1
14046 29 -5 0 S2_N0_Tm1
14047 29 -5 0 S2_N0_Tm1
14049 29 -5 0 S2_N0_Tm1
14053 29 -5 0 S2_N0_Tm1
14054 29 -5 0 S2_N0_Tm1
14055 29 -5 0 S2_N0_Tm1
14057 29 -5 0 S2_N0_Tm1
14060 29 -5 0 S2_N0_Tm1
14061 29 -5 0 S2_N0_Tm1
14062 29 -5 0 S2_N0_Tm1
14037 30 -5 0 S2_N0_Tm1
14038 30 -5 0 S2_N0_Tm1
14039 30 -5 0 S2_N0_Tm1
14042 30 -5 0 S2_N0_Tm1
14043 30 -5 111.488393735759 S2_N0_Tm1
14046 30 -5 0 S2_N0_Tm1
14047 30 -5 0 S2_N0_Tm1
14049 30 -5 0 S2_N0_Tm1
14053 30 -5 0 S2_N0_Tm1
14054 30 -5 0 S2_N0_Tm1
14055 30 -5 0 S2_N0_Tm1
14057 30 -5 0 S2_N0_Tm1
14060 30 -5 0 S2_N0_Tm1
14061 30 -5 0 S2_N0_Tm1
14062 30 -5 0 S2_N0_Tm1
14037 31 -5 0 S2_N0_Tm1
14038 31 -5 0 S2_N0_Tm1
14039 31 -5 0 S2_N0_Tm1
14042 31 -5 0 S2_N0_Tm1
14043 31 -5 129.535132337785 S2_N0_Tm1
14046 31 -5 0 S2_N0_Tm1
14047 31 -5 0 S2_N0_Tm1
14049 31 -5 0 S2_N0_Tm1
14053 31 -5 0 S2_N0_Tm1
14054 31 -5 0 S2_N0_Tm1
14055 31 -5 0 S2_N0_Tm1
14057 31 -5 0 S2_N0_Tm1
14060 31 -5 0 S2_N0_Tm1
14061 31 -5 0 S2_N0_Tm1
14062 31 -5 0 S2_N0_Tm1
