speciesID lakeID variable value scenario
15042 1 -0.5 108.383721820788 S2_N1_Tm1
15045 1 -0.5 0 S2_N1_Tm1
15048 1 -0.5 43.2907099808661 S2_N1_Tm1
15049 1 -0.5 45.4055370714891 S2_N1_Tm1
15051 1 -0.5 531.204796470833 S2_N1_Tm1
15053 1 -0.5 638.337600410567 S2_N1_Tm1
15054 1 -0.5 0 S2_N1_Tm1
15055 1 -0.5 0 S2_N1_Tm1
15056 1 -0.5 0 S2_N1_Tm1
15057 1 -0.5 0 S2_N1_Tm1
15059 1 -0.5 313.861172715505 S2_N1_Tm1
15060 1 -0.5 0 S2_N1_Tm1
15063 1 -0.5 61.8594360011497 S2_N1_Tm1
15066 1 -0.5 0 S2_N1_Tm1
15069 1 -0.5 349.115487222536 S2_N1_Tm1
15042 2 -0.5 0 S2_N1_Tm1
15045 2 -0.5 0 S2_N1_Tm1
15048 2 -0.5 0 S2_N1_Tm1
15049 2 -0.5 0 S2_N1_Tm1
15051 2 -0.5 0 S2_N1_Tm1
15053 2 -0.5 0 S2_N1_Tm1
15054 2 -0.5 0 S2_N1_Tm1
15055 2 -0.5 0 S2_N1_Tm1
15056 2 -0.5 0 S2_N1_Tm1
15057 2 -0.5 0 S2_N1_Tm1
15059 2 -0.5 0 S2_N1_Tm1
15060 2 -0.5 0 S2_N1_Tm1
15063 2 -0.5 0 S2_N1_Tm1
15066 2 -0.5 0 S2_N1_Tm1
15069 2 -0.5 0 S2_N1_Tm1
15042 3 -0.5 1.97590476538441 S2_N1_Tm1
15045 3 -0.5 0 S2_N1_Tm1
15048 3 -0.5 24.233643581543 S2_N1_Tm1
15049 3 -0.5 0 S2_N1_Tm1
15051 3 -0.5 31.0246096741411 S2_N1_Tm1
15053 3 -0.5 4.24825088907274 S2_N1_Tm1
15054 3 -0.5 0 S2_N1_Tm1
15055 3 -0.5 0 S2_N1_Tm1
15056 3 -0.5 0 S2_N1_Tm1
15057 3 -0.5 0 S2_N1_Tm1
15059 3 -0.5 23.4719145245275 S2_N1_Tm1
15060 3 -0.5 0 S2_N1_Tm1
15063 3 -0.5 0 S2_N1_Tm1
15066 3 -0.5 0 S2_N1_Tm1
15069 3 -0.5 0 S2_N1_Tm1
15042 4 -0.5 78.2198365156799 S2_N1_Tm1
15045 4 -0.5 0 S2_N1_Tm1
15048 4 -0.5 31.9238956925651 S2_N1_Tm1
15049 4 -0.5 0 S2_N1_Tm1
15051 4 -0.5 210.968765512558 S2_N1_Tm1
15053 4 -0.5 253.889465230675 S2_N1_Tm1
15054 4 -0.5 0 S2_N1_Tm1
15055 4 -0.5 0 S2_N1_Tm1
15056 4 -0.5 0 S2_N1_Tm1
15057 4 -0.5 0 S2_N1_Tm1
15059 4 -0.5 216.22664820704 S2_N1_Tm1
15060 4 -0.5 0 S2_N1_Tm1
15063 4 -0.5 22.5962891306392 S2_N1_Tm1
15066 4 -0.5 0 S2_N1_Tm1
15069 4 -0.5 181.990018052297 S2_N1_Tm1
15042 5 -0.5 0 S2_N1_Tm1
15045 5 -0.5 0 S2_N1_Tm1
15048 5 -0.5 0 S2_N1_Tm1
15049 5 -0.5 0 S2_N1_Tm1
15051 5 -0.5 0 S2_N1_Tm1
15053 5 -0.5 0 S2_N1_Tm1
15054 5 -0.5 0 S2_N1_Tm1
15055 5 -0.5 0 S2_N1_Tm1
15056 5 -0.5 0 S2_N1_Tm1
15057 5 -0.5 0 S2_N1_Tm1
15059 5 -0.5 0 S2_N1_Tm1
15060 5 -0.5 0 S2_N1_Tm1
15063 5 -0.5 0 S2_N1_Tm1
15066 5 -0.5 0 S2_N1_Tm1
15069 5 -0.5 0 S2_N1_Tm1
15042 6 -0.5 77.3129473912997 S2_N1_Tm1
15045 6 -0.5 0 S2_N1_Tm1
15048 6 -0.5 38.3577031936035 S2_N1_Tm1
15049 6 -0.5 0 S2_N1_Tm1
15051 6 -0.5 173.75973026625 S2_N1_Tm1
15053 6 -0.5 190.660106205466 S2_N1_Tm1
15054 6 -0.5 0 S2_N1_Tm1
15055 6 -0.5 0 S2_N1_Tm1
15056 6 -0.5 0 S2_N1_Tm1
15057 6 -0.5 0 S2_N1_Tm1
15059 6 -0.5 184.837525261042 S2_N1_Tm1
15060 6 -0.5 0 S2_N1_Tm1
15063 6 -0.5 19.8150996585548 S2_N1_Tm1
15066 6 -0.5 0 S2_N1_Tm1
15069 6 -0.5 134.341775030029 S2_N1_Tm1
15042 7 -0.5 0 S2_N1_Tm1
15045 7 -0.5 0 S2_N1_Tm1
15048 7 -0.5 0 S2_N1_Tm1
15049 7 -0.5 0 S2_N1_Tm1
15051 7 -0.5 0 S2_N1_Tm1
15053 7 -0.5 0 S2_N1_Tm1
15054 7 -0.5 0 S2_N1_Tm1
15055 7 -0.5 0 S2_N1_Tm1
15056 7 -0.5 0 S2_N1_Tm1
15057 7 -0.5 0 S2_N1_Tm1
15059 7 -0.5 0 S2_N1_Tm1
15060 7 -0.5 0 S2_N1_Tm1
15063 7 -0.5 0 S2_N1_Tm1
15066 7 -0.5 0 S2_N1_Tm1
15069 7 -0.5 0 S2_N1_Tm1
15042 8 -0.5 101.587386279259 S2_N1_Tm1
15045 8 -0.5 0 S2_N1_Tm1
15048 8 -0.5 24.3563096470273 S2_N1_Tm1
15049 8 -0.5 9.21485290208737 S2_N1_Tm1
15051 8 -0.5 354.438733765353 S2_N1_Tm1
15053 8 -0.5 459.30338709459 S2_N1_Tm1
15054 8 -0.5 0 S2_N1_Tm1
15055 8 -0.5 0 S2_N1_Tm1
15056 8 -0.5 0 S2_N1_Tm1
15057 8 -0.5 0 S2_N1_Tm1
15059 8 -0.5 278.266538638936 S2_N1_Tm1
15060 8 -0.5 0 S2_N1_Tm1
15063 8 -0.5 46.4046834380284 S2_N1_Tm1
15066 8 -0.5 0 S2_N1_Tm1
15069 8 -0.5 294.483781159936 S2_N1_Tm1
15042 9 -0.5 66.4045640773946 S2_N1_Tm1
15045 9 -0.5 0 S2_N1_Tm1
15048 9 -0.5 32.2856398184815 S2_N1_Tm1
15049 9 -0.5 0 S2_N1_Tm1
15051 9 -0.5 163.810551062268 S2_N1_Tm1
15053 9 -0.5 181.312789875704 S2_N1_Tm1
15054 9 -0.5 0 S2_N1_Tm1
15055 9 -0.5 0 S2_N1_Tm1
15056 9 -0.5 0 S2_N1_Tm1
15057 9 -0.5 0 S2_N1_Tm1
15059 9 -0.5 177.006992711747 S2_N1_Tm1
15060 9 -0.5 0 S2_N1_Tm1
15063 9 -0.5 13.5103688182184 S2_N1_Tm1
15066 9 -0.5 0 S2_N1_Tm1
15069 9 -0.5 125.620335408265 S2_N1_Tm1
15042 10 -0.5 107.417751829678 S2_N1_Tm1
15045 10 -0.5 0 S2_N1_Tm1
15048 10 -0.5 39.7729032771608 S2_N1_Tm1
15049 10 -0.5 6.6121578809432 S2_N1_Tm1
15051 10 -0.5 345.565556057445 S2_N1_Tm1
15053 10 -0.5 444.283207283416 S2_N1_Tm1
15054 10 -0.5 0 S2_N1_Tm1
15055 10 -0.5 0 S2_N1_Tm1
15056 10 -0.5 0 S2_N1_Tm1
15057 10 -0.5 0 S2_N1_Tm1
15059 10 -0.5 285.792366645773 S2_N1_Tm1
15060 10 -0.5 0 S2_N1_Tm1
15063 10 -0.5 53.8995849097986 S2_N1_Tm1
15066 10 -0.5 0 S2_N1_Tm1
15069 10 -0.5 293.966398750621 S2_N1_Tm1
15042 11 -0.5 82.2999590726368 S2_N1_Tm1
15045 11 -0.5 0 S2_N1_Tm1
15048 11 -0.5 21.1371537557836 S2_N1_Tm1
15049 11 -0.5 20.5109838153959 S2_N1_Tm1
15051 11 -0.5 478.449322926396 S2_N1_Tm1
15053 11 -0.5 594.112912015462 S2_N1_Tm1
15054 11 -0.5 0 S2_N1_Tm1
15055 11 -0.5 0 S2_N1_Tm1
15056 11 -0.5 0 S2_N1_Tm1
15057 11 -0.5 0 S2_N1_Tm1
15059 11 -0.5 288.482484043182 S2_N1_Tm1
15060 11 -0.5 0 S2_N1_Tm1
15063 11 -0.5 36.368024331713 S2_N1_Tm1
15066 11 -0.5 0 S2_N1_Tm1
15069 11 -0.5 320.530471667468 S2_N1_Tm1
15042 12 -0.5 73.1169676969228 S2_N1_Tm1
15045 12 -0.5 0 S2_N1_Tm1
15048 12 -0.5 4.80307658653084 S2_N1_Tm1
15049 12 -0.5 11.931474625765 S2_N1_Tm1
15051 12 -0.5 485.844942562652 S2_N1_Tm1
15053 12 -0.5 578.767342306374 S2_N1_Tm1
15054 12 -0.5 0 S2_N1_Tm1
15055 12 -0.5 0 S2_N1_Tm1
15056 12 -0.5 0 S2_N1_Tm1
15057 12 -0.5 0 S2_N1_Tm1
15059 12 -0.5 270.341749784226 S2_N1_Tm1
15060 12 -0.5 0 S2_N1_Tm1
15063 12 -0.5 26.3805393439795 S2_N1_Tm1
15066 12 -0.5 0 S2_N1_Tm1
15069 12 -0.5 303.677277860579 S2_N1_Tm1
15042 13 -0.5 5.67729363690817 S2_N1_Tm1
15045 13 -0.5 0 S2_N1_Tm1
15048 13 -0.5 0 S2_N1_Tm1
15049 13 -0.5 0 S2_N1_Tm1
15051 13 -0.5 53.4233436842673 S2_N1_Tm1
15053 13 -0.5 47.4274281472941 S2_N1_Tm1
15054 13 -0.5 0 S2_N1_Tm1
15055 13 -0.5 0 S2_N1_Tm1
15056 13 -0.5 0 S2_N1_Tm1
15057 13 -0.5 0 S2_N1_Tm1
15059 13 -0.5 72.0099224082233 S2_N1_Tm1
15060 13 -0.5 0 S2_N1_Tm1
15063 13 -0.5 0 S2_N1_Tm1
15066 13 -0.5 0 S2_N1_Tm1
15069 13 -0.5 6.00475075138088 S2_N1_Tm1
15042 14 -0.5 0 S2_N1_Tm1
15045 14 -0.5 0 S2_N1_Tm1
15048 14 -0.5 6.85091437023042 S2_N1_Tm1
15049 14 -0.5 0 S2_N1_Tm1
15051 14 -0.5 0 S2_N1_Tm1
15053 14 -0.5 0 S2_N1_Tm1
15054 14 -0.5 0 S2_N1_Tm1
15055 14 -0.5 0 S2_N1_Tm1
15056 14 -0.5 0 S2_N1_Tm1
15057 14 -0.5 0 S2_N1_Tm1
15059 14 -0.5 0 S2_N1_Tm1
15060 14 -0.5 0 S2_N1_Tm1
15063 14 -0.5 0 S2_N1_Tm1
15066 14 -0.5 0 S2_N1_Tm1
15069 14 -0.5 0 S2_N1_Tm1
15042 15 -0.5 127.054227729785 S2_N1_Tm1
15045 15 -0.5 0 S2_N1_Tm1
15048 15 -0.5 55.2977567062935 S2_N1_Tm1
15049 15 -0.5 17.5628099832906 S2_N1_Tm1
15051 15 -0.5 367.512531329525 S2_N1_Tm1
15053 15 -0.5 465.231427016482 S2_N1_Tm1
15054 15 -0.5 0 S2_N1_Tm1
15055 15 -0.5 0 S2_N1_Tm1
15056 15 -0.5 0 S2_N1_Tm1
15057 15 -0.5 0 S2_N1_Tm1
15059 15 -0.5 303.104848429869 S2_N1_Tm1
15060 15 -0.5 0 S2_N1_Tm1
15063 15 -0.5 73.5663322731924 S2_N1_Tm1
15066 15 -0.5 0 S2_N1_Tm1
15069 15 -0.5 312.702086541891 S2_N1_Tm1
15042 16 -0.5 114.748036408985 S2_N1_Tm1
15045 16 -0.5 0 S2_N1_Tm1
15048 16 -0.5 34.9322408955632 S2_N1_Tm1
15049 16 -0.5 42.3568225294212 S2_N1_Tm1
15051 16 -0.5 462.178361440399 S2_N1_Tm1
15053 16 -0.5 578.663695229785 S2_N1_Tm1
15054 16 -0.5 0 S2_N1_Tm1
15055 16 -0.5 0 S2_N1_Tm1
15056 16 -0.5 0 S2_N1_Tm1
15057 16 -0.5 0 S2_N1_Tm1
15059 16 -0.5 305.344479688216 S2_N1_Tm1
15060 16 -0.5 0 S2_N1_Tm1
15063 16 -0.5 63.8456621517375 S2_N1_Tm1
15066 16 -0.5 0 S2_N1_Tm1
15069 16 -0.5 337.622964534008 S2_N1_Tm1
15042 17 -0.5 27.0999919844752 S2_N1_Tm1
15045 17 -0.5 0 S2_N1_Tm1
15048 17 -0.5 13.0916039664348 S2_N1_Tm1
15049 17 -0.5 0 S2_N1_Tm1
15051 17 -0.5 97.1737168850411 S2_N1_Tm1
15053 17 -0.5 91.1196890187295 S2_N1_Tm1
15054 17 -0.5 0 S2_N1_Tm1
15055 17 -0.5 0 S2_N1_Tm1
15056 17 -0.5 0 S2_N1_Tm1
15057 17 -0.5 0 S2_N1_Tm1
15059 17 -0.5 109.057336288073 S2_N1_Tm1
15060 17 -0.5 0 S2_N1_Tm1
15063 17 -0.5 2.04485021320028 S2_N1_Tm1
15066 17 -0.5 0 S2_N1_Tm1
15069 17 -0.5 31.7206346618595 S2_N1_Tm1
15042 18 -0.5 92.2207338597767 S2_N1_Tm1
15045 18 -0.5 0 S2_N1_Tm1
15048 18 -0.5 18.1882216359826 S2_N1_Tm1
15049 18 -0.5 25.9116130502339 S2_N1_Tm1
15051 18 -0.5 491.96144542053 S2_N1_Tm1
15053 18 -0.5 596.128692712982 S2_N1_Tm1
15054 18 -0.5 0 S2_N1_Tm1
15055 18 -0.5 0 S2_N1_Tm1
15056 18 -0.5 0 S2_N1_Tm1
15057 18 -0.5 0 S2_N1_Tm1
15059 18 -0.5 289.185011479782 S2_N1_Tm1
15060 18 -0.5 0 S2_N1_Tm1
15063 18 -0.5 43.5538674386529 S2_N1_Tm1
15066 18 -0.5 0 S2_N1_Tm1
15069 18 -0.5 323.607540398858 S2_N1_Tm1
15042 19 -0.5 102.725776088343 S2_N1_Tm1
15045 19 -0.5 0 S2_N1_Tm1
15048 19 -0.5 36.7722908614776 S2_N1_Tm1
15049 19 -0.5 1.02759435986824 S2_N1_Tm1
15051 19 -0.5 306.744398841227 S2_N1_Tm1
15053 19 -0.5 390.841894583157 S2_N1_Tm1
15054 19 -0.5 0 S2_N1_Tm1
15055 19 -0.5 0 S2_N1_Tm1
15056 19 -0.5 0 S2_N1_Tm1
15057 19 -0.5 0 S2_N1_Tm1
15059 19 -0.5 270.563299062675 S2_N1_Tm1
15060 19 -0.5 0 S2_N1_Tm1
15063 19 -0.5 47.3131118265626 S2_N1_Tm1
15066 19 -0.5 0 S2_N1_Tm1
15069 19 -0.5 268.339136676169 S2_N1_Tm1
15042 20 -0.5 121.485612541109 S2_N1_Tm1
15045 20 -0.5 0 S2_N1_Tm1
15048 20 -0.5 41.8138236446687 S2_N1_Tm1
15049 20 -0.5 40.4536018767597 S2_N1_Tm1
15051 20 -0.5 427.165428220066 S2_N1_Tm1
15053 20 -0.5 542.905179018119 S2_N1_Tm1
15054 20 -0.5 0 S2_N1_Tm1
15055 20 -0.5 0 S2_N1_Tm1
15056 20 -0.5 0 S2_N1_Tm1
15057 20 -0.5 0 S2_N1_Tm1
15059 20 -0.5 307.374316974768 S2_N1_Tm1
15060 20 -0.5 0 S2_N1_Tm1
15063 20 -0.5 69.3182781459834 S2_N1_Tm1
15066 20 -0.5 0 S2_N1_Tm1
15069 20 -0.5 334.004845126869 S2_N1_Tm1
15042 21 -0.5 102.434837801469 S2_N1_Tm1
15045 21 -0.5 0 S2_N1_Tm1
15048 21 -0.5 41.0878903965104 S2_N1_Tm1
15049 21 -0.5 1.10429832163926 S2_N1_Tm1
15051 21 -0.5 309.997043755393 S2_N1_Tm1
15053 21 -0.5 394.870020112586 S2_N1_Tm1
15054 21 -0.5 0 S2_N1_Tm1
15055 21 -0.5 0 S2_N1_Tm1
15056 21 -0.5 0 S2_N1_Tm1
15057 21 -0.5 0 S2_N1_Tm1
15059 21 -0.5 273.406428199902 S2_N1_Tm1
15060 21 -0.5 0 S2_N1_Tm1
15063 21 -0.5 48.1649706442781 S2_N1_Tm1
15066 21 -0.5 0 S2_N1_Tm1
15069 21 -0.5 270.416729560846 S2_N1_Tm1
15042 22 -0.5 118.589137294113 S2_N1_Tm1
15045 22 -0.5 0 S2_N1_Tm1
15048 22 -0.5 50.7577633590183 S2_N1_Tm1
15049 22 -0.5 54.268165791297 S2_N1_Tm1
15051 22 -0.5 522.057322775589 S2_N1_Tm1
15053 22 -0.5 635.211564894098 S2_N1_Tm1
15054 22 -0.5 0 S2_N1_Tm1
15055 22 -0.5 0 S2_N1_Tm1
15056 22 -0.5 0 S2_N1_Tm1
15057 22 -0.5 0 S2_N1_Tm1
15059 22 -0.5 321.410386576346 S2_N1_Tm1
15060 22 -0.5 0 S2_N1_Tm1
15063 22 -0.5 71.1361308646928 S2_N1_Tm1
15066 22 -0.5 0 S2_N1_Tm1
15069 22 -0.5 356.44897360911 S2_N1_Tm1
15042 23 -0.5 94.6442925891345 S2_N1_Tm1
15045 23 -0.5 0 S2_N1_Tm1
15048 23 -0.5 49.0306238166603 S2_N1_Tm1
15049 23 -0.5 0 S2_N1_Tm1
15051 23 -0.5 229.584193046854 S2_N1_Tm1
15053 23 -0.5 271.300929022884 S2_N1_Tm1
15054 23 -0.5 0 S2_N1_Tm1
15055 23 -0.5 0 S2_N1_Tm1
15056 23 -0.5 0 S2_N1_Tm1
15057 23 -0.5 0 S2_N1_Tm1
15059 23 -0.5 232.090657221914 S2_N1_Tm1
15060 23 -0.5 0 S2_N1_Tm1
15063 23 -0.5 37.9045357330213 S2_N1_Tm1
15066 23 -0.5 0 S2_N1_Tm1
15069 23 -0.5 197.729681198624 S2_N1_Tm1
15042 24 -0.5 109.406570589909 S2_N1_Tm1
15045 24 -0.5 0 S2_N1_Tm1
15048 24 -0.5 46.2770690772701 S2_N1_Tm1
15049 24 -0.5 8.08510546301168 S2_N1_Tm1
15051 24 -0.5 351.677238836848 S2_N1_Tm1
15053 24 -0.5 451.038514061586 S2_N1_Tm1
15054 24 -0.5 0 S2_N1_Tm1
15055 24 -0.5 0 S2_N1_Tm1
15056 24 -0.5 0 S2_N1_Tm1
15057 24 -0.5 0 S2_N1_Tm1
15059 24 -0.5 290.641454638251 S2_N1_Tm1
15060 24 -0.5 0 S2_N1_Tm1
15063 24 -0.5 56.868431217296 S2_N1_Tm1
15066 24 -0.5 0 S2_N1_Tm1
15069 24 -0.5 298.311662845416 S2_N1_Tm1
15042 25 -0.5 0 S2_N1_Tm1
15045 25 -0.5 0 S2_N1_Tm1
15048 25 -0.5 15.7402072527682 S2_N1_Tm1
15049 25 -0.5 0 S2_N1_Tm1
15051 25 -0.5 0 S2_N1_Tm1
15053 25 -0.5 0 S2_N1_Tm1
15054 25 -0.5 0 S2_N1_Tm1
15055 25 -0.5 0 S2_N1_Tm1
15056 25 -0.5 0 S2_N1_Tm1
15057 25 -0.5 0 S2_N1_Tm1
15059 25 -0.5 0 S2_N1_Tm1
15060 25 -0.5 0 S2_N1_Tm1
15063 25 -0.5 0 S2_N1_Tm1
15066 25 -0.5 0 S2_N1_Tm1
15069 25 -0.5 0 S2_N1_Tm1
15042 26 -0.5 119.041143364727 S2_N1_Tm1
15045 26 -0.5 0 S2_N1_Tm1
15048 26 -0.5 45.1954103056436 S2_N1_Tm1
15049 26 -0.5 49.56061958998 S2_N1_Tm1
15051 26 -0.5 479.490885555472 S2_N1_Tm1
15053 26 -0.5 598.439432679045 S2_N1_Tm1
15054 26 -0.5 0 S2_N1_Tm1
15055 26 -0.5 0 S2_N1_Tm1
15056 26 -0.5 0 S2_N1_Tm1
15057 26 -0.5 0 S2_N1_Tm1
15059 26 -0.5 315.603846633618 S2_N1_Tm1
15060 26 -0.5 0 S2_N1_Tm1
15063 26 -0.5 69.7541556312851 S2_N1_Tm1
15066 26 -0.5 0 S2_N1_Tm1
15069 26 -0.5 347.983820252034 S2_N1_Tm1
15042 27 -0.5 0 S2_N1_Tm1
15045 27 -0.5 0 S2_N1_Tm1
15048 27 -0.5 0 S2_N1_Tm1
15049 27 -0.5 0 S2_N1_Tm1
15051 27 -0.5 0 S2_N1_Tm1
15053 27 -0.5 0 S2_N1_Tm1
15054 27 -0.5 0 S2_N1_Tm1
15055 27 -0.5 0 S2_N1_Tm1
15056 27 -0.5 0 S2_N1_Tm1
15057 27 -0.5 0 S2_N1_Tm1
15059 27 -0.5 0 S2_N1_Tm1
15060 27 -0.5 0 S2_N1_Tm1
15063 27 -0.5 0 S2_N1_Tm1
15066 27 -0.5 0 S2_N1_Tm1
15069 27 -0.5 0 S2_N1_Tm1
15042 28 -0.5 125.157220345419 S2_N1_Tm1
15045 28 -0.5 0 S2_N1_Tm1
15048 28 -0.5 52.9608015776225 S2_N1_Tm1
15049 28 -0.5 60.0130708397514 S2_N1_Tm1
15051 28 -0.5 526.497442707054 S2_N1_Tm1
15053 28 -0.5 639.402658505689 S2_N1_Tm1
15054 28 -0.5 0 S2_N1_Tm1
15055 28 -0.5 0 S2_N1_Tm1
15056 28 -0.5 0 S2_N1_Tm1
15057 28 -0.5 0 S2_N1_Tm1
15059 28 -0.5 325.603011395996 S2_N1_Tm1
15060 28 -0.5 0 S2_N1_Tm1
15063 28 -0.5 77.1549121901623 S2_N1_Tm1
15066 28 -0.5 0 S2_N1_Tm1
15069 28 -0.5 361.413215985453 S2_N1_Tm1
15042 29 -0.5 41.3782868580272 S2_N1_Tm1
15045 29 -0.5 0 S2_N1_Tm1
15048 29 -0.5 6.66264657382949 S2_N1_Tm1
15049 29 -0.5 0 S2_N1_Tm1
15051 29 -0.5 135.969304199301 S2_N1_Tm1
15053 29 -0.5 155.241826566727 S2_N1_Tm1
15054 29 -0.5 0 S2_N1_Tm1
15055 29 -0.5 0 S2_N1_Tm1
15056 29 -0.5 0 S2_N1_Tm1
15057 29 -0.5 0 S2_N1_Tm1
15059 29 -0.5 152.581147115887 S2_N1_Tm1
15060 29 -0.5 0 S2_N1_Tm1
15063 29 -0.5 3.97099810532132 S2_N1_Tm1
15066 29 -0.5 0 S2_N1_Tm1
15069 29 -0.5 102.754841433096 S2_N1_Tm1
15042 30 -0.5 0 S2_N1_Tm1
15045 30 -0.5 0 S2_N1_Tm1
15048 30 -0.5 4.49613296961353 S2_N1_Tm1
15049 30 -0.5 0 S2_N1_Tm1
15051 30 -0.5 0 S2_N1_Tm1
15053 30 -0.5 0 S2_N1_Tm1
15054 30 -0.5 0 S2_N1_Tm1
15055 30 -0.5 0 S2_N1_Tm1
15056 30 -0.5 0 S2_N1_Tm1
15057 30 -0.5 0 S2_N1_Tm1
15059 30 -0.5 0 S2_N1_Tm1
15060 30 -0.5 0 S2_N1_Tm1
15063 30 -0.5 0 S2_N1_Tm1
15066 30 -0.5 0 S2_N1_Tm1
15069 30 -0.5 0 S2_N1_Tm1
15042 31 -0.5 2.72895499411882 S2_N1_Tm1
15045 31 -0.5 0 S2_N1_Tm1
15048 31 -0.5 42.6233894923531 S2_N1_Tm1
15049 31 -0.5 0 S2_N1_Tm1
15051 31 -0.5 41.2531113615235 S2_N1_Tm1
15053 31 -0.5 7.18353985851113 S2_N1_Tm1
15054 31 -0.5 0 S2_N1_Tm1
15055 31 -0.5 0 S2_N1_Tm1
15056 31 -0.5 0 S2_N1_Tm1
15057 31 -0.5 0 S2_N1_Tm1
15059 31 -0.5 28.7962566020576 S2_N1_Tm1
15060 31 -0.5 0 S2_N1_Tm1
15063 31 -0.5 0 S2_N1_Tm1
15066 31 -0.5 0 S2_N1_Tm1
15069 31 -0.5 0 S2_N1_Tm1
15042 1 -1.5 14.9451691293238 S2_N1_Tm1
15045 1 -1.5 63.8496028729594 S2_N1_Tm1
15048 1 -1.5 542.049036518563 S2_N1_Tm1
15049 1 -1.5 5.27330101606385 S2_N1_Tm1
15051 1 -1.5 366.761711843612 S2_N1_Tm1
15053 1 -1.5 460.021777905133 S2_N1_Tm1
15054 1 -1.5 0 S2_N1_Tm1
15055 1 -1.5 0 S2_N1_Tm1
15056 1 -1.5 7.18454575750307 S2_N1_Tm1
15057 1 -1.5 87.1771540469252 S2_N1_Tm1
15059 1 -1.5 267.563498517627 S2_N1_Tm1
15060 1 -1.5 190.303879284808 S2_N1_Tm1
15063 1 -1.5 2.0397968871692 S2_N1_Tm1
15066 1 -1.5 220.82105742572 S2_N1_Tm1
15069 1 -1.5 249.289382116641 S2_N1_Tm1
15042 2 -1.5 0 S2_N1_Tm1
15045 2 -1.5 0 S2_N1_Tm1
15048 2 -1.5 423.041967715852 S2_N1_Tm1
15049 2 -1.5 0 S2_N1_Tm1
15051 2 -1.5 0 S2_N1_Tm1
15053 2 -1.5 0 S2_N1_Tm1
15054 2 -1.5 0 S2_N1_Tm1
15055 2 -1.5 0 S2_N1_Tm1
15056 2 -1.5 0 S2_N1_Tm1
15057 2 -1.5 0 S2_N1_Tm1
15059 2 -1.5 0 S2_N1_Tm1
15060 2 -1.5 0 S2_N1_Tm1
15063 2 -1.5 0 S2_N1_Tm1
15066 2 -1.5 0 S2_N1_Tm1
15069 2 -1.5 0 S2_N1_Tm1
15042 3 -1.5 0 S2_N1_Tm1
15045 3 -1.5 1.07105544951926 S2_N1_Tm1
15048 3 -1.5 558.288735265282 S2_N1_Tm1
15049 3 -1.5 0 S2_N1_Tm1
15051 3 -1.5 4.29098935155191 S2_N1_Tm1
15053 3 -1.5 0 S2_N1_Tm1
15054 3 -1.5 1.41555879298302 S2_N1_Tm1
15055 3 -1.5 0 S2_N1_Tm1
15056 3 -1.5 0 S2_N1_Tm1
15057 3 -1.5 7.21034418458897 S2_N1_Tm1
15059 3 -1.5 24.3521162323557 S2_N1_Tm1
15060 3 -1.5 0 S2_N1_Tm1
15063 3 -1.5 0 S2_N1_Tm1
15066 3 -1.5 0 S2_N1_Tm1
15069 3 -1.5 0 S2_N1_Tm1
15042 4 -1.5 7.27031637222547 S2_N1_Tm1
15045 4 -1.5 34.3942434053825 S2_N1_Tm1
15048 4 -1.5 549.093377172786 S2_N1_Tm1
15049 4 -1.5 0 S2_N1_Tm1
15051 4 -1.5 124.814083723598 S2_N1_Tm1
15053 4 -1.5 149.014969404684 S2_N1_Tm1
15054 4 -1.5 0 S2_N1_Tm1
15055 4 -1.5 0 S2_N1_Tm1
15056 4 -1.5 3.03431200706973 S2_N1_Tm1
15057 4 -1.5 82.3518307314675 S2_N1_Tm1
15059 4 -1.5 185.208246985139 S2_N1_Tm1
15060 4 -1.5 63.9603317337475 S2_N1_Tm1
15063 4 -1.5 0 S2_N1_Tm1
15066 4 -1.5 168.752860163188 S2_N1_Tm1
15069 4 -1.5 124.584310353221 S2_N1_Tm1
15042 5 -1.5 0 S2_N1_Tm1
15045 5 -1.5 0 S2_N1_Tm1
15048 5 -1.5 0 S2_N1_Tm1
15049 5 -1.5 0 S2_N1_Tm1
15051 5 -1.5 0 S2_N1_Tm1
15053 5 -1.5 0 S2_N1_Tm1
15054 5 -1.5 0 S2_N1_Tm1
15055 5 -1.5 0 S2_N1_Tm1
15056 5 -1.5 0 S2_N1_Tm1
15057 5 -1.5 0 S2_N1_Tm1
15059 5 -1.5 0 S2_N1_Tm1
15060 5 -1.5 0 S2_N1_Tm1
15063 5 -1.5 0 S2_N1_Tm1
15066 5 -1.5 0 S2_N1_Tm1
15069 5 -1.5 0 S2_N1_Tm1
15042 6 -1.5 39.9260408851183 S2_N1_Tm1
15045 6 -1.5 85.0740591482392 S2_N1_Tm1
15048 6 -1.5 644.206430712907 S2_N1_Tm1
15049 6 -1.5 0 S2_N1_Tm1
15051 6 -1.5 147.799139543161 S2_N1_Tm1
15053 6 -1.5 155.904817671303 S2_N1_Tm1
15054 6 -1.5 19.190489697397 S2_N1_Tm1
15055 6 -1.5 0 S2_N1_Tm1
15056 6 -1.5 27.7390217168593 S2_N1_Tm1
15057 6 -1.5 124.567592856531 S2_N1_Tm1
15059 6 -1.5 207.053974000017 S2_N1_Tm1
15060 6 -1.5 82.9988173968944 S2_N1_Tm1
15063 6 -1.5 4.8194477323694 S2_N1_Tm1
15066 6 -1.5 213.193995738204 S2_N1_Tm1
15069 6 -1.5 129.222708467725 S2_N1_Tm1
15042 7 -1.5 0 S2_N1_Tm1
15045 7 -1.5 0 S2_N1_Tm1
15048 7 -1.5 429.22937573481 S2_N1_Tm1
15049 7 -1.5 0 S2_N1_Tm1
15051 7 -1.5 0 S2_N1_Tm1
15053 7 -1.5 0 S2_N1_Tm1
15054 7 -1.5 0 S2_N1_Tm1
15055 7 -1.5 0 S2_N1_Tm1
15056 7 -1.5 0 S2_N1_Tm1
15057 7 -1.5 0 S2_N1_Tm1
15059 7 -1.5 0 S2_N1_Tm1
15060 7 -1.5 0 S2_N1_Tm1
15063 7 -1.5 0 S2_N1_Tm1
15066 7 -1.5 0 S2_N1_Tm1
15069 7 -1.5 0 S2_N1_Tm1
15042 8 -1.5 35.6711106109408 S2_N1_Tm1
15045 8 -1.5 86.4582270233808 S2_N1_Tm1
15048 8 -1.5 568.285157774509 S2_N1_Tm1
15049 8 -1.5 3.52890180352448 S2_N1_Tm1
15051 8 -1.5 269.738653237578 S2_N1_Tm1
15053 8 -1.5 353.620206800626 S2_N1_Tm1
15054 8 -1.5 3.18310557351867 S2_N1_Tm1
15055 8 -1.5 1.46537018266652 S2_N1_Tm1
15056 8 -1.5 19.3111144392186 S2_N1_Tm1
15057 8 -1.5 114.305857708502 S2_N1_Tm1
15059 8 -1.5 277.333197534343 S2_N1_Tm1
15060 8 -1.5 183.55253269801 S2_N1_Tm1
15063 8 -1.5 5.28603091988727 S2_N1_Tm1
15066 8 -1.5 258.189722360314 S2_N1_Tm1
15069 8 -1.5 248.634615501051 S2_N1_Tm1
15042 9 -1.5 12.3470507903402 S2_N1_Tm1
15045 9 -1.5 45.7739635293333 S2_N1_Tm1
15048 9 -1.5 592.343861941415 S2_N1_Tm1
15049 9 -1.5 0 S2_N1_Tm1
15051 9 -1.5 112.774477863504 S2_N1_Tm1
15053 9 -1.5 120.973633601798 S2_N1_Tm1
15054 9 -1.5 4.44236010632869 S2_N1_Tm1
15055 9 -1.5 0 S2_N1_Tm1
15056 9 -1.5 7.15391368585486 S2_N1_Tm1
15057 9 -1.5 94.2504483273847 S2_N1_Tm1
15059 9 -1.5 173.424457718284 S2_N1_Tm1
15060 9 -1.5 42.4456387572038 S2_N1_Tm1
15063 9 -1.5 0 S2_N1_Tm1
15066 9 -1.5 163.835916163953 S2_N1_Tm1
15069 9 -1.5 98.4750300750399 S2_N1_Tm1
15042 10 -1.5 37.1012166874526 S2_N1_Tm1
15045 10 -1.5 87.1256050604607 S2_N1_Tm1
15048 10 -1.5 595.952902164412 S2_N1_Tm1
15049 10 -1.5 1.85129444666537 S2_N1_Tm1
15051 10 -1.5 253.535863699671 S2_N1_Tm1
15053 10 -1.5 332.027195317453 S2_N1_Tm1
15054 10 -1.5 3.50452200493916 S2_N1_Tm1
15055 10 -1.5 1.92355767520724 S2_N1_Tm1
15056 10 -1.5 21.105065782607 S2_N1_Tm1
15057 10 -1.5 116.014000779846 S2_N1_Tm1
15059 10 -1.5 277.871965481942 S2_N1_Tm1
15060 10 -1.5 174.412508862414 S2_N1_Tm1
15063 10 -1.5 5.92012509051138 S2_N1_Tm1
15066 10 -1.5 262.171956257115 S2_N1_Tm1
15069 10 -1.5 240.785176201541 S2_N1_Tm1
15042 11 -1.5 0 S2_N1_Tm1
15045 11 -1.5 4.25469847451355 S2_N1_Tm1
15048 11 -1.5 355.120889522344 S2_N1_Tm1
15049 11 -1.5 0 S2_N1_Tm1
15051 11 -1.5 202.966441260109 S2_N1_Tm1
15053 11 -1.5 294.544094842611 S2_N1_Tm1
15054 11 -1.5 0 S2_N1_Tm1
15055 11 -1.5 0 S2_N1_Tm1
15056 11 -1.5 0 S2_N1_Tm1
15057 11 -1.5 25.6746754592669 S2_N1_Tm1
15059 11 -1.5 157.716066157803 S2_N1_Tm1
15060 11 -1.5 93.6220961613643 S2_N1_Tm1
15063 11 -1.5 0 S2_N1_Tm1
15066 11 -1.5 103.52009382816 S2_N1_Tm1
15069 11 -1.5 145.723599372575 S2_N1_Tm1
15042 12 -1.5 0 S2_N1_Tm1
15045 12 -1.5 3.87707833876602 S2_N1_Tm1
15048 12 -1.5 336.619518250567 S2_N1_Tm1
15049 12 -1.5 0 S2_N1_Tm1
15051 12 -1.5 228.096171328024 S2_N1_Tm1
15053 12 -1.5 300.153725137605 S2_N1_Tm1
15054 12 -1.5 0 S2_N1_Tm1
15055 12 -1.5 0 S2_N1_Tm1
15056 12 -1.5 0 S2_N1_Tm1
15057 12 -1.5 23.9981054916257 S2_N1_Tm1
15059 12 -1.5 155.622840242305 S2_N1_Tm1
15060 12 -1.5 95.1507596951515 S2_N1_Tm1
15063 12 -1.5 0 S2_N1_Tm1
15066 12 -1.5 96.8952212318679 S2_N1_Tm1
15069 12 -1.5 145.392471926569 S2_N1_Tm1
15042 13 -1.5 0 S2_N1_Tm1
15045 13 -1.5 2.26799162346353 S2_N1_Tm1
15048 13 -1.5 458.597274369412 S2_N1_Tm1
15049 13 -1.5 0 S2_N1_Tm1
15051 13 -1.5 18.3482548580739 S2_N1_Tm1
15053 13 -1.5 10.2399359251385 S2_N1_Tm1
15054 13 -1.5 0 S2_N1_Tm1
15055 13 -1.5 0 S2_N1_Tm1
15056 13 -1.5 0 S2_N1_Tm1
15057 13 -1.5 25.5149538576408 S2_N1_Tm1
15059 13 -1.5 78.1421026662203 S2_N1_Tm1
15060 13 -1.5 0 S2_N1_Tm1
15063 13 -1.5 0 S2_N1_Tm1
15066 13 -1.5 15.4621118709737 S2_N1_Tm1
15069 13 -1.5 3.02511439261368 S2_N1_Tm1
15042 14 -1.5 0 S2_N1_Tm1
15045 14 -1.5 0 S2_N1_Tm1
15048 14 -1.5 567.983859415806 S2_N1_Tm1
15049 14 -1.5 0 S2_N1_Tm1
15051 14 -1.5 0 S2_N1_Tm1
15053 14 -1.5 0 S2_N1_Tm1
15054 14 -1.5 3.56251865274901 S2_N1_Tm1
15055 14 -1.5 0 S2_N1_Tm1
15056 14 -1.5 0 S2_N1_Tm1
15057 14 -1.5 0 S2_N1_Tm1
15059 14 -1.5 0 S2_N1_Tm1
15060 14 -1.5 0 S2_N1_Tm1
15063 14 -1.5 0 S2_N1_Tm1
15066 14 -1.5 0 S2_N1_Tm1
15069 14 -1.5 0 S2_N1_Tm1
15042 15 -1.5 95.1329014756159 S2_N1_Tm1
15045 15 -1.5 150.986169763847 S2_N1_Tm1
15048 15 -1.5 691.268036976475 S2_N1_Tm1
15049 15 -1.5 25.4337341065343 S2_N1_Tm1
15051 15 -1.5 330.84399028819 S2_N1_Tm1
15053 15 -1.5 408.275012301908 S2_N1_Tm1
15054 15 -1.5 31.9779489420608 S2_N1_Tm1
15055 15 -1.5 34.7811515318667 S2_N1_Tm1
15056 15 -1.5 67.7311383502601 S2_N1_Tm1
15057 15 -1.5 169.141743866555 S2_N1_Tm1
15059 15 -1.5 340.510560524427 S2_N1_Tm1
15060 15 -1.5 248.20956432031 S2_N1_Tm1
15063 15 -1.5 45.1673290335825 S2_N1_Tm1
15066 15 -1.5 358.336944365182 S2_N1_Tm1
15069 15 -1.5 306.352208209329 S2_N1_Tm1
15042 16 -1.5 56.529661437336 S2_N1_Tm1
15045 16 -1.5 113.50289813303 S2_N1_Tm1
15048 16 -1.5 606.767047043749 S2_N1_Tm1
15049 16 -1.5 27.7847657577061 S2_N1_Tm1
15051 16 -1.5 380.750534120423 S2_N1_Tm1
15053 16 -1.5 477.039776765912 S2_N1_Tm1
15054 16 -1.5 7.01227002156108 S2_N1_Tm1
15055 16 -1.5 6.7245341497889 S2_N1_Tm1
15056 16 -1.5 36.8262485528384 S2_N1_Tm1
15057 16 -1.5 131.501491319542 S2_N1_Tm1
15059 16 -1.5 316.486065236806 S2_N1_Tm1
15060 16 -1.5 245.390323697753 S2_N1_Tm1
15063 16 -1.5 16.058783126806 S2_N1_Tm1
15066 16 -1.5 299.035589100811 S2_N1_Tm1
15069 16 -1.5 300.19118920627 S2_N1_Tm1
15042 17 -1.5 9.0126407677587 S2_N1_Tm1
15045 17 -1.5 39.0822644656141 S2_N1_Tm1
15048 17 -1.5 592.695043245056 S2_N1_Tm1
15049 17 -1.5 0 S2_N1_Tm1
15051 17 -1.5 82.7508583674362 S2_N1_Tm1
15053 17 -1.5 68.6490631642076 S2_N1_Tm1
15054 17 -1.5 13.0650302861942 S2_N1_Tm1
15055 17 -1.5 0 S2_N1_Tm1
15056 17 -1.5 7.13209328592579 S2_N1_Tm1
15057 17 -1.5 86.6868592164917 S2_N1_Tm1
15059 17 -1.5 136.683414653848 S2_N1_Tm1
15060 17 -1.5 6.04028093907882 S2_N1_Tm1
15063 17 -1.5 0 S2_N1_Tm1
15066 17 -1.5 109.692149494645 S2_N1_Tm1
15069 17 -1.5 36.6984718901553 S2_N1_Tm1
15042 18 -1.5 4.82340510604173 S2_N1_Tm1
15045 18 -1.5 36.8188809605532 S2_N1_Tm1
15048 18 -1.5 469.20986744664 S2_N1_Tm1
15049 18 -1.5 1.34963520453605 S2_N1_Tm1
15051 18 -1.5 314.670595730496 S2_N1_Tm1
15053 18 -1.5 402.103308187468 S2_N1_Tm1
15054 18 -1.5 0 S2_N1_Tm1
15055 18 -1.5 0 S2_N1_Tm1
15056 18 -1.5 1.76831423197866 S2_N1_Tm1
15057 18 -1.5 67.8736005190076 S2_N1_Tm1
15059 18 -1.5 231.60466318668 S2_N1_Tm1
15060 18 -1.5 157.316828935141 S2_N1_Tm1
15063 18 -1.5 0 S2_N1_Tm1
15066 18 -1.5 176.89590724128 S2_N1_Tm1
15069 18 -1.5 214.817055163167 S2_N1_Tm1
15042 19 -1.5 35.4861942554969 S2_N1_Tm1
15045 19 -1.5 83.5961527819275 S2_N1_Tm1
15048 19 -1.5 594.673286976411 S2_N1_Tm1
15049 19 -1.5 0 S2_N1_Tm1
15051 19 -1.5 224.660866573731 S2_N1_Tm1
15053 19 -1.5 288.955723510914 S2_N1_Tm1
15054 19 -1.5 3.9624183133098 S2_N1_Tm1
15055 19 -1.5 1.39145109790601 S2_N1_Tm1
15056 19 -1.5 19.8044474284352 S2_N1_Tm1
15057 19 -1.5 115.893076971813 S2_N1_Tm1
15059 19 -1.5 265.325832907487 S2_N1_Tm1
15060 19 -1.5 156.630650979482 S2_N1_Tm1
15063 19 -1.5 4.98995188362125 S2_N1_Tm1
15066 19 -1.5 254.050484502741 S2_N1_Tm1
15069 19 -1.5 221.006350346181 S2_N1_Tm1
15042 20 -1.5 78.9153741981298 S2_N1_Tm1
15045 20 -1.5 136.199238769769 S2_N1_Tm1
15048 20 -1.5 646.663101474538 S2_N1_Tm1
15049 20 -1.5 39.3662193913644 S2_N1_Tm1
15051 20 -1.5 371.9079222176 S2_N1_Tm1
15053 20 -1.5 466.441056308516 S2_N1_Tm1
15054 20 -1.5 18.0511677159198 S2_N1_Tm1
15055 20 -1.5 19.2550537278139 S2_N1_Tm1
15056 20 -1.5 54.4732091333837 S2_N1_Tm1
15057 20 -1.5 152.626805160842 S2_N1_Tm1
15059 20 -1.5 335.930206288622 S2_N1_Tm1
15060 20 -1.5 260.226805842845 S2_N1_Tm1
15063 20 -1.5 31.6510261540836 S2_N1_Tm1
15066 20 -1.5 335.464818250899 S2_N1_Tm1
15069 20 -1.5 315.852146397541 S2_N1_Tm1
15042 21 -1.5 26.933678582113 S2_N1_Tm1
15045 21 -1.5 73.2532932829961 S2_N1_Tm1
15048 21 -1.5 586.300717639744 S2_N1_Tm1
15049 21 -1.5 0 S2_N1_Tm1
15051 21 -1.5 212.511699494688 S2_N1_Tm1
15053 21 -1.5 277.130131290667 S2_N1_Tm1
15054 21 -1.5 2.28686203330335 S2_N1_Tm1
15055 21 -1.5 0 S2_N1_Tm1
15056 21 -1.5 13.9201200209829 S2_N1_Tm1
15057 21 -1.5 106.798533191961 S2_N1_Tm1
15059 21 -1.5 255.517409145187 S2_N1_Tm1
15060 21 -1.5 145.422275528402 S2_N1_Tm1
15063 21 -1.5 3.21553069649545 S2_N1_Tm1
15066 21 -1.5 239.576355905527 S2_N1_Tm1
15069 21 -1.5 210.030367010772 S2_N1_Tm1
15042 22 -1.5 42.1776683024452 S2_N1_Tm1
15045 22 -1.5 98.6732901628204 S2_N1_Tm1
15048 22 -1.5 604.921917898983 S2_N1_Tm1
15049 22 -1.5 21.2916287565694 S2_N1_Tm1
15051 22 -1.5 402.94653127834 S2_N1_Tm1
15053 22 -1.5 499.538113886226 S2_N1_Tm1
15054 22 -1.5 2.78880793154988 S2_N1_Tm1
15055 22 -1.5 4.54395904435148 S2_N1_Tm1
15056 22 -1.5 26.3449383719569 S2_N1_Tm1
15057 22 -1.5 115.86165656835 S2_N1_Tm1
15059 22 -1.5 307.522159879593 S2_N1_Tm1
15060 22 -1.5 235.167418055538 S2_N1_Tm1
15063 22 -1.5 10.0941405793954 S2_N1_Tm1
15066 22 -1.5 279.858728427633 S2_N1_Tm1
15069 22 -1.5 290.52392000765 S2_N1_Tm1
15042 23 -1.5 33.8710311904791 S2_N1_Tm1
15045 23 -1.5 78.4902655525198 S2_N1_Tm1
15048 23 -1.5 629.572926342481 S2_N1_Tm1
15049 23 -1.5 0 S2_N1_Tm1
15051 23 -1.5 167.748493469698 S2_N1_Tm1
15053 23 -1.5 194.081287897504 S2_N1_Tm1
15054 23 -1.5 7.071997674498 S2_N1_Tm1
15055 23 -1.5 0 S2_N1_Tm1
15056 23 -1.5 20.2778892093869 S2_N1_Tm1
15057 23 -1.5 116.228248891038 S2_N1_Tm1
15059 23 -1.5 229.065249499293 S2_N1_Tm1
15060 23 -1.5 109.587312557256 S2_N1_Tm1
15063 23 -1.5 4.02028560275105 S2_N1_Tm1
15066 23 -1.5 230.752022965112 S2_N1_Tm1
15069 23 -1.5 162.9727268982 S2_N1_Tm1
15042 24 -1.5 34.7947393686597 S2_N1_Tm1
15045 24 -1.5 84.4467292325631 S2_N1_Tm1
15048 24 -1.5 599.902903303672 S2_N1_Tm1
15049 24 -1.5 1.64651931065328 S2_N1_Tm1
15051 24 -1.5 250.699258286956 S2_N1_Tm1
15053 24 -1.5 330.237160463596 S2_N1_Tm1
15054 24 -1.5 2.85968119155872 S2_N1_Tm1
15055 24 -1.5 1.90685383159572 S2_N1_Tm1
15056 24 -1.5 19.4505773728577 S2_N1_Tm1
15057 24 -1.5 112.820522039268 S2_N1_Tm1
15059 24 -1.5 275.877126974803 S2_N1_Tm1
15060 24 -1.5 171.164219858723 S2_N1_Tm1
15063 24 -1.5 5.37089041239059 S2_N1_Tm1
15066 24 -1.5 259.650214026421 S2_N1_Tm1
15069 24 -1.5 237.768443571593 S2_N1_Tm1
15042 25 -1.5 0 S2_N1_Tm1
15045 25 -1.5 0 S2_N1_Tm1
15048 25 -1.5 571.540179033689 S2_N1_Tm1
15049 25 -1.5 0 S2_N1_Tm1
15051 25 -1.5 0 S2_N1_Tm1
15053 25 -1.5 0 S2_N1_Tm1
15054 25 -1.5 2.38837429387704 S2_N1_Tm1
15055 25 -1.5 0 S2_N1_Tm1
15056 25 -1.5 0 S2_N1_Tm1
15057 25 -1.5 0 S2_N1_Tm1
15059 25 -1.5 0 S2_N1_Tm1
15060 25 -1.5 0 S2_N1_Tm1
15063 25 -1.5 0 S2_N1_Tm1
15066 25 -1.5 0 S2_N1_Tm1
15069 25 -1.5 0 S2_N1_Tm1
15042 26 -1.5 54.7911834879756 S2_N1_Tm1
15045 26 -1.5 111.709003819745 S2_N1_Tm1
15048 26 -1.5 619.241867961242 S2_N1_Tm1
15049 26 -1.5 28.0719803881686 S2_N1_Tm1
15051 26 -1.5 385.912467400952 S2_N1_Tm1
15053 26 -1.5 485.711493963115 S2_N1_Tm1
15054 26 -1.5 6.07745728384416 S2_N1_Tm1
15055 26 -1.5 7.6266291679421 S2_N1_Tm1
15056 26 -1.5 35.9518294740453 S2_N1_Tm1
15057 26 -1.5 129.275666476392 S2_N1_Tm1
15059 26 -1.5 318.891803060652 S2_N1_Tm1
15060 26 -1.5 244.878301059515 S2_N1_Tm1
15063 26 -1.5 16.0550429622957 S2_N1_Tm1
15066 26 -1.5 300.202082556384 S2_N1_Tm1
15069 26 -1.5 301.038629188389 S2_N1_Tm1
15042 27 -1.5 0 S2_N1_Tm1
15045 27 -1.5 0 S2_N1_Tm1
15048 27 -1.5 381.776330078487 S2_N1_Tm1
15049 27 -1.5 0 S2_N1_Tm1
15051 27 -1.5 0 S2_N1_Tm1
15053 27 -1.5 0 S2_N1_Tm1
15054 27 -1.5 0 S2_N1_Tm1
15055 27 -1.5 0 S2_N1_Tm1
15056 27 -1.5 0 S2_N1_Tm1
15057 27 -1.5 0 S2_N1_Tm1
15059 27 -1.5 0 S2_N1_Tm1
15060 27 -1.5 0 S2_N1_Tm1
15063 27 -1.5 0 S2_N1_Tm1
15066 27 -1.5 0 S2_N1_Tm1
15069 27 -1.5 0 S2_N1_Tm1
15042 28 -1.5 65.7225575151116 S2_N1_Tm1
15045 28 -1.5 124.605552889847 S2_N1_Tm1
15048 28 -1.5 642.596651789841 S2_N1_Tm1
15049 28 -1.5 41.196465717176 S2_N1_Tm1
15051 28 -1.5 438.071536308354 S2_N1_Tm1
15053 28 -1.5 532.215833357773 S2_N1_Tm1
15054 28 -1.5 9.30711894758896 S2_N1_Tm1
15055 28 -1.5 15.2677274546837 S2_N1_Tm1
15056 28 -1.5 45.1492640989084 S2_N1_Tm1
15057 28 -1.5 138.107601659371 S2_N1_Tm1
15059 28 -1.5 334.716525156966 S2_N1_Tm1
15060 28 -1.5 270.717351603117 S2_N1_Tm1
15063 28 -1.5 24.9008288176639 S2_N1_Tm1
15066 28 -1.5 321.731756709221 S2_N1_Tm1
15069 28 -1.5 319.799731403272 S2_N1_Tm1
15042 29 -1.5 1.40934816128673 S2_N1_Tm1
15045 29 -1.5 8.23461263116751 S2_N1_Tm1
15048 29 -1.5 488.584308385278 S2_N1_Tm1
15049 29 -1.5 0 S2_N1_Tm1
15051 29 -1.5 67.7089977107947 S2_N1_Tm1
15053 29 -1.5 76.1820430006047 S2_N1_Tm1
15054 29 -1.5 0 S2_N1_Tm1
15055 29 -1.5 0 S2_N1_Tm1
15056 29 -1.5 0 S2_N1_Tm1
15057 29 -1.5 54.2067418784989 S2_N1_Tm1
15059 29 -1.5 127.801821382683 S2_N1_Tm1
15060 29 -1.5 6.36789733057257 S2_N1_Tm1
15063 29 -1.5 0 S2_N1_Tm1
15066 29 -1.5 94.5522012103208 S2_N1_Tm1
15069 29 -1.5 58.354871557739 S2_N1_Tm1
15042 30 -1.5 0 S2_N1_Tm1
15045 30 -1.5 0 S2_N1_Tm1
15048 30 -1.5 552.230596237948 S2_N1_Tm1
15049 30 -1.5 0 S2_N1_Tm1
15051 30 -1.5 0 S2_N1_Tm1
15053 30 -1.5 0 S2_N1_Tm1
15054 30 -1.5 2.19596200894256 S2_N1_Tm1
15055 30 -1.5 0 S2_N1_Tm1
15056 30 -1.5 0 S2_N1_Tm1
15057 30 -1.5 0 S2_N1_Tm1
15059 30 -1.5 0 S2_N1_Tm1
15060 30 -1.5 0 S2_N1_Tm1
15063 30 -1.5 0 S2_N1_Tm1
15066 30 -1.5 0 S2_N1_Tm1
15069 30 -1.5 0 S2_N1_Tm1
15042 31 -1.5 0 S2_N1_Tm1
15045 31 -1.5 3.71673971984913 S2_N1_Tm1
15048 31 -1.5 646.096855750965 S2_N1_Tm1
15049 31 -1.5 0 S2_N1_Tm1
15051 31 -1.5 9.54256502415844 S2_N1_Tm1
15053 31 -1.5 0 S2_N1_Tm1
15054 31 -1.5 1.63693474729952 S2_N1_Tm1
15055 31 -1.5 0 S2_N1_Tm1
15056 31 -1.5 0 S2_N1_Tm1
15057 31 -1.5 11.2856938274217 S2_N1_Tm1
15059 31 -1.5 35.9156415511325 S2_N1_Tm1
15060 31 -1.5 0 S2_N1_Tm1
15063 31 -1.5 0 S2_N1_Tm1
15066 31 -1.5 1.58194980070459 S2_N1_Tm1
15069 31 -1.5 0 S2_N1_Tm1
15042 1 -3 0 S2_N1_Tm1
15045 1 -3 0 S2_N1_Tm1
15048 1 -3 148.840856000677 S2_N1_Tm1
15049 1 -3 0 S2_N1_Tm1
15051 1 -3 98.4617316703295 S2_N1_Tm1
15053 1 -3 119.327265119551 S2_N1_Tm1
15054 1 -3 0 S2_N1_Tm1
15055 1 -3 0 S2_N1_Tm1
15056 1 -3 0 S2_N1_Tm1
15057 1 -3 0 S2_N1_Tm1
15059 1 -3 68.2547012541882 S2_N1_Tm1
15060 1 -3 16.2976043343335 S2_N1_Tm1
15063 1 -3 0 S2_N1_Tm1
15066 1 -3 7.79774838606643 S2_N1_Tm1
15069 1 -3 64.610519862491 S2_N1_Tm1
15042 2 -3 0 S2_N1_Tm1
15045 2 -3 0 S2_N1_Tm1
15048 2 -3 375.608953404523 S2_N1_Tm1
15049 2 -3 0 S2_N1_Tm1
15051 2 -3 0 S2_N1_Tm1
15053 2 -3 0 S2_N1_Tm1
15054 2 -3 0 S2_N1_Tm1
15055 2 -3 0 S2_N1_Tm1
15056 2 -3 0 S2_N1_Tm1
15057 2 -3 0 S2_N1_Tm1
15059 2 -3 0 S2_N1_Tm1
15060 2 -3 0 S2_N1_Tm1
15063 2 -3 0 S2_N1_Tm1
15066 2 -3 0 S2_N1_Tm1
15069 2 -3 0 S2_N1_Tm1
15042 3 -3 0 S2_N1_Tm1
15045 3 -3 0 S2_N1_Tm1
15048 3 -3 301.501064060447 S2_N1_Tm1
15049 3 -3 0 S2_N1_Tm1
15051 3 -3 0 S2_N1_Tm1
15053 3 -3 0 S2_N1_Tm1
15054 3 -3 0 S2_N1_Tm1
15055 3 -3 0 S2_N1_Tm1
15056 3 -3 0 S2_N1_Tm1
15057 3 -3 0 S2_N1_Tm1
15059 3 -3 0 S2_N1_Tm1
15060 3 -3 0 S2_N1_Tm1
15063 3 -3 0 S2_N1_Tm1
15066 3 -3 0 S2_N1_Tm1
15069 3 -3 0 S2_N1_Tm1
15042 4 -3 0 S2_N1_Tm1
15045 4 -3 0 S2_N1_Tm1
15048 4 -3 201.862648064145 S2_N1_Tm1
15049 4 -3 0 S2_N1_Tm1
15051 4 -3 9.32974097277013 S2_N1_Tm1
15053 4 -3 19.8979136939014 S2_N1_Tm1
15054 4 -3 0 S2_N1_Tm1
15055 4 -3 0 S2_N1_Tm1
15056 4 -3 0 S2_N1_Tm1
15057 4 -3 1.95954341485772 S2_N1_Tm1
15059 4 -3 52.9699560059126 S2_N1_Tm1
15060 4 -3 0 S2_N1_Tm1
15063 4 -3 0 S2_N1_Tm1
15066 4 -3 5.10293082897785 S2_N1_Tm1
15069 4 -3 13.9243193058424 S2_N1_Tm1
15042 5 -3 0 S2_N1_Tm1
15045 5 -3 0 S2_N1_Tm1
15048 5 -3 0 S2_N1_Tm1
15049 5 -3 0 S2_N1_Tm1
15051 5 -3 0 S2_N1_Tm1
15053 5 -3 0 S2_N1_Tm1
15054 5 -3 0 S2_N1_Tm1
15055 5 -3 0 S2_N1_Tm1
15056 5 -3 0 S2_N1_Tm1
15057 5 -3 0 S2_N1_Tm1
15059 5 -3 0 S2_N1_Tm1
15060 5 -3 0 S2_N1_Tm1
15063 5 -3 0 S2_N1_Tm1
15066 5 -3 0 S2_N1_Tm1
15069 5 -3 0 S2_N1_Tm1
15042 6 -3 4.5818469488951 S2_N1_Tm1
15045 6 -3 24.3282660831193 S2_N1_Tm1
15048 6 -3 504.29930976598 S2_N1_Tm1
15049 6 -3 0 S2_N1_Tm1
15051 6 -3 91.74849559534 S2_N1_Tm1
15053 6 -3 98.978592748743 S2_N1_Tm1
15054 6 -3 1.48694287600847 S2_N1_Tm1
15055 6 -3 4.82500231352741 S2_N1_Tm1
15056 6 -3 33.1672888787918 S2_N1_Tm1
15057 6 -3 80.317661367372 S2_N1_Tm1
15059 6 -3 147.337508618204 S2_N1_Tm1
15060 6 -3 26.7221215425746 S2_N1_Tm1
15063 6 -3 0 S2_N1_Tm1
15066 6 -3 132.253183706164 S2_N1_Tm1
15069 6 -3 79.9024053275081 S2_N1_Tm1
15042 7 -3 0 S2_N1_Tm1
15045 7 -3 0 S2_N1_Tm1
15048 7 -3 385.678998135744 S2_N1_Tm1
15049 7 -3 0 S2_N1_Tm1
15051 7 -3 0 S2_N1_Tm1
15053 7 -3 0 S2_N1_Tm1
15054 7 -3 0 S2_N1_Tm1
15055 7 -3 0 S2_N1_Tm1
15056 7 -3 0 S2_N1_Tm1
15057 7 -3 0 S2_N1_Tm1
15059 7 -3 0 S2_N1_Tm1
15060 7 -3 0 S2_N1_Tm1
15063 7 -3 0 S2_N1_Tm1
15066 7 -3 0 S2_N1_Tm1
15069 7 -3 0 S2_N1_Tm1
15042 8 -3 0 S2_N1_Tm1
15045 8 -3 3.07899690498817 S2_N1_Tm1
15048 8 -3 300.971685081112 S2_N1_Tm1
15049 8 -3 0 S2_N1_Tm1
15051 8 -3 128.278388339043 S2_N1_Tm1
15053 8 -3 169.649351228827 S2_N1_Tm1
15054 8 -3 0 S2_N1_Tm1
15055 8 -3 1.12506905835419 S2_N1_Tm1
15056 8 -3 3.14482264362486 S2_N1_Tm1
15057 8 -3 30.461712165642 S2_N1_Tm1
15059 8 -3 138.351835460732 S2_N1_Tm1
15060 8 -3 68.6743575804923 S2_N1_Tm1
15063 8 -3 0 S2_N1_Tm1
15066 8 -3 96.6002027708911 S2_N1_Tm1
15069 8 -3 123.969722254848 S2_N1_Tm1
15042 9 -3 0 S2_N1_Tm1
15045 9 -3 0 S2_N1_Tm1
15048 9 -3 341.586842214067 S2_N1_Tm1
15049 9 -3 0 S2_N1_Tm1
15051 9 -3 25.868900431439 S2_N1_Tm1
15053 9 -3 29.6752308848395 S2_N1_Tm1
15054 9 -3 0 S2_N1_Tm1
15055 9 -3 0 S2_N1_Tm1
15056 9 -3 1.55042542728104 S2_N1_Tm1
15057 9 -3 19.5846661709453 S2_N1_Tm1
15059 9 -3 81.7239395834102 S2_N1_Tm1
15060 9 -3 0 S2_N1_Tm1
15063 9 -3 0 S2_N1_Tm1
15066 9 -3 27.5270007815126 S2_N1_Tm1
15069 9 -3 20.0403846269057 S2_N1_Tm1
15042 10 -3 0 S2_N1_Tm1
15045 10 -3 2.06688222439885 S2_N1_Tm1
15048 10 -3 291.387476272748 S2_N1_Tm1
15049 10 -3 0 S2_N1_Tm1
15051 10 -3 109.908013631014 S2_N1_Tm1
15053 10 -3 146.535871616268 S2_N1_Tm1
15054 10 -3 0 S2_N1_Tm1
15055 10 -3 0 S2_N1_Tm1
15056 10 -3 2.17354497233877 S2_N1_Tm1
15057 10 -3 26.1078488386796 S2_N1_Tm1
15059 10 -3 128.578770632829 S2_N1_Tm1
15060 10 -3 52.4789413904536 S2_N1_Tm1
15063 10 -3 0 S2_N1_Tm1
15066 10 -3 88.5139056336215 S2_N1_Tm1
15069 10 -3 110.578876439801 S2_N1_Tm1
15042 11 -3 0 S2_N1_Tm1
15045 11 -3 0 S2_N1_Tm1
15048 11 -3 3.91968990704943 S2_N1_Tm1
15049 11 -3 0 S2_N1_Tm1
15051 11 -3 0 S2_N1_Tm1
15053 11 -3 1.70231992975333 S2_N1_Tm1
15054 11 -3 0 S2_N1_Tm1
15055 11 -3 0 S2_N1_Tm1
15056 11 -3 0 S2_N1_Tm1
15057 11 -3 0 S2_N1_Tm1
15059 11 -3 0 S2_N1_Tm1
15060 11 -3 0 S2_N1_Tm1
15063 11 -3 0 S2_N1_Tm1
15066 11 -3 0 S2_N1_Tm1
15069 11 -3 0 S2_N1_Tm1
15042 12 -3 0 S2_N1_Tm1
15045 12 -3 0 S2_N1_Tm1
15048 12 -3 6.93144121938254 S2_N1_Tm1
15049 12 -3 0 S2_N1_Tm1
15051 12 -3 1.8217597627805 S2_N1_Tm1
15053 12 -3 4.29663392618902 S2_N1_Tm1
15054 12 -3 0 S2_N1_Tm1
15055 12 -3 0 S2_N1_Tm1
15056 12 -3 0 S2_N1_Tm1
15057 12 -3 0 S2_N1_Tm1
15059 12 -3 0 S2_N1_Tm1
15060 12 -3 0 S2_N1_Tm1
15063 12 -3 0 S2_N1_Tm1
15066 12 -3 0 S2_N1_Tm1
15069 12 -3 0 S2_N1_Tm1
15042 13 -3 0 S2_N1_Tm1
15045 13 -3 0 S2_N1_Tm1
15048 13 -3 272.349846993925 S2_N1_Tm1
15049 13 -3 0 S2_N1_Tm1
15051 13 -3 0 S2_N1_Tm1
15053 13 -3 0 S2_N1_Tm1
15054 13 -3 0 S2_N1_Tm1
15055 13 -3 0 S2_N1_Tm1
15056 13 -3 0 S2_N1_Tm1
15057 13 -3 0 S2_N1_Tm1
15059 13 -3 11.4738804445839 S2_N1_Tm1
15060 13 -3 0 S2_N1_Tm1
15063 13 -3 0 S2_N1_Tm1
15066 13 -3 0 S2_N1_Tm1
15069 13 -3 0 S2_N1_Tm1
15042 14 -3 0 S2_N1_Tm1
15045 14 -3 0 S2_N1_Tm1
15048 14 -3 495.141878894317 S2_N1_Tm1
15049 14 -3 0 S2_N1_Tm1
15051 14 -3 0 S2_N1_Tm1
15053 14 -3 0 S2_N1_Tm1
15054 14 -3 0 S2_N1_Tm1
15055 14 -3 0 S2_N1_Tm1
15056 14 -3 0 S2_N1_Tm1
15057 14 -3 0 S2_N1_Tm1
15059 14 -3 0 S2_N1_Tm1
15060 14 -3 0 S2_N1_Tm1
15063 14 -3 0 S2_N1_Tm1
15066 14 -3 0 S2_N1_Tm1
15069 14 -3 0 S2_N1_Tm1
15042 15 -3 45.9286498278911 S2_N1_Tm1
15045 15 -3 97.0632604742928 S2_N1_Tm1
15048 15 -3 564.490051060406 S2_N1_Tm1
15049 15 -3 3.28062519931868 S2_N1_Tm1
15051 15 -3 250.726330925705 S2_N1_Tm1
15053 15 -3 312.292165460017 S2_N1_Tm1
15054 15 -3 5.3324584345188 S2_N1_Tm1
15055 15 -3 74.7011230779141 S2_N1_Tm1
15056 15 -3 77.9038306673125 S2_N1_Tm1
15057 15 -3 127.43255769432 S2_N1_Tm1
15059 15 -3 264.384738904099 S2_N1_Tm1
15060 15 -3 189.555942977718 S2_N1_Tm1
15063 15 -3 9.22930518533696 S2_N1_Tm1
15066 15 -3 264.299755019733 S2_N1_Tm1
15069 15 -3 237.711292906144 S2_N1_Tm1
15042 16 -3 1.83964311588856 S2_N1_Tm1
15045 16 -3 18.5253577150404 S2_N1_Tm1
15048 16 -3 368.523296905353 S2_N1_Tm1
15049 16 -3 0 S2_N1_Tm1
15051 16 -3 211.303629142594 S2_N1_Tm1
15053 16 -3 271.995672860091 S2_N1_Tm1
15054 16 -3 0 S2_N1_Tm1
15055 16 -3 6.96414792140908 S2_N1_Tm1
15056 16 -3 15.1009942891348 S2_N1_Tm1
15057 16 -3 56.4525429515048 S2_N1_Tm1
15059 16 -3 180.062266208653 S2_N1_Tm1
15060 16 -3 129.867674080565 S2_N1_Tm1
15063 16 -3 0 S2_N1_Tm1
15066 16 -3 146.249865149232 S2_N1_Tm1
15069 16 -3 172.664196075478 S2_N1_Tm1
15042 17 -3 1.1357388768871 S2_N1_Tm1
15045 17 -3 7.19439545743484 S2_N1_Tm1
15048 17 -3 493.942355125982 S2_N1_Tm1
15049 17 -3 0 S2_N1_Tm1
15051 17 -3 41.4614948488541 S2_N1_Tm1
15053 17 -3 26.5424425472911 S2_N1_Tm1
15054 17 -3 1.67731048709102 S2_N1_Tm1
15055 17 -3 0 S2_N1_Tm1
15056 17 -3 19.0149102161606 S2_N1_Tm1
15057 17 -3 52.8412741749702 S2_N1_Tm1
15059 17 -3 97.9691242605663 S2_N1_Tm1
15060 17 -3 1.07506444768005 S2_N1_Tm1
15063 17 -3 0 S2_N1_Tm1
15066 17 -3 41.9516650488762 S2_N1_Tm1
15069 17 -3 9.35675311548638 S2_N1_Tm1
15042 18 -3 0 S2_N1_Tm1
15045 18 -3 0 S2_N1_Tm1
15048 18 -3 106.612830973748 S2_N1_Tm1
15049 18 -3 0 S2_N1_Tm1
15051 18 -3 65.1461003133546 S2_N1_Tm1
15053 18 -3 84.5739644390538 S2_N1_Tm1
15054 18 -3 0 S2_N1_Tm1
15055 18 -3 0 S2_N1_Tm1
15056 18 -3 0 S2_N1_Tm1
15057 18 -3 0 S2_N1_Tm1
15059 18 -3 39.8402447300755 S2_N1_Tm1
15060 18 -3 2.39119239060813 S2_N1_Tm1
15063 18 -3 0 S2_N1_Tm1
15066 18 -3 0 S2_N1_Tm1
15069 18 -3 35.4886631837764 S2_N1_Tm1
15042 19 -3 0 S2_N1_Tm1
15045 19 -3 2.30103687518177 S2_N1_Tm1
15048 19 -3 308.556816147654 S2_N1_Tm1
15049 19 -3 0 S2_N1_Tm1
15051 19 -3 98.8963306223119 S2_N1_Tm1
15053 19 -3 132.470418082168 S2_N1_Tm1
15054 19 -3 0 S2_N1_Tm1
15055 19 -3 0 S2_N1_Tm1
15056 19 -3 2.68728638096947 S2_N1_Tm1
15057 19 -3 29.8686882736231 S2_N1_Tm1
15059 19 -3 128.181874398645 S2_N1_Tm1
15060 19 -3 42.6903688458527 S2_N1_Tm1
15063 19 -3 0 S2_N1_Tm1
15066 19 -3 90.3620409737548 S2_N1_Tm1
15069 19 -3 104.017999146365 S2_N1_Tm1
15042 20 -3 17.0111934694147 S2_N1_Tm1
15045 20 -3 63.6990708347797 S2_N1_Tm1
15048 20 -3 477.438581318887 S2_N1_Tm1
15049 20 -3 3.21818510429555 S2_N1_Tm1
15051 20 -3 252.253712288513 S2_N1_Tm1
15053 20 -3 325.180413407233 S2_N1_Tm1
15054 20 -3 0 S2_N1_Tm1
15055 20 -3 39.6830303284131 S2_N1_Tm1
15056 20 -3 50.3001593883746 S2_N1_Tm1
15057 20 -3 97.1940334847286 S2_N1_Tm1
15059 20 -3 234.426902389981 S2_N1_Tm1
15060 20 -3 174.908137923339 S2_N1_Tm1
15063 20 -3 2.05866403206356 S2_N1_Tm1
15066 20 -3 214.344292078627 S2_N1_Tm1
15069 20 -3 220.269905690264 S2_N1_Tm1
15042 21 -3 0 S2_N1_Tm1
15045 21 -3 0 S2_N1_Tm1
15048 21 -3 251.611900952437 S2_N1_Tm1
15049 21 -3 0 S2_N1_Tm1
15051 21 -3 75.6480109810631 S2_N1_Tm1
15053 21 -3 106.381624905151 S2_N1_Tm1
15054 21 -3 0 S2_N1_Tm1
15055 21 -3 0 S2_N1_Tm1
15056 21 -3 0 S2_N1_Tm1
15057 21 -3 13.0409062147857 S2_N1_Tm1
15059 21 -3 104.323214292844 S2_N1_Tm1
15060 21 -3 19.1949668176373 S2_N1_Tm1
15063 21 -3 0 S2_N1_Tm1
15066 21 -3 55.8314649796576 S2_N1_Tm1
15069 21 -3 81.6387763910336 S2_N1_Tm1
15042 22 -3 0 S2_N1_Tm1
15045 22 -3 2.06017457308799 S2_N1_Tm1
15048 22 -3 259.798453037208 S2_N1_Tm1
15049 22 -3 0 S2_N1_Tm1
15051 22 -3 167.182264409226 S2_N1_Tm1
15053 22 -3 202.676452636853 S2_N1_Tm1
15054 22 -3 0 S2_N1_Tm1
15055 22 -3 0 S2_N1_Tm1
15056 22 -3 1.57293740819575 S2_N1_Tm1
15057 22 -3 18.8975870071859 S2_N1_Tm1
15059 22 -3 129.939163552251 S2_N1_Tm1
15060 22 -3 84.5276880372297 S2_N1_Tm1
15063 22 -3 0 S2_N1_Tm1
15066 22 -3 85.5235660535486 S2_N1_Tm1
15069 22 -3 125.892201974787 S2_N1_Tm1
15042 23 -3 0 S2_N1_Tm1
15045 23 -3 3.01790031797141 S2_N1_Tm1
15048 23 -3 366.548258655875 S2_N1_Tm1
15049 23 -3 0 S2_N1_Tm1
15051 23 -3 70.6410571637819 S2_N1_Tm1
15053 23 -3 89.0606399586382 S2_N1_Tm1
15054 23 -3 0 S2_N1_Tm1
15055 23 -3 0 S2_N1_Tm1
15056 23 -3 4.54383730698588 S2_N1_Tm1
15057 23 -3 38.5160475404902 S2_N1_Tm1
15059 23 -3 118.980891453168 S2_N1_Tm1
15060 23 -3 14.9095356282804 S2_N1_Tm1
15063 23 -3 0 S2_N1_Tm1
15066 23 -3 89.2908722828189 S2_N1_Tm1
15069 23 -3 73.8656002465733 S2_N1_Tm1
15042 24 -3 0 S2_N1_Tm1
15045 24 -3 1.17011707829915 S2_N1_Tm1
15048 24 -3 266.27731745063 S2_N1_Tm1
15049 24 -3 0 S2_N1_Tm1
15051 24 -3 99.5879742145291 S2_N1_Tm1
15053 24 -3 134.222559463042 S2_N1_Tm1
15054 24 -3 0 S2_N1_Tm1
15055 24 -3 0 S2_N1_Tm1
15056 24 -3 1.18843309463535 S2_N1_Tm1
15057 24 -3 18.4042595618938 S2_N1_Tm1
15059 24 -3 117.798856100227 S2_N1_Tm1
15060 24 -3 41.4797626453445 S2_N1_Tm1
15063 24 -3 0 S2_N1_Tm1
15066 24 -3 75.389261099592 S2_N1_Tm1
15069 24 -3 100.492945179646 S2_N1_Tm1
15042 25 -3 0 S2_N1_Tm1
15045 25 -3 0 S2_N1_Tm1
15048 25 -3 456.21155037368 S2_N1_Tm1
15049 25 -3 0 S2_N1_Tm1
15051 25 -3 0 S2_N1_Tm1
15053 25 -3 0 S2_N1_Tm1
15054 25 -3 0 S2_N1_Tm1
15055 25 -3 0 S2_N1_Tm1
15056 25 -3 0 S2_N1_Tm1
15057 25 -3 0 S2_N1_Tm1
15059 25 -3 0 S2_N1_Tm1
15060 25 -3 0 S2_N1_Tm1
15063 25 -3 0 S2_N1_Tm1
15066 25 -3 0 S2_N1_Tm1
15069 25 -3 0 S2_N1_Tm1
15042 26 -3 0 S2_N1_Tm1
15045 26 -3 11.2984705608761 S2_N1_Tm1
15048 26 -3 342.15335138269 S2_N1_Tm1
15049 26 -3 0 S2_N1_Tm1
15051 26 -3 195.483119285101 S2_N1_Tm1
15053 26 -3 249.234857152041 S2_N1_Tm1
15054 26 -3 0 S2_N1_Tm1
15055 26 -3 4.18975283593953 S2_N1_Tm1
15056 26 -3 9.0031279616611 S2_N1_Tm1
15057 26 -3 45.844922816222 S2_N1_Tm1
15059 26 -3 165.761635553623 S2_N1_Tm1
15060 26 -3 116.377120453293 S2_N1_Tm1
15063 26 -3 0 S2_N1_Tm1
15066 26 -3 130.892032694201 S2_N1_Tm1
15069 26 -3 159.011218234762 S2_N1_Tm1
15042 27 -3 0 S2_N1_Tm1
15045 27 -3 0 S2_N1_Tm1
15048 27 -3 267.3714905446 S2_N1_Tm1
15049 27 -3 0 S2_N1_Tm1
15051 27 -3 0 S2_N1_Tm1
15053 27 -3 0 S2_N1_Tm1
15054 27 -3 0 S2_N1_Tm1
15055 27 -3 0 S2_N1_Tm1
15056 27 -3 0 S2_N1_Tm1
15057 27 -3 0 S2_N1_Tm1
15059 27 -3 0 S2_N1_Tm1
15060 27 -3 0 S2_N1_Tm1
15063 27 -3 0 S2_N1_Tm1
15066 27 -3 0 S2_N1_Tm1
15069 27 -3 0 S2_N1_Tm1
15042 28 -3 2.48884625381554 S2_N1_Tm1
15045 28 -3 25.3254868671501 S2_N1_Tm1
15048 28 -3 384.285319208827 S2_N1_Tm1
15049 28 -3 0 S2_N1_Tm1
15051 28 -3 239.620906862538 S2_N1_Tm1
15053 28 -3 305.115599104332 S2_N1_Tm1
15054 28 -3 0 S2_N1_Tm1
15055 28 -3 10.8674587969568 S2_N1_Tm1
15056 28 -3 18.6649922810353 S2_N1_Tm1
15057 28 -3 60.2237435358999 S2_N1_Tm1
15059 28 -3 187.326985053802 S2_N1_Tm1
15060 28 -3 142.96876032832 S2_N1_Tm1
15063 28 -3 0 S2_N1_Tm1
15066 28 -3 157.160429290251 S2_N1_Tm1
15069 28 -3 181.466345057027 S2_N1_Tm1
15042 29 -3 0 S2_N1_Tm1
15045 29 -3 0 S2_N1_Tm1
15048 29 -3 185.203589257229 S2_N1_Tm1
15049 29 -3 0 S2_N1_Tm1
15051 29 -3 0 S2_N1_Tm1
15053 29 -3 0 S2_N1_Tm1
15054 29 -3 0 S2_N1_Tm1
15055 29 -3 0 S2_N1_Tm1
15056 29 -3 0 S2_N1_Tm1
15057 29 -3 0 S2_N1_Tm1
15059 29 -3 17.8432760787501 S2_N1_Tm1
15060 29 -3 0 S2_N1_Tm1
15063 29 -3 0 S2_N1_Tm1
15066 29 -3 0 S2_N1_Tm1
15069 29 -3 0 S2_N1_Tm1
15042 30 -3 0 S2_N1_Tm1
15045 30 -3 0 S2_N1_Tm1
15048 30 -3 458.43631359307 S2_N1_Tm1
15049 30 -3 0 S2_N1_Tm1
15051 30 -3 0 S2_N1_Tm1
15053 30 -3 0 S2_N1_Tm1
15054 30 -3 0 S2_N1_Tm1
15055 30 -3 0 S2_N1_Tm1
15056 30 -3 0 S2_N1_Tm1
15057 30 -3 0 S2_N1_Tm1
15059 30 -3 0 S2_N1_Tm1
15060 30 -3 0 S2_N1_Tm1
15063 30 -3 0 S2_N1_Tm1
15066 30 -3 0 S2_N1_Tm1
15069 30 -3 0 S2_N1_Tm1
15042 31 -3 0 S2_N1_Tm1
15045 31 -3 0 S2_N1_Tm1
15048 31 -3 400.842803731991 S2_N1_Tm1
15049 31 -3 0 S2_N1_Tm1
15051 31 -3 0 S2_N1_Tm1
15053 31 -3 0 S2_N1_Tm1
15054 31 -3 0 S2_N1_Tm1
15055 31 -3 0 S2_N1_Tm1
15056 31 -3 0 S2_N1_Tm1
15057 31 -3 0 S2_N1_Tm1
15059 31 -3 1.08829220735803 S2_N1_Tm1
15060 31 -3 0 S2_N1_Tm1
15063 31 -3 0 S2_N1_Tm1
15066 31 -3 0 S2_N1_Tm1
15069 31 -3 0 S2_N1_Tm1
15042 1 -5 0 S2_N1_Tm1
15045 1 -5 0 S2_N1_Tm1
15048 1 -5 0 S2_N1_Tm1
15049 1 -5 0 S2_N1_Tm1
15051 1 -5 0 S2_N1_Tm1
15053 1 -5 0 S2_N1_Tm1
15054 1 -5 0 S2_N1_Tm1
15055 1 -5 0 S2_N1_Tm1
15056 1 -5 0 S2_N1_Tm1
15057 1 -5 0 S2_N1_Tm1
15059 1 -5 0 S2_N1_Tm1
15060 1 -5 0 S2_N1_Tm1
15063 1 -5 0 S2_N1_Tm1
15066 1 -5 0 S2_N1_Tm1
15069 1 -5 0 S2_N1_Tm1
15042 2 -5 0 S2_N1_Tm1
15045 2 -5 0 S2_N1_Tm1
15048 2 -5 297.226735059033 S2_N1_Tm1
15049 2 -5 0 S2_N1_Tm1
15051 2 -5 0 S2_N1_Tm1
15053 2 -5 0 S2_N1_Tm1
15054 2 -5 0 S2_N1_Tm1
15055 2 -5 0 S2_N1_Tm1
15056 2 -5 0 S2_N1_Tm1
15057 2 -5 0 S2_N1_Tm1
15059 2 -5 0 S2_N1_Tm1
15060 2 -5 0 S2_N1_Tm1
15063 2 -5 0 S2_N1_Tm1
15066 2 -5 0 S2_N1_Tm1
15069 2 -5 0 S2_N1_Tm1
15042 3 -5 0 S2_N1_Tm1
15045 3 -5 0 S2_N1_Tm1
15048 3 -5 89.4863854874318 S2_N1_Tm1
15049 3 -5 0 S2_N1_Tm1
15051 3 -5 0 S2_N1_Tm1
15053 3 -5 0 S2_N1_Tm1
15054 3 -5 0 S2_N1_Tm1
15055 3 -5 0 S2_N1_Tm1
15056 3 -5 0 S2_N1_Tm1
15057 3 -5 0 S2_N1_Tm1
15059 3 -5 0 S2_N1_Tm1
15060 3 -5 0 S2_N1_Tm1
15063 3 -5 0 S2_N1_Tm1
15066 3 -5 0 S2_N1_Tm1
15069 3 -5 0 S2_N1_Tm1
15042 4 -5 0 S2_N1_Tm1
15045 4 -5 0 S2_N1_Tm1
15048 4 -5 4.99711900484967 S2_N1_Tm1
15049 4 -5 0 S2_N1_Tm1
15051 4 -5 0 S2_N1_Tm1
15053 4 -5 0 S2_N1_Tm1
15054 4 -5 0 S2_N1_Tm1
15055 4 -5 0 S2_N1_Tm1
15056 4 -5 0 S2_N1_Tm1
15057 4 -5 0 S2_N1_Tm1
15059 4 -5 0 S2_N1_Tm1
15060 4 -5 0 S2_N1_Tm1
15063 4 -5 0 S2_N1_Tm1
15066 4 -5 0 S2_N1_Tm1
15069 4 -5 0 S2_N1_Tm1
15042 5 -5 0 S2_N1_Tm1
15045 5 -5 0 S2_N1_Tm1
15048 5 -5 0 S2_N1_Tm1
15049 5 -5 0 S2_N1_Tm1
15051 5 -5 0 S2_N1_Tm1
15053 5 -5 0 S2_N1_Tm1
15054 5 -5 0 S2_N1_Tm1
15055 5 -5 0 S2_N1_Tm1
15056 5 -5 0 S2_N1_Tm1
15057 5 -5 0 S2_N1_Tm1
15059 5 -5 0 S2_N1_Tm1
15060 5 -5 0 S2_N1_Tm1
15063 5 -5 0 S2_N1_Tm1
15066 5 -5 0 S2_N1_Tm1
15069 5 -5 0 S2_N1_Tm1
15042 6 -5 0 S2_N1_Tm1
15045 6 -5 0 S2_N1_Tm1
15048 6 -5 302.108200021557 S2_N1_Tm1
15049 6 -5 0 S2_N1_Tm1
15051 6 -5 22.6649783325694 S2_N1_Tm1
15053 6 -5 25.8771821336244 S2_N1_Tm1
15054 6 -5 0 S2_N1_Tm1
15055 6 -5 0 S2_N1_Tm1
15056 6 -5 1.89182906900401 S2_N1_Tm1
15057 6 -5 17.0427428608284 S2_N1_Tm1
15059 6 -5 77.7315588205119 S2_N1_Tm1
15060 6 -5 0 S2_N1_Tm1
15063 6 -5 0 S2_N1_Tm1
15066 6 -5 22.8913203013138 S2_N1_Tm1
15069 6 -5 17.4559870882925 S2_N1_Tm1
15042 7 -5 0 S2_N1_Tm1
15045 7 -5 0 S2_N1_Tm1
15048 7 -5 311.754710003968 S2_N1_Tm1
15049 7 -5 0 S2_N1_Tm1
15051 7 -5 0 S2_N1_Tm1
15053 7 -5 0 S2_N1_Tm1
15054 7 -5 0 S2_N1_Tm1
15055 7 -5 0 S2_N1_Tm1
15056 7 -5 0 S2_N1_Tm1
15057 7 -5 0 S2_N1_Tm1
15059 7 -5 0 S2_N1_Tm1
15060 7 -5 0 S2_N1_Tm1
15063 7 -5 0 S2_N1_Tm1
15066 7 -5 0 S2_N1_Tm1
15069 7 -5 0 S2_N1_Tm1
15042 8 -5 0 S2_N1_Tm1
15045 8 -5 0 S2_N1_Tm1
15048 8 -5 84.3478460334537 S2_N1_Tm1
15049 8 -5 0 S2_N1_Tm1
15051 8 -5 6.88813865756912 S2_N1_Tm1
15053 8 -5 25.6581185678644 S2_N1_Tm1
15054 8 -5 0 S2_N1_Tm1
15055 8 -5 0 S2_N1_Tm1
15056 8 -5 0 S2_N1_Tm1
15057 8 -5 0 S2_N1_Tm1
15059 8 -5 16.3482088230026 S2_N1_Tm1
15060 8 -5 0 S2_N1_Tm1
15063 8 -5 0 S2_N1_Tm1
15066 8 -5 0 S2_N1_Tm1
15069 8 -5 8.64783968287671 S2_N1_Tm1
15042 9 -5 0 S2_N1_Tm1
15045 9 -5 0 S2_N1_Tm1
15048 9 -5 114.723598055954 S2_N1_Tm1
15049 9 -5 0 S2_N1_Tm1
15051 9 -5 0 S2_N1_Tm1
15053 9 -5 0 S2_N1_Tm1
15054 9 -5 0 S2_N1_Tm1
15055 9 -5 0 S2_N1_Tm1
15056 9 -5 0 S2_N1_Tm1
15057 9 -5 0 S2_N1_Tm1
15059 9 -5 1.52303200659221 S2_N1_Tm1
15060 9 -5 0 S2_N1_Tm1
15063 9 -5 0 S2_N1_Tm1
15066 9 -5 0 S2_N1_Tm1
15069 9 -5 0 S2_N1_Tm1
15042 10 -5 0 S2_N1_Tm1
15045 10 -5 0 S2_N1_Tm1
15048 10 -5 67.399736440725 S2_N1_Tm1
15049 10 -5 0 S2_N1_Tm1
15051 10 -5 1.3514192358462 S2_N1_Tm1
15053 10 -5 7.57240209078812 S2_N1_Tm1
15054 10 -5 0 S2_N1_Tm1
15055 10 -5 0 S2_N1_Tm1
15056 10 -5 0 S2_N1_Tm1
15057 10 -5 0 S2_N1_Tm1
15059 10 -5 6.74528041670348 S2_N1_Tm1
15060 10 -5 0 S2_N1_Tm1
15063 10 -5 0 S2_N1_Tm1
15066 10 -5 0 S2_N1_Tm1
15069 10 -5 2.41262731754746 S2_N1_Tm1
15042 11 -5 0 S2_N1_Tm1
15045 11 -5 0 S2_N1_Tm1
15048 11 -5 0 S2_N1_Tm1
15049 11 -5 0 S2_N1_Tm1
15051 11 -5 0 S2_N1_Tm1
15053 11 -5 0 S2_N1_Tm1
15054 11 -5 0 S2_N1_Tm1
15055 11 -5 0 S2_N1_Tm1
15056 11 -5 0 S2_N1_Tm1
15057 11 -5 0 S2_N1_Tm1
15059 11 -5 0 S2_N1_Tm1
15060 11 -5 0 S2_N1_Tm1
15063 11 -5 0 S2_N1_Tm1
15066 11 -5 0 S2_N1_Tm1
15069 11 -5 0 S2_N1_Tm1
15042 12 -5 0 S2_N1_Tm1
15045 12 -5 0 S2_N1_Tm1
15048 12 -5 0 S2_N1_Tm1
15049 12 -5 0 S2_N1_Tm1
15051 12 -5 0 S2_N1_Tm1
15053 12 -5 0 S2_N1_Tm1
15054 12 -5 0 S2_N1_Tm1
15055 12 -5 0 S2_N1_Tm1
15056 12 -5 0 S2_N1_Tm1
15057 12 -5 0 S2_N1_Tm1
15059 12 -5 0 S2_N1_Tm1
15060 12 -5 0 S2_N1_Tm1
15063 12 -5 0 S2_N1_Tm1
15066 12 -5 0 S2_N1_Tm1
15069 12 -5 0 S2_N1_Tm1
15042 13 -5 0 S2_N1_Tm1
15045 13 -5 0 S2_N1_Tm1
15048 13 -5 98.920588514659 S2_N1_Tm1
15049 13 -5 0 S2_N1_Tm1
15051 13 -5 0 S2_N1_Tm1
15053 13 -5 0 S2_N1_Tm1
15054 13 -5 0 S2_N1_Tm1
15055 13 -5 0 S2_N1_Tm1
15056 13 -5 0 S2_N1_Tm1
15057 13 -5 0 S2_N1_Tm1
15059 13 -5 0 S2_N1_Tm1
15060 13 -5 0 S2_N1_Tm1
15063 13 -5 0 S2_N1_Tm1
15066 13 -5 0 S2_N1_Tm1
15069 13 -5 0 S2_N1_Tm1
15042 14 -5 0 S2_N1_Tm1
15045 14 -5 0 S2_N1_Tm1
15048 14 -5 375.451522919811 S2_N1_Tm1
15049 14 -5 0 S2_N1_Tm1
15051 14 -5 0 S2_N1_Tm1
15053 14 -5 0 S2_N1_Tm1
15054 14 -5 0 S2_N1_Tm1
15055 14 -5 0 S2_N1_Tm1
15056 14 -5 0 S2_N1_Tm1
15057 14 -5 0 S2_N1_Tm1
15059 14 -5 0 S2_N1_Tm1
15060 14 -5 0 S2_N1_Tm1
15063 14 -5 0 S2_N1_Tm1
15066 14 -5 0 S2_N1_Tm1
15069 14 -5 0 S2_N1_Tm1
15042 15 -5 3.30891306449275 S2_N1_Tm1
15045 15 -5 24.5600605251372 S2_N1_Tm1
15048 15 -5 367.859184812396 S2_N1_Tm1
15049 15 -5 0 S2_N1_Tm1
15051 15 -5 163.056724856279 S2_N1_Tm1
15053 15 -5 202.776364499096 S2_N1_Tm1
15054 15 -5 0 S2_N1_Tm1
15055 15 -5 13.9309282943715 S2_N1_Tm1
15056 15 -5 26.5731853640802 S2_N1_Tm1
15057 15 -5 68.2588544829446 S2_N1_Tm1
15059 15 -5 177.073447340069 S2_N1_Tm1
15060 15 -5 109.843333313766 S2_N1_Tm1
15063 15 -5 0 S2_N1_Tm1
15066 15 -5 160.541128422786 S2_N1_Tm1
15069 15 -5 159.098985759761 S2_N1_Tm1
15042 16 -5 0 S2_N1_Tm1
15045 16 -5 0 S2_N1_Tm1
15048 16 -5 135.820858496433 S2_N1_Tm1
15049 16 -5 0 S2_N1_Tm1
15051 16 -5 71.083853645364 S2_N1_Tm1
15053 16 -5 97.3277658657931 S2_N1_Tm1
15054 16 -5 0 S2_N1_Tm1
15055 16 -5 0 S2_N1_Tm1
15056 16 -5 0 S2_N1_Tm1
15057 16 -5 0 S2_N1_Tm1
15059 16 -5 58.0357057679726 S2_N1_Tm1
15060 16 -5 6.18176583498549 S2_N1_Tm1
15063 16 -5 0 S2_N1_Tm1
15066 16 -5 3.38379985245135 S2_N1_Tm1
15069 16 -5 53.0311678667143 S2_N1_Tm1
15042 17 -5 0 S2_N1_Tm1
15045 17 -5 0 S2_N1_Tm1
15048 17 -5 340.668826609526 S2_N1_Tm1
15049 17 -5 0 S2_N1_Tm1
15051 17 -5 4.46355598864342 S2_N1_Tm1
15053 17 -5 1.95400540101425 S2_N1_Tm1
15054 17 -5 0 S2_N1_Tm1
15055 17 -5 0 S2_N1_Tm1
15056 17 -5 1.87179298553814 S2_N1_Tm1
15057 17 -5 9.6831813603328 S2_N1_Tm1
15059 17 -5 46.0407852489498 S2_N1_Tm1
15060 17 -5 0 S2_N1_Tm1
15063 17 -5 0 S2_N1_Tm1
15066 17 -5 2.6250560692166 S2_N1_Tm1
15069 17 -5 0 S2_N1_Tm1
15042 18 -5 0 S2_N1_Tm1
15045 18 -5 0 S2_N1_Tm1
15048 18 -5 0 S2_N1_Tm1
15049 18 -5 0 S2_N1_Tm1
15051 18 -5 0 S2_N1_Tm1
15053 18 -5 0 S2_N1_Tm1
15054 18 -5 0 S2_N1_Tm1
15055 18 -5 0 S2_N1_Tm1
15056 18 -5 0 S2_N1_Tm1
15057 18 -5 0 S2_N1_Tm1
15059 18 -5 0 S2_N1_Tm1
15060 18 -5 0 S2_N1_Tm1
15063 18 -5 0 S2_N1_Tm1
15066 18 -5 0 S2_N1_Tm1
15069 18 -5 0 S2_N1_Tm1
15042 19 -5 0 S2_N1_Tm1
15045 19 -5 0 S2_N1_Tm1
15048 19 -5 82.7130660434474 S2_N1_Tm1
15049 19 -5 0 S2_N1_Tm1
15051 19 -5 1.09441375589377 S2_N1_Tm1
15053 19 -5 5.79356418182051 S2_N1_Tm1
15054 19 -5 0 S2_N1_Tm1
15055 19 -5 0 S2_N1_Tm1
15056 19 -5 0 S2_N1_Tm1
15057 19 -5 0 S2_N1_Tm1
15059 19 -5 9.38841983707661 S2_N1_Tm1
15060 19 -5 0 S2_N1_Tm1
15063 19 -5 0 S2_N1_Tm1
15066 19 -5 0 S2_N1_Tm1
15069 19 -5 2.48375899368635 S2_N1_Tm1
15042 20 -5 0 S2_N1_Tm1
15045 20 -5 1.83993691899039 S2_N1_Tm1
15048 20 -5 251.658939797547 S2_N1_Tm1
15049 20 -5 0 S2_N1_Tm1
15051 20 -5 134.282475862149 S2_N1_Tm1
15053 20 -5 170.524935907916 S2_N1_Tm1
15054 20 -5 0 S2_N1_Tm1
15055 20 -5 0 S2_N1_Tm1
15056 20 -5 2.55733395457592 S2_N1_Tm1
15057 20 -5 21.0922244203167 S2_N1_Tm1
15059 20 -5 127.212165564899 S2_N1_Tm1
15060 20 -5 69.2539796979388 S2_N1_Tm1
15063 20 -5 0 S2_N1_Tm1
15066 20 -5 81.5480086850562 S2_N1_Tm1
15069 20 -5 119.474052225492 S2_N1_Tm1
15042 21 -5 0 S2_N1_Tm1
15045 21 -5 0 S2_N1_Tm1
15048 21 -5 35.2640113616078 S2_N1_Tm1
15049 21 -5 0 S2_N1_Tm1
15051 21 -5 0 S2_N1_Tm1
15053 21 -5 0 S2_N1_Tm1
15054 21 -5 0 S2_N1_Tm1
15055 21 -5 0 S2_N1_Tm1
15056 21 -5 0 S2_N1_Tm1
15057 21 -5 0 S2_N1_Tm1
15059 21 -5 0 S2_N1_Tm1
15060 21 -5 0 S2_N1_Tm1
15063 21 -5 0 S2_N1_Tm1
15066 21 -5 0 S2_N1_Tm1
15069 21 -5 0 S2_N1_Tm1
15042 22 -5 0 S2_N1_Tm1
15045 22 -5 0 S2_N1_Tm1
15048 22 -5 39.1687644571563 S2_N1_Tm1
15049 22 -5 0 S2_N1_Tm1
15051 22 -5 10.0499022808682 S2_N1_Tm1
15053 22 -5 22.5684656426915 S2_N1_Tm1
15054 22 -5 0 S2_N1_Tm1
15055 22 -5 0 S2_N1_Tm1
15056 22 -5 0 S2_N1_Tm1
15057 22 -5 0 S2_N1_Tm1
15059 22 -5 3.25455987880542 S2_N1_Tm1
15060 22 -5 0 S2_N1_Tm1
15063 22 -5 0 S2_N1_Tm1
15066 22 -5 0 S2_N1_Tm1
15069 22 -5 2.42367616953956 S2_N1_Tm1
15042 23 -5 0 S2_N1_Tm1
15045 23 -5 0 S2_N1_Tm1
15048 23 -5 124.152646884439 S2_N1_Tm1
15049 23 -5 0 S2_N1_Tm1
15051 23 -5 0 S2_N1_Tm1
15053 23 -5 1.18289971678123 S2_N1_Tm1
15054 23 -5 0 S2_N1_Tm1
15055 23 -5 0 S2_N1_Tm1
15056 23 -5 0 S2_N1_Tm1
15057 23 -5 0 S2_N1_Tm1
15059 23 -5 11.7922576880445 S2_N1_Tm1
15060 23 -5 0 S2_N1_Tm1
15063 23 -5 0 S2_N1_Tm1
15066 23 -5 0 S2_N1_Tm1
15069 23 -5 0 S2_N1_Tm1
15042 24 -5 0 S2_N1_Tm1
15045 24 -5 0 S2_N1_Tm1
15048 24 -5 45.543838679521 S2_N1_Tm1
15049 24 -5 0 S2_N1_Tm1
15051 24 -5 0 S2_N1_Tm1
15053 24 -5 2.2984356879427 S2_N1_Tm1
15054 24 -5 0 S2_N1_Tm1
15055 24 -5 0 S2_N1_Tm1
15056 24 -5 0 S2_N1_Tm1
15057 24 -5 0 S2_N1_Tm1
15059 24 -5 2.08085929954772 S2_N1_Tm1
15060 24 -5 0 S2_N1_Tm1
15063 24 -5 0 S2_N1_Tm1
15066 24 -5 0 S2_N1_Tm1
15069 24 -5 0 S2_N1_Tm1
15042 25 -5 0 S2_N1_Tm1
15045 25 -5 0 S2_N1_Tm1
15048 25 -5 289.704417769295 S2_N1_Tm1
15049 25 -5 0 S2_N1_Tm1
15051 25 -5 0 S2_N1_Tm1
15053 25 -5 0 S2_N1_Tm1
15054 25 -5 0 S2_N1_Tm1
15055 25 -5 0 S2_N1_Tm1
15056 25 -5 0 S2_N1_Tm1
15057 25 -5 0 S2_N1_Tm1
15059 25 -5 0 S2_N1_Tm1
15060 25 -5 0 S2_N1_Tm1
15063 25 -5 0 S2_N1_Tm1
15066 25 -5 0 S2_N1_Tm1
15069 25 -5 0 S2_N1_Tm1
15042 26 -5 0 S2_N1_Tm1
15045 26 -5 0 S2_N1_Tm1
15048 26 -5 104.805540688173 S2_N1_Tm1
15049 26 -5 0 S2_N1_Tm1
15051 26 -5 48.086950923778 S2_N1_Tm1
15053 26 -5 71.6948432238664 S2_N1_Tm1
15054 26 -5 0 S2_N1_Tm1
15055 26 -5 0 S2_N1_Tm1
15056 26 -5 0 S2_N1_Tm1
15057 26 -5 0 S2_N1_Tm1
15059 26 -5 36.4684921471782 S2_N1_Tm1
15060 26 -5 1.4650990996505 S2_N1_Tm1
15063 26 -5 0 S2_N1_Tm1
15066 26 -5 0 S2_N1_Tm1
15069 26 -5 31.5712406454127 S2_N1_Tm1
15042 27 -5 0 S2_N1_Tm1
15045 27 -5 0 S2_N1_Tm1
15048 27 -5 137.69327170667 S2_N1_Tm1
15049 27 -5 0 S2_N1_Tm1
15051 27 -5 0 S2_N1_Tm1
15053 27 -5 0 S2_N1_Tm1
15054 27 -5 0 S2_N1_Tm1
15055 27 -5 0 S2_N1_Tm1
15056 27 -5 0 S2_N1_Tm1
15057 27 -5 0 S2_N1_Tm1
15059 27 -5 0 S2_N1_Tm1
15060 27 -5 0 S2_N1_Tm1
15063 27 -5 0 S2_N1_Tm1
15066 27 -5 0 S2_N1_Tm1
15069 27 -5 0 S2_N1_Tm1
15042 28 -5 0 S2_N1_Tm1
15045 28 -5 0 S2_N1_Tm1
15048 28 -5 136.076376960176 S2_N1_Tm1
15049 28 -5 0 S2_N1_Tm1
15051 28 -5 83.5675931264693 S2_N1_Tm1
15053 28 -5 105.079360218796 S2_N1_Tm1
15054 28 -5 0 S2_N1_Tm1
15055 28 -5 0 S2_N1_Tm1
15056 28 -5 0 S2_N1_Tm1
15057 28 -5 0 S2_N1_Tm1
15059 28 -5 59.5104957330022 S2_N1_Tm1
15060 28 -5 9.32793734818623 S2_N1_Tm1
15063 28 -5 0 S2_N1_Tm1
15066 28 -5 4.45417524709548 S2_N1_Tm1
15069 28 -5 56.1504403367772 S2_N1_Tm1
15042 29 -5 0 S2_N1_Tm1
15045 29 -5 0 S2_N1_Tm1
15048 29 -5 3.46825499830768 S2_N1_Tm1
15049 29 -5 0 S2_N1_Tm1
15051 29 -5 0 S2_N1_Tm1
15053 29 -5 0 S2_N1_Tm1
15054 29 -5 0 S2_N1_Tm1
15055 29 -5 0 S2_N1_Tm1
15056 29 -5 0 S2_N1_Tm1
15057 29 -5 0 S2_N1_Tm1
15059 29 -5 0 S2_N1_Tm1
15060 29 -5 0 S2_N1_Tm1
15063 29 -5 0 S2_N1_Tm1
15066 29 -5 0 S2_N1_Tm1
15069 29 -5 0 S2_N1_Tm1
15042 30 -5 0 S2_N1_Tm1
15045 30 -5 0 S2_N1_Tm1
15048 30 -5 316.054085685513 S2_N1_Tm1
15049 30 -5 0 S2_N1_Tm1
15051 30 -5 0 S2_N1_Tm1
15053 30 -5 0 S2_N1_Tm1
15054 30 -5 0 S2_N1_Tm1
15055 30 -5 0 S2_N1_Tm1
15056 30 -5 0 S2_N1_Tm1
15057 30 -5 0 S2_N1_Tm1
15059 30 -5 0 S2_N1_Tm1
15060 30 -5 0 S2_N1_Tm1
15063 30 -5 0 S2_N1_Tm1
15066 30 -5 0 S2_N1_Tm1
15069 30 -5 0 S2_N1_Tm1
15042 31 -5 0 S2_N1_Tm1
15045 31 -5 0 S2_N1_Tm1
15048 31 -5 154.295788150352 S2_N1_Tm1
15049 31 -5 0 S2_N1_Tm1
15051 31 -5 0 S2_N1_Tm1
15053 31 -5 0 S2_N1_Tm1
15054 31 -5 0 S2_N1_Tm1
15055 31 -5 0 S2_N1_Tm1
15056 31 -5 0 S2_N1_Tm1
15057 31 -5 0 S2_N1_Tm1
15059 31 -5 0 S2_N1_Tm1
15060 31 -5 0 S2_N1_Tm1
15063 31 -5 0 S2_N1_Tm1
15066 31 -5 0 S2_N1_Tm1
15069 31 -5 0 S2_N1_Tm1
