speciesID lakeID variable value scenario
16001 1 -0.5 15.1861463244615 S2_N1_Tm1
16002 1 -0.5 676.583587129755 S2_N1_Tm1
16003 1 -0.5 4.95289042378964 S2_N1_Tm1
16004 1 -0.5 0 S2_N1_Tm1
16005 1 -0.5 372.67616075455 S2_N1_Tm1
16007 1 -0.5 84.748957753161 S2_N1_Tm1
16008 1 -0.5 485.926415079848 S2_N1_Tm1
16011 1 -0.5 14.965290551972 S2_N1_Tm1
16013 1 -0.5 686.181441939674 S2_N1_Tm1
16014 1 -0.5 0 S2_N1_Tm1
16015 1 -0.5 298.215768129998 S2_N1_Tm1
16017 1 -0.5 305.658705971375 S2_N1_Tm1
16018 1 -0.5 27.8737409775744 S2_N1_Tm1
16020 1 -0.5 4.53560701948372 S2_N1_Tm1
16021 1 -0.5 58.1648817269355 S2_N1_Tm1
16001 2 -0.5 0 S2_N1_Tm1
16002 2 -0.5 3.53542037933762 S2_N1_Tm1
16003 2 -0.5 0 S2_N1_Tm1
16004 2 -0.5 0 S2_N1_Tm1
16005 2 -0.5 0 S2_N1_Tm1
16007 2 -0.5 0 S2_N1_Tm1
16008 2 -0.5 107.393579113214 S2_N1_Tm1
16011 2 -0.5 0 S2_N1_Tm1
16013 2 -0.5 84.8263322240174 S2_N1_Tm1
16014 2 -0.5 0 S2_N1_Tm1
16015 2 -0.5 105.621036544619 S2_N1_Tm1
16017 2 -0.5 50.4354358649759 S2_N1_Tm1
16018 2 -0.5 0 S2_N1_Tm1
16020 2 -0.5 0 S2_N1_Tm1
16021 2 -0.5 0 S2_N1_Tm1
16001 3 -0.5 0 S2_N1_Tm1
16002 3 -0.5 117.743563568574 S2_N1_Tm1
16003 3 -0.5 0 S2_N1_Tm1
16004 3 -0.5 0 S2_N1_Tm1
16005 3 -0.5 2.23352461893395 S2_N1_Tm1
16007 3 -0.5 1.39734451812852 S2_N1_Tm1
16008 3 -0.5 213.05108615461 S2_N1_Tm1
16011 3 -0.5 0 S2_N1_Tm1
16013 3 -0.5 229.298504782737 S2_N1_Tm1
16014 3 -0.5 0 S2_N1_Tm1
16015 3 -0.5 147.261031914139 S2_N1_Tm1
16017 3 -0.5 100.074118359825 S2_N1_Tm1
16018 3 -0.5 0 S2_N1_Tm1
16020 3 -0.5 0 S2_N1_Tm1
16021 3 -0.5 0 S2_N1_Tm1
16001 4 -0.5 0 S2_N1_Tm1
16002 4 -0.5 258.600775278996 S2_N1_Tm1
16003 4 -0.5 0 S2_N1_Tm1
16004 4 -0.5 0 S2_N1_Tm1
16005 4 -0.5 99.6396426376334 S2_N1_Tm1
16007 4 -0.5 25.4125751670007 S2_N1_Tm1
16008 4 -0.5 313.427991223351 S2_N1_Tm1
16011 4 -0.5 0 S2_N1_Tm1
16013 4 -0.5 378.087193107904 S2_N1_Tm1
16014 4 -0.5 0 S2_N1_Tm1
16015 4 -0.5 186.271345311578 S2_N1_Tm1
16017 4 -0.5 149.152228614025 S2_N1_Tm1
16018 4 -0.5 0 S2_N1_Tm1
16020 4 -0.5 0 S2_N1_Tm1
16021 4 -0.5 0 S2_N1_Tm1
16001 5 -0.5 0 S2_N1_Tm1
16002 5 -0.5 0 S2_N1_Tm1
16003 5 -0.5 0 S2_N1_Tm1
16004 5 -0.5 0 S2_N1_Tm1
16005 5 -0.5 0 S2_N1_Tm1
16007 5 -0.5 0 S2_N1_Tm1
16008 5 -0.5 0 S2_N1_Tm1
16011 5 -0.5 0 S2_N1_Tm1
16013 5 -0.5 0 S2_N1_Tm1
16014 5 -0.5 0 S2_N1_Tm1
16015 5 -0.5 19.3692606961933 S2_N1_Tm1
16017 5 -0.5 0 S2_N1_Tm1
16018 5 -0.5 0 S2_N1_Tm1
16020 5 -0.5 0 S2_N1_Tm1
16021 5 -0.5 0 S2_N1_Tm1
16001 6 -0.5 0 S2_N1_Tm1
16002 6 -0.5 223.924056067257 S2_N1_Tm1
16003 6 -0.5 0 S2_N1_Tm1
16004 6 -0.5 0 S2_N1_Tm1
16005 6 -0.5 74.7893923846952 S2_N1_Tm1
16007 6 -0.5 23.1667830420029 S2_N1_Tm1
16008 6 -0.5 295.375472634222 S2_N1_Tm1
16011 6 -0.5 0 S2_N1_Tm1
16013 6 -0.5 343.623088947317 S2_N1_Tm1
16014 6 -0.5 0 S2_N1_Tm1
16015 6 -0.5 185.750679144813 S2_N1_Tm1
16017 6 -0.5 145.615671203056 S2_N1_Tm1
16018 6 -0.5 0 S2_N1_Tm1
16020 6 -0.5 0 S2_N1_Tm1
16021 6 -0.5 0 S2_N1_Tm1
16001 7 -0.5 0 S2_N1_Tm1
16002 7 -0.5 3.97509745629432 S2_N1_Tm1
16003 7 -0.5 0 S2_N1_Tm1
16004 7 -0.5 0 S2_N1_Tm1
16005 7 -0.5 0 S2_N1_Tm1
16007 7 -0.5 0 S2_N1_Tm1
16008 7 -0.5 109.438255914317 S2_N1_Tm1
16011 7 -0.5 0 S2_N1_Tm1
16013 7 -0.5 88.1522743454218 S2_N1_Tm1
16014 7 -0.5 0 S2_N1_Tm1
16015 7 -0.5 107.629474039589 S2_N1_Tm1
16017 7 -0.5 52.231955694354 S2_N1_Tm1
16018 7 -0.5 0 S2_N1_Tm1
16020 7 -0.5 0 S2_N1_Tm1
16021 7 -0.5 0 S2_N1_Tm1
16001 8 -0.5 0 S2_N1_Tm1
16002 8 -0.5 397.833684701602 S2_N1_Tm1
16003 8 -0.5 0 S2_N1_Tm1
16004 8 -0.5 0 S2_N1_Tm1
16005 8 -0.5 198.18652538172 S2_N1_Tm1
16007 8 -0.5 56.3504519572562 S2_N1_Tm1
16008 8 -0.5 379.925632759304 S2_N1_Tm1
16011 8 -0.5 0 S2_N1_Tm1
16013 8 -0.5 487.280466103541 S2_N1_Tm1
16014 8 -0.5 0 S2_N1_Tm1
16015 8 -0.5 219.812301169877 S2_N1_Tm1
16017 8 -0.5 199.302278173096 S2_N1_Tm1
16018 8 -0.5 1.29071966385023 S2_N1_Tm1
16020 8 -0.5 0 S2_N1_Tm1
16021 8 -0.5 8.84539622846433 S2_N1_Tm1
16001 9 -0.5 0 S2_N1_Tm1
16002 9 -0.5 216.60991278674 S2_N1_Tm1
16003 9 -0.5 0 S2_N1_Tm1
16004 9 -0.5 0 S2_N1_Tm1
16005 9 -0.5 66.6089762115219 S2_N1_Tm1
16007 9 -0.5 17.5113787423411 S2_N1_Tm1
16008 9 -0.5 287.659172258484 S2_N1_Tm1
16011 9 -0.5 0 S2_N1_Tm1
16013 9 -0.5 335.504708394707 S2_N1_Tm1
16014 9 -0.5 0 S2_N1_Tm1
16015 9 -0.5 177.872352414586 S2_N1_Tm1
16017 9 -0.5 138.101118474996 S2_N1_Tm1
16018 9 -0.5 0 S2_N1_Tm1
16020 9 -0.5 0 S2_N1_Tm1
16021 9 -0.5 0 S2_N1_Tm1
16001 10 -0.5 0 S2_N1_Tm1
16002 10 -0.5 386.082150783765 S2_N1_Tm1
16003 10 -0.5 0 S2_N1_Tm1
16004 10 -0.5 0 S2_N1_Tm1
16005 10 -0.5 189.73167455294 S2_N1_Tm1
16007 10 -0.5 56.1817265960208 S2_N1_Tm1
16008 10 -0.5 384.841492827945 S2_N1_Tm1
16011 10 -0.5 0 S2_N1_Tm1
16013 10 -0.5 492.142806556736 S2_N1_Tm1
16014 10 -0.5 0 S2_N1_Tm1
16015 10 -0.5 224.821005290947 S2_N1_Tm1
16017 10 -0.5 196.746010913909 S2_N1_Tm1
16018 10 -0.5 1.09534874430882 S2_N1_Tm1
16020 10 -0.5 0 S2_N1_Tm1
16021 10 -0.5 11.2817488828321 S2_N1_Tm1
16001 11 -0.5 0 S2_N1_Tm1
16002 11 -0.5 601.364554002289 S2_N1_Tm1
16003 11 -0.5 0 S2_N1_Tm1
16004 11 -0.5 0 S2_N1_Tm1
16005 11 -0.5 317.900920013548 S2_N1_Tm1
16007 11 -0.5 63.8329177342434 S2_N1_Tm1
16008 11 -0.5 446.322620571163 S2_N1_Tm1
16011 11 -0.5 1.3985532290492 S2_N1_Tm1
16013 11 -0.5 625.63082609129 S2_N1_Tm1
16014 11 -0.5 0 S2_N1_Tm1
16015 11 -0.5 258.72565268192 S2_N1_Tm1
16017 11 -0.5 261.376659081317 S2_N1_Tm1
16018 11 -0.5 7.55138502041482 S2_N1_Tm1
16020 11 -0.5 0 S2_N1_Tm1
16021 11 -0.5 34.2402819853652 S2_N1_Tm1
16001 12 -0.5 15.8352795209164 S2_N1_Tm1
16002 12 -0.5 698.869207176659 S2_N1_Tm1
16003 12 -0.5 2.93113971377915 S2_N1_Tm1
16004 12 -0.5 0 S2_N1_Tm1
16005 12 -0.5 381.131530017849 S2_N1_Tm1
16007 12 -0.5 69.2817132174478 S2_N1_Tm1
16008 12 -0.5 453.695680340544 S2_N1_Tm1
16011 12 -0.5 12.2906485611423 S2_N1_Tm1
16013 12 -0.5 649.502318511433 S2_N1_Tm1
16014 12 -0.5 0 S2_N1_Tm1
16015 12 -0.5 287.741617404312 S2_N1_Tm1
16017 12 -0.5 333.168300966582 S2_N1_Tm1
16018 12 -0.5 32.7667286470818 S2_N1_Tm1
16020 12 -0.5 1.33616064260979 S2_N1_Tm1
16021 12 -0.5 53.2827762414704 S2_N1_Tm1
16001 13 -0.5 0 S2_N1_Tm1
16002 13 -0.5 117.332907618046 S2_N1_Tm1
16003 13 -0.5 0 S2_N1_Tm1
16004 13 -0.5 0 S2_N1_Tm1
16005 13 -0.5 2.68297260360525 S2_N1_Tm1
16007 13 -0.5 1.03664531430832 S2_N1_Tm1
16008 13 -0.5 196.836036834722 S2_N1_Tm1
16011 13 -0.5 0 S2_N1_Tm1
16013 13 -0.5 204.571541297928 S2_N1_Tm1
16014 13 -0.5 0 S2_N1_Tm1
16015 13 -0.5 118.99374941808 S2_N1_Tm1
16017 13 -0.5 87.876714121845 S2_N1_Tm1
16018 13 -0.5 0 S2_N1_Tm1
16020 13 -0.5 0 S2_N1_Tm1
16021 13 -0.5 0 S2_N1_Tm1
16001 14 -0.5 0 S2_N1_Tm1
16002 14 -0.5 67.2592823122843 S2_N1_Tm1
16003 14 -0.5 0 S2_N1_Tm1
16004 14 -0.5 0 S2_N1_Tm1
16005 14 -0.5 0 S2_N1_Tm1
16007 14 -0.5 0 S2_N1_Tm1
16008 14 -0.5 171.070790704423 S2_N1_Tm1
16011 14 -0.5 0 S2_N1_Tm1
16013 14 -0.5 170.753099399407 S2_N1_Tm1
16014 14 -0.5 0 S2_N1_Tm1
16015 14 -0.5 134.925840366203 S2_N1_Tm1
16017 14 -0.5 85.492242893198 S2_N1_Tm1
16018 14 -0.5 0 S2_N1_Tm1
16020 14 -0.5 0 S2_N1_Tm1
16021 14 -0.5 0 S2_N1_Tm1
16001 15 -0.5 0 S2_N1_Tm1
16002 15 -0.5 403.158509317934 S2_N1_Tm1
16003 15 -0.5 0 S2_N1_Tm1
16004 15 -0.5 0 S2_N1_Tm1
16005 15 -0.5 205.766574890941 S2_N1_Tm1
16007 15 -0.5 68.9110600822251 S2_N1_Tm1
16008 15 -0.5 403.222809743976 S2_N1_Tm1
16011 15 -0.5 0 S2_N1_Tm1
16013 15 -0.5 514.284362849032 S2_N1_Tm1
16014 15 -0.5 0 S2_N1_Tm1
16015 15 -0.5 242.005895718015 S2_N1_Tm1
16017 15 -0.5 211.552742556724 S2_N1_Tm1
16018 15 -0.5 2.55329711604988 S2_N1_Tm1
16020 15 -0.5 0 S2_N1_Tm1
16021 15 -0.5 21.598228070925 S2_N1_Tm1
16001 16 -0.5 0 S2_N1_Tm1
16002 16 -0.5 540.02638869154 S2_N1_Tm1
16003 16 -0.5 0 S2_N1_Tm1
16004 16 -0.5 0 S2_N1_Tm1
16005 16 -0.5 290.392745317938 S2_N1_Tm1
16007 16 -0.5 78.9113351146223 S2_N1_Tm1
16008 16 -0.5 441.015303102305 S2_N1_Tm1
16011 16 -0.5 1.50616813169918 S2_N1_Tm1
16013 16 -0.5 594.078712761172 S2_N1_Tm1
16014 16 -0.5 0 S2_N1_Tm1
16015 16 -0.5 261.822517449923 S2_N1_Tm1
16017 16 -0.5 254.26988711357 S2_N1_Tm1
16018 16 -0.5 10.9548866271511 S2_N1_Tm1
16020 16 -0.5 0 S2_N1_Tm1
16021 16 -0.5 35.6947262675454 S2_N1_Tm1
16001 17 -0.5 0 S2_N1_Tm1
16002 17 -0.5 158.101882415843 S2_N1_Tm1
16003 17 -0.5 0 S2_N1_Tm1
16004 17 -0.5 0 S2_N1_Tm1
16005 17 -0.5 15.6777613652362 S2_N1_Tm1
16007 17 -0.5 5.54482893247191 S2_N1_Tm1
16008 17 -0.5 240.056018364364 S2_N1_Tm1
16011 17 -0.5 0 S2_N1_Tm1
16013 17 -0.5 263.650399030623 S2_N1_Tm1
16014 17 -0.5 0 S2_N1_Tm1
16015 17 -0.5 154.995308499284 S2_N1_Tm1
16017 17 -0.5 116.845817789951 S2_N1_Tm1
16018 17 -0.5 0 S2_N1_Tm1
16020 17 -0.5 0 S2_N1_Tm1
16021 17 -0.5 0 S2_N1_Tm1
16001 18 -0.5 5.94294934024554 S2_N1_Tm1
16002 18 -0.5 641.510430946352 S2_N1_Tm1
16003 18 -0.5 0 S2_N1_Tm1
16004 18 -0.5 0 S2_N1_Tm1
16005 18 -0.5 348.548216326009 S2_N1_Tm1
16007 18 -0.5 75.5226237280141 S2_N1_Tm1
16008 18 -0.5 455.499201179456 S2_N1_Tm1
16011 18 -0.5 4.79617782993804 S2_N1_Tm1
16013 18 -0.5 638.224629099416 S2_N1_Tm1
16014 18 -0.5 0 S2_N1_Tm1
16015 18 -0.5 275.606238654223 S2_N1_Tm1
16017 18 -0.5 292.027062117505 S2_N1_Tm1
16018 18 -0.5 20.8359524471169 S2_N1_Tm1
16020 18 -0.5 1.3704342200681 S2_N1_Tm1
16021 18 -0.5 45.0631460657292 S2_N1_Tm1
16001 19 -0.5 0 S2_N1_Tm1
16002 19 -0.5 346.139321389372 S2_N1_Tm1
16003 19 -0.5 0 S2_N1_Tm1
16004 19 -0.5 0 S2_N1_Tm1
16005 19 -0.5 163.304045058216 S2_N1_Tm1
16007 19 -0.5 48.8822250998103 S2_N1_Tm1
16008 19 -0.5 364.16691920222 S2_N1_Tm1
16011 19 -0.5 0 S2_N1_Tm1
16013 19 -0.5 457.147970341554 S2_N1_Tm1
16014 19 -0.5 0 S2_N1_Tm1
16015 19 -0.5 213.544725176073 S2_N1_Tm1
16017 19 -0.5 183.136550611071 S2_N1_Tm1
16018 19 -0.5 0 S2_N1_Tm1
16020 19 -0.5 0 S2_N1_Tm1
16021 19 -0.5 5.21613026510776 S2_N1_Tm1
16001 20 -0.5 0 S2_N1_Tm1
16002 20 -0.5 479.741534120899 S2_N1_Tm1
16003 20 -0.5 0 S2_N1_Tm1
16004 20 -0.5 0 S2_N1_Tm1
16005 20 -0.5 253.703912958303 S2_N1_Tm1
16007 20 -0.5 75.9349826788722 S2_N1_Tm1
16008 20 -0.5 425.618945606481 S2_N1_Tm1
16011 20 -0.5 0 S2_N1_Tm1
16013 20 -0.5 560.181616879801 S2_N1_Tm1
16014 20 -0.5 0 S2_N1_Tm1
16015 20 -0.5 252.244507306095 S2_N1_Tm1
16017 20 -0.5 234.769011057804 S2_N1_Tm1
16018 20 -0.5 6.21457185392377 S2_N1_Tm1
16020 20 -0.5 0 S2_N1_Tm1
16021 20 -0.5 28.9887470226876 S2_N1_Tm1
16001 21 -0.5 0 S2_N1_Tm1
16002 21 -0.5 349.890562104064 S2_N1_Tm1
16003 21 -0.5 0 S2_N1_Tm1
16004 21 -0.5 0 S2_N1_Tm1
16005 21 -0.5 165.197304645272 S2_N1_Tm1
16007 21 -0.5 48.5369829744684 S2_N1_Tm1
16008 21 -0.5 368.09018083629 S2_N1_Tm1
16011 21 -0.5 0 S2_N1_Tm1
16013 21 -0.5 464.185267539829 S2_N1_Tm1
16014 21 -0.5 0 S2_N1_Tm1
16015 21 -0.5 215.731599690507 S2_N1_Tm1
16017 21 -0.5 183.453446649698 S2_N1_Tm1
16018 21 -0.5 0 S2_N1_Tm1
16020 21 -0.5 0 S2_N1_Tm1
16021 21 -0.5 6.39655724218804 S2_N1_Tm1
16001 22 -0.5 7.64820277817588 S2_N1_Tm1
16002 22 -0.5 634.936695190525 S2_N1_Tm1
16003 22 -0.5 1.84610814349022 S2_N1_Tm1
16004 22 -0.5 0 S2_N1_Tm1
16005 22 -0.5 349.603503897054 S2_N1_Tm1
16007 22 -0.5 87.1212307206289 S2_N1_Tm1
16008 22 -0.5 481.243134752898 S2_N1_Tm1
16011 22 -0.5 10.8649161541933 S2_N1_Tm1
16013 22 -0.5 669.211288933859 S2_N1_Tm1
16014 22 -0.5 0 S2_N1_Tm1
16015 22 -0.5 292.679273542905 S2_N1_Tm1
16017 22 -0.5 289.709365606184 S2_N1_Tm1
16018 22 -0.5 23.7778345387155 S2_N1_Tm1
16020 22 -0.5 3.96324136532539 S2_N1_Tm1
16021 22 -0.5 55.0594470078217 S2_N1_Tm1
16001 23 -0.5 0 S2_N1_Tm1
16002 23 -0.5 273.719691717739 S2_N1_Tm1
16003 23 -0.5 0 S2_N1_Tm1
16004 23 -0.5 0 S2_N1_Tm1
16005 23 -0.5 114.340016842077 S2_N1_Tm1
16007 23 -0.5 35.227001425396 S2_N1_Tm1
16008 23 -0.5 330.887602009545 S2_N1_Tm1
16011 23 -0.5 0 S2_N1_Tm1
16013 23 -0.5 399.8560589922 S2_N1_Tm1
16014 23 -0.5 0 S2_N1_Tm1
16015 23 -0.5 202.03616705328 S2_N1_Tm1
16017 23 -0.5 161.257065820064 S2_N1_Tm1
16018 23 -0.5 0 S2_N1_Tm1
16020 23 -0.5 0 S2_N1_Tm1
16021 23 -0.5 1.6231497914224 S2_N1_Tm1
16001 24 -0.5 0 S2_N1_Tm1
16002 24 -0.5 391.631315600723 S2_N1_Tm1
16003 24 -0.5 0 S2_N1_Tm1
16004 24 -0.5 0 S2_N1_Tm1
16005 24 -0.5 193.62441595389 S2_N1_Tm1
16007 24 -0.5 57.1347482085807 S2_N1_Tm1
16008 24 -0.5 390.820623536691 S2_N1_Tm1
16011 24 -0.5 0 S2_N1_Tm1
16013 24 -0.5 501.637669465759 S2_N1_Tm1
16014 24 -0.5 0 S2_N1_Tm1
16015 24 -0.5 229.125507979433 S2_N1_Tm1
16017 24 -0.5 198.664462972811 S2_N1_Tm1
16018 24 -0.5 1.13606176594814 S2_N1_Tm1
16020 24 -0.5 0 S2_N1_Tm1
16021 24 -0.5 14.1767531330522 S2_N1_Tm1
16001 25 -0.5 0 S2_N1_Tm1
16002 25 -0.5 71.4638408129203 S2_N1_Tm1
16003 25 -0.5 0 S2_N1_Tm1
16004 25 -0.5 0 S2_N1_Tm1
16005 25 -0.5 0 S2_N1_Tm1
16007 25 -0.5 0 S2_N1_Tm1
16008 25 -0.5 176.097548705288 S2_N1_Tm1
16011 25 -0.5 0 S2_N1_Tm1
16013 25 -0.5 177.909892043034 S2_N1_Tm1
16014 25 -0.5 0 S2_N1_Tm1
16015 25 -0.5 139.559230235069 S2_N1_Tm1
16017 25 -0.5 87.6669830349897 S2_N1_Tm1
16018 25 -0.5 0 S2_N1_Tm1
16020 25 -0.5 0 S2_N1_Tm1
16021 25 -0.5 0 S2_N1_Tm1
16001 26 -0.5 0 S2_N1_Tm1
16002 26 -0.5 558.293355255183 S2_N1_Tm1
16003 26 -0.5 0 S2_N1_Tm1
16004 26 -0.5 0 S2_N1_Tm1
16005 26 -0.5 301.393233465417 S2_N1_Tm1
16007 26 -0.5 81.4823539382584 S2_N1_Tm1
16008 26 -0.5 454.971146317251 S2_N1_Tm1
16011 26 -0.5 2.64573709714952 S2_N1_Tm1
16013 26 -0.5 617.432254752516 S2_N1_Tm1
16014 26 -0.5 0 S2_N1_Tm1
16015 26 -0.5 271.116826553717 S2_N1_Tm1
16017 26 -0.5 260.335522979645 S2_N1_Tm1
16018 26 -0.5 12.6941416513064 S2_N1_Tm1
16020 26 -0.5 1.11278462515738 S2_N1_Tm1
16021 26 -0.5 41.2498092581886 S2_N1_Tm1
16001 27 -0.5 0 S2_N1_Tm1
16002 27 -0.5 2.57404548062934 S2_N1_Tm1
16003 27 -0.5 0 S2_N1_Tm1
16004 27 -0.5 0 S2_N1_Tm1
16005 27 -0.5 0 S2_N1_Tm1
16007 27 -0.5 0 S2_N1_Tm1
16008 27 -0.5 100.64229038407 S2_N1_Tm1
16011 27 -0.5 0 S2_N1_Tm1
16013 27 -0.5 75.8763050094867 S2_N1_Tm1
16014 27 -0.5 0 S2_N1_Tm1
16015 27 -0.5 99.1456867442434 S2_N1_Tm1
16017 27 -0.5 43.9281204370359 S2_N1_Tm1
16018 27 -0.5 0 S2_N1_Tm1
16020 27 -0.5 0 S2_N1_Tm1
16021 27 -0.5 0 S2_N1_Tm1
16001 28 -0.5 9.5085786900873 S2_N1_Tm1
16002 28 -0.5 638.389905565334 S2_N1_Tm1
16003 28 -0.5 2.56663820977827 S2_N1_Tm1
16004 28 -0.5 0 S2_N1_Tm1
16005 28 -0.5 353.12100108677 S2_N1_Tm1
16007 28 -0.5 91.541936685848 S2_N1_Tm1
16008 28 -0.5 485.11951872805 S2_N1_Tm1
16011 28 -0.5 13.2534997388176 S2_N1_Tm1
16013 28 -0.5 672.533491151568 S2_N1_Tm1
16014 28 -0.5 0 S2_N1_Tm1
16015 28 -0.5 296.768067753298 S2_N1_Tm1
16017 28 -0.5 294.412419640117 S2_N1_Tm1
16018 28 -0.5 28.0036865297993 S2_N1_Tm1
16020 28 -0.5 5.28593263969624 S2_N1_Tm1
16021 28 -0.5 57.6947567314624 S2_N1_Tm1
16001 29 -0.5 0 S2_N1_Tm1
16002 29 -0.5 190.220065048706 S2_N1_Tm1
16003 29 -0.5 0 S2_N1_Tm1
16004 29 -0.5 0 S2_N1_Tm1
16005 29 -0.5 41.2819067383819 S2_N1_Tm1
16007 29 -0.5 7.62566238709636 S2_N1_Tm1
16008 29 -0.5 258.459416575095 S2_N1_Tm1
16011 29 -0.5 0 S2_N1_Tm1
16013 29 -0.5 296.863871979322 S2_N1_Tm1
16014 29 -0.5 0 S2_N1_Tm1
16015 29 -0.5 153.755650311983 S2_N1_Tm1
16017 29 -0.5 119.401576831358 S2_N1_Tm1
16018 29 -0.5 0 S2_N1_Tm1
16020 29 -0.5 0 S2_N1_Tm1
16021 29 -0.5 0 S2_N1_Tm1
16001 30 -0.5 0 S2_N1_Tm1
16002 30 -0.5 63.5824064830779 S2_N1_Tm1
16003 30 -0.5 0 S2_N1_Tm1
16004 30 -0.5 0 S2_N1_Tm1
16005 30 -0.5 0 S2_N1_Tm1
16007 30 -0.5 0 S2_N1_Tm1
16008 30 -0.5 167.506657792448 S2_N1_Tm1
16011 30 -0.5 0 S2_N1_Tm1
16013 30 -0.5 166.45288482749 S2_N1_Tm1
16014 30 -0.5 0 S2_N1_Tm1
16015 30 -0.5 131.484600745863 S2_N1_Tm1
16017 30 -0.5 82.5373531957773 S2_N1_Tm1
16018 30 -0.5 0 S2_N1_Tm1
16020 30 -0.5 0 S2_N1_Tm1
16021 30 -0.5 0 S2_N1_Tm1
16001 31 -0.5 0 S2_N1_Tm1
16002 31 -0.5 123.590217414763 S2_N1_Tm1
16003 31 -0.5 0 S2_N1_Tm1
16004 31 -0.5 0 S2_N1_Tm1
16005 31 -0.5 3.51346867101639 S2_N1_Tm1
16007 31 -0.5 0 S2_N1_Tm1
16008 31 -0.5 227.479948561777 S2_N1_Tm1
16011 31 -0.5 0 S2_N1_Tm1
16013 31 -0.5 248.130923064338 S2_N1_Tm1
16014 31 -0.5 0 S2_N1_Tm1
16015 31 -0.5 153.025703003622 S2_N1_Tm1
16017 31 -0.5 105.807168038229 S2_N1_Tm1
16018 31 -0.5 0 S2_N1_Tm1
16020 31 -0.5 0 S2_N1_Tm1
16021 31 -0.5 0 S2_N1_Tm1
16001 1 -1.5 143.988522525753 S2_N1_Tm1
16002 1 -1.5 510.113226371971 S2_N1_Tm1
16003 1 -1.5 214.780844754618 S2_N1_Tm1
16004 1 -1.5 355.051665790109 S2_N1_Tm1
16005 1 -1.5 224.305826799436 S2_N1_Tm1
16007 1 -1.5 16.5914167053313 S2_N1_Tm1
16008 1 -1.5 322.007399637306 S2_N1_Tm1
16011 1 -1.5 31.8877356037691 S2_N1_Tm1
16013 1 -1.5 501.112888793635 S2_N1_Tm1
16014 1 -1.5 25.4821968351507 S2_N1_Tm1
16015 1 -1.5 352.773015379477 S2_N1_Tm1
16017 1 -1.5 172.450279425949 S2_N1_Tm1
16018 1 -1.5 0 S2_N1_Tm1
16020 1 -1.5 4.98228352156545 S2_N1_Tm1
16021 1 -1.5 249.759724073575 S2_N1_Tm1
16001 2 -1.5 0 S2_N1_Tm1
16002 2 -1.5 1.53771308458006 S2_N1_Tm1
16003 2 -1.5 0 S2_N1_Tm1
16004 2 -1.5 180.655154369073 S2_N1_Tm1
16005 2 -1.5 0 S2_N1_Tm1
16007 2 -1.5 0 S2_N1_Tm1
16008 2 -1.5 89.3415565831877 S2_N1_Tm1
16011 2 -1.5 0 S2_N1_Tm1
16013 2 -1.5 64.0606550280109 S2_N1_Tm1
16014 2 -1.5 0 S2_N1_Tm1
16015 2 -1.5 183.36081617579 S2_N1_Tm1
16017 2 -1.5 33.7500447134158 S2_N1_Tm1
16018 2 -1.5 0 S2_N1_Tm1
16020 2 -1.5 0 S2_N1_Tm1
16021 2 -1.5 109.628300370544 S2_N1_Tm1
16001 3 -1.5 0 S2_N1_Tm1
16002 3 -1.5 61.2721003761768 S2_N1_Tm1
16003 3 -1.5 0 S2_N1_Tm1
16004 3 -1.5 185.042047557996 S2_N1_Tm1
16005 3 -1.5 0 S2_N1_Tm1
16007 3 -1.5 0 S2_N1_Tm1
16008 3 -1.5 138.230574092521 S2_N1_Tm1
16011 3 -1.5 0 S2_N1_Tm1
16013 3 -1.5 147.324008394803 S2_N1_Tm1
16014 3 -1.5 0 S2_N1_Tm1
16015 3 -1.5 189.044001736113 S2_N1_Tm1
16017 3 -1.5 45.6556970707158 S2_N1_Tm1
16018 3 -1.5 0 S2_N1_Tm1
16020 3 -1.5 0 S2_N1_Tm1
16021 3 -1.5 111.144562097526 S2_N1_Tm1
16001 4 -1.5 3.43083132076998 S2_N1_Tm1
16002 4 -1.5 154.578397021191 S2_N1_Tm1
16003 4 -1.5 20.2712702329179 S2_N1_Tm1
16004 4 -1.5 209.804326166083 S2_N1_Tm1
16005 4 -1.5 15.8123499197568 S2_N1_Tm1
16007 4 -1.5 0 S2_N1_Tm1
16008 4 -1.5 194.33389915251 S2_N1_Tm1
16011 4 -1.5 0 S2_N1_Tm1
16013 4 -1.5 244.858009226473 S2_N1_Tm1
16014 4 -1.5 0 S2_N1_Tm1
16015 4 -1.5 214.692378112626 S2_N1_Tm1
16017 4 -1.5 69.1252191878317 S2_N1_Tm1
16018 4 -1.5 0 S2_N1_Tm1
16020 4 -1.5 0 S2_N1_Tm1
16021 4 -1.5 131.762275203586 S2_N1_Tm1
16001 5 -1.5 0 S2_N1_Tm1
16002 5 -1.5 0 S2_N1_Tm1
16003 5 -1.5 0 S2_N1_Tm1
16004 5 -1.5 64.6452008940474 S2_N1_Tm1
16005 5 -1.5 0 S2_N1_Tm1
16007 5 -1.5 0 S2_N1_Tm1
16008 5 -1.5 0 S2_N1_Tm1
16011 5 -1.5 0 S2_N1_Tm1
16013 5 -1.5 0 S2_N1_Tm1
16014 5 -1.5 0 S2_N1_Tm1
16015 5 -1.5 75.1818444953741 S2_N1_Tm1
16017 5 -1.5 0 S2_N1_Tm1
16018 5 -1.5 0 S2_N1_Tm1
16020 5 -1.5 0 S2_N1_Tm1
16021 5 -1.5 9.49256808740064 S2_N1_Tm1
16001 6 -1.5 10.3613593869799 S2_N1_Tm1
16002 6 -1.5 177.544093129267 S2_N1_Tm1
16003 6 -1.5 47.3698959924696 S2_N1_Tm1
16004 6 -1.5 269.57001052893 S2_N1_Tm1
16005 6 -1.5 35.9329788763421 S2_N1_Tm1
16007 6 -1.5 6.62912517029085 S2_N1_Tm1
16008 6 -1.5 237.892461060006 S2_N1_Tm1
16011 6 -1.5 3.55963535974311 S2_N1_Tm1
16013 6 -1.5 278.954436057616 S2_N1_Tm1
16014 6 -1.5 0 S2_N1_Tm1
16015 6 -1.5 269.5532319805 S2_N1_Tm1
16017 6 -1.5 110.307690099576 S2_N1_Tm1
16018 6 -1.5 0 S2_N1_Tm1
16020 6 -1.5 0 S2_N1_Tm1
16021 6 -1.5 180.750525532186 S2_N1_Tm1
16001 7 -1.5 0 S2_N1_Tm1
16002 7 -1.5 1.83949178403606 S2_N1_Tm1
16003 7 -1.5 0 S2_N1_Tm1
16004 7 -1.5 184.557526893101 S2_N1_Tm1
16005 7 -1.5 0 S2_N1_Tm1
16007 7 -1.5 0 S2_N1_Tm1
16008 7 -1.5 92.8133272986833 S2_N1_Tm1
16011 7 -1.5 0 S2_N1_Tm1
16013 7 -1.5 69.2439787222017 S2_N1_Tm1
16014 7 -1.5 0 S2_N1_Tm1
16015 7 -1.5 186.829864787451 S2_N1_Tm1
16017 7 -1.5 36.6008971255571 S2_N1_Tm1
16018 7 -1.5 0 S2_N1_Tm1
16020 7 -1.5 0 S2_N1_Tm1
16021 7 -1.5 112.445135639258 S2_N1_Tm1
16001 8 -1.5 77.1458686851163 S2_N1_Tm1
16002 8 -1.5 294.826624090522 S2_N1_Tm1
16003 8 -1.5 123.453211169624 S2_N1_Tm1
16004 8 -1.5 285.075187623995 S2_N1_Tm1
16005 8 -1.5 117.55096922194 S2_N1_Tm1
16007 8 -1.5 13.736162094615 S2_N1_Tm1
16008 8 -1.5 276.47250970792 S2_N1_Tm1
16011 8 -1.5 7.0768311198381 S2_N1_Tm1
16013 8 -1.5 368.769443548474 S2_N1_Tm1
16014 8 -1.5 7.21265538773604 S2_N1_Tm1
16015 8 -1.5 287.578960244892 S2_N1_Tm1
16017 8 -1.5 126.285369790678 S2_N1_Tm1
16018 8 -1.5 0 S2_N1_Tm1
16020 8 -1.5 0 S2_N1_Tm1
16021 8 -1.5 197.835758131233 S2_N1_Tm1
16001 9 -1.5 2.33752117661687 S2_N1_Tm1
16002 9 -1.5 146.991051869882 S2_N1_Tm1
16003 9 -1.5 17.5814460671215 S2_N1_Tm1
16004 9 -1.5 230.155359898036 S2_N1_Tm1
16005 9 -1.5 12.0027798310678 S2_N1_Tm1
16007 9 -1.5 1.38046200149878 S2_N1_Tm1
16008 9 -1.5 203.38859897671 S2_N1_Tm1
16011 9 -1.5 0 S2_N1_Tm1
16013 9 -1.5 241.798407990281 S2_N1_Tm1
16014 9 -1.5 0 S2_N1_Tm1
16015 9 -1.5 232.975205496493 S2_N1_Tm1
16017 9 -1.5 81.8764238332939 S2_N1_Tm1
16018 9 -1.5 0 S2_N1_Tm1
16020 9 -1.5 0 S2_N1_Tm1
16021 9 -1.5 148.598670579115 S2_N1_Tm1
16001 10 -1.5 64.2153136832358 S2_N1_Tm1
16002 10 -1.5 278.870971847864 S2_N1_Tm1
16003 10 -1.5 108.982930118821 S2_N1_Tm1
16004 10 -1.5 284.236238397008 S2_N1_Tm1
16005 10 -1.5 105.237979230183 S2_N1_Tm1
16007 10 -1.5 11.5018451807916 S2_N1_Tm1
16008 10 -1.5 274.60466675807 S2_N1_Tm1
16011 10 -1.5 6.08394409058417 S2_N1_Tm1
16013 10 -1.5 366.640032535146 S2_N1_Tm1
16014 10 -1.5 5.61110570099153 S2_N1_Tm1
16015 10 -1.5 285.084952688249 S2_N1_Tm1
16017 10 -1.5 119.212674621326 S2_N1_Tm1
16018 10 -1.5 0 S2_N1_Tm1
16020 10 -1.5 0 S2_N1_Tm1
16021 10 -1.5 191.66071858654 S2_N1_Tm1
16001 11 -1.5 58.882146364937 S2_N1_Tm1
16002 11 -1.5 357.328264173294 S2_N1_Tm1
16003 11 -1.5 88.6051391516879 S2_N1_Tm1
16004 11 -1.5 195.949094121841 S2_N1_Tm1
16005 11 -1.5 93.6207824915886 S2_N1_Tm1
16007 11 -1.5 0 S2_N1_Tm1
16008 11 -1.5 191.449533113915 S2_N1_Tm1
16011 11 -1.5 0 S2_N1_Tm1
16013 11 -1.5 341.010170052493 S2_N1_Tm1
16014 11 -1.5 0 S2_N1_Tm1
16015 11 -1.5 208.554996012787 S2_N1_Tm1
16017 11 -1.5 75.2060736972398 S2_N1_Tm1
16018 11 -1.5 0 S2_N1_Tm1
16020 11 -1.5 0 S2_N1_Tm1
16021 11 -1.5 125.399737433911 S2_N1_Tm1
16001 12 -1.5 98.7532311571024 S2_N1_Tm1
16002 12 -1.5 468.633179518252 S2_N1_Tm1
16003 12 -1.5 142.517622775381 S2_N1_Tm1
16004 12 -1.5 262.547718954511 S2_N1_Tm1
16005 12 -1.5 155.183255632556 S2_N1_Tm1
16007 12 -1.5 0 S2_N1_Tm1
16008 12 -1.5 212.56832714435 S2_N1_Tm1
16011 12 -1.5 4.08318220340572 S2_N1_Tm1
16013 12 -1.5 379.21742281716 S2_N1_Tm1
16014 12 -1.5 1.62408570252338 S2_N1_Tm1
16015 12 -1.5 274.596858111526 S2_N1_Tm1
16017 12 -1.5 125.510009766977 S2_N1_Tm1
16018 12 -1.5 0 S2_N1_Tm1
16020 12 -1.5 0 S2_N1_Tm1
16021 12 -1.5 192.929131099091 S2_N1_Tm1
16001 13 -1.5 0 S2_N1_Tm1
16002 13 -1.5 67.7115079673 S2_N1_Tm1
16003 13 -1.5 0 S2_N1_Tm1
16004 13 -1.5 158.388841593793 S2_N1_Tm1
16005 13 -1.5 0 S2_N1_Tm1
16007 13 -1.5 0 S2_N1_Tm1
16008 13 -1.5 133.614231860163 S2_N1_Tm1
16011 13 -1.5 0 S2_N1_Tm1
16013 13 -1.5 136.496021984799 S2_N1_Tm1
16014 13 -1.5 0 S2_N1_Tm1
16015 13 -1.5 168.725272850257 S2_N1_Tm1
16017 13 -1.5 40.2069668194573 S2_N1_Tm1
16018 13 -1.5 0 S2_N1_Tm1
16020 13 -1.5 0 S2_N1_Tm1
16021 13 -1.5 101.505781513107 S2_N1_Tm1
16001 14 -1.5 0 S2_N1_Tm1
16002 14 -1.5 47.3006237311168 S2_N1_Tm1
16003 14 -1.5 0 S2_N1_Tm1
16004 14 -1.5 215.033872203312 S2_N1_Tm1
16005 14 -1.5 0 S2_N1_Tm1
16007 14 -1.5 0 S2_N1_Tm1
16008 14 -1.5 145.376361757365 S2_N1_Tm1
16011 14 -1.5 0 S2_N1_Tm1
16013 14 -1.5 145.392758372833 S2_N1_Tm1
16014 14 -1.5 0 S2_N1_Tm1
16015 14 -1.5 216.096560919193 S2_N1_Tm1
16017 14 -1.5 65.9825541897882 S2_N1_Tm1
16018 14 -1.5 0 S2_N1_Tm1
16020 14 -1.5 0 S2_N1_Tm1
16021 14 -1.5 136.452576557109 S2_N1_Tm1
16001 15 -1.5 108.518572251496 S2_N1_Tm1
16002 15 -1.5 336.087174759687 S2_N1_Tm1
16003 15 -1.5 166.632877896034 S2_N1_Tm1
16004 15 -1.5 354.58314046685 S2_N1_Tm1
16005 15 -1.5 159.150966887166 S2_N1_Tm1
16007 15 -1.5 46.5253052591804 S2_N1_Tm1
16008 15 -1.5 336.891539842627 S2_N1_Tm1
16011 15 -1.5 49.6034680876538 S2_N1_Tm1
16013 15 -1.5 435.942377222087 S2_N1_Tm1
16014 15 -1.5 42.0645605704866 S2_N1_Tm1
16015 15 -1.5 349.596131617253 S2_N1_Tm1
16017 15 -1.5 170.244871146793 S2_N1_Tm1
16018 15 -1.5 0 S2_N1_Tm1
16020 15 -1.5 5.99769846134619 S2_N1_Tm1
16021 15 -1.5 248.005044966003 S2_N1_Tm1
16001 16 -1.5 143.987437868697 S2_N1_Tm1
16002 16 -1.5 431.376956237175 S2_N1_Tm1
16003 16 -1.5 210.411417306335 S2_N1_Tm1
16004 16 -1.5 358.698381049831 S2_N1_Tm1
16005 16 -1.5 204.703177027059 S2_N1_Tm1
16007 16 -1.5 37.9977219593296 S2_N1_Tm1
16008 16 -1.5 340.000403848245 S2_N1_Tm1
16011 16 -1.5 46.0513455571599 S2_N1_Tm1
16013 16 -1.5 476.262774346927 S2_N1_Tm1
16014 16 -1.5 44.8667887866773 S2_N1_Tm1
16015 16 -1.5 356.541040115384 S2_N1_Tm1
16017 16 -1.5 180.371607991853 S2_N1_Tm1
16018 16 -1.5 1.05631760467699 S2_N1_Tm1
16020 16 -1.5 10.489414735766 S2_N1_Tm1
16021 16 -1.5 257.714824793932 S2_N1_Tm1
16001 17 -1.5 0 S2_N1_Tm1
16002 17 -1.5 128.519758095696 S2_N1_Tm1
16003 17 -1.5 9.12385005018758 S2_N1_Tm1
16004 17 -1.5 236.059472713469 S2_N1_Tm1
16005 17 -1.5 4.76162389451586 S2_N1_Tm1
16007 17 -1.5 1.61208640247889 S2_N1_Tm1
16008 17 -1.5 198.317620654288 S2_N1_Tm1
16011 17 -1.5 0 S2_N1_Tm1
16013 17 -1.5 218.210006292126 S2_N1_Tm1
16014 17 -1.5 0 S2_N1_Tm1
16015 17 -1.5 239.039814478598 S2_N1_Tm1
16017 17 -1.5 91.5069389071147 S2_N1_Tm1
16018 17 -1.5 0 S2_N1_Tm1
16020 17 -1.5 0 S2_N1_Tm1
16021 17 -1.5 158.466965301568 S2_N1_Tm1
16001 18 -1.5 125.155457526006 S2_N1_Tm1
16002 18 -1.5 464.748605859586 S2_N1_Tm1
16003 18 -1.5 185.528868682148 S2_N1_Tm1
16004 18 -1.5 309.861590030783 S2_N1_Tm1
16005 18 -1.5 189.937690025417 S2_N1_Tm1
16007 18 -1.5 7.53655817942166 S2_N1_Tm1
16008 18 -1.5 280.802545872493 S2_N1_Tm1
16011 18 -1.5 12.9749609127788 S2_N1_Tm1
16013 18 -1.5 440.68286945666 S2_N1_Tm1
16014 18 -1.5 10.038413623172 S2_N1_Tm1
16015 18 -1.5 314.400157809437 S2_N1_Tm1
16017 18 -1.5 149.452075737214 S2_N1_Tm1
16018 18 -1.5 0 S2_N1_Tm1
16020 18 -1.5 1.49988828436087 S2_N1_Tm1
16021 18 -1.5 222.79016023948 S2_N1_Tm1
16001 19 -1.5 49.0684665564044 S2_N1_Tm1
16002 19 -1.5 248.161815703843 S2_N1_Tm1
16003 19 -1.5 92.0691228213392 S2_N1_Tm1
16004 19 -1.5 272.347663694479 S2_N1_Tm1
16005 19 -1.5 86.717643914281 S2_N1_Tm1
16007 19 -1.5 8.68145603533773 S2_N1_Tm1
16008 19 -1.5 260.786192554254 S2_N1_Tm1
16011 19 -1.5 3.99507265522179 S2_N1_Tm1
16013 19 -1.5 339.779120552881 S2_N1_Tm1
16014 19 -1.5 3.2139282523519 S2_N1_Tm1
16015 19 -1.5 273.893547317831 S2_N1_Tm1
16017 19 -1.5 111.756208974312 S2_N1_Tm1
16018 19 -1.5 0 S2_N1_Tm1
16020 19 -1.5 0 S2_N1_Tm1
16021 19 -1.5 182.785521100657 S2_N1_Tm1
16001 20 -1.5 133.699981470395 S2_N1_Tm1
16002 20 -1.5 393.478028399102 S2_N1_Tm1
16003 20 -1.5 197.408308374562 S2_N1_Tm1
16004 20 -1.5 361.137019146464 S2_N1_Tm1
16005 20 -1.5 189.547644090868 S2_N1_Tm1
16007 20 -1.5 45.9868299845081 S2_N1_Tm1
16008 20 -1.5 344.878130892215 S2_N1_Tm1
16011 20 -1.5 52.0747570310471 S2_N1_Tm1
16013 20 -1.5 465.02824465852 S2_N1_Tm1
16014 20 -1.5 50.2449585019361 S2_N1_Tm1
16015 20 -1.5 357.699411485145 S2_N1_Tm1
16017 20 -1.5 179.839980080042 S2_N1_Tm1
16018 20 -1.5 1.14369010397528 S2_N1_Tm1
16020 20 -1.5 11.1079589172813 S2_N1_Tm1
16021 20 -1.5 257.761157975664 S2_N1_Tm1
16001 21 -1.5 40.9375523632884 S2_N1_Tm1
16002 21 -1.5 240.032495715406 S2_N1_Tm1
16003 21 -1.5 81.6819216469872 S2_N1_Tm1
16004 21 -1.5 261.553636114941 S2_N1_Tm1
16005 21 -1.5 77.9664199575433 S2_N1_Tm1
16007 21 -1.5 5.63558631656723 S2_N1_Tm1
16008 21 -1.5 251.672458093917 S2_N1_Tm1
16011 21 -1.5 2.60634192575613 S2_N1_Tm1
16013 21 -1.5 332.644055791573 S2_N1_Tm1
16014 21 -1.5 2.1695496406291 S2_N1_Tm1
16015 21 -1.5 263.384042420169 S2_N1_Tm1
16017 21 -1.5 102.482745237513 S2_N1_Tm1
16018 21 -1.5 0 S2_N1_Tm1
16020 21 -1.5 0 S2_N1_Tm1
16021 21 -1.5 172.142993056926 S2_N1_Tm1
16001 22 -1.5 156.266550348832 S2_N1_Tm1
16002 22 -1.5 498.105015657732 S2_N1_Tm1
16003 22 -1.5 230.126520133003 S2_N1_Tm1
16004 22 -1.5 378.595046151816 S2_N1_Tm1
16005 22 -1.5 234.18051525388 S2_N1_Tm1
16007 22 -1.5 32.7515094870373 S2_N1_Tm1
16008 22 -1.5 351.279058647954 S2_N1_Tm1
16011 22 -1.5 52.1760087831488 S2_N1_Tm1
16013 22 -1.5 520.199758864689 S2_N1_Tm1
16014 22 -1.5 47.4554348024563 S2_N1_Tm1
16015 22 -1.5 373.251720815417 S2_N1_Tm1
16017 22 -1.5 188.540344782022 S2_N1_Tm1
16018 22 -1.5 1.16101933421581 S2_N1_Tm1
16020 22 -1.5 13.5532378121875 S2_N1_Tm1
16021 22 -1.5 267.258601826672 S2_N1_Tm1
16001 23 -1.5 16.447034371315 S2_N1_Tm1
16002 23 -1.5 194.124171793327 S2_N1_Tm1
16003 23 -1.5 54.7602801336299 S2_N1_Tm1
16004 23 -1.5 261.277813918599 S2_N1_Tm1
16005 23 -1.5 48.7165523547899 S2_N1_Tm1
16007 23 -1.5 4.85241468210594 S2_N1_Tm1
16008 23 -1.5 240.172977738486 S2_N1_Tm1
16011 23 -1.5 2.51832689201827 S2_N1_Tm1
16013 23 -1.5 297.870970803725 S2_N1_Tm1
16014 23 -1.5 1.11395337566626 S2_N1_Tm1
16015 23 -1.5 261.458738036685 S2_N1_Tm1
16017 23 -1.5 100.738061000632 S2_N1_Tm1
16018 23 -1.5 0 S2_N1_Tm1
16020 23 -1.5 0 S2_N1_Tm1
16021 23 -1.5 170.245135016104 S2_N1_Tm1
16001 24 -1.5 60.9143861775144 S2_N1_Tm1
16002 24 -1.5 277.975530838044 S2_N1_Tm1
16003 24 -1.5 105.0865331773 S2_N1_Tm1
16004 24 -1.5 282.304661237128 S2_N1_Tm1
16005 24 -1.5 103.10309930743 S2_N1_Tm1
16007 24 -1.5 10.1082449640735 S2_N1_Tm1
16008 24 -1.5 273.576983363361 S2_N1_Tm1
16011 24 -1.5 5.6241676245512 S2_N1_Tm1
16013 24 -1.5 368.600379458418 S2_N1_Tm1
16014 24 -1.5 5.17856569694376 S2_N1_Tm1
16015 24 -1.5 282.616319599637 S2_N1_Tm1
16017 24 -1.5 115.731361445784 S2_N1_Tm1
16018 24 -1.5 0 S2_N1_Tm1
16020 24 -1.5 0 S2_N1_Tm1
16021 24 -1.5 187.835895819575 S2_N1_Tm1
16001 25 -1.5 0 S2_N1_Tm1
16002 25 -1.5 42.6189098993743 S2_N1_Tm1
16003 25 -1.5 0 S2_N1_Tm1
16004 25 -1.5 209.309802903422 S2_N1_Tm1
16005 25 -1.5 0 S2_N1_Tm1
16007 25 -1.5 0 S2_N1_Tm1
16008 25 -1.5 139.792009545314 S2_N1_Tm1
16011 25 -1.5 0 S2_N1_Tm1
16013 25 -1.5 140.518854456388 S2_N1_Tm1
16014 25 -1.5 0 S2_N1_Tm1
16015 25 -1.5 210.113941530052 S2_N1_Tm1
16017 25 -1.5 59.3657458155103 S2_N1_Tm1
16018 25 -1.5 0 S2_N1_Tm1
16020 25 -1.5 0 S2_N1_Tm1
16021 25 -1.5 129.562637089789 S2_N1_Tm1
16001 26 -1.5 141.488618266367 S2_N1_Tm1
16002 26 -1.5 441.169624306027 S2_N1_Tm1
16003 26 -1.5 209.216973601845 S2_N1_Tm1
16004 26 -1.5 363.398096674752 S2_N1_Tm1
16005 26 -1.5 207.18979972769 S2_N1_Tm1
16007 26 -1.5 36.2178764563338 S2_N1_Tm1
16008 26 -1.5 344.535036979674 S2_N1_Tm1
16011 26 -1.5 46.0873673284982 S2_N1_Tm1
16013 26 -1.5 489.542615296626 S2_N1_Tm1
16014 26 -1.5 44.9143621340513 S2_N1_Tm1
16015 26 -1.5 359.587070626967 S2_N1_Tm1
16017 26 -1.5 178.579575714791 S2_N1_Tm1
16018 26 -1.5 0 S2_N1_Tm1
16020 26 -1.5 10.6119984153804 S2_N1_Tm1
16021 26 -1.5 256.9941981418 S2_N1_Tm1
16001 27 -1.5 0 S2_N1_Tm1
16002 27 -1.5 0 S2_N1_Tm1
16003 27 -1.5 0 S2_N1_Tm1
16004 27 -1.5 150.228178577245 S2_N1_Tm1
16005 27 -1.5 0 S2_N1_Tm1
16007 27 -1.5 0 S2_N1_Tm1
16008 27 -1.5 60.6080397235334 S2_N1_Tm1
16011 27 -1.5 0 S2_N1_Tm1
16013 27 -1.5 30.645194071479 S2_N1_Tm1
16014 27 -1.5 0 S2_N1_Tm1
16015 27 -1.5 155.246433201557 S2_N1_Tm1
16017 27 -1.5 13.7611131240302 S2_N1_Tm1
16018 27 -1.5 0 S2_N1_Tm1
16020 27 -1.5 0 S2_N1_Tm1
16021 27 -1.5 84.919892586079 S2_N1_Tm1
16001 28 -1.5 179.098714736934 S2_N1_Tm1
16002 28 -1.5 520.781276029982 S2_N1_Tm1
16003 28 -1.5 257.993974200734 S2_N1_Tm1
16004 28 -1.5 408.902115685671 S2_N1_Tm1
16005 28 -1.5 257.460157810176 S2_N1_Tm1
16007 28 -1.5 48.8120464627105 S2_N1_Tm1
16008 28 -1.5 377.470930961646 S2_N1_Tm1
16011 28 -1.5 77.8913983285732 S2_N1_Tm1
16013 28 -1.5 547.269226564288 S2_N1_Tm1
16014 28 -1.5 71.7503379912664 S2_N1_Tm1
16015 28 -1.5 401.375465768698 S2_N1_Tm1
16017 28 -1.5 212.692560151692 S2_N1_Tm1
16018 28 -1.5 3.72918826343576 S2_N1_Tm1
16020 28 -1.5 31.5918010612846 S2_N1_Tm1
16021 28 -1.5 293.295463334861 S2_N1_Tm1
16001 29 -1.5 0 S2_N1_Tm1
16002 29 -1.5 102.438414172281 S2_N1_Tm1
16003 29 -1.5 2.25625645492614 S2_N1_Tm1
16004 29 -1.5 170.872433056395 S2_N1_Tm1
16005 29 -1.5 1.47257562691284 S2_N1_Tm1
16007 29 -1.5 0 S2_N1_Tm1
16008 29 -1.5 151.541346040231 S2_N1_Tm1
16011 29 -1.5 0 S2_N1_Tm1
16013 29 -1.5 177.423035450167 S2_N1_Tm1
16014 29 -1.5 0 S2_N1_Tm1
16015 29 -1.5 179.073250032572 S2_N1_Tm1
16017 29 -1.5 46.5038604757588 S2_N1_Tm1
16018 29 -1.5 0 S2_N1_Tm1
16020 29 -1.5 0 S2_N1_Tm1
16021 29 -1.5 105.822119355023 S2_N1_Tm1
16001 30 -1.5 0 S2_N1_Tm1
16002 30 -1.5 38.7513549332708 S2_N1_Tm1
16003 30 -1.5 0 S2_N1_Tm1
16004 30 -1.5 204.674868779988 S2_N1_Tm1
16005 30 -1.5 0 S2_N1_Tm1
16007 30 -1.5 0 S2_N1_Tm1
16008 30 -1.5 136.711739033454 S2_N1_Tm1
16011 30 -1.5 0 S2_N1_Tm1
16013 30 -1.5 135.404211579879 S2_N1_Tm1
16014 30 -1.5 0 S2_N1_Tm1
16015 30 -1.5 206.60651512307 S2_N1_Tm1
16017 30 -1.5 57.8280998469222 S2_N1_Tm1
16018 30 -1.5 0 S2_N1_Tm1
16020 30 -1.5 0 S2_N1_Tm1
16021 30 -1.5 128.420011432812 S2_N1_Tm1
16001 31 -1.5 0 S2_N1_Tm1
16002 31 -1.5 70.3766936339342 S2_N1_Tm1
16003 31 -1.5 0 S2_N1_Tm1
16004 31 -1.5 214.233783085499 S2_N1_Tm1
16005 31 -1.5 0 S2_N1_Tm1
16007 31 -1.5 0 S2_N1_Tm1
16008 31 -1.5 157.679966297055 S2_N1_Tm1
16011 31 -1.5 0 S2_N1_Tm1
16013 31 -1.5 172.490833195164 S2_N1_Tm1
16014 31 -1.5 0 S2_N1_Tm1
16015 31 -1.5 206.958507552343 S2_N1_Tm1
16017 31 -1.5 55.3753706723503 S2_N1_Tm1
16018 31 -1.5 0 S2_N1_Tm1
16020 31 -1.5 0 S2_N1_Tm1
16021 31 -1.5 118.782032807194 S2_N1_Tm1
16001 1 -3 10.1201551041837 S2_N1_Tm1
16002 1 -3 138.545135738891 S2_N1_Tm1
16003 1 -3 19.304426489631 S2_N1_Tm1
16004 1 -3 82.5856022104135 S2_N1_Tm1
16005 1 -3 18.8194582604903 S2_N1_Tm1
16007 1 -3 0 S2_N1_Tm1
16008 1 -3 75.3039749432733 S2_N1_Tm1
16011 1 -3 0 S2_N1_Tm1
16013 1 -3 118.158058033488 S2_N1_Tm1
16014 1 -3 0 S2_N1_Tm1
16015 1 -3 86.6171013947113 S2_N1_Tm1
16017 1 -3 17.8346642176678 S2_N1_Tm1
16018 1 -3 0 S2_N1_Tm1
16020 1 -3 0 S2_N1_Tm1
16021 1 -3 45.8433824087544 S2_N1_Tm1
16001 2 -3 0 S2_N1_Tm1
16002 2 -3 0 S2_N1_Tm1
16003 2 -3 0 S2_N1_Tm1
16004 2 -3 151.999624783668 S2_N1_Tm1
16005 2 -3 0 S2_N1_Tm1
16007 2 -3 0 S2_N1_Tm1
16008 2 -3 59.885193537128 S2_N1_Tm1
16011 2 -3 0 S2_N1_Tm1
16013 2 -3 29.6495180113242 S2_N1_Tm1
16014 2 -3 0 S2_N1_Tm1
16015 2 -3 155.320653573426 S2_N1_Tm1
16017 2 -3 13.4046394561714 S2_N1_Tm1
16018 2 -3 0 S2_N1_Tm1
16020 2 -3 0 S2_N1_Tm1
16021 2 -3 84.322876236889 S2_N1_Tm1
16001 3 -3 0 S2_N1_Tm1
16002 3 -3 2.30493307035178 S2_N1_Tm1
16003 3 -3 0 S2_N1_Tm1
16004 3 -3 78.2426243028161 S2_N1_Tm1
16005 3 -3 0 S2_N1_Tm1
16007 3 -3 0 S2_N1_Tm1
16008 3 -3 42.4478623726771 S2_N1_Tm1
16011 3 -3 0 S2_N1_Tm1
16013 3 -3 31.6718611173062 S2_N1_Tm1
16014 3 -3 0 S2_N1_Tm1
16015 3 -3 85.7031156667236 S2_N1_Tm1
16017 3 -3 0 S2_N1_Tm1
16018 3 -3 0 S2_N1_Tm1
16020 3 -3 0 S2_N1_Tm1
16021 3 -3 28.9030219824595 S2_N1_Tm1
16001 4 -3 0 S2_N1_Tm1
16002 4 -3 27.6229751754691 S2_N1_Tm1
16003 4 -3 0 S2_N1_Tm1
16004 4 -3 57.0434362141491 S2_N1_Tm1
16005 4 -3 0 S2_N1_Tm1
16007 4 -3 0 S2_N1_Tm1
16008 4 -3 47.363733125814 S2_N1_Tm1
16011 4 -3 0 S2_N1_Tm1
16013 4 -3 55.103185982655 S2_N1_Tm1
16014 4 -3 0 S2_N1_Tm1
16015 4 -3 65.7510111660413 S2_N1_Tm1
16017 4 -3 0 S2_N1_Tm1
16018 4 -3 0 S2_N1_Tm1
16020 4 -3 0 S2_N1_Tm1
16021 4 -3 17.4841064143255 S2_N1_Tm1
16001 5 -3 0 S2_N1_Tm1
16002 5 -3 0 S2_N1_Tm1
16003 5 -3 0 S2_N1_Tm1
16004 5 -3 20.3723828310829 S2_N1_Tm1
16005 5 -3 0 S2_N1_Tm1
16007 5 -3 0 S2_N1_Tm1
16008 5 -3 0 S2_N1_Tm1
16011 5 -3 0 S2_N1_Tm1
16013 5 -3 0 S2_N1_Tm1
16014 5 -3 0 S2_N1_Tm1
16015 5 -3 34.9759299655941 S2_N1_Tm1
16017 5 -3 0 S2_N1_Tm1
16018 5 -3 0 S2_N1_Tm1
16020 5 -3 0 S2_N1_Tm1
16021 5 -3 0 S2_N1_Tm1
16001 6 -3 0 S2_N1_Tm1
16002 6 -3 121.025635476454 S2_N1_Tm1
16003 6 -3 6.80985131480976 S2_N1_Tm1
16004 6 -3 193.122572319043 S2_N1_Tm1
16005 6 -3 4.04842676613422 S2_N1_Tm1
16007 6 -3 0 S2_N1_Tm1
16008 6 -3 167.563732041786 S2_N1_Tm1
16011 6 -3 0 S2_N1_Tm1
16013 6 -3 194.826634603734 S2_N1_Tm1
16014 6 -3 0 S2_N1_Tm1
16015 6 -3 195.401897262953 S2_N1_Tm1
16017 6 -3 62.6003966087018 S2_N1_Tm1
16018 6 -3 0 S2_N1_Tm1
16020 6 -3 0 S2_N1_Tm1
16021 6 -3 120.376593531997 S2_N1_Tm1
16001 7 -3 0 S2_N1_Tm1
16002 7 -3 0 S2_N1_Tm1
16003 7 -3 0 S2_N1_Tm1
16004 7 -3 158.106223292899 S2_N1_Tm1
16005 7 -3 0 S2_N1_Tm1
16007 7 -3 0 S2_N1_Tm1
16008 7 -3 65.7136738554963 S2_N1_Tm1
16011 7 -3 0 S2_N1_Tm1
16013 7 -3 36.124929120777 S2_N1_Tm1
16014 7 -3 0 S2_N1_Tm1
16015 7 -3 160.844044274525 S2_N1_Tm1
16017 7 -3 16.4935097335474 S2_N1_Tm1
16018 7 -3 0 S2_N1_Tm1
16020 7 -3 0 S2_N1_Tm1
16021 7 -3 88.8804607080333 S2_N1_Tm1
16001 8 -3 6.66187390630424 S2_N1_Tm1
16002 8 -3 142.707405754414 S2_N1_Tm1
16003 8 -3 20.9895644950088 S2_N1_Tm1
16004 8 -3 131.978765895379 S2_N1_Tm1
16005 8 -3 15.1925429637165 S2_N1_Tm1
16007 8 -3 0 S2_N1_Tm1
16008 8 -3 129.174551988679 S2_N1_Tm1
16011 8 -3 0 S2_N1_Tm1
16013 8 -3 172.644849127138 S2_N1_Tm1
16014 8 -3 0 S2_N1_Tm1
16015 8 -3 136.466440606899 S2_N1_Tm1
16017 8 -3 36.2444503135764 S2_N1_Tm1
16018 8 -3 0 S2_N1_Tm1
16020 8 -3 0 S2_N1_Tm1
16021 8 -3 80.452217895122 S2_N1_Tm1
16001 9 -3 0 S2_N1_Tm1
16002 9 -3 57.6524077120744 S2_N1_Tm1
16003 9 -3 0 S2_N1_Tm1
16004 9 -3 111.476596853724 S2_N1_Tm1
16005 9 -3 0 S2_N1_Tm1
16007 9 -3 0 S2_N1_Tm1
16008 9 -3 95.4570372761724 S2_N1_Tm1
16011 9 -3 0 S2_N1_Tm1
16013 9 -3 109.254732194833 S2_N1_Tm1
16014 9 -3 0 S2_N1_Tm1
16015 9 -3 116.440714306868 S2_N1_Tm1
16017 9 -3 10.2358713064483 S2_N1_Tm1
16018 9 -3 0 S2_N1_Tm1
16020 9 -3 0 S2_N1_Tm1
16021 9 -3 58.639828890232 S2_N1_Tm1
16001 10 -3 2.07020673794033 S2_N1_Tm1
16002 10 -3 121.879605024821 S2_N1_Tm1
16003 10 -3 8.68549915440508 S2_N1_Tm1
16004 10 -3 120.420874622208 S2_N1_Tm1
16005 10 -3 6.51419836438434 S2_N1_Tm1
16007 10 -3 0 S2_N1_Tm1
16008 10 -3 117.596689797835 S2_N1_Tm1
16011 10 -3 0 S2_N1_Tm1
16013 10 -3 155.65981868769 S2_N1_Tm1
16014 10 -3 0 S2_N1_Tm1
16015 10 -3 124.137661800152 S2_N1_Tm1
16017 10 -3 25.3272545134071 S2_N1_Tm1
16018 10 -3 0 S2_N1_Tm1
16020 10 -3 0 S2_N1_Tm1
16021 10 -3 69.3123735667998 S2_N1_Tm1
16001 11 -3 0 S2_N1_Tm1
16002 11 -3 3.56742700545319 S2_N1_Tm1
16003 11 -3 0 S2_N1_Tm1
16004 11 -3 0 S2_N1_Tm1
16005 11 -3 0 S2_N1_Tm1
16007 11 -3 0 S2_N1_Tm1
16008 11 -3 0 S2_N1_Tm1
16011 11 -3 0 S2_N1_Tm1
16013 11 -3 0 S2_N1_Tm1
16014 11 -3 0 S2_N1_Tm1
16015 11 -3 0 S2_N1_Tm1
16017 11 -3 0 S2_N1_Tm1
16018 11 -3 0 S2_N1_Tm1
16020 11 -3 0 S2_N1_Tm1
16021 11 -3 0 S2_N1_Tm1
16001 12 -3 0 S2_N1_Tm1
16002 12 -3 23.7893571100294 S2_N1_Tm1
16003 12 -3 0 S2_N1_Tm1
16004 12 -3 1.71157474914078 S2_N1_Tm1
16005 12 -3 0 S2_N1_Tm1
16007 12 -3 0 S2_N1_Tm1
16008 12 -3 0 S2_N1_Tm1
16011 12 -3 0 S2_N1_Tm1
16013 12 -3 1.98233508386503 S2_N1_Tm1
16014 12 -3 0 S2_N1_Tm1
16015 12 -3 4.87094539305748 S2_N1_Tm1
16017 12 -3 0 S2_N1_Tm1
16018 12 -3 0 S2_N1_Tm1
16020 12 -3 0 S2_N1_Tm1
16021 12 -3 0 S2_N1_Tm1
16001 13 -3 0 S2_N1_Tm1
16002 13 -3 6.41994254621205 S2_N1_Tm1
16003 13 -3 0 S2_N1_Tm1
16004 13 -3 72.8879639232507 S2_N1_Tm1
16005 13 -3 0 S2_N1_Tm1
16007 13 -3 0 S2_N1_Tm1
16008 13 -3 49.8211179831775 S2_N1_Tm1
16011 13 -3 0 S2_N1_Tm1
16013 13 -3 35.3790413151632 S2_N1_Tm1
16014 13 -3 0 S2_N1_Tm1
16015 13 -3 85.2573628724196 S2_N1_Tm1
16017 13 -3 1.50200976789387 S2_N1_Tm1
16018 13 -3 0 S2_N1_Tm1
16020 13 -3 0 S2_N1_Tm1
16021 13 -3 30.2781837587657 S2_N1_Tm1
16001 14 -3 0 S2_N1_Tm1
16002 14 -3 19.7132784105584 S2_N1_Tm1
16003 14 -3 0 S2_N1_Tm1
16004 14 -3 177.21041676297 S2_N1_Tm1
16005 14 -3 0 S2_N1_Tm1
16007 14 -3 0 S2_N1_Tm1
16008 14 -3 112.790663432857 S2_N1_Tm1
16011 14 -3 0 S2_N1_Tm1
16013 14 -3 108.198209062306 S2_N1_Tm1
16014 14 -3 0 S2_N1_Tm1
16015 14 -3 178.817086737922 S2_N1_Tm1
16017 14 -3 36.3957733777424 S2_N1_Tm1
16018 14 -3 0 S2_N1_Tm1
16020 14 -3 0 S2_N1_Tm1
16021 14 -3 104.875461504165 S2_N1_Tm1
16001 15 -3 69.6496985453577 S2_N1_Tm1
16002 15 -3 258.241177866223 S2_N1_Tm1
16003 15 -3 114.338480628123 S2_N1_Tm1
16004 15 -3 274.33794383739 S2_N1_Tm1
16005 15 -3 107.594819822738 S2_N1_Tm1
16007 15 -3 14.7561307888683 S2_N1_Tm1
16008 15 -3 256.933387575613 S2_N1_Tm1
16011 15 -3 10.9377825215664 S2_N1_Tm1
16013 15 -3 334.973325982763 S2_N1_Tm1
16014 15 -3 8.1043509220926 S2_N1_Tm1
16015 15 -3 273.00142585581 S2_N1_Tm1
16017 15 -3 121.401954366926 S2_N1_Tm1
16018 15 -3 0 S2_N1_Tm1
16020 15 -3 0 S2_N1_Tm1
16021 15 -3 182.6017401905 S2_N1_Tm1
16001 16 -3 63.6777561895503 S2_N1_Tm1
16002 16 -3 265.20468567447 S2_N1_Tm1
16003 16 -3 96.5958985751246 S2_N1_Tm1
16004 16 -3 196.686800845797 S2_N1_Tm1
16005 16 -3 90.9945438552424 S2_N1_Tm1
16007 16 -3 1.34886367177893 S2_N1_Tm1
16008 16 -3 188.026952863799 S2_N1_Tm1
16011 16 -3 1.21302766391528 S2_N1_Tm1
16013 16 -3 283.886612060478 S2_N1_Tm1
16014 16 -3 1.32545337706651 S2_N1_Tm1
16015 16 -3 202.111141837815 S2_N1_Tm1
16017 16 -3 85.5112263457918 S2_N1_Tm1
16018 16 -3 0 S2_N1_Tm1
16020 16 -3 0 S2_N1_Tm1
16021 16 -3 130.102632658927 S2_N1_Tm1
16001 17 -3 0 S2_N1_Tm1
16002 17 -3 89.8523320396272 S2_N1_Tm1
16003 17 -3 1.16266062549339 S2_N1_Tm1
16004 17 -3 183.172560471627 S2_N1_Tm1
16005 17 -3 0 S2_N1_Tm1
16007 17 -3 0 S2_N1_Tm1
16008 17 -3 150.093857244526 S2_N1_Tm1
16011 17 -3 0 S2_N1_Tm1
16013 17 -3 162.783751573937 S2_N1_Tm1
16014 17 -3 0 S2_N1_Tm1
16015 17 -3 186.876531473723 S2_N1_Tm1
16017 17 -3 53.9167905191021 S2_N1_Tm1
16018 17 -3 0 S2_N1_Tm1
16020 17 -3 0 S2_N1_Tm1
16021 17 -3 114.833456293734 S2_N1_Tm1
16001 18 -3 2.35788604393069 S2_N1_Tm1
16002 18 -3 99.4602563616232 S2_N1_Tm1
16003 18 -3 4.47411098199663 S2_N1_Tm1
16004 18 -3 53.41519739506 S2_N1_Tm1
16005 18 -3 3.76465690358782 S2_N1_Tm1
16007 18 -3 0 S2_N1_Tm1
16008 18 -3 44.2018880390814 S2_N1_Tm1
16011 18 -3 0 S2_N1_Tm1
16013 18 -3 75.936994402736 S2_N1_Tm1
16014 18 -3 0 S2_N1_Tm1
16015 18 -3 61.137545921906 S2_N1_Tm1
16017 18 -3 4.660425194349 S2_N1_Tm1
16018 18 -3 0 S2_N1_Tm1
16020 18 -3 0 S2_N1_Tm1
16021 18 -3 24.1301291922609 S2_N1_Tm1
16001 19 -3 1.05878802527043 S2_N1_Tm1
16002 19 -3 111.691887222326 S2_N1_Tm1
16003 19 -3 5.02243281009262 S2_N1_Tm1
16004 19 -3 121.543290927247 S2_N1_Tm1
16005 19 -3 3.58267470153665 S2_N1_Tm1
16007 19 -3 0 S2_N1_Tm1
16008 19 -3 117.017948725848 S2_N1_Tm1
16011 19 -3 0 S2_N1_Tm1
16013 19 -3 150.397769034778 S2_N1_Tm1
16014 19 -3 0 S2_N1_Tm1
16015 19 -3 125.554872194516 S2_N1_Tm1
16017 19 -3 23.7017567295529 S2_N1_Tm1
16018 19 -3 0 S2_N1_Tm1
16020 19 -3 0 S2_N1_Tm1
16021 19 -3 69.5978910648938 S2_N1_Tm1
16001 20 -3 77.9280902043948 S2_N1_Tm1
16002 20 -3 279.909438531973 S2_N1_Tm1
16003 20 -3 118.852612615176 S2_N1_Tm1
16004 20 -3 249.217067820895 S2_N1_Tm1
16005 20 -3 111.99874164543 S2_N1_Tm1
16007 20 -3 7.56061302135249 S2_N1_Tm1
16008 20 -3 236.723199992586 S2_N1_Tm1
16011 20 -3 5.54420502913766 S2_N1_Tm1
16013 20 -3 328.940294367399 S2_N1_Tm1
16014 20 -3 5.3969081779233 S2_N1_Tm1
16015 20 -3 250.989639761157 S2_N1_Tm1
16017 20 -3 111.229432312913 S2_N1_Tm1
16018 20 -3 0 S2_N1_Tm1
16020 20 -3 0 S2_N1_Tm1
16021 20 -3 167.11550154884 S2_N1_Tm1
16001 21 -3 0 S2_N1_Tm1
16002 21 -3 88.2988015573472 S2_N1_Tm1
16003 21 -3 1.26305225516927 S2_N1_Tm1
16004 21 -3 96.0823121872041 S2_N1_Tm1
16005 21 -3 1.02703237537836 S2_N1_Tm1
16007 21 -3 0 S2_N1_Tm1
16008 21 -3 92.7031330063227 S2_N1_Tm1
16011 21 -3 0 S2_N1_Tm1
16013 21 -3 119.909269596084 S2_N1_Tm1
16014 21 -3 0 S2_N1_Tm1
16015 21 -3 100.907287792704 S2_N1_Tm1
16017 21 -3 9.32955353770332 S2_N1_Tm1
16018 21 -3 0 S2_N1_Tm1
16020 21 -3 0 S2_N1_Tm1
16021 21 -3 49.276052535838 S2_N1_Tm1
16001 22 -3 44.4692682722042 S2_N1_Tm1
16002 22 -3 243.016101050785 S2_N1_Tm1
16003 22 -3 69.1415649454794 S2_N1_Tm1
16004 22 -3 146.451021930475 S2_N1_Tm1
16005 22 -3 68.2300586612285 S2_N1_Tm1
16007 22 -3 0 S2_N1_Tm1
16008 22 -3 139.689516695522 S2_N1_Tm1
16011 22 -3 0 S2_N1_Tm1
16013 22 -3 227.743119406187 S2_N1_Tm1
16014 22 -3 0 S2_N1_Tm1
16015 22 -3 148.341987579145 S2_N1_Tm1
16017 22 -3 59.158098836302 S2_N1_Tm1
16018 22 -3 0 S2_N1_Tm1
16020 22 -3 0 S2_N1_Tm1
16021 22 -3 93.5054315074071 S2_N1_Tm1
16001 23 -3 0 S2_N1_Tm1
16002 23 -3 91.0292808495828 S2_N1_Tm1
16003 23 -3 1.2254020920292 S2_N1_Tm1
16004 23 -3 129.463948222493 S2_N1_Tm1
16005 23 -3 0 S2_N1_Tm1
16007 23 -3 0 S2_N1_Tm1
16008 23 -3 118.489027718171 S2_N1_Tm1
16011 23 -3 0 S2_N1_Tm1
16013 23 -3 143.952700031278 S2_N1_Tm1
16014 23 -3 0 S2_N1_Tm1
16015 23 -3 132.499132011923 S2_N1_Tm1
16017 23 -3 22.772848651388 S2_N1_Tm1
16018 23 -3 0 S2_N1_Tm1
16020 23 -3 0 S2_N1_Tm1
16021 23 -3 72.492375225181 S2_N1_Tm1
16001 24 -3 1.09544936808029 S2_N1_Tm1
16002 24 -3 110.719707920529 S2_N1_Tm1
16003 24 -3 4.85141661049334 S2_N1_Tm1
16004 24 -3 108.903903045067 S2_N1_Tm1
16005 24 -3 3.94884329052023 S2_N1_Tm1
16007 24 -3 0 S2_N1_Tm1
16008 24 -3 106.874784441137 S2_N1_Tm1
16011 24 -3 0 S2_N1_Tm1
16013 24 -3 141.991584583029 S2_N1_Tm1
16014 24 -3 0 S2_N1_Tm1
16015 24 -3 112.619825105595 S2_N1_Tm1
16017 24 -3 17.8278819001686 S2_N1_Tm1
16018 24 -3 0 S2_N1_Tm1
16020 24 -3 0 S2_N1_Tm1
16021 24 -3 59.8349798573823 S2_N1_Tm1
16001 25 -3 0 S2_N1_Tm1
16002 25 -3 8.63302122074813 S2_N1_Tm1
16003 25 -3 0 S2_N1_Tm1
16004 25 -3 151.978128422393 S2_N1_Tm1
16005 25 -3 0 S2_N1_Tm1
16007 25 -3 0 S2_N1_Tm1
16008 25 -3 91.8306457621102 S2_N1_Tm1
16011 25 -3 0 S2_N1_Tm1
16013 25 -3 83.7315623356452 S2_N1_Tm1
16014 25 -3 0 S2_N1_Tm1
16015 25 -3 154.232923631536 S2_N1_Tm1
16017 25 -3 19.071958964588 S2_N1_Tm1
16018 25 -3 0 S2_N1_Tm1
16020 25 -3 0 S2_N1_Tm1
16021 25 -3 84.2213637732256 S2_N1_Tm1
16001 26 -3 52.9064999457181 S2_N1_Tm1
16002 26 -3 251.113324863859 S2_N1_Tm1
16003 26 -3 83.1445618401796 S2_N1_Tm1
16004 26 -3 178.118371706582 S2_N1_Tm1
16005 26 -3 79.4721192050733 S2_N1_Tm1
16007 26 -3 0 S2_N1_Tm1
16008 26 -3 172.000648289509 S2_N1_Tm1
16011 26 -3 0 S2_N1_Tm1
16013 26 -3 268.083539532773 S2_N1_Tm1
16014 26 -3 0 S2_N1_Tm1
16015 26 -3 182.065665734794 S2_N1_Tm1
16017 26 -3 74.0971020580877 S2_N1_Tm1
16018 26 -3 0 S2_N1_Tm1
16020 26 -3 0 S2_N1_Tm1
16021 26 -3 115.488016193158 S2_N1_Tm1
16001 27 -3 0 S2_N1_Tm1
16002 27 -3 0 S2_N1_Tm1
16003 27 -3 0 S2_N1_Tm1
16004 27 -3 88.3744632041848 S2_N1_Tm1
16005 27 -3 0 S2_N1_Tm1
16007 27 -3 0 S2_N1_Tm1
16008 27 -3 9.63276912172454 S2_N1_Tm1
16011 27 -3 0 S2_N1_Tm1
16013 27 -3 1.83467080666253 S2_N1_Tm1
16014 27 -3 0 S2_N1_Tm1
16015 27 -3 96.3946833751061 S2_N1_Tm1
16017 27 -3 0 S2_N1_Tm1
16018 27 -3 0 S2_N1_Tm1
16020 27 -3 0 S2_N1_Tm1
16021 27 -3 32.8621099296984 S2_N1_Tm1
16001 28 -3 85.4150221788433 S2_N1_Tm1
16002 28 -3 331.579780277433 S2_N1_Tm1
16003 28 -3 122.543507899478 S2_N1_Tm1
16004 28 -3 224.97651477611 S2_N1_Tm1
16005 28 -3 120.921036638897 S2_N1_Tm1
16007 28 -3 2.48369782602007 S2_N1_Tm1
16008 28 -3 209.598800826706 S2_N1_Tm1
16011 28 -3 4.09032535703282 S2_N1_Tm1
16013 28 -3 334.514705288206 S2_N1_Tm1
16014 28 -3 3.45855185812621 S2_N1_Tm1
16015 28 -3 228.395538060533 S2_N1_Tm1
16017 28 -3 102.918801051482 S2_N1_Tm1
16018 28 -3 0 S2_N1_Tm1
16020 28 -3 0 S2_N1_Tm1
16021 28 -3 148.615048702572 S2_N1_Tm1
16001 29 -3 0 S2_N1_Tm1
16002 29 -3 4.97845689723936 S2_N1_Tm1
16003 29 -3 0 S2_N1_Tm1
16004 29 -3 39.1667468142324 S2_N1_Tm1
16005 29 -3 0 S2_N1_Tm1
16007 29 -3 0 S2_N1_Tm1
16008 29 -3 24.1699008585266 S2_N1_Tm1
16011 29 -3 0 S2_N1_Tm1
16013 29 -3 20.0405491497261 S2_N1_Tm1
16014 29 -3 0 S2_N1_Tm1
16015 29 -3 51.5513735423423 S2_N1_Tm1
16017 29 -3 0 S2_N1_Tm1
16018 29 -3 0 S2_N1_Tm1
16020 29 -3 0 S2_N1_Tm1
16021 29 -3 7.68074602910027 S2_N1_Tm1
16001 30 -3 0 S2_N1_Tm1
16002 30 -3 9.72557333671392 S2_N1_Tm1
16003 30 -3 0 S2_N1_Tm1
16004 30 -3 156.878060298231 S2_N1_Tm1
16005 30 -3 0 S2_N1_Tm1
16007 30 -3 0 S2_N1_Tm1
16008 30 -3 95.640071330679 S2_N1_Tm1
16011 30 -3 0 S2_N1_Tm1
16013 30 -3 86.5118582494732 S2_N1_Tm1
16014 30 -3 0 S2_N1_Tm1
16015 30 -3 159.80373278921 S2_N1_Tm1
16017 30 -3 22.4152994923184 S2_N1_Tm1
16018 30 -3 0 S2_N1_Tm1
16020 30 -3 0 S2_N1_Tm1
16021 30 -3 89.4516929137817 S2_N1_Tm1
16001 31 -3 0 S2_N1_Tm1
16002 31 -3 5.5617098147336 S2_N1_Tm1
16003 31 -3 0 S2_N1_Tm1
16004 31 -3 109.371692228786 S2_N1_Tm1
16005 31 -3 0 S2_N1_Tm1
16007 31 -3 0 S2_N1_Tm1
16008 31 -3 68.4954448083319 S2_N1_Tm1
16011 31 -3 0 S2_N1_Tm1
16013 31 -3 66.9364460252422 S2_N1_Tm1
16014 31 -3 0 S2_N1_Tm1
16015 31 -3 108.454685394439 S2_N1_Tm1
16017 31 -3 2.96190059941592 S2_N1_Tm1
16018 31 -3 0 S2_N1_Tm1
16020 31 -3 0 S2_N1_Tm1
16021 31 -3 40.6864498820978 S2_N1_Tm1
16001 1 -5 0 S2_N1_Tm1
16002 1 -5 0 S2_N1_Tm1
16003 1 -5 0 S2_N1_Tm1
16004 1 -5 0 S2_N1_Tm1
16005 1 -5 0 S2_N1_Tm1
16007 1 -5 0 S2_N1_Tm1
16008 1 -5 0 S2_N1_Tm1
16011 1 -5 0 S2_N1_Tm1
16013 1 -5 0 S2_N1_Tm1
16014 1 -5 0 S2_N1_Tm1
16015 1 -5 0 S2_N1_Tm1
16017 1 -5 0 S2_N1_Tm1
16018 1 -5 0 S2_N1_Tm1
16020 1 -5 0 S2_N1_Tm1
16021 1 -5 0 S2_N1_Tm1
16001 2 -5 0 S2_N1_Tm1
16002 2 -5 0 S2_N1_Tm1
16003 2 -5 0 S2_N1_Tm1
16004 2 -5 110.192290331294 S2_N1_Tm1
16005 2 -5 0 S2_N1_Tm1
16007 2 -5 0 S2_N1_Tm1
16008 2 -5 22.7891442695647 S2_N1_Tm1
16011 2 -5 0 S2_N1_Tm1
16013 2 -5 5.43892112069515 S2_N1_Tm1
16014 2 -5 0 S2_N1_Tm1
16015 2 -5 116.504761185268 S2_N1_Tm1
16017 2 -5 2.17554622483101 S2_N1_Tm1
16018 2 -5 0 S2_N1_Tm1
16020 2 -5 0 S2_N1_Tm1
16021 2 -5 50.856938478476 S2_N1_Tm1
16001 3 -5 0 S2_N1_Tm1
16002 3 -5 0 S2_N1_Tm1
16003 3 -5 0 S2_N1_Tm1
16004 3 -5 0 S2_N1_Tm1
16005 3 -5 0 S2_N1_Tm1
16007 3 -5 0 S2_N1_Tm1
16008 3 -5 0 S2_N1_Tm1
16011 3 -5 0 S2_N1_Tm1
16013 3 -5 0 S2_N1_Tm1
16014 3 -5 0 S2_N1_Tm1
16015 3 -5 1.80733391416616 S2_N1_Tm1
16017 3 -5 0 S2_N1_Tm1
16018 3 -5 0 S2_N1_Tm1
16020 3 -5 0 S2_N1_Tm1
16021 3 -5 0 S2_N1_Tm1
16001 4 -5 0 S2_N1_Tm1
16002 4 -5 0 S2_N1_Tm1
16003 4 -5 0 S2_N1_Tm1
16004 4 -5 0 S2_N1_Tm1
16005 4 -5 0 S2_N1_Tm1
16007 4 -5 0 S2_N1_Tm1
16008 4 -5 0 S2_N1_Tm1
16011 4 -5 0 S2_N1_Tm1
16013 4 -5 0 S2_N1_Tm1
16014 4 -5 0 S2_N1_Tm1
16015 4 -5 0 S2_N1_Tm1
16017 4 -5 0 S2_N1_Tm1
16018 4 -5 0 S2_N1_Tm1
16020 4 -5 0 S2_N1_Tm1
16021 4 -5 0 S2_N1_Tm1
16001 5 -5 0 S2_N1_Tm1
16002 5 -5 0 S2_N1_Tm1
16003 5 -5 0 S2_N1_Tm1
16004 5 -5 0 S2_N1_Tm1
16005 5 -5 0 S2_N1_Tm1
16007 5 -5 0 S2_N1_Tm1
16008 5 -5 0 S2_N1_Tm1
16011 5 -5 0 S2_N1_Tm1
16013 5 -5 0 S2_N1_Tm1
16014 5 -5 0 S2_N1_Tm1
16015 5 -5 1.57342074124856 S2_N1_Tm1
16017 5 -5 0 S2_N1_Tm1
16018 5 -5 0 S2_N1_Tm1
16020 5 -5 0 S2_N1_Tm1
16021 5 -5 0 S2_N1_Tm1
16001 6 -5 0 S2_N1_Tm1
16002 6 -5 53.127744171481 S2_N1_Tm1
16003 6 -5 0 S2_N1_Tm1
16004 6 -5 106.085822899048 S2_N1_Tm1
16005 6 -5 0 S2_N1_Tm1
16007 6 -5 0 S2_N1_Tm1
16008 6 -5 90.4686793326118 S2_N1_Tm1
16011 6 -5 0 S2_N1_Tm1
16013 6 -5 102.749665478992 S2_N1_Tm1
16014 6 -5 0 S2_N1_Tm1
16015 6 -5 111.241170541732 S2_N1_Tm1
16017 6 -5 8.19003659738354 S2_N1_Tm1
16018 6 -5 0 S2_N1_Tm1
16020 6 -5 0 S2_N1_Tm1
16021 6 -5 54.8172331664894 S2_N1_Tm1
16001 7 -5 0 S2_N1_Tm1
16002 7 -5 0 S2_N1_Tm1
16003 7 -5 0 S2_N1_Tm1
16004 7 -5 118.858698483994 S2_N1_Tm1
16005 7 -5 0 S2_N1_Tm1
16007 7 -5 0 S2_N1_Tm1
16008 7 -5 29.9555405639426 S2_N1_Tm1
16011 7 -5 0 S2_N1_Tm1
16013 7 -5 8.40863463663027 S2_N1_Tm1
16014 7 -5 0 S2_N1_Tm1
16015 7 -5 124.316966890322 S2_N1_Tm1
16017 7 -5 3.29499492458688 S2_N1_Tm1
16018 7 -5 0 S2_N1_Tm1
16020 7 -5 0 S2_N1_Tm1
16021 7 -5 57.9085156759962 S2_N1_Tm1
16001 8 -5 0 S2_N1_Tm1
16002 8 -5 15.2122913632845 S2_N1_Tm1
16003 8 -5 0 S2_N1_Tm1
16004 8 -5 8.53302465904101 S2_N1_Tm1
16005 8 -5 0 S2_N1_Tm1
16007 8 -5 0 S2_N1_Tm1
16008 8 -5 6.98543750102714 S2_N1_Tm1
16011 8 -5 0 S2_N1_Tm1
16013 8 -5 10.9933950191963 S2_N1_Tm1
16014 8 -5 0 S2_N1_Tm1
16015 8 -5 18.936415812611 S2_N1_Tm1
16017 8 -5 0 S2_N1_Tm1
16018 8 -5 0 S2_N1_Tm1
16020 8 -5 0 S2_N1_Tm1
16021 8 -5 0 S2_N1_Tm1
16001 9 -5 0 S2_N1_Tm1
16002 9 -5 0 S2_N1_Tm1
16003 9 -5 0 S2_N1_Tm1
16004 9 -5 5.46043305804427 S2_N1_Tm1
16005 9 -5 0 S2_N1_Tm1
16007 9 -5 0 S2_N1_Tm1
16008 9 -5 2.14575769521829 S2_N1_Tm1
16011 9 -5 0 S2_N1_Tm1
16013 9 -5 1.5707795488007 S2_N1_Tm1
16014 9 -5 0 S2_N1_Tm1
16015 9 -5 14.2693805544062 S2_N1_Tm1
16017 9 -5 0 S2_N1_Tm1
16018 9 -5 0 S2_N1_Tm1
16020 9 -5 0 S2_N1_Tm1
16021 9 -5 0 S2_N1_Tm1
16001 10 -5 0 S2_N1_Tm1
16002 10 -5 3.82493539547526 S2_N1_Tm1
16003 10 -5 0 S2_N1_Tm1
16004 10 -5 2.61062935563427 S2_N1_Tm1
16005 10 -5 0 S2_N1_Tm1
16007 10 -5 0 S2_N1_Tm1
16008 10 -5 2.17864419753779 S2_N1_Tm1
16011 10 -5 0 S2_N1_Tm1
16013 10 -5 3.40167426538047 S2_N1_Tm1
16014 10 -5 0 S2_N1_Tm1
16015 10 -5 7.74777111730428 S2_N1_Tm1
16017 10 -5 0 S2_N1_Tm1
16018 10 -5 0 S2_N1_Tm1
16020 10 -5 0 S2_N1_Tm1
16021 10 -5 0 S2_N1_Tm1
16001 11 -5 0 S2_N1_Tm1
16002 11 -5 0 S2_N1_Tm1
16003 11 -5 0 S2_N1_Tm1
16004 11 -5 0 S2_N1_Tm1
16005 11 -5 0 S2_N1_Tm1
16007 11 -5 0 S2_N1_Tm1
16008 11 -5 0 S2_N1_Tm1
16011 11 -5 0 S2_N1_Tm1
16013 11 -5 0 S2_N1_Tm1
16014 11 -5 0 S2_N1_Tm1
16015 11 -5 0 S2_N1_Tm1
16017 11 -5 0 S2_N1_Tm1
16018 11 -5 0 S2_N1_Tm1
16020 11 -5 0 S2_N1_Tm1
16021 11 -5 0 S2_N1_Tm1
16001 12 -5 0 S2_N1_Tm1
16002 12 -5 0 S2_N1_Tm1
16003 12 -5 0 S2_N1_Tm1
16004 12 -5 0 S2_N1_Tm1
16005 12 -5 0 S2_N1_Tm1
16007 12 -5 0 S2_N1_Tm1
16008 12 -5 0 S2_N1_Tm1
16011 12 -5 0 S2_N1_Tm1
16013 12 -5 0 S2_N1_Tm1
16014 12 -5 0 S2_N1_Tm1
16015 12 -5 0 S2_N1_Tm1
16017 12 -5 0 S2_N1_Tm1
16018 12 -5 0 S2_N1_Tm1
16020 12 -5 0 S2_N1_Tm1
16021 12 -5 0 S2_N1_Tm1
16001 13 -5 0 S2_N1_Tm1
16002 13 -5 0 S2_N1_Tm1
16003 13 -5 0 S2_N1_Tm1
16004 13 -5 1.11769466940366 S2_N1_Tm1
16005 13 -5 0 S2_N1_Tm1
16007 13 -5 0 S2_N1_Tm1
16008 13 -5 0 S2_N1_Tm1
16011 13 -5 0 S2_N1_Tm1
16013 13 -5 0 S2_N1_Tm1
16014 13 -5 0 S2_N1_Tm1
16015 13 -5 4.81991035902106 S2_N1_Tm1
16017 13 -5 0 S2_N1_Tm1
16018 13 -5 0 S2_N1_Tm1
16020 13 -5 0 S2_N1_Tm1
16021 13 -5 0 S2_N1_Tm1
16001 14 -5 0 S2_N1_Tm1
16002 14 -5 2.63764897055803 S2_N1_Tm1
16003 14 -5 0 S2_N1_Tm1
16004 14 -5 125.731183614828 S2_N1_Tm1
16005 14 -5 0 S2_N1_Tm1
16007 14 -5 0 S2_N1_Tm1
16008 14 -5 68.1748579599127 S2_N1_Tm1
16011 14 -5 0 S2_N1_Tm1
16013 14 -5 52.0414568625354 S2_N1_Tm1
16014 14 -5 0 S2_N1_Tm1
16015 14 -5 130.167481807068 S2_N1_Tm1
16017 14 -5 7.45548315613041 S2_N1_Tm1
16018 14 -5 0 S2_N1_Tm1
16020 14 -5 0 S2_N1_Tm1
16021 14 -5 65.5862572450515 S2_N1_Tm1
16001 15 -5 18.2189140408493 S2_N1_Tm1
16002 15 -5 168.153960927118 S2_N1_Tm1
16003 15 -5 45.8494129582455 S2_N1_Tm1
16004 15 -5 172.630592603695 S2_N1_Tm1
16005 15 -5 37.8680692658723 S2_N1_Tm1
16007 15 -5 0 S2_N1_Tm1
16008 15 -5 166.166583227307 S2_N1_Tm1
16011 15 -5 0 S2_N1_Tm1
16013 15 -5 213.217664405139 S2_N1_Tm1
16014 15 -5 0 S2_N1_Tm1
16015 15 -5 173.245750956829 S2_N1_Tm1
16017 15 -5 63.4791921535256 S2_N1_Tm1
16018 15 -5 0 S2_N1_Tm1
16020 15 -5 0 S2_N1_Tm1
16021 15 -5 109.925345856264 S2_N1_Tm1
16001 16 -5 0 S2_N1_Tm1
16002 16 -5 88.5086125012887 S2_N1_Tm1
16003 16 -5 2.0977828916107 S2_N1_Tm1
16004 16 -5 57.1288280826413 S2_N1_Tm1
16005 16 -5 1.53170778809492 S2_N1_Tm1
16007 16 -5 0 S2_N1_Tm1
16008 16 -5 53.6489404019488 S2_N1_Tm1
16011 16 -5 0 S2_N1_Tm1
16013 16 -5 82.4053647117006 S2_N1_Tm1
16014 16 -5 0 S2_N1_Tm1
16015 16 -5 65.3995087798012 S2_N1_Tm1
16017 16 -5 2.91301678549126 S2_N1_Tm1
16018 16 -5 0 S2_N1_Tm1
16020 16 -5 0 S2_N1_Tm1
16021 16 -5 23.8130884864895 S2_N1_Tm1
16001 17 -5 0 S2_N1_Tm1
16002 17 -5 37.446425350362 S2_N1_Tm1
16003 17 -5 0 S2_N1_Tm1
16004 17 -5 116.643533955696 S2_N1_Tm1
16005 17 -5 0 S2_N1_Tm1
16007 17 -5 0 S2_N1_Tm1
16008 17 -5 92.1277246348565 S2_N1_Tm1
16011 17 -5 0 S2_N1_Tm1
16013 17 -5 95.4011263239296 S2_N1_Tm1
16014 17 -5 0 S2_N1_Tm1
16015 17 -5 122.912591789615 S2_N1_Tm1
16017 17 -5 10.6929218646015 S2_N1_Tm1
16018 17 -5 0 S2_N1_Tm1
16020 17 -5 0 S2_N1_Tm1
16021 17 -5 63.7705146304193 S2_N1_Tm1
16001 18 -5 0 S2_N1_Tm1
16002 18 -5 0 S2_N1_Tm1
16003 18 -5 0 S2_N1_Tm1
16004 18 -5 0 S2_N1_Tm1
16005 18 -5 0 S2_N1_Tm1
16007 18 -5 0 S2_N1_Tm1
16008 18 -5 0 S2_N1_Tm1
16011 18 -5 0 S2_N1_Tm1
16013 18 -5 0 S2_N1_Tm1
16014 18 -5 0 S2_N1_Tm1
16015 18 -5 0 S2_N1_Tm1
16017 18 -5 0 S2_N1_Tm1
16018 18 -5 0 S2_N1_Tm1
16020 18 -5 0 S2_N1_Tm1
16021 18 -5 0 S2_N1_Tm1
16001 19 -5 0 S2_N1_Tm1
16002 19 -5 3.40221160838623 S2_N1_Tm1
16003 19 -5 0 S2_N1_Tm1
16004 19 -5 4.22835333697629 S2_N1_Tm1
16005 19 -5 0 S2_N1_Tm1
16007 19 -5 0 S2_N1_Tm1
16008 19 -5 3.17093707678454 S2_N1_Tm1
16011 19 -5 0 S2_N1_Tm1
16013 19 -5 4.24540954793044 S2_N1_Tm1
16014 19 -5 0 S2_N1_Tm1
16015 19 -5 11.4565931689859 S2_N1_Tm1
16017 19 -5 0 S2_N1_Tm1
16018 19 -5 0 S2_N1_Tm1
16020 19 -5 0 S2_N1_Tm1
16021 19 -5 0 S2_N1_Tm1
16001 20 -5 11.3359509475178 S2_N1_Tm1
16002 20 -5 145.482376136177 S2_N1_Tm1
16003 20 -5 27.8151105243344 S2_N1_Tm1
16004 20 -5 123.771885655278 S2_N1_Tm1
16005 20 -5 20.9999050297361 S2_N1_Tm1
16007 20 -5 0 S2_N1_Tm1
16008 20 -5 121.27817582434 S2_N1_Tm1
16011 20 -5 0 S2_N1_Tm1
16013 20 -5 162.726404567463 S2_N1_Tm1
16014 20 -5 0 S2_N1_Tm1
16015 20 -5 126.905560856957 S2_N1_Tm1
16017 20 -5 34.7513689232855 S2_N1_Tm1
16018 20 -5 0 S2_N1_Tm1
16020 20 -5 0 S2_N1_Tm1
16021 20 -5 75.488138519043 S2_N1_Tm1
16001 21 -5 0 S2_N1_Tm1
16002 21 -5 0 S2_N1_Tm1
16003 21 -5 0 S2_N1_Tm1
16004 21 -5 0 S2_N1_Tm1
16005 21 -5 0 S2_N1_Tm1
16007 21 -5 0 S2_N1_Tm1
16008 21 -5 0 S2_N1_Tm1
16011 21 -5 0 S2_N1_Tm1
16013 21 -5 0 S2_N1_Tm1
16014 21 -5 0 S2_N1_Tm1
16015 21 -5 0 S2_N1_Tm1
16017 21 -5 0 S2_N1_Tm1
16018 21 -5 0 S2_N1_Tm1
16020 21 -5 0 S2_N1_Tm1
16021 21 -5 0 S2_N1_Tm1
16001 22 -5 0 S2_N1_Tm1
16002 22 -5 29.3091905236677 S2_N1_Tm1
16003 22 -5 0 S2_N1_Tm1
16004 22 -5 3.9937030782931 S2_N1_Tm1
16005 22 -5 0 S2_N1_Tm1
16007 22 -5 0 S2_N1_Tm1
16008 22 -5 2.77324194694779 S2_N1_Tm1
16011 22 -5 0 S2_N1_Tm1
16013 22 -5 8.59990152609796 S2_N1_Tm1
16014 22 -5 0 S2_N1_Tm1
16015 22 -5 10.1047294656675 S2_N1_Tm1
16017 22 -5 0 S2_N1_Tm1
16018 22 -5 0 S2_N1_Tm1
16020 22 -5 0 S2_N1_Tm1
16021 22 -5 0 S2_N1_Tm1
16001 23 -5 0 S2_N1_Tm1
16002 23 -5 2.25095261353289 S2_N1_Tm1
16003 23 -5 0 S2_N1_Tm1
16004 23 -5 12.6408988694889 S2_N1_Tm1
16005 23 -5 0 S2_N1_Tm1
16007 23 -5 0 S2_N1_Tm1
16008 23 -5 7.26126446161089 S2_N1_Tm1
16011 23 -5 0 S2_N1_Tm1
16013 23 -5 7.37871462110937 S2_N1_Tm1
16014 23 -5 0 S2_N1_Tm1
16015 23 -5 24.025100564365 S2_N1_Tm1
16017 23 -5 0 S2_N1_Tm1
16018 23 -5 0 S2_N1_Tm1
16020 23 -5 0 S2_N1_Tm1
16021 23 -5 0 S2_N1_Tm1
16001 24 -5 0 S2_N1_Tm1
16002 24 -5 1.09183338562097 S2_N1_Tm1
16003 24 -5 0 S2_N1_Tm1
16004 24 -5 0 S2_N1_Tm1
16005 24 -5 0 S2_N1_Tm1
16007 24 -5 0 S2_N1_Tm1
16008 24 -5 0 S2_N1_Tm1
16011 24 -5 0 S2_N1_Tm1
16013 24 -5 1.04156779388961 S2_N1_Tm1
16014 24 -5 0 S2_N1_Tm1
16015 24 -5 2.28781154143577 S2_N1_Tm1
16017 24 -5 0 S2_N1_Tm1
16018 24 -5 0 S2_N1_Tm1
16020 24 -5 0 S2_N1_Tm1
16021 24 -5 0 S2_N1_Tm1
16001 25 -5 0 S2_N1_Tm1
16002 25 -5 0 S2_N1_Tm1
16003 25 -5 0 S2_N1_Tm1
16004 25 -5 81.4803338774337 S2_N1_Tm1
16005 25 -5 0 S2_N1_Tm1
16007 25 -5 0 S2_N1_Tm1
16008 25 -5 27.053938115262 S2_N1_Tm1
16011 25 -5 0 S2_N1_Tm1
16013 25 -5 11.9184682108782 S2_N1_Tm1
16014 25 -5 0 S2_N1_Tm1
16015 25 -5 88.8493567132853 S2_N1_Tm1
16017 25 -5 0 S2_N1_Tm1
16018 25 -5 0 S2_N1_Tm1
16020 25 -5 0 S2_N1_Tm1
16021 25 -5 29.0066254335428 S2_N1_Tm1
16001 26 -5 0 S2_N1_Tm1
16002 26 -5 65.2083041129439 S2_N1_Tm1
16003 26 -5 0 S2_N1_Tm1
16004 26 -5 34.5671682534413 S2_N1_Tm1
16005 26 -5 0 S2_N1_Tm1
16007 26 -5 0 S2_N1_Tm1
16008 26 -5 30.7043382656376 S2_N1_Tm1
16011 26 -5 0 S2_N1_Tm1
16013 26 -5 53.675078484615 S2_N1_Tm1
16014 26 -5 0 S2_N1_Tm1
16015 26 -5 44.524866461056 S2_N1_Tm1
16017 26 -5 0 S2_N1_Tm1
16018 26 -5 0 S2_N1_Tm1
16020 26 -5 0 S2_N1_Tm1
16021 26 -5 8.48165288073498 S2_N1_Tm1
16001 27 -5 0 S2_N1_Tm1
16002 27 -5 0 S2_N1_Tm1
16003 27 -5 0 S2_N1_Tm1
16004 27 -5 12.5872987974502 S2_N1_Tm1
16005 27 -5 0 S2_N1_Tm1
16007 27 -5 0 S2_N1_Tm1
16008 27 -5 0 S2_N1_Tm1
16011 27 -5 0 S2_N1_Tm1
16013 27 -5 0 S2_N1_Tm1
16014 27 -5 0 S2_N1_Tm1
16015 27 -5 26.4235455938543 S2_N1_Tm1
16017 27 -5 0 S2_N1_Tm1
16018 27 -5 0 S2_N1_Tm1
16020 27 -5 0 S2_N1_Tm1
16021 27 -5 0 S2_N1_Tm1
16001 28 -5 2.78172878285242 S2_N1_Tm1
16002 28 -5 106.428691363113 S2_N1_Tm1
16003 28 -5 6.28218576727419 S2_N1_Tm1
16004 28 -5 66.2974991721116 S2_N1_Tm1
16005 28 -5 5.22608986741652 S2_N1_Tm1
16007 28 -5 0 S2_N1_Tm1
16008 28 -5 61.2092060246027 S2_N1_Tm1
16011 28 -5 0 S2_N1_Tm1
16013 28 -5 96.3926917932927 S2_N1_Tm1
16014 28 -5 0 S2_N1_Tm1
16015 28 -5 72.3320596923748 S2_N1_Tm1
16017 28 -5 6.52277233613618 S2_N1_Tm1
16018 28 -5 0 S2_N1_Tm1
16020 28 -5 0 S2_N1_Tm1
16021 28 -5 31.4974751389926 S2_N1_Tm1
16001 29 -5 0 S2_N1_Tm1
16002 29 -5 0 S2_N1_Tm1
16003 29 -5 0 S2_N1_Tm1
16004 29 -5 0 S2_N1_Tm1
16005 29 -5 0 S2_N1_Tm1
16007 29 -5 0 S2_N1_Tm1
16008 29 -5 0 S2_N1_Tm1
16011 29 -5 0 S2_N1_Tm1
16013 29 -5 0 S2_N1_Tm1
16014 29 -5 0 S2_N1_Tm1
16015 29 -5 0 S2_N1_Tm1
16017 29 -5 0 S2_N1_Tm1
16018 29 -5 0 S2_N1_Tm1
16020 29 -5 0 S2_N1_Tm1
16021 29 -5 0 S2_N1_Tm1
16001 30 -5 0 S2_N1_Tm1
16002 30 -5 0 S2_N1_Tm1
16003 30 -5 0 S2_N1_Tm1
16004 30 -5 95.2413018836178 S2_N1_Tm1
16005 30 -5 0 S2_N1_Tm1
16007 30 -5 0 S2_N1_Tm1
16008 30 -5 38.6870957077139 S2_N1_Tm1
16011 30 -5 0 S2_N1_Tm1
16013 30 -5 19.8298820986267 S2_N1_Tm1
16014 30 -5 0 S2_N1_Tm1
16015 30 -5 102.178088107821 S2_N1_Tm1
16017 30 -5 1.67271927970451 S2_N1_Tm1
16018 30 -5 0 S2_N1_Tm1
16020 30 -5 0 S2_N1_Tm1
16021 30 -5 40.8253810528722 S2_N1_Tm1
16001 31 -5 0 S2_N1_Tm1
16002 31 -5 0 S2_N1_Tm1
16003 31 -5 0 S2_N1_Tm1
16004 31 -5 5.86205103305301 S2_N1_Tm1
16005 31 -5 0 S2_N1_Tm1
16007 31 -5 0 S2_N1_Tm1
16008 31 -5 0 S2_N1_Tm1
16011 31 -5 0 S2_N1_Tm1
16013 31 -5 0 S2_N1_Tm1
16014 31 -5 0 S2_N1_Tm1
16015 31 -5 11.6451696929947 S2_N1_Tm1
16017 31 -5 0 S2_N1_Tm1
16018 31 -5 0 S2_N1_Tm1
16020 31 -5 0 S2_N1_Tm1
16021 31 -5 0 S2_N1_Tm1
