speciesID lakeID variable value scenario
14037 1 -0.5 27.3497269603397 S2_N1_Tm1
14038 1 -0.5 165.398304231764 S2_N1_Tm1
14039 1 -0.5 0 S2_N1_Tm1
14042 1 -0.5 0 S2_N1_Tm1
14043 1 -0.5 0 S2_N1_Tm1
14046 1 -0.5 296.784295364455 S2_N1_Tm1
14047 1 -0.5 1.21230233182396 S2_N1_Tm1
14049 1 -0.5 0 S2_N1_Tm1
14053 1 -0.5 165.281597357265 S2_N1_Tm1
14054 1 -0.5 0 S2_N1_Tm1
14055 1 -0.5 147.755949004093 S2_N1_Tm1
14057 1 -0.5 41.2203235450798 S2_N1_Tm1
14060 1 -0.5 161.554242576388 S2_N1_Tm1
14061 1 -0.5 0 S2_N1_Tm1
14062 1 -0.5 187.138069211 S2_N1_Tm1
14037 2 -0.5 0 S2_N1_Tm1
14038 2 -0.5 27.1107512235143 S2_N1_Tm1
14039 2 -0.5 0 S2_N1_Tm1
14042 2 -0.5 0 S2_N1_Tm1
14043 2 -0.5 0 S2_N1_Tm1
14046 2 -0.5 0 S2_N1_Tm1
14047 2 -0.5 0 S2_N1_Tm1
14049 2 -0.5 0 S2_N1_Tm1
14053 2 -0.5 1.48252349173015 S2_N1_Tm1
14054 2 -0.5 0 S2_N1_Tm1
14055 2 -0.5 0 S2_N1_Tm1
14057 2 -0.5 0 S2_N1_Tm1
14060 2 -0.5 0 S2_N1_Tm1
14061 2 -0.5 0 S2_N1_Tm1
14062 2 -0.5 0 S2_N1_Tm1
14037 3 -0.5 5.51391499010782 S2_N1_Tm1
14038 3 -0.5 125.816597833119 S2_N1_Tm1
14039 3 -0.5 0 S2_N1_Tm1
14042 3 -0.5 0 S2_N1_Tm1
14043 3 -0.5 0 S2_N1_Tm1
14046 3 -0.5 229.683246326338 S2_N1_Tm1
14047 3 -0.5 0 S2_N1_Tm1
14049 3 -0.5 0 S2_N1_Tm1
14053 3 -0.5 123.59758008601 S2_N1_Tm1
14054 3 -0.5 0 S2_N1_Tm1
14055 3 -0.5 91.829361001349 S2_N1_Tm1
14057 3 -0.5 4.76395699395279 S2_N1_Tm1
14060 3 -0.5 87.916526251751 S2_N1_Tm1
14061 3 -0.5 0 S2_N1_Tm1
14062 3 -0.5 145.875897309191 S2_N1_Tm1
14037 4 -0.5 16.3120890983638 S2_N1_Tm1
14038 4 -0.5 155.324829351621 S2_N1_Tm1
14039 4 -0.5 0 S2_N1_Tm1
14042 4 -0.5 0 S2_N1_Tm1
14043 4 -0.5 0 S2_N1_Tm1
14046 4 -0.5 283.956221367087 S2_N1_Tm1
14047 4 -0.5 0 S2_N1_Tm1
14049 4 -0.5 0 S2_N1_Tm1
14053 4 -0.5 153.917038782787 S2_N1_Tm1
14054 4 -0.5 0 S2_N1_Tm1
14055 4 -0.5 137.329306410111 S2_N1_Tm1
14057 4 -0.5 28.6852906549059 S2_N1_Tm1
14060 4 -0.5 144.735274057263 S2_N1_Tm1
14061 4 -0.5 0 S2_N1_Tm1
14062 4 -0.5 177.542302723002 S2_N1_Tm1
14037 5 -0.5 0 S2_N1_Tm1
14038 5 -0.5 0 S2_N1_Tm1
14039 5 -0.5 0 S2_N1_Tm1
14042 5 -0.5 0 S2_N1_Tm1
14043 5 -0.5 0 S2_N1_Tm1
14046 5 -0.5 0 S2_N1_Tm1
14047 5 -0.5 0 S2_N1_Tm1
14049 5 -0.5 0 S2_N1_Tm1
14053 5 -0.5 0 S2_N1_Tm1
14054 5 -0.5 0 S2_N1_Tm1
14055 5 -0.5 0 S2_N1_Tm1
14057 5 -0.5 0 S2_N1_Tm1
14060 5 -0.5 0 S2_N1_Tm1
14061 5 -0.5 0 S2_N1_Tm1
14062 5 -0.5 0 S2_N1_Tm1
14037 6 -0.5 30.4081961659709 S2_N1_Tm1
14038 6 -0.5 158.387549330523 S2_N1_Tm1
14039 6 -0.5 0 S2_N1_Tm1
14042 6 -0.5 0 S2_N1_Tm1
14043 6 -0.5 0 S2_N1_Tm1
14046 6 -0.5 285.95482928109 S2_N1_Tm1
14047 6 -0.5 1.94087840972886 S2_N1_Tm1
14049 6 -0.5 0 S2_N1_Tm1
14053 6 -0.5 158.343150835851 S2_N1_Tm1
14054 6 -0.5 0 S2_N1_Tm1
14055 6 -0.5 139.386000113439 S2_N1_Tm1
14057 6 -0.5 33.9698018126667 S2_N1_Tm1
14060 6 -0.5 146.302802919833 S2_N1_Tm1
14061 6 -0.5 0 S2_N1_Tm1
14062 6 -0.5 184.60364783802 S2_N1_Tm1
14037 7 -0.5 0 S2_N1_Tm1
14038 7 -0.5 28.6731005433392 S2_N1_Tm1
14039 7 -0.5 0 S2_N1_Tm1
14042 7 -0.5 0 S2_N1_Tm1
14043 7 -0.5 0 S2_N1_Tm1
14046 7 -0.5 0 S2_N1_Tm1
14047 7 -0.5 0 S2_N1_Tm1
14049 7 -0.5 0 S2_N1_Tm1
14053 7 -0.5 1.72935044859629 S2_N1_Tm1
14054 7 -0.5 0 S2_N1_Tm1
14055 7 -0.5 0 S2_N1_Tm1
14057 7 -0.5 0 S2_N1_Tm1
14060 7 -0.5 0 S2_N1_Tm1
14061 7 -0.5 0 S2_N1_Tm1
14062 7 -0.5 0 S2_N1_Tm1
14037 8 -0.5 11.9248339518325 S2_N1_Tm1
14038 8 -0.5 157.950628236738 S2_N1_Tm1
14039 8 -0.5 0 S2_N1_Tm1
14042 8 -0.5 0 S2_N1_Tm1
14043 8 -0.5 0 S2_N1_Tm1
14046 8 -0.5 275.909423918508 S2_N1_Tm1
14047 8 -0.5 0 S2_N1_Tm1
14049 8 -0.5 0 S2_N1_Tm1
14053 8 -0.5 151.592538109266 S2_N1_Tm1
14054 8 -0.5 0 S2_N1_Tm1
14055 8 -0.5 140.881362269084 S2_N1_Tm1
14057 8 -0.5 37.7502093623958 S2_N1_Tm1
14060 8 -0.5 155.100770693617 S2_N1_Tm1
14061 8 -0.5 0 S2_N1_Tm1
14062 8 -0.5 173.819545710707 S2_N1_Tm1
14037 9 -0.5 18.8485803719962 S2_N1_Tm1
14038 9 -0.5 153.127589525867 S2_N1_Tm1
14039 9 -0.5 0 S2_N1_Tm1
14042 9 -0.5 0 S2_N1_Tm1
14043 9 -0.5 0 S2_N1_Tm1
14046 9 -0.5 279.920566946386 S2_N1_Tm1
14047 9 -0.5 1.03814157111147 S2_N1_Tm1
14049 9 -0.5 0 S2_N1_Tm1
14053 9 -0.5 152.137163324615 S2_N1_Tm1
14054 9 -0.5 0 S2_N1_Tm1
14055 9 -0.5 133.819321247781 S2_N1_Tm1
14057 9 -0.5 27.355579041664 S2_N1_Tm1
14060 9 -0.5 139.269889372306 S2_N1_Tm1
14061 9 -0.5 0 S2_N1_Tm1
14062 9 -0.5 177.252913766543 S2_N1_Tm1
14037 10 -0.5 27.6102008093187 S2_N1_Tm1
14038 10 -0.5 165.871595687521 S2_N1_Tm1
14039 10 -0.5 0 S2_N1_Tm1
14042 10 -0.5 0 S2_N1_Tm1
14043 10 -0.5 0 S2_N1_Tm1
14046 10 -0.5 294.58383732688 S2_N1_Tm1
14047 10 -0.5 1.63152287248249 S2_N1_Tm1
14049 10 -0.5 0 S2_N1_Tm1
14053 10 -0.5 164.309063371276 S2_N1_Tm1
14054 10 -0.5 0 S2_N1_Tm1
14055 10 -0.5 148.780863548469 S2_N1_Tm1
14057 10 -0.5 41.9667412076873 S2_N1_Tm1
14060 10 -0.5 162.095852721944 S2_N1_Tm1
14061 10 -0.5 0 S2_N1_Tm1
14062 10 -0.5 187.853576122292 S2_N1_Tm1
14037 11 -0.5 5.22035377967257 S2_N1_Tm1
14038 11 -0.5 150.629499586708 S2_N1_Tm1
14039 11 -0.5 0 S2_N1_Tm1
14042 11 -0.5 0 S2_N1_Tm1
14043 11 -0.5 0 S2_N1_Tm1
14046 11 -0.5 275.566523117082 S2_N1_Tm1
14047 11 -0.5 0 S2_N1_Tm1
14049 11 -0.5 0 S2_N1_Tm1
14053 11 -0.5 144.679497359661 S2_N1_Tm1
14054 11 -0.5 0 S2_N1_Tm1
14055 11 -0.5 132.136509683172 S2_N1_Tm1
14057 11 -0.5 23.9899897107255 S2_N1_Tm1
14060 11 -0.5 143.315275393656 S2_N1_Tm1
14061 11 -0.5 0 S2_N1_Tm1
14062 11 -0.5 163.583063807639 S2_N1_Tm1
14037 12 -0.5 1.75380484958326 S2_N1_Tm1
14038 12 -0.5 141.065794747794 S2_N1_Tm1
14039 12 -0.5 0 S2_N1_Tm1
14042 12 -0.5 0 S2_N1_Tm1
14043 12 -0.5 0 S2_N1_Tm1
14046 12 -0.5 253.500197986964 S2_N1_Tm1
14047 12 -0.5 0 S2_N1_Tm1
14049 12 -0.5 0 S2_N1_Tm1
14053 12 -0.5 128.99838415568 S2_N1_Tm1
14054 12 -0.5 0 S2_N1_Tm1
14055 12 -0.5 122.423635575292 S2_N1_Tm1
14057 12 -0.5 18.6503670881013 S2_N1_Tm1
14060 12 -0.5 134.601120039444 S2_N1_Tm1
14061 12 -0.5 0 S2_N1_Tm1
14062 12 -0.5 146.465900354403 S2_N1_Tm1
14037 13 -0.5 0 S2_N1_Tm1
14038 13 -0.5 106.398527656562 S2_N1_Tm1
14039 13 -0.5 0 S2_N1_Tm1
14042 13 -0.5 0 S2_N1_Tm1
14043 13 -0.5 0 S2_N1_Tm1
14046 13 -0.5 190.498749722101 S2_N1_Tm1
14047 13 -0.5 0 S2_N1_Tm1
14049 13 -0.5 0 S2_N1_Tm1
14053 13 -0.5 93.4848491628291 S2_N1_Tm1
14054 13 -0.5 0 S2_N1_Tm1
14055 13 -0.5 84.9412543400709 S2_N1_Tm1
14057 13 -0.5 2.03371019576343 S2_N1_Tm1
14060 13 -0.5 84.8880802846 S2_N1_Tm1
14061 13 -0.5 0 S2_N1_Tm1
14062 13 -0.5 109.244239340177 S2_N1_Tm1
14037 14 -0.5 0 S2_N1_Tm1
14038 14 -0.5 95.1440165587247 S2_N1_Tm1
14039 14 -0.5 0 S2_N1_Tm1
14042 14 -0.5 0 S2_N1_Tm1
14043 14 -0.5 0 S2_N1_Tm1
14046 14 -0.5 132.142846410375 S2_N1_Tm1
14047 14 -0.5 0 S2_N1_Tm1
14049 14 -0.5 0 S2_N1_Tm1
14053 14 -0.5 83.7768133124386 S2_N1_Tm1
14054 14 -0.5 0 S2_N1_Tm1
14055 14 -0.5 41.5577663456369 S2_N1_Tm1
14057 14 -0.5 0 S2_N1_Tm1
14060 14 -0.5 29.4291112634036 S2_N1_Tm1
14061 14 -0.5 0 S2_N1_Tm1
14062 14 -0.5 89.4553824624309 S2_N1_Tm1
14037 15 -0.5 63.6790623457417 S2_N1_Tm1
14038 15 -0.5 177.072878618862 S2_N1_Tm1
14039 15 -0.5 0 S2_N1_Tm1
14042 15 -0.5 0 S2_N1_Tm1
14043 15 -0.5 0 S2_N1_Tm1
14046 15 -0.5 310.558415676789 S2_N1_Tm1
14047 15 -0.5 5.7283166754351 S2_N1_Tm1
14049 15 -0.5 0 S2_N1_Tm1
14053 15 -0.5 178.853493817276 S2_N1_Tm1
14054 15 -0.5 0 S2_N1_Tm1
14055 15 -0.5 160.429739753816 S2_N1_Tm1
14057 15 -0.5 53.2331459684833 S2_N1_Tm1
14060 15 -0.5 176.685636862745 S2_N1_Tm1
14061 15 -0.5 0 S2_N1_Tm1
14062 15 -0.5 204.351861655516 S2_N1_Tm1
14037 16 -0.5 22.9853189503522 S2_N1_Tm1
14038 16 -0.5 165.9310140304 S2_N1_Tm1
14039 16 -0.5 0 S2_N1_Tm1
14042 16 -0.5 0 S2_N1_Tm1
14043 16 -0.5 0 S2_N1_Tm1
14046 16 -0.5 288.643728507923 S2_N1_Tm1
14047 16 -0.5 1.63912341308817 S2_N1_Tm1
14049 16 -0.5 0 S2_N1_Tm1
14053 16 -0.5 161.589420886941 S2_N1_Tm1
14054 16 -0.5 0 S2_N1_Tm1
14055 16 -0.5 148.646861544585 S2_N1_Tm1
14057 16 -0.5 45.6913033131801 S2_N1_Tm1
14060 16 -0.5 164.966478908269 S2_N1_Tm1
14061 16 -0.5 0 S2_N1_Tm1
14062 16 -0.5 184.638117651287 S2_N1_Tm1
14037 17 -0.5 6.35930138367301 S2_N1_Tm1
14038 17 -0.5 135.621158310403 S2_N1_Tm1
14039 17 -0.5 0 S2_N1_Tm1
14042 17 -0.5 0 S2_N1_Tm1
14043 17 -0.5 0 S2_N1_Tm1
14046 17 -0.5 243.694156831261 S2_N1_Tm1
14047 17 -0.5 0 S2_N1_Tm1
14049 17 -0.5 0 S2_N1_Tm1
14053 17 -0.5 130.57681974064 S2_N1_Tm1
14054 17 -0.5 0 S2_N1_Tm1
14055 17 -0.5 113.182461107559 S2_N1_Tm1
14057 17 -0.5 14.633082168906 S2_N1_Tm1
14060 17 -0.5 115.109590217356 S2_N1_Tm1
14061 17 -0.5 0 S2_N1_Tm1
14062 17 -0.5 154.186227279419 S2_N1_Tm1
14037 18 -0.5 5.99482762955038 S2_N1_Tm1
14038 18 -0.5 153.090421551433 S2_N1_Tm1
14039 18 -0.5 0 S2_N1_Tm1
14042 18 -0.5 0 S2_N1_Tm1
14043 18 -0.5 0 S2_N1_Tm1
14046 18 -0.5 271.228868750847 S2_N1_Tm1
14047 18 -0.5 0 S2_N1_Tm1
14049 18 -0.5 0 S2_N1_Tm1
14053 18 -0.5 145.002093009085 S2_N1_Tm1
14054 18 -0.5 0 S2_N1_Tm1
14055 18 -0.5 135.081626773676 S2_N1_Tm1
14057 18 -0.5 31.5855082931093 S2_N1_Tm1
14060 18 -0.5 148.738340090734 S2_N1_Tm1
14061 18 -0.5 0 S2_N1_Tm1
14062 18 -0.5 165.317861311007 S2_N1_Tm1
14037 19 -0.5 24.0663250399169 S2_N1_Tm1
14038 19 -0.5 163.732568667015 S2_N1_Tm1
14039 19 -0.5 0 S2_N1_Tm1
14042 19 -0.5 0 S2_N1_Tm1
14043 19 -0.5 0 S2_N1_Tm1
14046 19 -0.5 291.014439439924 S2_N1_Tm1
14047 19 -0.5 1.47560874917825 S2_N1_Tm1
14049 19 -0.5 0 S2_N1_Tm1
14053 19 -0.5 161.490091498231 S2_N1_Tm1
14054 19 -0.5 0 S2_N1_Tm1
14055 19 -0.5 146.656557750549 S2_N1_Tm1
14057 19 -0.5 39.873654940197 S2_N1_Tm1
14060 19 -0.5 159.132455765794 S2_N1_Tm1
14061 19 -0.5 0 S2_N1_Tm1
14062 19 -0.5 185.292573296144 S2_N1_Tm1
14037 20 -0.5 35.7600340206524 S2_N1_Tm1
14038 20 -0.5 170.599773138565 S2_N1_Tm1
14039 20 -0.5 0 S2_N1_Tm1
14042 20 -0.5 0 S2_N1_Tm1
14043 20 -0.5 0 S2_N1_Tm1
14046 20 -0.5 296.154175169528 S2_N1_Tm1
14047 20 -0.5 2.77622364051042 S2_N1_Tm1
14049 20 -0.5 0 S2_N1_Tm1
14053 20 -0.5 167.969389504962 S2_N1_Tm1
14054 20 -0.5 0 S2_N1_Tm1
14055 20 -0.5 153.598998052529 S2_N1_Tm1
14057 20 -0.5 49.6591874851696 S2_N1_Tm1
14060 20 -0.5 170.525281239154 S2_N1_Tm1
14061 20 -0.5 0 S2_N1_Tm1
14062 20 -0.5 192.065303302927 S2_N1_Tm1
14037 21 -0.5 28.4996939356195 S2_N1_Tm1
14038 21 -0.5 164.68490196366 S2_N1_Tm1
14039 21 -0.5 0 S2_N1_Tm1
14042 21 -0.5 0 S2_N1_Tm1
14043 21 -0.5 0 S2_N1_Tm1
14046 21 -0.5 295.551355326838 S2_N1_Tm1
14047 21 -0.5 1.5234201995946 S2_N1_Tm1
14049 21 -0.5 0 S2_N1_Tm1
14053 21 -0.5 164.380698957332 S2_N1_Tm1
14054 21 -0.5 0 S2_N1_Tm1
14055 21 -0.5 147.565768646719 S2_N1_Tm1
14057 21 -0.5 39.4713767368218 S2_N1_Tm1
14060 21 -0.5 159.304538501368 S2_N1_Tm1
14061 21 -0.5 0 S2_N1_Tm1
14062 21 -0.5 187.883591334289 S2_N1_Tm1
14037 22 -0.5 43.9750753976076 S2_N1_Tm1
14038 22 -0.5 170.930834554717 S2_N1_Tm1
14039 22 -0.5 0 S2_N1_Tm1
14042 22 -0.5 0 S2_N1_Tm1
14043 22 -0.5 0 S2_N1_Tm1
14046 22 -0.5 304.071543906758 S2_N1_Tm1
14047 22 -0.5 2.3565260020247 S2_N1_Tm1
14049 22 -0.5 0 S2_N1_Tm1
14053 22 -0.5 172.448119572953 S2_N1_Tm1
14054 22 -0.5 0 S2_N1_Tm1
14055 22 -0.5 153.600378451738 S2_N1_Tm1
14057 22 -0.5 47.3163037658279 S2_N1_Tm1
14060 22 -0.5 168.814216835117 S2_N1_Tm1
14061 22 -0.5 0 S2_N1_Tm1
14062 22 -0.5 195.407265116836 S2_N1_Tm1
14037 23 -0.5 44.5940231360538 S2_N1_Tm1
14038 23 -0.5 165.310653185697 S2_N1_Tm1
14039 23 -0.5 0 S2_N1_Tm1
14042 23 -0.5 0 S2_N1_Tm1
14043 23 -0.5 0 S2_N1_Tm1
14046 23 -0.5 301.002318217066 S2_N1_Tm1
14047 23 -0.5 2.41653119278312 S2_N1_Tm1
14049 23 -0.5 0 S2_N1_Tm1
14053 23 -0.5 168.581947068491 S2_N1_Tm1
14054 23 -0.5 0 S2_N1_Tm1
14055 23 -0.5 147.739259697075 S2_N1_Tm1
14057 23 -0.5 38.3582961299903 S2_N1_Tm1
14060 23 -0.5 156.500646758288 S2_N1_Tm1
14061 23 -0.5 0 S2_N1_Tm1
14062 23 -0.5 193.843693555002 S2_N1_Tm1
14037 24 -0.5 36.8460269644166 S2_N1_Tm1
14038 24 -0.5 167.836517651617 S2_N1_Tm1
14039 24 -0.5 0 S2_N1_Tm1
14042 24 -0.5 0 S2_N1_Tm1
14043 24 -0.5 0 S2_N1_Tm1
14046 24 -0.5 300.5422978629 S2_N1_Tm1
14047 24 -0.5 1.96624066386597 S2_N1_Tm1
14049 24 -0.5 0 S2_N1_Tm1
14053 24 -0.5 168.82637100142 S2_N1_Tm1
14054 24 -0.5 0 S2_N1_Tm1
14055 24 -0.5 150.80976042748 S2_N1_Tm1
14057 24 -0.5 42.7231452004408 S2_N1_Tm1
14060 24 -0.5 163.671919763111 S2_N1_Tm1
14061 24 -0.5 0 S2_N1_Tm1
14062 24 -0.5 192.258440431707 S2_N1_Tm1
14037 25 -0.5 0 S2_N1_Tm1
14038 25 -0.5 98.2090008792288 S2_N1_Tm1
14039 25 -0.5 0 S2_N1_Tm1
14042 25 -0.5 0 S2_N1_Tm1
14043 25 -0.5 0 S2_N1_Tm1
14046 25 -0.5 139.328165680184 S2_N1_Tm1
14047 25 -0.5 0 S2_N1_Tm1
14049 25 -0.5 0 S2_N1_Tm1
14053 25 -0.5 88.7984924076599 S2_N1_Tm1
14054 25 -0.5 0 S2_N1_Tm1
14055 25 -0.5 43.9359185793167 S2_N1_Tm1
14057 25 -0.5 0 S2_N1_Tm1
14060 25 -0.5 33.3307205575042 S2_N1_Tm1
14061 25 -0.5 0 S2_N1_Tm1
14062 25 -0.5 96.2388313749084 S2_N1_Tm1
14037 26 -0.5 37.0952627357466 S2_N1_Tm1
14038 26 -0.5 170.6674139459 S2_N1_Tm1
14039 26 -0.5 0 S2_N1_Tm1
14042 26 -0.5 0 S2_N1_Tm1
14043 26 -0.5 0 S2_N1_Tm1
14046 26 -0.5 300.227992977958 S2_N1_Tm1
14047 26 -0.5 2.32701292212304 S2_N1_Tm1
14049 26 -0.5 0 S2_N1_Tm1
14053 26 -0.5 169.751603032107 S2_N1_Tm1
14054 26 -0.5 0 S2_N1_Tm1
14055 26 -0.5 153.369632190938 S2_N1_Tm1
14057 26 -0.5 48.2295539931564 S2_N1_Tm1
14060 26 -0.5 169.304949082169 S2_N1_Tm1
14061 26 -0.5 0 S2_N1_Tm1
14062 26 -0.5 193.158646245469 S2_N1_Tm1
14037 27 -0.5 0 S2_N1_Tm1
14038 27 -0.5 22.1595476789317 S2_N1_Tm1
14039 27 -0.5 0 S2_N1_Tm1
14042 27 -0.5 0 S2_N1_Tm1
14043 27 -0.5 0 S2_N1_Tm1
14046 27 -0.5 0 S2_N1_Tm1
14047 27 -0.5 0 S2_N1_Tm1
14049 27 -0.5 0 S2_N1_Tm1
14053 27 -0.5 0 S2_N1_Tm1
14054 27 -0.5 0 S2_N1_Tm1
14055 27 -0.5 0 S2_N1_Tm1
14057 27 -0.5 0 S2_N1_Tm1
14060 27 -0.5 0 S2_N1_Tm1
14061 27 -0.5 0 S2_N1_Tm1
14062 27 -0.5 0 S2_N1_Tm1
14037 28 -0.5 52.1419617869353 S2_N1_Tm1
14038 28 -0.5 174.439092444145 S2_N1_Tm1
14039 28 -0.5 0 S2_N1_Tm1
14042 28 -0.5 0 S2_N1_Tm1
14043 28 -0.5 0 S2_N1_Tm1
14046 28 -0.5 307.359119580267 S2_N1_Tm1
14047 28 -0.5 3.45878738763066 S2_N1_Tm1
14049 28 -0.5 0 S2_N1_Tm1
14053 28 -0.5 175.757393684372 S2_N1_Tm1
14054 28 -0.5 0 S2_N1_Tm1
14055 28 -0.5 157.220153753234 S2_N1_Tm1
14057 28 -0.5 51.5093141435301 S2_N1_Tm1
14060 28 -0.5 173.811856938494 S2_N1_Tm1
14061 28 -0.5 0 S2_N1_Tm1
14062 28 -0.5 199.573458432692 S2_N1_Tm1
14037 29 -0.5 3.11752875588094 S2_N1_Tm1
14038 29 -0.5 135.386371585906 S2_N1_Tm1
14039 29 -0.5 0 S2_N1_Tm1
14042 29 -0.5 0 S2_N1_Tm1
14043 29 -0.5 0 S2_N1_Tm1
14046 29 -0.5 247.416739225927 S2_N1_Tm1
14047 29 -0.5 0 S2_N1_Tm1
14049 29 -0.5 0 S2_N1_Tm1
14053 29 -0.5 127.785081117163 S2_N1_Tm1
14054 29 -0.5 0 S2_N1_Tm1
14055 29 -0.5 115.992826987696 S2_N1_Tm1
14057 29 -0.5 12.3892114239357 S2_N1_Tm1
14060 29 -0.5 120.320858738902 S2_N1_Tm1
14061 29 -0.5 0 S2_N1_Tm1
14062 29 -0.5 149.325447420501 S2_N1_Tm1
14037 30 -0.5 0 S2_N1_Tm1
14038 30 -0.5 92.8724169261218 S2_N1_Tm1
14039 30 -0.5 0 S2_N1_Tm1
14042 30 -0.5 0 S2_N1_Tm1
14043 30 -0.5 0 S2_N1_Tm1
14046 30 -0.5 128.521668072417 S2_N1_Tm1
14047 30 -0.5 0 S2_N1_Tm1
14049 30 -0.5 0 S2_N1_Tm1
14053 30 -0.5 80.6274389639536 S2_N1_Tm1
14054 30 -0.5 0 S2_N1_Tm1
14055 30 -0.5 38.8963931709864 S2_N1_Tm1
14057 30 -0.5 0 S2_N1_Tm1
14060 30 -0.5 26.5955495335007 S2_N1_Tm1
14061 30 -0.5 0 S2_N1_Tm1
14062 30 -0.5 85.2168781327826 S2_N1_Tm1
14037 31 -0.5 44.5391676171696 S2_N1_Tm1
14038 31 -0.5 123.936916826753 S2_N1_Tm1
14039 31 -0.5 0 S2_N1_Tm1
14042 31 -0.5 0 S2_N1_Tm1
14043 31 -0.5 0 S2_N1_Tm1
14046 31 -0.5 256.686116261426 S2_N1_Tm1
14047 31 -0.5 0 S2_N1_Tm1
14049 31 -0.5 0 S2_N1_Tm1
14053 31 -0.5 151.115434269938 S2_N1_Tm1
14054 31 -0.5 0 S2_N1_Tm1
14055 31 -0.5 96.6255703458792 S2_N1_Tm1
14057 31 -0.5 4.92520186383159 S2_N1_Tm1
14060 31 -0.5 91.2337776115814 S2_N1_Tm1
14061 31 -0.5 0 S2_N1_Tm1
14062 31 -0.5 167.677226265903 S2_N1_Tm1
14037 1 -1.5 1.45184945232241 S2_N1_Tm1
14038 1 -1.5 112.666412755448 S2_N1_Tm1
14039 1 -1.5 42.6228333219832 S2_N1_Tm1
14042 1 -1.5 0 S2_N1_Tm1
14043 1 -1.5 527.054849323957 S2_N1_Tm1
14046 1 -1.5 148.969855396447 S2_N1_Tm1
14047 1 -1.5 0 S2_N1_Tm1
14049 1 -1.5 3.77965208576257 S2_N1_Tm1
14053 1 -1.5 100.897002847944 S2_N1_Tm1
14054 1 -1.5 0 S2_N1_Tm1
14055 1 -1.5 58.3046082963937 S2_N1_Tm1
14057 1 -1.5 0 S2_N1_Tm1
14060 1 -1.5 86.8018081899526 S2_N1_Tm1
14061 1 -1.5 100.510239351799 S2_N1_Tm1
14062 1 -1.5 91.1209001608755 S2_N1_Tm1
14037 2 -1.5 0 S2_N1_Tm1
14038 2 -1.5 43.5366024687488 S2_N1_Tm1
14039 2 -1.5 0 S2_N1_Tm1
14042 2 -1.5 0 S2_N1_Tm1
14043 2 -1.5 223.433391656905 S2_N1_Tm1
14046 2 -1.5 0 S2_N1_Tm1
14047 2 -1.5 0 S2_N1_Tm1
14049 2 -1.5 0 S2_N1_Tm1
14053 2 -1.5 10.3506821277992 S2_N1_Tm1
14054 2 -1.5 0 S2_N1_Tm1
14055 2 -1.5 0 S2_N1_Tm1
14057 2 -1.5 0 S2_N1_Tm1
14060 2 -1.5 0 S2_N1_Tm1
14061 2 -1.5 21.4980970763536 S2_N1_Tm1
14062 2 -1.5 0 S2_N1_Tm1
14037 3 -1.5 2.22606129234746 S2_N1_Tm1
14038 3 -1.5 108.041363396711 S2_N1_Tm1
14039 3 -1.5 20.8543033072133 S2_N1_Tm1
14042 3 -1.5 0 S2_N1_Tm1
14043 3 -1.5 489.631164552773 S2_N1_Tm1
14046 3 -1.5 142.199621024657 S2_N1_Tm1
14047 3 -1.5 0 S2_N1_Tm1
14049 3 -1.5 2.09398184355871 S2_N1_Tm1
14053 3 -1.5 103.962018405386 S2_N1_Tm1
14054 3 -1.5 0 S2_N1_Tm1
14055 3 -1.5 44.787204986097 S2_N1_Tm1
14057 3 -1.5 0 S2_N1_Tm1
14060 3 -1.5 51.879031938729 S2_N1_Tm1
14061 3 -1.5 85.1989680469846 S2_N1_Tm1
14062 3 -1.5 95.0128978851357 S2_N1_Tm1
14037 4 -1.5 1.97857784160596 S2_N1_Tm1
14038 4 -1.5 117.58306593675 S2_N1_Tm1
14039 4 -1.5 46.2270343150028 S2_N1_Tm1
14042 4 -1.5 0 S2_N1_Tm1
14043 4 -1.5 528.292308757298 S2_N1_Tm1
14046 4 -1.5 158.182026463245 S2_N1_Tm1
14047 4 -1.5 0 S2_N1_Tm1
14049 4 -1.5 6.46779014240665 S2_N1_Tm1
14053 4 -1.5 108.905886552012 S2_N1_Tm1
14054 4 -1.5 0 S2_N1_Tm1
14055 4 -1.5 62.9311406198305 S2_N1_Tm1
14057 4 -1.5 0 S2_N1_Tm1
14060 4 -1.5 85.1217087390287 S2_N1_Tm1
14061 4 -1.5 99.5608523381548 S2_N1_Tm1
14062 4 -1.5 99.8055255887089 S2_N1_Tm1
14037 5 -1.5 0 S2_N1_Tm1
14038 5 -1.5 0 S2_N1_Tm1
14039 5 -1.5 0 S2_N1_Tm1
14042 5 -1.5 0 S2_N1_Tm1
14043 5 -1.5 0 S2_N1_Tm1
14046 5 -1.5 0 S2_N1_Tm1
14047 5 -1.5 0 S2_N1_Tm1
14049 5 -1.5 0 S2_N1_Tm1
14053 5 -1.5 0 S2_N1_Tm1
14054 5 -1.5 0 S2_N1_Tm1
14055 5 -1.5 0 S2_N1_Tm1
14057 5 -1.5 0 S2_N1_Tm1
14060 5 -1.5 0 S2_N1_Tm1
14061 5 -1.5 0 S2_N1_Tm1
14062 5 -1.5 0 S2_N1_Tm1
14037 6 -1.5 38.2233183410013 S2_N1_Tm1
14038 6 -1.5 161.086980404676 S2_N1_Tm1
14039 6 -1.5 97.4589256439557 S2_N1_Tm1
14042 6 -1.5 0 S2_N1_Tm1
14043 6 -1.5 623.727507550076 S2_N1_Tm1
14046 6 -1.5 221.703553847352 S2_N1_Tm1
14047 6 -1.5 6.03873105832749 S2_N1_Tm1
14049 6 -1.5 51.7943893445505 S2_N1_Tm1
14053 6 -1.5 167.213529901466 S2_N1_Tm1
14054 6 -1.5 0 S2_N1_Tm1
14055 6 -1.5 101.160852051444 S2_N1_Tm1
14057 6 -1.5 12.3694766792123 S2_N1_Tm1
14060 6 -1.5 124.760668359644 S2_N1_Tm1
14061 6 -1.5 154.340920474034 S2_N1_Tm1
14062 6 -1.5 155.762272620403 S2_N1_Tm1
14037 7 -1.5 0 S2_N1_Tm1
14038 7 -1.5 45.719439848137 S2_N1_Tm1
14039 7 -1.5 0 S2_N1_Tm1
14042 7 -1.5 0 S2_N1_Tm1
14043 7 -1.5 227.944605580102 S2_N1_Tm1
14046 7 -1.5 0 S2_N1_Tm1
14047 7 -1.5 0 S2_N1_Tm1
14049 7 -1.5 0 S2_N1_Tm1
14053 7 -1.5 12.4001595739643 S2_N1_Tm1
14054 7 -1.5 0 S2_N1_Tm1
14055 7 -1.5 0 S2_N1_Tm1
14057 7 -1.5 0 S2_N1_Tm1
14060 7 -1.5 0 S2_N1_Tm1
14061 7 -1.5 24.4503456764232 S2_N1_Tm1
14062 7 -1.5 0 S2_N1_Tm1
14037 8 -1.5 4.1235486438415 S2_N1_Tm1
14038 8 -1.5 136.498725389069 S2_N1_Tm1
14039 8 -1.5 67.4753306994399 S2_N1_Tm1
14042 8 -1.5 0 S2_N1_Tm1
14043 8 -1.5 554.392914318299 S2_N1_Tm1
14046 8 -1.5 176.073887089687 S2_N1_Tm1
14047 8 -1.5 0 S2_N1_Tm1
14049 8 -1.5 18.8088226518592 S2_N1_Tm1
14053 8 -1.5 128.606444703003 S2_N1_Tm1
14054 8 -1.5 0 S2_N1_Tm1
14055 8 -1.5 80.4563717414398 S2_N1_Tm1
14057 8 -1.5 3.97505520131584 S2_N1_Tm1
14060 8 -1.5 108.830430839244 S2_N1_Tm1
14061 8 -1.5 126.655957307372 S2_N1_Tm1
14062 8 -1.5 117.158793897781 S2_N1_Tm1
14037 9 -1.5 7.91777218118257 S2_N1_Tm1
14038 9 -1.5 135.550025121153 S2_N1_Tm1
14039 9 -1.5 66.2295585033919 S2_N1_Tm1
14042 9 -1.5 0 S2_N1_Tm1
14043 9 -1.5 564.205517908393 S2_N1_Tm1
14046 9 -1.5 185.144814130376 S2_N1_Tm1
14047 9 -1.5 0 S2_N1_Tm1
14049 9 -1.5 22.1187184699741 S2_N1_Tm1
14053 9 -1.5 133.707944333438 S2_N1_Tm1
14054 9 -1.5 0 S2_N1_Tm1
14055 9 -1.5 78.7203869928235 S2_N1_Tm1
14057 9 -1.5 2.214009624555 S2_N1_Tm1
14060 9 -1.5 98.9479406309838 S2_N1_Tm1
14061 9 -1.5 120.481002885947 S2_N1_Tm1
14062 9 -1.5 124.847672896982 S2_N1_Tm1
14037 10 -1.5 7.04240429015338 S2_N1_Tm1
14038 10 -1.5 138.720506651001 S2_N1_Tm1
14039 10 -1.5 71.8159614227748 S2_N1_Tm1
14042 10 -1.5 0 S2_N1_Tm1
14043 10 -1.5 577.463988573593 S2_N1_Tm1
14046 10 -1.5 184.432810391732 S2_N1_Tm1
14047 10 -1.5 0 S2_N1_Tm1
14049 10 -1.5 22.3882074367799 S2_N1_Tm1
14053 10 -1.5 133.806539697058 S2_N1_Tm1
14054 10 -1.5 0 S2_N1_Tm1
14055 10 -1.5 82.6592289368936 S2_N1_Tm1
14057 10 -1.5 4.1082399044835 S2_N1_Tm1
14060 10 -1.5 110.620448001169 S2_N1_Tm1
14061 10 -1.5 129.539045987277 S2_N1_Tm1
14062 10 -1.5 123.829640675758 S2_N1_Tm1
14037 11 -1.5 0 S2_N1_Tm1
14038 11 -1.5 58.3821321044777 S2_N1_Tm1
14039 11 -1.5 1.2173268671308 S2_N1_Tm1
14042 11 -1.5 0 S2_N1_Tm1
14043 11 -1.5 409.287571744547 S2_N1_Tm1
14046 11 -1.5 65.0972150033265 S2_N1_Tm1
14047 11 -1.5 0 S2_N1_Tm1
14049 11 -1.5 0 S2_N1_Tm1
14053 11 -1.5 27.9585802671046 S2_N1_Tm1
14054 11 -1.5 0 S2_N1_Tm1
14055 11 -1.5 8.55749663382658 S2_N1_Tm1
14057 11 -1.5 0 S2_N1_Tm1
14060 11 -1.5 34.4843548443512 S2_N1_Tm1
14061 11 -1.5 36.3180028896337 S2_N1_Tm1
14062 11 -1.5 14.8191000485263 S2_N1_Tm1
14037 12 -1.5 0 S2_N1_Tm1
14038 12 -1.5 58.2227882251099 S2_N1_Tm1
14039 12 -1.5 0 S2_N1_Tm1
14042 12 -1.5 0 S2_N1_Tm1
14043 12 -1.5 390.851650015255 S2_N1_Tm1
14046 12 -1.5 59.634679533172 S2_N1_Tm1
14047 12 -1.5 0 S2_N1_Tm1
14049 12 -1.5 0 S2_N1_Tm1
14053 12 -1.5 25.6320879041281 S2_N1_Tm1
14054 12 -1.5 0 S2_N1_Tm1
14055 12 -1.5 8.26207324569845 S2_N1_Tm1
14057 12 -1.5 0 S2_N1_Tm1
14060 12 -1.5 33.1954301361789 S2_N1_Tm1
14061 12 -1.5 34.7289150719098 S2_N1_Tm1
14062 12 -1.5 11.5936292863271 S2_N1_Tm1
14037 13 -1.5 0 S2_N1_Tm1
14038 13 -1.5 97.5759648818505 S2_N1_Tm1
14039 13 -1.5 15.2584085255402 S2_N1_Tm1
14042 13 -1.5 0 S2_N1_Tm1
14043 13 -1.5 419.588485357794 S2_N1_Tm1
14046 13 -1.5 119.858761508686 S2_N1_Tm1
14047 13 -1.5 0 S2_N1_Tm1
14049 13 -1.5 1.29681167487618 S2_N1_Tm1
14053 13 -1.5 85.7273331742864 S2_N1_Tm1
14054 13 -1.5 0 S2_N1_Tm1
14055 13 -1.5 44.5712754455739 S2_N1_Tm1
14057 13 -1.5 0 S2_N1_Tm1
14060 13 -1.5 54.546017201544 S2_N1_Tm1
14061 13 -1.5 71.4755983397527 S2_N1_Tm1
14062 13 -1.5 67.3655316845984 S2_N1_Tm1
14037 14 -1.5 1.30782141719056 S2_N1_Tm1
14038 14 -1.5 108.028119511271 S2_N1_Tm1
14039 14 -1.5 4.06452252406243 S2_N1_Tm1
14042 14 -1.5 0 S2_N1_Tm1
14043 14 -1.5 442.893582775513 S2_N1_Tm1
14046 14 -1.5 104.54082692289 S2_N1_Tm1
14047 14 -1.5 0 S2_N1_Tm1
14049 14 -1.5 0 S2_N1_Tm1
14053 14 -1.5 104.436479164074 S2_N1_Tm1
14054 14 -1.5 0 S2_N1_Tm1
14055 14 -1.5 26.2379141577153 S2_N1_Tm1
14057 14 -1.5 0 S2_N1_Tm1
14060 14 -1.5 23.2381448894555 S2_N1_Tm1
14061 14 -1.5 91.3205134090053 S2_N1_Tm1
14062 14 -1.5 81.8020435744664 S2_N1_Tm1
14037 15 -1.5 78.0997187529805 S2_N1_Tm1
14038 15 -1.5 182.796525605092 S2_N1_Tm1
14039 15 -1.5 126.860543044081 S2_N1_Tm1
14042 15 -1.5 0 S2_N1_Tm1
14043 15 -1.5 688.252609378335 S2_N1_Tm1
14046 15 -1.5 248.895437847798 S2_N1_Tm1
14047 15 -1.5 16.895245743536 S2_N1_Tm1
14049 15 -1.5 72.8023365839901 S2_N1_Tm1
14053 15 -1.5 192.545917335188 S2_N1_Tm1
14054 15 -1.5 0 S2_N1_Tm1
14055 15 -1.5 121.611416603139 S2_N1_Tm1
14057 15 -1.5 34.0084074378186 S2_N1_Tm1
14060 15 -1.5 156.482372804025 S2_N1_Tm1
14061 15 -1.5 190.159903184064 S2_N1_Tm1
14062 15 -1.5 177.633352358262 S2_N1_Tm1
14037 16 -1.5 11.2918475325138 S2_N1_Tm1
14038 16 -1.5 150.07559677164 S2_N1_Tm1
14039 16 -1.5 84.0598547269874 S2_N1_Tm1
14042 16 -1.5 0 S2_N1_Tm1
14043 16 -1.5 593.21849679712 S2_N1_Tm1
14046 16 -1.5 195.976496642597 S2_N1_Tm1
14047 16 -1.5 1.7188512919614 S2_N1_Tm1
14049 16 -1.5 33.7011282468463 S2_N1_Tm1
14053 16 -1.5 146.092809546014 S2_N1_Tm1
14054 16 -1.5 0 S2_N1_Tm1
14055 16 -1.5 92.34967027404 S2_N1_Tm1
14057 16 -1.5 10.4025704254435 S2_N1_Tm1
14060 16 -1.5 123.579867982222 S2_N1_Tm1
14061 16 -1.5 146.332124295901 S2_N1_Tm1
14062 16 -1.5 134.266999941453 S2_N1_Tm1
14037 17 -1.5 15.2440793161874 S2_N1_Tm1
14038 17 -1.5 145.373846035673 S2_N1_Tm1
14039 17 -1.5 74.0872536283247 S2_N1_Tm1
14042 17 -1.5 0 S2_N1_Tm1
14043 17 -1.5 558.24566195363 S2_N1_Tm1
14046 17 -1.5 195.040970775255 S2_N1_Tm1
14047 17 -1.5 2.98957554750535 S2_N1_Tm1
14049 17 -1.5 34.315217706624 S2_N1_Tm1
14053 17 -1.5 148.069521396934 S2_N1_Tm1
14054 17 -1.5 0 S2_N1_Tm1
14055 17 -1.5 85.3044277305513 S2_N1_Tm1
14057 17 -1.5 4.33020223919355 S2_N1_Tm1
14060 17 -1.5 101.801432785272 S2_N1_Tm1
14061 17 -1.5 132.426105075508 S2_N1_Tm1
14062 17 -1.5 136.196405051787 S2_N1_Tm1
14037 18 -1.5 0 S2_N1_Tm1
14038 18 -1.5 97.0653461031769 S2_N1_Tm1
14039 18 -1.5 20.1789481055384 S2_N1_Tm1
14042 18 -1.5 0 S2_N1_Tm1
14043 18 -1.5 472.994592603069 S2_N1_Tm1
14046 18 -1.5 119.774140200577 S2_N1_Tm1
14047 18 -1.5 0 S2_N1_Tm1
14049 18 -1.5 0 S2_N1_Tm1
14053 18 -1.5 76.7117589289264 S2_N1_Tm1
14054 18 -1.5 0 S2_N1_Tm1
14055 18 -1.5 42.0918023498229 S2_N1_Tm1
14057 18 -1.5 0 S2_N1_Tm1
14060 18 -1.5 70.7886681710364 S2_N1_Tm1
14061 18 -1.5 79.6738906129498 S2_N1_Tm1
14062 18 -1.5 61.6633577943404 S2_N1_Tm1
14037 19 -1.5 7.23624166156974 S2_N1_Tm1
14038 19 -1.5 139.719853918112 S2_N1_Tm1
14039 19 -1.5 72.6216702035689 S2_N1_Tm1
14042 19 -1.5 0 S2_N1_Tm1
14043 19 -1.5 576.569901699836 S2_N1_Tm1
14046 19 -1.5 185.718516258203 S2_N1_Tm1
14047 19 -1.5 0 S2_N1_Tm1
14049 19 -1.5 23.7649111356154 S2_N1_Tm1
14053 19 -1.5 135.081347723395 S2_N1_Tm1
14054 19 -1.5 0 S2_N1_Tm1
14055 19 -1.5 83.5384347400044 S2_N1_Tm1
14057 19 -1.5 4.1891565422877 S2_N1_Tm1
14060 19 -1.5 110.763726015204 S2_N1_Tm1
14061 19 -1.5 129.73714001272 S2_N1_Tm1
14062 19 -1.5 125.023664387313 S2_N1_Tm1
14037 20 -1.5 34.8267989172868 S2_N1_Tm1
14038 20 -1.5 167.747999445607 S2_N1_Tm1
14039 20 -1.5 106.137524289579 S2_N1_Tm1
14042 20 -1.5 0 S2_N1_Tm1
14043 20 -1.5 638.281230871262 S2_N1_Tm1
14046 20 -1.5 222.226128852724 S2_N1_Tm1
14047 20 -1.5 5.92223391778047 S2_N1_Tm1
14049 20 -1.5 54.0365202493108 S2_N1_Tm1
14053 20 -1.5 169.746431896127 S2_N1_Tm1
14054 20 -1.5 0 S2_N1_Tm1
14055 20 -1.5 108.01122630024 S2_N1_Tm1
14057 20 -1.5 23.3533562460663 S2_N1_Tm1
14060 20 -1.5 141.623244157593 S2_N1_Tm1
14061 20 -1.5 169.865021713508 S2_N1_Tm1
14062 20 -1.5 156.246486724957 S2_N1_Tm1
14037 21 -1.5 5.18095548604186 S2_N1_Tm1
14038 21 -1.5 132.033047983993 S2_N1_Tm1
14039 21 -1.5 64.5413892052004 S2_N1_Tm1
14042 21 -1.5 0 S2_N1_Tm1
14043 21 -1.5 565.762014902812 S2_N1_Tm1
14046 21 -1.5 177.052403162799 S2_N1_Tm1
14047 21 -1.5 0 S2_N1_Tm1
14049 21 -1.5 16.320236732871 S2_N1_Tm1
14053 21 -1.5 126.446285415137 S2_N1_Tm1
14054 21 -1.5 0 S2_N1_Tm1
14055 21 -1.5 76.759645931711 S2_N1_Tm1
14057 21 -1.5 2.34115200922142 S2_N1_Tm1
14060 21 -1.5 103.148983884443 S2_N1_Tm1
14061 21 -1.5 120.47319522437 S2_N1_Tm1
14062 21 -1.5 117.104243366222 S2_N1_Tm1
14037 22 -1.5 8.51020044796046 S2_N1_Tm1
14038 22 -1.5 136.697071308306 S2_N1_Tm1
14039 22 -1.5 71.5586438511742 S2_N1_Tm1
14042 22 -1.5 0 S2_N1_Tm1
14043 22 -1.5 582.749165554106 S2_N1_Tm1
14046 22 -1.5 183.600806162913 S2_N1_Tm1
14047 22 -1.5 0 S2_N1_Tm1
14049 22 -1.5 20.7243796361799 S2_N1_Tm1
14053 22 -1.5 132.579043779081 S2_N1_Tm1
14054 22 -1.5 0 S2_N1_Tm1
14055 22 -1.5 81.2120184286449 S2_N1_Tm1
14057 22 -1.5 4.18106686429772 S2_N1_Tm1
14060 22 -1.5 110.709562923682 S2_N1_Tm1
14061 22 -1.5 130.988122163441 S2_N1_Tm1
14062 22 -1.5 123.269959088936 S2_N1_Tm1
14037 23 -1.5 19.4098725477457 S2_N1_Tm1
14038 23 -1.5 145.6850827684 S2_N1_Tm1
14039 23 -1.5 81.949921395987 S2_N1_Tm1
14042 23 -1.5 0 S2_N1_Tm1
14043 23 -1.5 603.419143376301 S2_N1_Tm1
14046 23 -1.5 201.802066037909 S2_N1_Tm1
14047 23 -1.5 1.87807810751975 S2_N1_Tm1
14049 23 -1.5 34.595613694191 S2_N1_Tm1
14053 23 -1.5 147.686812115524 S2_N1_Tm1
14054 23 -1.5 0 S2_N1_Tm1
14055 23 -1.5 89.2650576461007 S2_N1_Tm1
14057 23 -1.5 5.08816659757097 S2_N1_Tm1
14060 23 -1.5 113.495639815078 S2_N1_Tm1
14061 23 -1.5 136.404717476321 S2_N1_Tm1
14062 23 -1.5 138.694693131177 S2_N1_Tm1
14037 24 -1.5 7.49113328346738 S2_N1_Tm1
14038 24 -1.5 135.803853878604 S2_N1_Tm1
14039 24 -1.5 69.910654563997 S2_N1_Tm1
14042 24 -1.5 0 S2_N1_Tm1
14043 24 -1.5 578.208908491569 S2_N1_Tm1
14046 24 -1.5 182.942675293106 S2_N1_Tm1
14047 24 -1.5 0 S2_N1_Tm1
14049 24 -1.5 20.3161579113724 S2_N1_Tm1
14053 24 -1.5 131.735656547591 S2_N1_Tm1
14054 24 -1.5 0 S2_N1_Tm1
14055 24 -1.5 80.4335079003502 S2_N1_Tm1
14057 24 -1.5 3.26126923590829 S2_N1_Tm1
14060 24 -1.5 107.934011563431 S2_N1_Tm1
14061 24 -1.5 126.649374312086 S2_N1_Tm1
14062 24 -1.5 122.419339569747 S2_N1_Tm1
14037 25 -1.5 1.22578100963596 S2_N1_Tm1
14038 25 -1.5 103.627559581088 S2_N1_Tm1
14039 25 -1.5 3.08247200904031 S2_N1_Tm1
14042 25 -1.5 0 S2_N1_Tm1
14043 25 -1.5 443.565852555108 S2_N1_Tm1
14046 25 -1.5 101.061036107555 S2_N1_Tm1
14047 25 -1.5 0 S2_N1_Tm1
14049 25 -1.5 0 S2_N1_Tm1
14053 25 -1.5 99.6902954564794 S2_N1_Tm1
14054 25 -1.5 0 S2_N1_Tm1
14055 25 -1.5 21.6342892979224 S2_N1_Tm1
14057 25 -1.5 0 S2_N1_Tm1
14060 25 -1.5 20.4313297786098 S2_N1_Tm1
14061 25 -1.5 86.1696264143796 S2_N1_Tm1
14062 25 -1.5 78.4181550550751 S2_N1_Tm1
14037 26 -1.5 13.4849008700013 S2_N1_Tm1
14038 26 -1.5 148.251818617357 S2_N1_Tm1
14039 26 -1.5 83.4089374246291 S2_N1_Tm1
14042 26 -1.5 0 S2_N1_Tm1
14043 26 -1.5 601.578530101294 S2_N1_Tm1
14046 26 -1.5 197.020978230893 S2_N1_Tm1
14047 26 -1.5 1.57642338651423 S2_N1_Tm1
14049 26 -1.5 32.5948518645758 S2_N1_Tm1
14053 26 -1.5 145.639747675304 S2_N1_Tm1
14054 26 -1.5 0 S2_N1_Tm1
14055 26 -1.5 91.0775924302607 S2_N1_Tm1
14057 26 -1.5 9.01706571863824 S2_N1_Tm1
14060 26 -1.5 121.839190873224 S2_N1_Tm1
14061 26 -1.5 144.653379212381 S2_N1_Tm1
14062 26 -1.5 134.88022867756 S2_N1_Tm1
14037 27 -1.5 0 S2_N1_Tm1
14038 27 -1.5 25.3052399116504 S2_N1_Tm1
14039 27 -1.5 0 S2_N1_Tm1
14042 27 -1.5 0 S2_N1_Tm1
14043 27 -1.5 198.564243502039 S2_N1_Tm1
14046 27 -1.5 0 S2_N1_Tm1
14047 27 -1.5 0 S2_N1_Tm1
14049 27 -1.5 0 S2_N1_Tm1
14053 27 -1.5 2.19331735858784 S2_N1_Tm1
14054 27 -1.5 0 S2_N1_Tm1
14055 27 -1.5 0 S2_N1_Tm1
14057 27 -1.5 0 S2_N1_Tm1
14060 27 -1.5 0 S2_N1_Tm1
14061 27 -1.5 6.05205655427649 S2_N1_Tm1
14062 27 -1.5 0 S2_N1_Tm1
14037 28 -1.5 25.2558960455322 S2_N1_Tm1
14038 28 -1.5 155.242266968656 S2_N1_Tm1
14039 28 -1.5 93.1410014577534 S2_N1_Tm1
14042 28 -1.5 0 S2_N1_Tm1
14043 28 -1.5 624.273458760293 S2_N1_Tm1
14046 28 -1.5 208.846662199248 S2_N1_Tm1
14047 28 -1.5 2.73059994556848 S2_N1_Tm1
14049 28 -1.5 41.4395269843314 S2_N1_Tm1
14053 28 -1.5 155.957840886312 S2_N1_Tm1
14054 28 -1.5 0 S2_N1_Tm1
14055 28 -1.5 97.6749881203325 S2_N1_Tm1
14057 28 -1.5 13.7850155951031 S2_N1_Tm1
14060 28 -1.5 129.504690642661 S2_N1_Tm1
14061 28 -1.5 155.225180034168 S2_N1_Tm1
14062 28 -1.5 145.088088159457 S2_N1_Tm1
14037 29 -1.5 0 S2_N1_Tm1
14038 29 -1.5 102.807489459251 S2_N1_Tm1
14039 29 -1.5 25.1612869209251 S2_N1_Tm1
14042 29 -1.5 0 S2_N1_Tm1
14043 29 -1.5 470.259584973037 S2_N1_Tm1
14046 29 -1.5 133.057262426746 S2_N1_Tm1
14047 29 -1.5 0 S2_N1_Tm1
14049 29 -1.5 1.9642424818374 S2_N1_Tm1
14053 29 -1.5 89.3784907294792 S2_N1_Tm1
14054 29 -1.5 0 S2_N1_Tm1
14055 29 -1.5 48.6435297293637 S2_N1_Tm1
14057 29 -1.5 0 S2_N1_Tm1
14060 29 -1.5 66.4687665093951 S2_N1_Tm1
14061 29 -1.5 79.0776414620609 S2_N1_Tm1
14062 29 -1.5 76.6891356067502 S2_N1_Tm1
14037 30 -1.5 0 S2_N1_Tm1
14038 30 -1.5 101.949687529851 S2_N1_Tm1
14039 30 -1.5 2.32508519884934 S2_N1_Tm1
14042 30 -1.5 0 S2_N1_Tm1
14043 30 -1.5 427.718383087204 S2_N1_Tm1
14046 30 -1.5 96.0517196213337 S2_N1_Tm1
14047 30 -1.5 0 S2_N1_Tm1
14049 30 -1.5 0 S2_N1_Tm1
14053 30 -1.5 96.1640748801526 S2_N1_Tm1
14054 30 -1.5 0 S2_N1_Tm1
14055 30 -1.5 19.6746444090897 S2_N1_Tm1
14057 30 -1.5 0 S2_N1_Tm1
14060 30 -1.5 17.6339218620025 S2_N1_Tm1
14061 30 -1.5 83.0669158223327 S2_N1_Tm1
14062 30 -1.5 71.2306179886468 S2_N1_Tm1
14037 31 -1.5 23.2584386174122 S2_N1_Tm1
14038 31 -1.5 112.641559272882 S2_N1_Tm1
14039 31 -1.5 39.3366810429098 S2_N1_Tm1
14042 31 -1.5 0 S2_N1_Tm1
14043 31 -1.5 573.381515484377 S2_N1_Tm1
14046 31 -1.5 171.946391545914 S2_N1_Tm1
14047 31 -1.5 1.00098073156254 S2_N1_Tm1
14049 31 -1.5 8.64275537808925 S2_N1_Tm1
14053 31 -1.5 137.379371111814 S2_N1_Tm1
14054 31 -1.5 0 S2_N1_Tm1
14055 31 -1.5 53.3092619726531 S2_N1_Tm1
14057 31 -1.5 0 S2_N1_Tm1
14060 31 -1.5 58.5186607576702 S2_N1_Tm1
14061 31 -1.5 106.150560527588 S2_N1_Tm1
14062 31 -1.5 121.254343425756 S2_N1_Tm1
14037 1 -3 0 S2_N1_Tm1
14038 1 -3 8.03651337340801 S2_N1_Tm1
14039 1 -3 0 S2_N1_Tm1
14042 1 -3 0 S2_N1_Tm1
14043 1 -3 268.93210867637 S2_N1_Tm1
14046 1 -3 2.85485927669408 S2_N1_Tm1
14047 1 -3 0 S2_N1_Tm1
14049 1 -3 0 S2_N1_Tm1
14053 1 -3 0 S2_N1_Tm1
14054 1 -3 0 S2_N1_Tm1
14055 1 -3 0 S2_N1_Tm1
14057 1 -3 0 S2_N1_Tm1
14060 1 -3 1.44186949648797 S2_N1_Tm1
14061 1 -3 2.31774207541401 S2_N1_Tm1
14062 1 -3 0 S2_N1_Tm1
14037 2 -3 0 S2_N1_Tm1
14038 2 -3 25.4283811905191 S2_N1_Tm1
14039 2 -3 0 S2_N1_Tm1
14042 2 -3 0 S2_N1_Tm1
14043 2 -3 226.358908160375 S2_N1_Tm1
14046 2 -3 0 S2_N1_Tm1
14047 2 -3 0 S2_N1_Tm1
14049 2 -3 0 S2_N1_Tm1
14053 2 -3 2.25894541990094 S2_N1_Tm1
14054 2 -3 0 S2_N1_Tm1
14055 2 -3 0 S2_N1_Tm1
14057 2 -3 0 S2_N1_Tm1
14060 2 -3 0 S2_N1_Tm1
14061 2 -3 16.2853430181679 S2_N1_Tm1
14062 2 -3 0 S2_N1_Tm1
14037 3 -3 0 S2_N1_Tm1
14038 3 -3 40.9898124999882 S2_N1_Tm1
14039 3 -3 1.03178245866318 S2_N1_Tm1
14042 3 -3 0 S2_N1_Tm1
14043 3 -3 349.051300119066 S2_N1_Tm1
14046 3 -3 40.6364008276297 S2_N1_Tm1
14047 3 -3 0 S2_N1_Tm1
14049 3 -3 0 S2_N1_Tm1
14053 3 -3 15.6863650670826 S2_N1_Tm1
14054 3 -3 0 S2_N1_Tm1
14055 3 -3 1.10656191924577 S2_N1_Tm1
14057 3 -3 0 S2_N1_Tm1
14060 3 -3 2.91930333590844 S2_N1_Tm1
14061 3 -3 20.7221211848561 S2_N1_Tm1
14062 3 -3 6.62196086355993 S2_N1_Tm1
14037 4 -3 0 S2_N1_Tm1
14038 4 -3 24.2879959959826 S2_N1_Tm1
14039 4 -3 0 S2_N1_Tm1
14042 4 -3 0 S2_N1_Tm1
14043 4 -3 313.614728293769 S2_N1_Tm1
14046 4 -3 16.5611989798739 S2_N1_Tm1
14047 4 -3 0 S2_N1_Tm1
14049 4 -3 0 S2_N1_Tm1
14053 4 -3 2.75349549660056 S2_N1_Tm1
14054 4 -3 0 S2_N1_Tm1
14055 4 -3 0 S2_N1_Tm1
14057 4 -3 0 S2_N1_Tm1
14060 4 -3 4.60091694368865 S2_N1_Tm1
14061 4 -3 9.12908619790874 S2_N1_Tm1
14062 4 -3 1.52745741351785 S2_N1_Tm1
14037 5 -3 0 S2_N1_Tm1
14038 5 -3 0 S2_N1_Tm1
14039 5 -3 0 S2_N1_Tm1
14042 5 -3 0 S2_N1_Tm1
14043 5 -3 0 S2_N1_Tm1
14046 5 -3 0 S2_N1_Tm1
14047 5 -3 0 S2_N1_Tm1
14049 5 -3 0 S2_N1_Tm1
14053 5 -3 0 S2_N1_Tm1
14054 5 -3 0 S2_N1_Tm1
14055 5 -3 0 S2_N1_Tm1
14057 5 -3 0 S2_N1_Tm1
14060 5 -3 0 S2_N1_Tm1
14061 5 -3 0 S2_N1_Tm1
14062 5 -3 0 S2_N1_Tm1
14037 6 -3 2.59537742235979 S2_N1_Tm1
14038 6 -3 112.781524659343 S2_N1_Tm1
14039 6 -3 81.7007644237629 S2_N1_Tm1
14042 6 -3 6.68198369445926 S2_N1_Tm1
14043 6 -3 557.999214303678 S2_N1_Tm1
14046 6 -3 148.988645073772 S2_N1_Tm1
14047 6 -3 0 S2_N1_Tm1
14049 6 -3 21.1203359383175 S2_N1_Tm1
14053 6 -3 104.725680667506 S2_N1_Tm1
14054 6 -3 5.06643048545807 S2_N1_Tm1
14055 6 -3 61.6005257146795 S2_N1_Tm1
14057 6 -3 0 S2_N1_Tm1
14060 6 -3 82.2723246751104 S2_N1_Tm1
14061 6 -3 116.041822435581 S2_N1_Tm1
14062 6 -3 102.168320886186 S2_N1_Tm1
14037 7 -3 0 S2_N1_Tm1
14038 7 -3 29.0569113447323 S2_N1_Tm1
14039 7 -3 0 S2_N1_Tm1
14042 7 -3 0 S2_N1_Tm1
14043 7 -3 233.429194285426 S2_N1_Tm1
14046 7 -3 0 S2_N1_Tm1
14047 7 -3 0 S2_N1_Tm1
14049 7 -3 0 S2_N1_Tm1
14053 7 -3 3.10464715155232 S2_N1_Tm1
14054 7 -3 0 S2_N1_Tm1
14055 7 -3 0 S2_N1_Tm1
14057 7 -3 0 S2_N1_Tm1
14060 7 -3 0 S2_N1_Tm1
14061 7 -3 20.255577203569 S2_N1_Tm1
14062 7 -3 0 S2_N1_Tm1
14037 8 -3 0 S2_N1_Tm1
14038 8 -3 58.7960620533345 S2_N1_Tm1
14039 8 -3 13.6634278818057 S2_N1_Tm1
14042 8 -3 0 S2_N1_Tm1
14043 8 -3 393.215846488738 S2_N1_Tm1
14046 8 -3 62.9518155037058 S2_N1_Tm1
14047 8 -3 0 S2_N1_Tm1
14049 8 -3 0 S2_N1_Tm1
14053 8 -3 31.1559612251422 S2_N1_Tm1
14054 8 -3 0 S2_N1_Tm1
14055 8 -3 10.7402292049011 S2_N1_Tm1
14057 8 -3 0 S2_N1_Tm1
14060 8 -3 35.8189734586012 S2_N1_Tm1
14061 8 -3 51.5945163624715 S2_N1_Tm1
14062 8 -3 15.5278057033071 S2_N1_Tm1
14037 9 -3 0 S2_N1_Tm1
14038 9 -3 63.7237123287997 S2_N1_Tm1
14039 9 -3 17.9996859673791 S2_N1_Tm1
14042 9 -3 0 S2_N1_Tm1
14043 9 -3 415.833965914718 S2_N1_Tm1
14046 9 -3 77.4917076590194 S2_N1_Tm1
14047 9 -3 0 S2_N1_Tm1
14049 9 -3 0 S2_N1_Tm1
14053 9 -3 42.6081517581973 S2_N1_Tm1
14054 9 -3 0 S2_N1_Tm1
14055 9 -3 13.8957293130539 S2_N1_Tm1
14057 9 -3 0 S2_N1_Tm1
14060 9 -3 32.9844663606692 S2_N1_Tm1
14061 9 -3 53.1005360464485 S2_N1_Tm1
14062 9 -3 27.9611528743388 S2_N1_Tm1
14037 10 -3 0 S2_N1_Tm1
14038 10 -3 54.722790812865 S2_N1_Tm1
14039 10 -3 11.2140338312605 S2_N1_Tm1
14042 10 -3 0 S2_N1_Tm1
14043 10 -3 392.443729724002 S2_N1_Tm1
14046 10 -3 60.497512353846 S2_N1_Tm1
14047 10 -3 0 S2_N1_Tm1
14049 10 -3 0 S2_N1_Tm1
14053 10 -3 27.484961334519 S2_N1_Tm1
14054 10 -3 0 S2_N1_Tm1
14055 10 -3 8.27959884355544 S2_N1_Tm1
14057 10 -3 0 S2_N1_Tm1
14060 10 -3 32.001832236603 S2_N1_Tm1
14061 10 -3 46.9802875122708 S2_N1_Tm1
14062 10 -3 14.621948657751 S2_N1_Tm1
14037 11 -3 0 S2_N1_Tm1
14038 11 -3 0 S2_N1_Tm1
14039 11 -3 0 S2_N1_Tm1
14042 11 -3 0 S2_N1_Tm1
14043 11 -3 88.5933067342256 S2_N1_Tm1
14046 11 -3 0 S2_N1_Tm1
14047 11 -3 0 S2_N1_Tm1
14049 11 -3 0 S2_N1_Tm1
14053 11 -3 0 S2_N1_Tm1
14054 11 -3 0 S2_N1_Tm1
14055 11 -3 0 S2_N1_Tm1
14057 11 -3 0 S2_N1_Tm1
14060 11 -3 0 S2_N1_Tm1
14061 11 -3 0 S2_N1_Tm1
14062 11 -3 0 S2_N1_Tm1
14037 12 -3 0 S2_N1_Tm1
14038 12 -3 0 S2_N1_Tm1
14039 12 -3 0 S2_N1_Tm1
14042 12 -3 0 S2_N1_Tm1
14043 12 -3 96.0673341705348 S2_N1_Tm1
14046 12 -3 0 S2_N1_Tm1
14047 12 -3 0 S2_N1_Tm1
14049 12 -3 0 S2_N1_Tm1
14053 12 -3 0 S2_N1_Tm1
14054 12 -3 0 S2_N1_Tm1
14055 12 -3 0 S2_N1_Tm1
14057 12 -3 0 S2_N1_Tm1
14060 12 -3 0 S2_N1_Tm1
14061 12 -3 0 S2_N1_Tm1
14062 12 -3 0 S2_N1_Tm1
14037 13 -3 0 S2_N1_Tm1
14038 13 -3 41.1085252410767 S2_N1_Tm1
14039 13 -3 1.690941104708 S2_N1_Tm1
14042 13 -3 0 S2_N1_Tm1
14043 13 -3 320.115986952219 S2_N1_Tm1
14046 13 -3 34.6766647855683 S2_N1_Tm1
14047 13 -3 0 S2_N1_Tm1
14049 13 -3 0 S2_N1_Tm1
14053 13 -3 12.9491499582969 S2_N1_Tm1
14054 13 -3 0 S2_N1_Tm1
14055 13 -3 2.27104219406827 S2_N1_Tm1
14057 13 -3 0 S2_N1_Tm1
14060 13 -3 6.30090383584844 S2_N1_Tm1
14061 13 -3 19.7952353164331 S2_N1_Tm1
14062 13 -3 3.82941581105545 S2_N1_Tm1
14037 14 -3 0 S2_N1_Tm1
14038 14 -3 84.4358911724976 S2_N1_Tm1
14039 14 -3 7.20874007339463 S2_N1_Tm1
14042 14 -3 4.21419138250169 S2_N1_Tm1
14043 14 -3 435.828348476663 S2_N1_Tm1
14046 14 -3 73.9868297618776 S2_N1_Tm1
14047 14 -3 0 S2_N1_Tm1
14049 14 -3 0 S2_N1_Tm1
14053 14 -3 73.8337406755854 S2_N1_Tm1
14054 14 -3 0 S2_N1_Tm1
14055 14 -3 7.68043112386245 S2_N1_Tm1
14057 14 -3 0 S2_N1_Tm1
14060 14 -3 8.09408923469267 S2_N1_Tm1
14061 14 -3 79.0309344339827 S2_N1_Tm1
14062 14 -3 44.7402257128094 S2_N1_Tm1
14037 15 -3 12.5992240064347 S2_N1_Tm1
14038 15 -3 136.264640786189 S2_N1_Tm1
14039 15 -3 116.57592538924 S2_N1_Tm1
14042 15 -3 18.0639707997084 S2_N1_Tm1
14043 15 -3 634.721378045907 S2_N1_Tm1
14046 15 -3 179.611689468104 S2_N1_Tm1
14047 15 -3 1.39430756263991 S2_N1_Tm1
14049 15 -3 46.7083249213462 S2_N1_Tm1
14053 15 -3 132.198045276826 S2_N1_Tm1
14054 15 -3 37.1865734081431 S2_N1_Tm1
14055 15 -3 82.9087494949751 S2_N1_Tm1
14057 15 -3 6.36420165879676 S2_N1_Tm1
14060 15 -3 114.926271480049 S2_N1_Tm1
14061 15 -3 154.265557009084 S2_N1_Tm1
14062 15 -3 127.774366502795 S2_N1_Tm1
14037 16 -3 0 S2_N1_Tm1
14038 16 -3 77.3697282543475 S2_N1_Tm1
14039 16 -3 37.569282324968 S2_N1_Tm1
14042 16 -3 0 S2_N1_Tm1
14043 16 -3 449.392618187096 S2_N1_Tm1
14046 16 -3 90.4129685049277 S2_N1_Tm1
14047 16 -3 0 S2_N1_Tm1
14049 16 -3 1.22666755745939 S2_N1_Tm1
14053 16 -3 56.0321264895402 S2_N1_Tm1
14054 16 -3 0 S2_N1_Tm1
14055 16 -3 28.6257217765968 S2_N1_Tm1
14057 16 -3 0 S2_N1_Tm1
14060 16 -3 56.6932274838772 S2_N1_Tm1
14061 16 -3 77.1386471936471 S2_N1_Tm1
14062 16 -3 42.6938430506001 S2_N1_Tm1
14037 17 -3 1.71861016786719 S2_N1_Tm1
14038 17 -3 109.580848601717 S2_N1_Tm1
14039 17 -3 71.3055533647873 S2_N1_Tm1
14042 17 -3 8.14181380306756 S2_N1_Tm1
14043 17 -3 528.635474161718 S2_N1_Tm1
14046 17 -3 141.513688095544 S2_N1_Tm1
14047 17 -3 0 S2_N1_Tm1
14049 17 -3 15.5059712085511 S2_N1_Tm1
14053 17 -3 101.664342427826 S2_N1_Tm1
14054 17 -3 0 S2_N1_Tm1
14055 17 -3 56.702671525265 S2_N1_Tm1
14057 17 -3 0 S2_N1_Tm1
14060 17 -3 70.5384961006492 S2_N1_Tm1
14061 17 -3 108.880409324964 S2_N1_Tm1
14062 17 -3 95.914541567136 S2_N1_Tm1
14037 18 -3 0 S2_N1_Tm1
14038 18 -3 1.59801962721125 S2_N1_Tm1
14039 18 -3 0 S2_N1_Tm1
14042 18 -3 0 S2_N1_Tm1
14043 18 -3 217.851830816997 S2_N1_Tm1
14046 18 -3 0 S2_N1_Tm1
14047 18 -3 0 S2_N1_Tm1
14049 18 -3 0 S2_N1_Tm1
14053 18 -3 0 S2_N1_Tm1
14054 18 -3 0 S2_N1_Tm1
14055 18 -3 0 S2_N1_Tm1
14057 18 -3 0 S2_N1_Tm1
14060 18 -3 0 S2_N1_Tm1
14061 18 -3 0 S2_N1_Tm1
14062 18 -3 0 S2_N1_Tm1
14037 19 -3 0 S2_N1_Tm1
14038 19 -3 59.0723046873757 S2_N1_Tm1
14039 19 -3 15.0521661588306 S2_N1_Tm1
14042 19 -3 0 S2_N1_Tm1
14043 19 -3 402.939153395699 S2_N1_Tm1
14046 19 -3 66.8885184806817 S2_N1_Tm1
14047 19 -3 0 S2_N1_Tm1
14049 19 -3 0 S2_N1_Tm1
14053 19 -3 33.4716578336729 S2_N1_Tm1
14054 19 -3 0 S2_N1_Tm1
14055 19 -3 11.1896392029366 S2_N1_Tm1
14057 19 -3 0 S2_N1_Tm1
14060 19 -3 35.722386613793 S2_N1_Tm1
14061 19 -3 51.4731643862848 S2_N1_Tm1
14062 19 -3 19.045811065671 S2_N1_Tm1
14037 20 -3 1.39198581232305 S2_N1_Tm1
14038 20 -3 109.907078937753 S2_N1_Tm1
14039 20 -3 80.1327666294319 S2_N1_Tm1
14042 20 -3 2.72865398736414 S2_N1_Tm1
14043 20 -3 545.796778852881 S2_N1_Tm1
14046 20 -3 137.764407889605 S2_N1_Tm1
14047 20 -3 0 S2_N1_Tm1
14049 20 -3 15.7030668076257 S2_N1_Tm1
14053 20 -3 96.6697745625738 S2_N1_Tm1
14054 20 -3 6.55226322422934 S2_N1_Tm1
14055 20 -3 60.0231260719004 S2_N1_Tm1
14057 20 -3 1.09554704248899 S2_N1_Tm1
14060 20 -3 89.2259807748 S2_N1_Tm1
14061 20 -3 119.3199639145 S2_N1_Tm1
14062 20 -3 92.7916714740765 S2_N1_Tm1
14037 21 -3 0 S2_N1_Tm1
14038 21 -3 43.0417435104596 S2_N1_Tm1
14039 21 -3 4.2389370035739 S2_N1_Tm1
14042 21 -3 0 S2_N1_Tm1
14043 21 -3 362.865280342671 S2_N1_Tm1
14046 21 -3 43.5595627502486 S2_N1_Tm1
14047 21 -3 0 S2_N1_Tm1
14049 21 -3 0 S2_N1_Tm1
14053 21 -3 13.7500458213559 S2_N1_Tm1
14054 21 -3 0 S2_N1_Tm1
14055 21 -3 3.28024109100513 S2_N1_Tm1
14057 21 -3 0 S2_N1_Tm1
14060 21 -3 19.1707533800791 S2_N1_Tm1
14061 21 -3 31.5768330395639 S2_N1_Tm1
14062 21 -3 6.66254605860979 S2_N1_Tm1
14037 22 -3 0 S2_N1_Tm1
14038 22 -3 46.1070673787055 S2_N1_Tm1
14039 22 -3 6.07220229000172 S2_N1_Tm1
14042 22 -3 0 S2_N1_Tm1
14043 22 -3 373.163869895406 S2_N1_Tm1
14046 22 -3 48.7055706687999 S2_N1_Tm1
14047 22 -3 0 S2_N1_Tm1
14049 22 -3 0 S2_N1_Tm1
14053 22 -3 17.3572770930395 S2_N1_Tm1
14054 22 -3 0 S2_N1_Tm1
14055 22 -3 4.29001134289544 S2_N1_Tm1
14057 22 -3 0 S2_N1_Tm1
14060 22 -3 25.0685656537718 S2_N1_Tm1
14061 22 -3 39.1038512455612 S2_N1_Tm1
14062 22 -3 8.8633899955274 S2_N1_Tm1
14037 23 -3 0 S2_N1_Tm1
14038 23 -3 70.6620103467549 S2_N1_Tm1
14039 23 -3 30.8227917503024 S2_N1_Tm1
14042 23 -3 0 S2_N1_Tm1
14043 23 -3 443.902798779303 S2_N1_Tm1
14046 23 -3 89.1238225128231 S2_N1_Tm1
14047 23 -3 0 S2_N1_Tm1
14049 23 -3 0 S2_N1_Tm1
14053 23 -3 52.5849217426242 S2_N1_Tm1
14054 23 -3 0 S2_N1_Tm1
14055 23 -3 22.3013952676886 S2_N1_Tm1
14057 23 -3 0 S2_N1_Tm1
14060 23 -3 45.4440456492833 S2_N1_Tm1
14061 23 -3 64.7575859198113 S2_N1_Tm1
14062 23 -3 42.217929487507 S2_N1_Tm1
14037 24 -3 0 S2_N1_Tm1
14038 24 -3 47.3733847437209 S2_N1_Tm1
14039 24 -3 6.55231022797423 S2_N1_Tm1
14042 24 -3 0 S2_N1_Tm1
14043 24 -3 376.095939635748 S2_N1_Tm1
14046 24 -3 51.0262721290012 S2_N1_Tm1
14047 24 -3 0 S2_N1_Tm1
14049 24 -3 0 S2_N1_Tm1
14053 24 -3 18.9815397516344 S2_N1_Tm1
14054 24 -3 0 S2_N1_Tm1
14055 24 -3 4.76900124089916 S2_N1_Tm1
14057 24 -3 0 S2_N1_Tm1
14060 24 -3 24.590366639986 S2_N1_Tm1
14061 24 -3 38.247160727449 S2_N1_Tm1
14062 24 -3 9.66348186876919 S2_N1_Tm1
14037 25 -3 0 S2_N1_Tm1
14038 25 -3 70.0805662702862 S2_N1_Tm1
14039 25 -3 2.35685864959749 S2_N1_Tm1
14042 25 -3 0 S2_N1_Tm1
14043 25 -3 403.490621025535 S2_N1_Tm1
14046 25 -3 56.6465274272877 S2_N1_Tm1
14047 25 -3 0 S2_N1_Tm1
14049 25 -3 0 S2_N1_Tm1
14053 25 -3 56.493976846033 S2_N1_Tm1
14054 25 -3 0 S2_N1_Tm1
14055 25 -3 2.64523741517629 S2_N1_Tm1
14057 25 -3 0 S2_N1_Tm1
14060 25 -3 3.5597610424558 S2_N1_Tm1
14061 25 -3 60.6039482849681 S2_N1_Tm1
14062 25 -3 25.4280535798813 S2_N1_Tm1
14037 26 -3 0 S2_N1_Tm1
14038 26 -3 68.5067099520112 S2_N1_Tm1
14039 26 -3 27.5839977932191 S2_N1_Tm1
14042 26 -3 0 S2_N1_Tm1
14043 26 -3 431.734222415731 S2_N1_Tm1
14046 26 -3 80.1979392589119 S2_N1_Tm1
14047 26 -3 0 S2_N1_Tm1
14049 26 -3 0 S2_N1_Tm1
14053 26 -3 46.2166572999105 S2_N1_Tm1
14054 26 -3 0 S2_N1_Tm1
14055 26 -3 19.7897801007314 S2_N1_Tm1
14057 26 -3 0 S2_N1_Tm1
14060 26 -3 48.3540053997892 S2_N1_Tm1
14061 26 -3 66.6121188908985 S2_N1_Tm1
14062 26 -3 32.3990427422912 S2_N1_Tm1
14037 27 -3 0 S2_N1_Tm1
14038 27 -3 2.35307776590615 S2_N1_Tm1
14039 27 -3 0 S2_N1_Tm1
14042 27 -3 0 S2_N1_Tm1
14043 27 -3 164.858300372364 S2_N1_Tm1
14046 27 -3 0 S2_N1_Tm1
14047 27 -3 0 S2_N1_Tm1
14049 27 -3 0 S2_N1_Tm1
14053 27 -3 0 S2_N1_Tm1
14054 27 -3 0 S2_N1_Tm1
14055 27 -3 0 S2_N1_Tm1
14057 27 -3 0 S2_N1_Tm1
14060 27 -3 0 S2_N1_Tm1
14061 27 -3 0 S2_N1_Tm1
14062 27 -3 0 S2_N1_Tm1
14037 28 -3 0 S2_N1_Tm1
14038 28 -3 78.9996854806971 S2_N1_Tm1
14039 28 -3 42.4832462624852 S2_N1_Tm1
14042 28 -3 0 S2_N1_Tm1
14043 28 -3 465.178865463402 S2_N1_Tm1
14046 28 -3 96.7237953009572 S2_N1_Tm1
14047 28 -3 0 S2_N1_Tm1
14049 28 -3 1.55037193071519 S2_N1_Tm1
14053 28 -3 60.3927177713223 S2_N1_Tm1
14054 28 -3 0 S2_N1_Tm1
14055 28 -3 31.3911437305111 S2_N1_Tm1
14057 28 -3 0 S2_N1_Tm1
14060 28 -3 59.6971156136046 S2_N1_Tm1
14061 28 -3 80.9502432284556 S2_N1_Tm1
14062 28 -3 51.828985157391 S2_N1_Tm1
14037 29 -3 0 S2_N1_Tm1
14038 29 -3 16.2174365413576 S2_N1_Tm1
14039 29 -3 0 S2_N1_Tm1
14042 29 -3 0 S2_N1_Tm1
14043 29 -3 281.938474842675 S2_N1_Tm1
14046 29 -3 7.55898526174122 S2_N1_Tm1
14047 29 -3 0 S2_N1_Tm1
14049 29 -3 0 S2_N1_Tm1
14053 29 -3 1.22522913611832 S2_N1_Tm1
14054 29 -3 0 S2_N1_Tm1
14055 29 -3 0 S2_N1_Tm1
14057 29 -3 0 S2_N1_Tm1
14060 29 -3 1.77431579501724 S2_N1_Tm1
14061 29 -3 3.67787565731253 S2_N1_Tm1
14062 29 -3 0 S2_N1_Tm1
14037 30 -3 0 S2_N1_Tm1
14038 30 -3 73.1608924888692 S2_N1_Tm1
14039 30 -3 2.77864001824806 S2_N1_Tm1
14042 30 -3 1.3071422666796 S2_N1_Tm1
14043 30 -3 403.33914733008 S2_N1_Tm1
14046 30 -3 58.2725927230486 S2_N1_Tm1
14047 30 -3 0 S2_N1_Tm1
14049 30 -3 0 S2_N1_Tm1
14053 30 -3 59.2548581842376 S2_N1_Tm1
14054 30 -3 0 S2_N1_Tm1
14055 30 -3 3.30584314747642 S2_N1_Tm1
14057 30 -3 0 S2_N1_Tm1
14060 30 -3 4.00776080081807 S2_N1_Tm1
14061 30 -3 63.7799659243419 S2_N1_Tm1
14062 30 -3 25.5054083310412 S2_N1_Tm1
14037 31 -3 0 S2_N1_Tm1
14038 31 -3 50.8281812422887 S2_N1_Tm1
14039 31 -3 5.98073043899591 S2_N1_Tm1
14042 31 -3 0 S2_N1_Tm1
14043 31 -3 438.736083693572 S2_N1_Tm1
14046 31 -3 75.8007116800866 S2_N1_Tm1
14047 31 -3 0 S2_N1_Tm1
14049 31 -3 0 S2_N1_Tm1
14053 31 -3 50.6104139779379 S2_N1_Tm1
14054 31 -3 0 S2_N1_Tm1
14055 31 -3 3.52490906163237 S2_N1_Tm1
14057 31 -3 0 S2_N1_Tm1
14060 31 -3 6.30646191056211 S2_N1_Tm1
14061 31 -3 44.8408364092718 S2_N1_Tm1
14062 31 -3 31.0269211369909 S2_N1_Tm1
14037 1 -5 0 S2_N1_Tm1
14038 1 -5 0 S2_N1_Tm1
14039 1 -5 0 S2_N1_Tm1
14042 1 -5 0 S2_N1_Tm1
14043 1 -5 27.6668197303944 S2_N1_Tm1
14046 1 -5 0 S2_N1_Tm1
14047 1 -5 0 S2_N1_Tm1
14049 1 -5 0 S2_N1_Tm1
14053 1 -5 0 S2_N1_Tm1
14054 1 -5 0 S2_N1_Tm1
14055 1 -5 0 S2_N1_Tm1
14057 1 -5 0 S2_N1_Tm1
14060 1 -5 0 S2_N1_Tm1
14061 1 -5 0 S2_N1_Tm1
14062 1 -5 0 S2_N1_Tm1
14037 2 -5 0 S2_N1_Tm1
14038 2 -5 6.61549548046377 S2_N1_Tm1
14039 2 -5 0 S2_N1_Tm1
14042 2 -5 0 S2_N1_Tm1
14043 2 -5 182.167213423732 S2_N1_Tm1
14046 2 -5 0 S2_N1_Tm1
14047 2 -5 0 S2_N1_Tm1
14049 2 -5 0 S2_N1_Tm1
14053 2 -5 0 S2_N1_Tm1
14054 2 -5 0 S2_N1_Tm1
14055 2 -5 0 S2_N1_Tm1
14057 2 -5 0 S2_N1_Tm1
14060 2 -5 0 S2_N1_Tm1
14061 2 -5 2.61192262200847 S2_N1_Tm1
14062 2 -5 0 S2_N1_Tm1
14037 3 -5 0 S2_N1_Tm1
14038 3 -5 0 S2_N1_Tm1
14039 3 -5 0 S2_N1_Tm1
14042 3 -5 0 S2_N1_Tm1
14043 3 -5 151.792272076091 S2_N1_Tm1
14046 3 -5 0 S2_N1_Tm1
14047 3 -5 0 S2_N1_Tm1
14049 3 -5 0 S2_N1_Tm1
14053 3 -5 0 S2_N1_Tm1
14054 3 -5 0 S2_N1_Tm1
14055 3 -5 0 S2_N1_Tm1
14057 3 -5 0 S2_N1_Tm1
14060 3 -5 0 S2_N1_Tm1
14061 3 -5 0 S2_N1_Tm1
14062 3 -5 0 S2_N1_Tm1
14037 4 -5 0 S2_N1_Tm1
14038 4 -5 0 S2_N1_Tm1
14039 4 -5 0 S2_N1_Tm1
14042 4 -5 0 S2_N1_Tm1
14043 4 -5 79.8848110546686 S2_N1_Tm1
14046 4 -5 0 S2_N1_Tm1
14047 4 -5 0 S2_N1_Tm1
14049 4 -5 0 S2_N1_Tm1
14053 4 -5 0 S2_N1_Tm1
14054 4 -5 0 S2_N1_Tm1
14055 4 -5 0 S2_N1_Tm1
14057 4 -5 0 S2_N1_Tm1
14060 4 -5 0 S2_N1_Tm1
14061 4 -5 0 S2_N1_Tm1
14062 4 -5 0 S2_N1_Tm1
14037 5 -5 0 S2_N1_Tm1
14038 5 -5 0 S2_N1_Tm1
14039 5 -5 0 S2_N1_Tm1
14042 5 -5 0 S2_N1_Tm1
14043 5 -5 0 S2_N1_Tm1
14046 5 -5 0 S2_N1_Tm1
14047 5 -5 0 S2_N1_Tm1
14049 5 -5 0 S2_N1_Tm1
14053 5 -5 0 S2_N1_Tm1
14054 5 -5 0 S2_N1_Tm1
14055 5 -5 0 S2_N1_Tm1
14057 5 -5 0 S2_N1_Tm1
14060 5 -5 0 S2_N1_Tm1
14061 5 -5 0 S2_N1_Tm1
14062 5 -5 0 S2_N1_Tm1
14037 6 -5 0 S2_N1_Tm1
14038 6 -5 60.2162962202438 S2_N1_Tm1
14039 6 -5 21.6612466685983 S2_N1_Tm1
14042 6 -5 0 S2_N1_Tm1
14043 6 -5 385.60987165168 S2_N1_Tm1
14046 6 -5 71.4964683897819 S2_N1_Tm1
14047 6 -5 0 S2_N1_Tm1
14049 6 -5 0 S2_N1_Tm1
14053 6 -5 38.8635597792798 S2_N1_Tm1
14054 6 -5 25.1613498663527 S2_N1_Tm1
14055 6 -5 11.9379066292573 S2_N1_Tm1
14057 6 -5 0 S2_N1_Tm1
14060 6 -5 30.35816107045 S2_N1_Tm1
14061 6 -5 49.9114762281517 S2_N1_Tm1
14062 6 -5 24.3524897855235 S2_N1_Tm1
14037 7 -5 0 S2_N1_Tm1
14038 7 -5 9.46911925309477 S2_N1_Tm1
14039 7 -5 0 S2_N1_Tm1
14042 7 -5 0 S2_N1_Tm1
14043 7 -5 191.611438462187 S2_N1_Tm1
14046 7 -5 0 S2_N1_Tm1
14047 7 -5 0 S2_N1_Tm1
14049 7 -5 0 S2_N1_Tm1
14053 7 -5 0 S2_N1_Tm1
14054 7 -5 0 S2_N1_Tm1
14055 7 -5 0 S2_N1_Tm1
14057 7 -5 0 S2_N1_Tm1
14060 7 -5 0 S2_N1_Tm1
14061 7 -5 4.09795211150877 S2_N1_Tm1
14062 7 -5 0 S2_N1_Tm1
14037 8 -5 0 S2_N1_Tm1
14038 8 -5 0 S2_N1_Tm1
14039 8 -5 0 S2_N1_Tm1
14042 8 -5 0 S2_N1_Tm1
14043 8 -5 171.095923920811 S2_N1_Tm1
14046 8 -5 0 S2_N1_Tm1
14047 8 -5 0 S2_N1_Tm1
14049 8 -5 0 S2_N1_Tm1
14053 8 -5 0 S2_N1_Tm1
14054 8 -5 0 S2_N1_Tm1
14055 8 -5 0 S2_N1_Tm1
14057 8 -5 0 S2_N1_Tm1
14060 8 -5 0 S2_N1_Tm1
14061 8 -5 0 S2_N1_Tm1
14062 8 -5 0 S2_N1_Tm1
14037 9 -5 0 S2_N1_Tm1
14038 9 -5 1.42742148153018 S2_N1_Tm1
14039 9 -5 0 S2_N1_Tm1
14042 9 -5 0 S2_N1_Tm1
14043 9 -5 198.340386626828 S2_N1_Tm1
14046 9 -5 0 S2_N1_Tm1
14047 9 -5 0 S2_N1_Tm1
14049 9 -5 0 S2_N1_Tm1
14053 9 -5 0 S2_N1_Tm1
14054 9 -5 0 S2_N1_Tm1
14055 9 -5 0 S2_N1_Tm1
14057 9 -5 0 S2_N1_Tm1
14060 9 -5 0 S2_N1_Tm1
14061 9 -5 0 S2_N1_Tm1
14062 9 -5 0 S2_N1_Tm1
14037 10 -5 0 S2_N1_Tm1
14038 10 -5 0 S2_N1_Tm1
14039 10 -5 0 S2_N1_Tm1
14042 10 -5 0 S2_N1_Tm1
14043 10 -5 156.085507630587 S2_N1_Tm1
14046 10 -5 0 S2_N1_Tm1
14047 10 -5 0 S2_N1_Tm1
14049 10 -5 0 S2_N1_Tm1
14053 10 -5 0 S2_N1_Tm1
14054 10 -5 0 S2_N1_Tm1
14055 10 -5 0 S2_N1_Tm1
14057 10 -5 0 S2_N1_Tm1
14060 10 -5 0 S2_N1_Tm1
14061 10 -5 0 S2_N1_Tm1
14062 10 -5 0 S2_N1_Tm1
14037 11 -5 0 S2_N1_Tm1
14038 11 -5 0 S2_N1_Tm1
14039 11 -5 0 S2_N1_Tm1
14042 11 -5 0 S2_N1_Tm1
14043 11 -5 0 S2_N1_Tm1
14046 11 -5 0 S2_N1_Tm1
14047 11 -5 0 S2_N1_Tm1
14049 11 -5 0 S2_N1_Tm1
14053 11 -5 0 S2_N1_Tm1
14054 11 -5 0 S2_N1_Tm1
14055 11 -5 0 S2_N1_Tm1
14057 11 -5 0 S2_N1_Tm1
14060 11 -5 0 S2_N1_Tm1
14061 11 -5 0 S2_N1_Tm1
14062 11 -5 0 S2_N1_Tm1
14037 12 -5 0 S2_N1_Tm1
14038 12 -5 0 S2_N1_Tm1
14039 12 -5 0 S2_N1_Tm1
14042 12 -5 0 S2_N1_Tm1
14043 12 -5 0 S2_N1_Tm1
14046 12 -5 0 S2_N1_Tm1
14047 12 -5 0 S2_N1_Tm1
14049 12 -5 0 S2_N1_Tm1
14053 12 -5 0 S2_N1_Tm1
14054 12 -5 0 S2_N1_Tm1
14055 12 -5 0 S2_N1_Tm1
14057 12 -5 0 S2_N1_Tm1
14060 12 -5 0 S2_N1_Tm1
14061 12 -5 0 S2_N1_Tm1
14062 12 -5 0 S2_N1_Tm1
14037 13 -5 0 S2_N1_Tm1
14038 13 -5 0 S2_N1_Tm1
14039 13 -5 0 S2_N1_Tm1
14042 13 -5 0 S2_N1_Tm1
14043 13 -5 157.668473352633 S2_N1_Tm1
14046 13 -5 0 S2_N1_Tm1
14047 13 -5 0 S2_N1_Tm1
14049 13 -5 0 S2_N1_Tm1
14053 13 -5 0 S2_N1_Tm1
14054 13 -5 0 S2_N1_Tm1
14055 13 -5 0 S2_N1_Tm1
14057 13 -5 0 S2_N1_Tm1
14060 13 -5 0 S2_N1_Tm1
14061 13 -5 0 S2_N1_Tm1
14062 13 -5 0 S2_N1_Tm1
14037 14 -5 0 S2_N1_Tm1
14038 14 -5 56.1133317432324 S2_N1_Tm1
14039 14 -5 1.14596573780213 S2_N1_Tm1
14042 14 -5 2.31093660269221 S2_N1_Tm1
14043 14 -5 348.973870207337 S2_N1_Tm1
14046 14 -5 31.5123394411916 S2_N1_Tm1
14047 14 -5 0 S2_N1_Tm1
14049 14 -5 0 S2_N1_Tm1
14053 14 -5 36.3010809749154 S2_N1_Tm1
14054 14 -5 0 S2_N1_Tm1
14055 14 -5 0 S2_N1_Tm1
14057 14 -5 0 S2_N1_Tm1
14060 14 -5 1.32959411615659 S2_N1_Tm1
14061 14 -5 42.1606902347445 S2_N1_Tm1
14062 14 -5 8.67042893364175 S2_N1_Tm1
14037 15 -5 0 S2_N1_Tm1
14038 15 -5 84.6189333115972 S2_N1_Tm1
14039 15 -5 58.8689081397522 S2_N1_Tm1
14042 15 -5 3.6293056233617 S2_N1_Tm1
14043 15 -5 464.024876385699 S2_N1_Tm1
14046 15 -5 104.049713215087 S2_N1_Tm1
14047 15 -5 0 S2_N1_Tm1
14049 15 -5 4.25432777085951 S2_N1_Tm1
14053 15 -5 68.3074586310207 S2_N1_Tm1
14054 15 -5 67.2856012530475 S2_N1_Tm1
14055 15 -5 39.4579349638922 S2_N1_Tm1
14057 15 -5 0 S2_N1_Tm1
14060 15 -5 65.3443370582112 S2_N1_Tm1
14061 15 -5 87.5214718446967 S2_N1_Tm1
14062 15 -5 64.3399850177909 S2_N1_Tm1
14037 16 -5 0 S2_N1_Tm1
14038 16 -5 5.80879219325189 S2_N1_Tm1
14039 16 -5 0 S2_N1_Tm1
14042 16 -5 0 S2_N1_Tm1
14043 16 -5 227.999667912667 S2_N1_Tm1
14046 16 -5 1.57112861251935 S2_N1_Tm1
14047 16 -5 0 S2_N1_Tm1
14049 16 -5 0 S2_N1_Tm1
14053 16 -5 0 S2_N1_Tm1
14054 16 -5 0 S2_N1_Tm1
14055 16 -5 0 S2_N1_Tm1
14057 16 -5 0 S2_N1_Tm1
14060 16 -5 1.00318728486119 S2_N1_Tm1
14061 16 -5 1.49301266970911 S2_N1_Tm1
14062 16 -5 0 S2_N1_Tm1
14037 17 -5 0 S2_N1_Tm1
14038 17 -5 68.5729752777703 S2_N1_Tm1
14039 17 -5 26.79822315396 S2_N1_Tm1
14042 17 -5 2.18044705848927 S2_N1_Tm1
14043 17 -5 398.412014315937 S2_N1_Tm1
14046 17 -5 81.3341977113237 S2_N1_Tm1
14047 17 -5 0 S2_N1_Tm1
14049 17 -5 0 S2_N1_Tm1
14053 17 -5 50.6307696610792 S2_N1_Tm1
14054 17 -5 20.3544278259791 S2_N1_Tm1
14055 17 -5 17.0939284091024 S2_N1_Tm1
14057 17 -5 0 S2_N1_Tm1
14060 17 -5 30.4527086490772 S2_N1_Tm1
14061 17 -5 57.3775718758381 S2_N1_Tm1
14062 17 -5 33.3768936970612 S2_N1_Tm1
14037 18 -5 0 S2_N1_Tm1
14038 18 -5 0 S2_N1_Tm1
14039 18 -5 0 S2_N1_Tm1
14042 18 -5 0 S2_N1_Tm1
14043 18 -5 2.59185811367203 S2_N1_Tm1
14046 18 -5 0 S2_N1_Tm1
14047 18 -5 0 S2_N1_Tm1
14049 18 -5 0 S2_N1_Tm1
14053 18 -5 0 S2_N1_Tm1
14054 18 -5 0 S2_N1_Tm1
14055 18 -5 0 S2_N1_Tm1
14057 18 -5 0 S2_N1_Tm1
14060 18 -5 0 S2_N1_Tm1
14061 18 -5 0 S2_N1_Tm1
14062 18 -5 0 S2_N1_Tm1
14037 19 -5 0 S2_N1_Tm1
14038 19 -5 0 S2_N1_Tm1
14039 19 -5 0 S2_N1_Tm1
14042 19 -5 0 S2_N1_Tm1
14043 19 -5 171.160706852046 S2_N1_Tm1
14046 19 -5 0 S2_N1_Tm1
14047 19 -5 0 S2_N1_Tm1
14049 19 -5 0 S2_N1_Tm1
14053 19 -5 0 S2_N1_Tm1
14054 19 -5 0 S2_N1_Tm1
14055 19 -5 0 S2_N1_Tm1
14057 19 -5 0 S2_N1_Tm1
14060 19 -5 0 S2_N1_Tm1
14061 19 -5 0 S2_N1_Tm1
14062 19 -5 0 S2_N1_Tm1
14037 20 -5 0 S2_N1_Tm1
14038 20 -5 49.1626778459772 S2_N1_Tm1
14039 20 -5 11.1687882177011 S2_N1_Tm1
14042 20 -5 0 S2_N1_Tm1
14043 20 -5 349.41171547365 S2_N1_Tm1
14046 20 -5 49.8410587466996 S2_N1_Tm1
14047 20 -5 0 S2_N1_Tm1
14049 20 -5 0 S2_N1_Tm1
14053 20 -5 19.7264199322996 S2_N1_Tm1
14054 20 -5 15.9628992255635 S2_N1_Tm1
14055 20 -5 5.58079013914582 S2_N1_Tm1
14057 20 -5 0 S2_N1_Tm1
14060 20 -5 27.2685533717852 S2_N1_Tm1
14061 20 -5 41.6762472248457 S2_N1_Tm1
14062 20 -5 9.16820236376963 S2_N1_Tm1
14037 21 -5 0 S2_N1_Tm1
14038 21 -5 0 S2_N1_Tm1
14039 21 -5 0 S2_N1_Tm1
14042 21 -5 0 S2_N1_Tm1
14043 21 -5 123.226975536038 S2_N1_Tm1
14046 21 -5 0 S2_N1_Tm1
14047 21 -5 0 S2_N1_Tm1
14049 21 -5 0 S2_N1_Tm1
14053 21 -5 0 S2_N1_Tm1
14054 21 -5 0 S2_N1_Tm1
14055 21 -5 0 S2_N1_Tm1
14057 21 -5 0 S2_N1_Tm1
14060 21 -5 0 S2_N1_Tm1
14061 21 -5 0 S2_N1_Tm1
14062 21 -5 0 S2_N1_Tm1
14037 22 -5 0 S2_N1_Tm1
14038 22 -5 0 S2_N1_Tm1
14039 22 -5 0 S2_N1_Tm1
14042 22 -5 0 S2_N1_Tm1
14043 22 -5 128.046381657212 S2_N1_Tm1
14046 22 -5 0 S2_N1_Tm1
14047 22 -5 0 S2_N1_Tm1
14049 22 -5 0 S2_N1_Tm1
14053 22 -5 0 S2_N1_Tm1
14054 22 -5 0 S2_N1_Tm1
14055 22 -5 0 S2_N1_Tm1
14057 22 -5 0 S2_N1_Tm1
14060 22 -5 0 S2_N1_Tm1
14061 22 -5 0 S2_N1_Tm1
14062 22 -5 0 S2_N1_Tm1
14037 23 -5 0 S2_N1_Tm1
14038 23 -5 2.40691547193596 S2_N1_Tm1
14039 23 -5 0 S2_N1_Tm1
14042 23 -5 0 S2_N1_Tm1
14043 23 -5 213.997924328473 S2_N1_Tm1
14046 23 -5 0 S2_N1_Tm1
14047 23 -5 0 S2_N1_Tm1
14049 23 -5 0 S2_N1_Tm1
14053 23 -5 0 S2_N1_Tm1
14054 23 -5 0 S2_N1_Tm1
14055 23 -5 0 S2_N1_Tm1
14057 23 -5 0 S2_N1_Tm1
14060 23 -5 0 S2_N1_Tm1
14061 23 -5 0 S2_N1_Tm1
14062 23 -5 0 S2_N1_Tm1
14037 24 -5 0 S2_N1_Tm1
14038 24 -5 0 S2_N1_Tm1
14039 24 -5 0 S2_N1_Tm1
14042 24 -5 0 S2_N1_Tm1
14043 24 -5 134.039154133109 S2_N1_Tm1
14046 24 -5 0 S2_N1_Tm1
14047 24 -5 0 S2_N1_Tm1
14049 24 -5 0 S2_N1_Tm1
14053 24 -5 0 S2_N1_Tm1
14054 24 -5 0 S2_N1_Tm1
14055 24 -5 0 S2_N1_Tm1
14057 24 -5 0 S2_N1_Tm1
14060 24 -5 0 S2_N1_Tm1
14061 24 -5 0 S2_N1_Tm1
14062 24 -5 0 S2_N1_Tm1
14037 25 -5 0 S2_N1_Tm1
14038 25 -5 28.7837960394819 S2_N1_Tm1
14039 25 -5 0 S2_N1_Tm1
14042 25 -5 0 S2_N1_Tm1
14043 25 -5 285.057566469343 S2_N1_Tm1
14046 25 -5 4.83256929672358 S2_N1_Tm1
14047 25 -5 0 S2_N1_Tm1
14049 25 -5 0 S2_N1_Tm1
14053 25 -5 5.7202788167325 S2_N1_Tm1
14054 25 -5 0 S2_N1_Tm1
14055 25 -5 0 S2_N1_Tm1
14057 25 -5 0 S2_N1_Tm1
14060 25 -5 0 S2_N1_Tm1
14061 25 -5 10.2870084216065 S2_N1_Tm1
14062 25 -5 1.26374023532586 S2_N1_Tm1
14037 26 -5 0 S2_N1_Tm1
14038 26 -5 1.35706845063431 S2_N1_Tm1
14039 26 -5 0 S2_N1_Tm1
14042 26 -5 0 S2_N1_Tm1
14043 26 -5 196.659849957804 S2_N1_Tm1
14046 26 -5 0 S2_N1_Tm1
14047 26 -5 0 S2_N1_Tm1
14049 26 -5 0 S2_N1_Tm1
14053 26 -5 0 S2_N1_Tm1
14054 26 -5 0 S2_N1_Tm1
14055 26 -5 0 S2_N1_Tm1
14057 26 -5 0 S2_N1_Tm1
14060 26 -5 0 S2_N1_Tm1
14061 26 -5 0 S2_N1_Tm1
14062 26 -5 0 S2_N1_Tm1
14037 27 -5 0 S2_N1_Tm1
14038 27 -5 0 S2_N1_Tm1
14039 27 -5 0 S2_N1_Tm1
14042 27 -5 0 S2_N1_Tm1
14043 27 -5 88.033938657036 S2_N1_Tm1
14046 27 -5 0 S2_N1_Tm1
14047 27 -5 0 S2_N1_Tm1
14049 27 -5 0 S2_N1_Tm1
14053 27 -5 0 S2_N1_Tm1
14054 27 -5 0 S2_N1_Tm1
14055 27 -5 0 S2_N1_Tm1
14057 27 -5 0 S2_N1_Tm1
14060 27 -5 0 S2_N1_Tm1
14061 27 -5 0 S2_N1_Tm1
14062 27 -5 0 S2_N1_Tm1
14037 28 -5 0 S2_N1_Tm1
14038 28 -5 5.39901958380797 S2_N1_Tm1
14039 28 -5 0 S2_N1_Tm1
14042 28 -5 0 S2_N1_Tm1
14043 28 -5 231.356698209277 S2_N1_Tm1
14046 28 -5 1.74079111898675 S2_N1_Tm1
14047 28 -5 0 S2_N1_Tm1
14049 28 -5 0 S2_N1_Tm1
14053 28 -5 0 S2_N1_Tm1
14054 28 -5 0 S2_N1_Tm1
14055 28 -5 0 S2_N1_Tm1
14057 28 -5 0 S2_N1_Tm1
14060 28 -5 0 S2_N1_Tm1
14061 28 -5 1.43232091362148 S2_N1_Tm1
14062 28 -5 0 S2_N1_Tm1
14037 29 -5 0 S2_N1_Tm1
14038 29 -5 0 S2_N1_Tm1
14039 29 -5 0 S2_N1_Tm1
14042 29 -5 0 S2_N1_Tm1
14043 29 -5 69.6270080831836 S2_N1_Tm1
14046 29 -5 0 S2_N1_Tm1
14047 29 -5 0 S2_N1_Tm1
14049 29 -5 0 S2_N1_Tm1
14053 29 -5 0 S2_N1_Tm1
14054 29 -5 0 S2_N1_Tm1
14055 29 -5 0 S2_N1_Tm1
14057 29 -5 0 S2_N1_Tm1
14060 29 -5 0 S2_N1_Tm1
14061 29 -5 0 S2_N1_Tm1
14062 29 -5 0 S2_N1_Tm1
14037 30 -5 0 S2_N1_Tm1
14038 30 -5 37.8880925601073 S2_N1_Tm1
14039 30 -5 0 S2_N1_Tm1
14042 30 -5 0 S2_N1_Tm1
14043 30 -5 300.876883132014 S2_N1_Tm1
14046 30 -5 8.77151555982232 S2_N1_Tm1
14047 30 -5 0 S2_N1_Tm1
14049 30 -5 0 S2_N1_Tm1
14053 30 -5 11.7031549332284 S2_N1_Tm1
14054 30 -5 0 S2_N1_Tm1
14055 30 -5 0 S2_N1_Tm1
14057 30 -5 0 S2_N1_Tm1
14060 30 -5 0 S2_N1_Tm1
14061 30 -5 18.3504415073852 S2_N1_Tm1
14062 30 -5 2.11266046715123 S2_N1_Tm1
14037 31 -5 0 S2_N1_Tm1
14038 31 -5 0 S2_N1_Tm1
14039 31 -5 0 S2_N1_Tm1
14042 31 -5 0 S2_N1_Tm1
14043 31 -5 225.242653161843 S2_N1_Tm1
14046 31 -5 0 S2_N1_Tm1
14047 31 -5 0 S2_N1_Tm1
14049 31 -5 0 S2_N1_Tm1
14053 31 -5 0 S2_N1_Tm1
14054 31 -5 0 S2_N1_Tm1
14055 31 -5 0 S2_N1_Tm1
14057 31 -5 0 S2_N1_Tm1
14060 31 -5 0 S2_N1_Tm1
14061 31 -5 0 S2_N1_Tm1
14062 31 -5 0 S2_N1_Tm1
